923	1064	-455.9909	0	52601.1216	0
924	1064	-455.9913	0	52601.1145	0
930	1064	-455.9908	0	52601.1188	0
932	1064	-455.9902	0	52601.1255	0
933	1064	-455.9897	0	52601.1321	0
934	1064	-455.9896	0	52601.1320	0
935	1064	-455.9890	0	52601.1363	0
936	1064	-455.9888	0	52601.1378	0
964	1064	-455.9891	0	52601.1155	0
965	1064	-455.9886	0	52601.1248	0
968	1064	-455.9882	0	52601.1162	0
972	1064	-455.9894	0	52601.1110	0
973	1064	-455.9890	0	52601.1153	0
974	1064	-455.9886	0	52601.1240	0
975	1064	-455.9885	0	52601.1249	0
