1041	1107	-455.8563	0	52602.1543	0
1042	1107	-455.8592	0	52602.1528	0
1043	1107	-455.8613	0	52602.1514	0
1044	1107	-455.8632	0	52602.1506	0
1045	1107	-455.8654	0	52602.1500	0
1046	1107	-455.8676	0	52602.1489	0
1047	1107	-455.8699	0	52602.1474	0
1048	1107	-455.8716	0	52602.1462	0
1049	1107	-455.8728	0	52602.1456	0
1050	1107	-455.8739	0	52602.1450	0
1051	1107	-455.8752	0	52602.1440	0
1052	1107	-455.8767	0	52602.1426	0
1053	1107	-455.8780	0	52602.1414	0
1054	1107	-455.8787	0	52602.1408	0
1055	1107	-455.8793	0	52602.1404	0
1056	1107	-455.8803	0	52602.1395	0
1057	1107	-455.8814	0	52602.1381	0
1058	1107	-455.8823	0	52602.1371	0
1059	1107	-455.8826	0	52602.1367	0
1060	1107	-455.8830	0	52602.1362	0
1061	1107	-455.8838	0	52602.1351	0
1062	1107	-455.8845	0	52602.1339	0
1063	1107	-455.8851	0	52602.1327	0
1064	1107	-455.8851	0	52602.1323	0
1065	1107	-455.8852	0	52602.1319	0
1066	1107	-455.8860	0	52602.1311	0
1067	1107	-455.8871	0	52602.1300	0
1068	1107	-455.8882	0	52602.1289	0
1069	1107	-455.8887	0	52602.1284	0
1070	1107	-455.8892	0	52602.1280	0
1071	1107	-455.8896	0	52602.1260	0
1072	1107	-455.8898	0	52602.1229	0
1073	1107	-455.8901	0	52602.1212	0
1074	1107	-455.8904	0	52602.1208	0
1075	1107	-455.8904	0	52602.1198	0
1076	1107	-455.8907	0	52602.1168	0
1077	1107	-455.8917	0	52602.1145	0
1078	1107	-455.8929	0	52602.1129	0
1079	1107	-455.8934	0	52602.1122	0
1080	1107	-455.8940	0	52602.1113	0
1081	1107	-455.8948	0	52602.1088	0
1082	1107	-455.8955	0	52602.1060	0
1083	1107	-455.8961	0	52602.1043	0
1084	1107	-455.8966	0	52602.1036	0
1085	1107	-455.8972	0	52602.1026	0
1086	1107	-455.8979	0	52602.0997	0
1087	1107	-455.8990	0	52602.0973	0
1088	1107	-455.8999	0	52602.0961	0
1089	1107	-455.9004	0	52602.0953	0
1090	1107	-455.9010	0	52602.0941	0
1091	1107	-455.9014	0	52602.0914	0
1092	1107	-455.9018	0	52602.0888	0
1093	1107	-455.9022	0	52602.0876	0
1094	1107	-455.9027	0	52602.0870	0
1095	1107	-455.9032	0	52602.0856	0
1096	1107	-455.9035	0	52602.0822	0
1097	1107	-455.9039	0	52602.0796	0
1098	1107	-455.9043	0	52602.0787	0
1099	1107	-455.9046	0	52602.0782	0
1100	1107	-455.9050	0	52602.0770	0
1101	1107	-455.9051	0	52602.0743	0
1102	1107	-455.9052	0	52602.0714	0
1103	1107	-455.9055	0	52602.0697	0
1104	1107	-455.9056	0	52602.0691	0
1105	1107	-455.9060	0	52602.0679	0
1106	1107	-455.9064	0	52602.0653	0
1107	1107	-455.9067	0	52602.0627	0
1108	1107	-455.9071	0	52602.0615	0
1109	1107	-455.9073	0	52602.0612	0
1110	1107	-455.9075	0	52602.0601	0
1111	1107	-455.9075	0	52602.0579	0
1112	1107	-455.9075	0	52602.0550	0
1113	1107	-455.9075	0	52602.0532	0
1114	1107	-455.9076	0	52602.0525	0
1115	1107	-455.9078	0	52602.0515	0
1116	1107	-455.9080	0	52602.0494	0
1117	1107	-455.9082	0	52602.0462	0
1118	1107	-455.9084	0	52602.0447	0
1119	1107	-455.9085	0	52602.0444	0
1120	1107	-455.9086	0	52602.0438	0
1121	1107	-455.9085	0	52602.0412	0
1122	1107	-455.9086	0	52602.0382	0
1123	1107	-455.9088	0	52602.0362	0
1124	1107	-455.9089	0	52602.0355	0
1125	1107	-455.9090	0	52602.0346	0
1126	1107	-455.9092	0	52602.0325	0
1127	1107	-455.9094	0	52602.0296	0
1128	1107	-455.9095	0	52602.0275	0
1129	1107	-455.9096	0	52602.0271	0
1130	1107	-455.9095	0	52602.0266	0
1131	1107	-455.9094	0	52602.0243	0
1132	1107	-455.9093	0	52602.0211	0
1133	1107	-455.9094	0	52602.0194	0
1134	1107	-455.9093	0	52602.0187	0
1135	1107	-455.9094	0	52602.0180	0
1136	1107	-455.9095	0	52602.0152	0
1137	1107	-455.9095	0	52602.0123	0
1138	1107	-455.9096	0	52602.0110	0
1139	1107	-455.9095	0	52602.0110	0
1140	1107	-455.9094	0	52602.0102	0
1141	1107	-455.9092	0	52602.0083	0
1142	1107	-455.9092	0	52602.0055	0
1143	1107	-455.9091	0	52602.0025	0
1144	1107	-455.9092	0	52602.0020	0
1145	1107	-455.9093	0	52602.0013	0
1146	1107	-455.9091	0	52601.9982	0
1147	1107	-455.9092	0	52601.9957	0
1148	1107	-455.9092	0	52601.9947	0
1149	1107	-455.9091	0	52601.9945	0
1150	1107	-455.9091	0	52601.9939	0
1151	1107	-455.9089	0	52601.9912	0
1152	1107	-455.9089	0	52601.9872	0
1153	1107	-455.9088	0	52601.9853	0
1154	1107	-455.9088	0	52601.9846	0
1155	1107	-455.9090	0	52601.9842	0
1156	1107	-455.9092	0	52601.9823	0
1157	1107	-455.9092	0	52601.9795	0
1158	1107	-455.9093	0	52601.9775	0
1159	1107	-455.9094	0	52601.9778	0
1160	1107	-455.9094	0	52601.9772	0
1161	1107	-455.9093	0	52601.9747	0
1162	1107	-455.9094	0	52601.9718	0
1163	1107	-455.9095	0	52601.9697	0
1164	1107	-455.9095	0	52601.9694	0
1165	1107	-455.9097	0	52601.9688	0
1166	1107	-455.9097	0	52601.9655	0
1167	1107	-455.9099	0	52601.9628	0
1168	1107	-455.9100	0	52601.9612	0
1169	1107	-455.9101	0	52601.9611	0
1170	1107	-455.9102	0	52601.9607	0
1171	1107	-455.9100	0	52601.9578	0
1172	1107	-455.9101	0	52601.9543	0
1173	1107	-455.9102	0	52601.9526	0
1174	1107	-455.9103	0	52601.9518	0
1175	1107	-455.9104	0	52601.9511	0
1176	1107	-455.9104	0	52601.9486	0
1177	1107	-455.9105	0	52601.9454	0
1178	1107	-455.9106	0	52601.9445	0
1179	1107	-455.9107	0	52601.9440	0
1180	1107	-455.9108	0	52601.9432	0
1181	1107	-455.9110	0	52601.9406	0
1182	1107	-455.9111	0	52601.9370	0
1183	1107	-455.9113	0	52601.9354	0
1184	1107	-455.9113	0	52601.9352	0
1185	1107	-455.9116	0	52601.9341	0
1186	1107	-455.9117	0	52601.9311	0
1187	1107	-455.9118	0	52601.9274	0
1188	1107	-455.9119	0	52601.9264	0
1189	1107	-455.9120	0	52601.9271	0
1190	1107	-455.9119	0	52601.9261	0
1191	1107	-455.9118	0	52601.9227	0
1192	1107	-455.9118	0	52601.9193	0
1193	1107	-455.9118	0	52601.9179	0
1194	1107	-455.9120	0	52601.9174	0
1195	1107	-455.9122	0	52601.9167	0
1196	1107	-455.9124	0	52601.9133	0
1197	1107	-455.9122	0	52601.9104	0
1198	1107	-455.9117	0	52601.9094	0
1199	1107	-455.9115	0	52601.9093	0
1200	1107	-455.9116	0	52601.9077	0
1201	1107	-455.9119	0	52601.9040	0
1202	1107	-455.9123	0	52601.9012	0
1203	1107	-455.9125	0	52601.8999	0
1204	1107	-455.9127	0	52601.9004	0
1205	1107	-455.9130	0	52601.8986	0
1206	1107	-455.9130	0	52601.8947	0
1207	1107	-455.9130	0	52601.8911	0
1208	1107	-455.9127	0	52601.8905	0
1209	1107	-455.9126	0	52601.8900	0
1210	1107	-455.9126	0	52601.8884	0
1211	1107	-455.9129	0	52601.8853	0
1212	1107	-455.9133	0	52601.8817	0
1213	1107	-455.9135	0	52601.8807	0
1214	1107	-455.9137	0	52601.8808	0
1215	1107	-455.9137	0	52601.8793	0
1216	1107	-455.9137	0	52601.8765	0
1217	1107	-455.9137	0	52601.8735	0
1218	1107	-455.9135	0	52601.8732	0
1219	1107	-455.9133	0	52601.8731	0
1220	1107	-455.9135	0	52601.8715	0
1221	1107	-455.9137	0	52601.8672	0
1222	1107	-455.9141	0	52601.8656	0
1223	1107	-455.9142	0	52601.8645	0
1224	1107	-455.9144	0	52601.8641	0
1225	1107	-455.9148	0	52601.8623	0
1226	1107	-455.9150	0	52601.8592	0
1227	1107	-455.9151	0	52601.8556	0
1228	1107	-455.9151	0	52601.8568	0
1229	1107	-455.9151	0	52601.8570	0
1230	1107	-455.9155	0	52601.8547	0
1231	1107	-455.9157	0	52601.8509	0
1232	1107	-455.9159	0	52601.8481	0
1233	1107	-455.9162	0	52601.8482	0
1234	1107	-455.9164	0	52601.8480	0
1235	1107	-455.9163	0	52601.8449	0
1236	1107	-455.9164	0	52601.8416	0
1237	1107	-455.9164	0	52601.8396	0
1238	1107	-455.9162	0	52601.8397	0
1239	1107	-455.9162	0	52601.8391	0
1240	1107	-455.9164	0	52601.8362	0
1241	1107	-455.9167	0	52601.8324	0
1242	1107	-455.9169	0	52601.8311	0
1243	1107	-455.9172	0	52601.8314	0
1244	1107	-455.9173	0	52601.8293	0
1245	1107	-455.9176	0	52601.8253	0
1246	1107	-455.9177	0	52601.8222	0
1247	1107	-455.9178	0	52601.8228	0
1248	1107	-455.9178	0	52601.8235	0
1249	1107	-455.9178	0	52601.8213	0
1250	1107	-455.9180	0	52601.8181	0
1251	1107	-455.9182	0	52601.8152	0
1252	1107	-455.9181	0	52601.8142	0
1253	1107	-455.9182	0	52601.8144	0
1254	1107	-455.9183	0	52601.8132	0
1255	1107	-455.9185	0	52601.8107	0
1256	1107	-455.9187	0	52601.8085	0
1257	1107	-455.9185	0	52601.8082	0
1258	1107	-455.9183	0	52601.8086	0
1259	1107	-455.9183	0	52601.8066	0
1260	1107	-455.9181	0	52601.8028	0
1261	1107	-455.9180	0	52601.7996	0
1262	1107	-455.9179	0	52601.7989	0
1263	1107	-455.9179	0	52601.7987	0
1264	1107	-455.9181	0	52601.7970	0
1265	1107	-455.9181	0	52601.7940	0
1266	1107	-455.9180	0	52601.7930	0
1267	1107	-455.9179	0	52601.7931	0
1268	1107	-455.9178	0	52601.7919	0
1269	1107	-455.9176	0	52601.7900	0
1270	1107	-455.9175	0	52601.7875	0
1271	1107	-455.9175	0	52601.7852	0
1272	1107	-455.9174	0	52601.7863	0
1273	1107	-455.9175	0	52601.7863	0
1274	1107	-455.9177	0	52601.7849	0
1275	1107	-455.9177	0	52601.7821	0
1276	1107	-455.9177	0	52601.7796	0
1277	1107	-455.9176	0	52601.7802	0
1278	1107	-455.9174	0	52601.7804	0
1279	1107	-455.9171	0	52601.7777	0
1280	1107	-455.9172	0	52601.7747	0
1281	1107	-455.9172	0	52601.7726	0
1282	1107	-455.9172	0	52601.7724	0
1283	1107	-455.9172	0	52601.7719	0
1284	1107	-455.9173	0	52601.7703	0
1285	1107	-455.9174	0	52601.7672	0
1286	1107	-455.9176	0	52601.7656	0
1287	1107	-455.9176	0	52601.7665	0
1288	1107	-455.9175	0	52601.7665	0
1289	1107	-455.9175	0	52601.7644	0
1290	1107	-455.9176	0	52601.7617	0
1291	1107	-455.9175	0	52601.7596	0
1292	1107	-455.9177	0	52601.7594	0
1293	1107	-455.9178	0	52601.7589	0
1294	1107	-455.9183	0	52601.7572	0
1295	1107	-455.9187	0	52601.7545	0
1296	1107	-455.9189	0	52601.7525	0
1297	1107	-455.9189	0	52601.7534	0
1298	1107	-455.9189	0	52601.7527	0
1299	1107	-455.9188	0	52601.7498	0
1300	1107	-455.9188	0	52601.7466	0
1301	1107	-455.9187	0	52601.7438	0
1302	1107	-455.9187	0	52601.7439	0
1303	1107	-455.9188	0	52601.7429	0
1304	1107	-455.9191	0	52601.7420	0
1305	1107	-455.9193	0	52601.7390	0
1306	1107	-455.9195	0	52601.7362	0
1307	1107	-455.9196	0	52601.7363	0
1308	1107	-455.9196	0	52601.7365	0
1309	1107	-455.9195	0	52601.7343	0
1310	1107	-455.9195	0	52601.7307	0
1311	1107	-455.9196	0	52601.7282	0
1312	1107	-455.9195	0	52601.7273	0
1313	1107	-455.9196	0	52601.7271	0
1314	1107	-455.9198	0	52601.7247	0
1315	1107	-455.9201	0	52601.7215	0
1316	1107	-455.9204	0	52601.7180	0
1317	1107	-455.9203	0	52601.7179	0
1318	1107	-455.9200	0	52601.7180	0
1319	1107	-455.9199	0	52601.7162	0
1320	1107	-455.9199	0	52601.7138	0
1321	1107	-455.9199	0	52601.7111	0
1322	1107	-455.9198	0	52601.7108	0
1323	1107	-455.9198	0	52601.7101	0
1324	1107	-455.9198	0	52601.7081	0
1325	1107	-455.9199	0	52601.7048	0
1326	1107	-455.9201	0	52601.7018	0
1327	1107	-455.9201	0	52601.7014	0
1328	1107	-455.9200	0	52601.7013	0
1329	1107	-455.9199	0	52601.6994	0
1330	1107	-455.9200	0	52601.6955	0
1331	1107	-455.9200	0	52601.6928	0
1332	1107	-455.9201	0	52601.6932	0
1333	1107	-455.9202	0	52601.6934	0
1334	1107	-455.9204	0	52601.6903	0
1335	1107	-455.9207	0	52601.6879	0
1336	1107	-455.9207	0	52601.6864	0
1337	1107	-455.9207	0	52601.6865	0
1338	1107	-455.9206	0	52601.6860	0
1339	1107	-455.9203	0	52601.6851	0
1340	1107	-455.9205	0	52601.6815	0
1341	1107	-455.9207	0	52601.6789	0
1342	1107	-455.9207	0	52601.6779	0
1343	1107	-455.9208	0	52601.6784	0
1344	1107	-455.9208	0	52601.6779	0
1345	1107	-455.9209	0	52601.6736	0
1346	1107	-455.9207	0	52601.6707	0
1347	1107	-455.9205	0	52601.6710	0
1348	1107	-455.9204	0	52601.6712	0
1349	1107	-455.9204	0	52601.6706	0
1350	1107	-455.9208	0	52601.6677	0
1351	1107	-455.9213	0	52601.6645	0
1352	1107	-455.9214	0	52601.6634	0
1353	1107	-455.9214	0	52601.6630	0
1354	1107	-455.9215	0	52601.6608	0
1355	1107	-455.9215	0	52601.6571	0
1356	1107	-455.9214	0	52601.6543	0
1357	1107	-455.9214	0	52601.6540	0
1358	1107	-455.9211	0	52601.6540	0
1359	1107	-455.9209	0	52601.6533	0
1360	1107	-455.9210	0	52601.6501	0
1361	1107	-455.9210	0	52601.6467	0
1362	1107	-455.9209	0	52601.6463	0
1363	1107	-455.9209	0	52601.6462	0
1364	1107	-455.9210	0	52601.6439	0
1365	1107	-455.9210	0	52601.6401	0
1366	1107	-455.9211	0	52601.6371	0
1367	1107	-455.9210	0	52601.6369	0
1368	1107	-455.9207	0	52601.6368	0
1369	1107	-455.9207	0	52601.6353	0
1370	1107	-455.9207	0	52601.6317	0
1371	1107	-455.9210	0	52601.6288	0
1372	1107	-455.9211	0	52601.6278	0
1373	1107	-455.9213	0	52601.6307	0
1374	1107	-455.9216	0	52601.6280	0
1375	1107	-455.9218	0	52601.6262	0
1376	1107	-455.9218	0	52601.6231	0
1377	1107	-455.9218	0	52601.6228	0
1378	1107	-455.9217	0	52601.6244	0
1379	1107	-455.9220	0	52601.6219	0
1380	1107	-455.9225	0	52601.6177	0
1381	1107	-455.9230	0	52601.6155	0
1382	1107	-455.9233	0	52601.6155	0
1383	1107	-455.9235	0	52601.6172	0
1384	1107	-455.9237	0	52601.6163	0
1385	1107	-455.9239	0	52601.6119	0
1386	1107	-455.9239	0	52601.6086	0
1387	1107	-455.9237	0	52601.6082	0
1388	1107	-455.9235	0	52601.6081	0
1389	1107	-455.9235	0	52601.6048	0
1390	1107	-455.9239	0	52601.6010	0
1391	1107	-455.9242	0	52601.5980	0
1392	1107	-455.9242	0	52601.5978	0
1393	1107	-455.9242	0	52601.5978	0
1394	1107	-455.9245	0	52601.5970	0
1395	1107	-455.9248	0	52601.5933	0
1396	1107	-455.9248	0	52601.5911	0
1397	1107	-455.9247	0	52601.5921	0
1398	1107	-455.9246	0	52601.5925	0
1399	1107	-455.9246	0	52601.5901	0
1400	1107	-455.9248	0	52601.5866	0
1401	1107	-455.9249	0	52601.5835	0
1402	1107	-455.9249	0	52601.5842	0
1403	1107	-455.9249	0	52601.5846	0
1404	1107	-455.9249	0	52601.5812	0
1405	1107	-455.9251	0	52601.5790	0
1406	1107	-455.9252	0	52601.5774	0
1407	1107	-455.9252	0	52601.5777	0
1408	1107	-455.9251	0	52601.5779	0
1409	1107	-455.9250	0	52601.5743	0
1410	1107	-455.9252	0	52601.5703	0
1411	1107	-455.9251	0	52601.5669	0
1412	1107	-455.9250	0	52601.5676	0
1413	1107	-455.9249	0	52601.5670	0
1414	1107	-455.9248	0	52601.5640	0
1415	1107	-455.9249	0	52601.5610	0
1416	1107	-455.9250	0	52601.5609	0
1417	1107	-455.9247	0	52601.5609	0
1418	1107	-455.9244	0	52601.5599	0
1419	1107	-455.9242	0	52601.5567	0
1420	1107	-455.9243	0	52601.5537	0
1421	1107	-455.9243	0	52601.5535	0
1422	1107	-455.9242	0	52601.5526	0
1423	1107	-455.9241	0	52601.5533	0
1424	1107	-455.9242	0	52601.5506	0
1425	1107	-455.9243	0	52601.5477	0
1426	1107	-455.9242	0	52601.5457	0
1427	1107	-455.9241	0	52601.5459	0
1428	1107	-455.9238	0	52601.5451	0
1429	1107	-455.9238	0	52601.5408	0
1430	1107	-455.9238	0	52601.5372	0
1431	1107	-455.9238	0	52601.5349	0
1432	1107	-455.9238	0	52601.5382	0
1433	1107	-455.9237	0	52601.5374	0
1434	1107	-455.9237	0	52601.5352	0
1435	1107	-455.9238	0	52601.5323	0
1436	1107	-455.9237	0	52601.5323	0
1437	1107	-455.9235	0	52601.5334	0
1438	1107	-455.9233	0	52601.5328	0
1439	1107	-455.9235	0	52601.5295	0
1440	1107	-455.9237	0	52601.5273	0
1441	1107	-455.9237	0	52601.5255	0
1442	1107	-455.9239	0	52601.5280	0
1443	1107	-455.9239	0	52601.5269	0
1444	1107	-455.9240	0	52601.5245	0
1445	1107	-455.9240	0	52601.5204	0
1446	1107	-455.9237	0	52601.5178	0
1447	1107	-455.9236	0	52601.5180	0
1448	1107	-455.9237	0	52601.5170	0
1449	1107	-455.9242	0	52601.5147	0
1450	1107	-455.9246	0	52601.5139	0
1451	1107	-455.9246	0	52601.5115	0
1452	1107	-455.9248	0	52601.5117	0
1453	1107	-455.9250	0	52601.5097	0
1454	1107	-455.9254	0	52601.5091	0
1455	1107	-455.9254	0	52601.5056	0
1456	1107	-455.9253	0	52601.5032	0
1457	1107	-455.9254	0	52601.5013	0
1458	1107	-455.9253	0	52601.5017	0
1459	1107	-455.9258	0	52601.4975	0
1460	1107	-455.9263	0	52601.4882	0
1461	1107	-455.9263	0	52601.4869	0
1462	1107	-455.9268	0	52601.4831	0
1463	1107	-455.9268	0	52601.4874	0
1464	1107	-455.9268	0	52601.4916	0
1465	1107	-455.9271	0	52601.4909	0
1466	1107	-455.9271	0	52601.4930	0
1467	1107	-455.9271	0	52601.4950	0
1468	1107	-455.9273	0	52601.4935	0
1469	1107	-455.9276	0	52601.4884	0
1470	1107	-455.9279	0	52601.4877	0
1471	1107	-455.9281	0	52601.4887	0
1472	1107	-455.9281	0	52601.4879	0
1473	1107	-455.9280	0	52601.4865	0
1474	1107	-455.9283	0	52601.4849	0
1475	1107	-455.9282	0	52601.4843	0
1476	1107	-455.9280	0	52601.4852	0
1477	1107	-455.9279	0	52601.4868	0
1478	1107	-455.9277	0	52601.4850	0
1479	1107	-455.9278	0	52601.4821	0
1480	1107	-455.9278	0	52601.4810	0
1481	1107	-455.9277	0	52601.4818	0
1482	1107	-455.9278	0	52601.4821	0
1483	1107	-455.9279	0	52601.4800	0
1484	1107	-455.9280	0	52601.4768	0
1485	1107	-455.9279	0	52601.4757	0
1486	1107	-455.9278	0	52601.4776	0
1487	1107	-455.9277	0	52601.4760	0
1488	1107	-455.9280	0	52601.4743	0
1489	1107	-455.9284	0	52601.4702	0
1490	1107	-455.9286	0	52601.4687	0
1491	1107	-455.9287	0	52601.4693	0
1492	1107	-455.9287	0	52601.4697	0
1493	1107	-455.9288	0	52601.4650	0
1494	1107	-455.9287	0	52601.4608	0
1495	1107	-455.9288	0	52601.4580	0
1496	1107	-455.9287	0	52601.4595	0
1497	1107	-455.9287	0	52601.4602	0
1498	1107	-455.9289	0	52601.4580	0
1499	1107	-455.9292	0	52601.4561	0
1500	1107	-455.9294	0	52601.4542	0
1501	1107	-455.9293	0	52601.4547	0
1502	1107	-455.9293	0	52601.4550	0
1503	1107	-455.9297	0	52601.4514	0
1504	1107	-455.9299	0	52601.4477	0
1505	1107	-455.9299	0	52601.4463	0
1506	1107	-455.9299	0	52601.4471	0
1507	1107	-455.9297	0	52601.4474	0
1508	1107	-455.9297	0	52601.4463	0
1509	1107	-455.9298	0	52601.4434	0
1510	1107	-455.9298	0	52601.4424	0
1511	1107	-455.9298	0	52601.4420	0
1512	1107	-455.9298	0	52601.4420	0
1513	1107	-455.9299	0	52601.4381	0
1514	1107	-455.9306	0	52601.4291	0
1515	1107	-455.9305	0	52601.4282	0
1516	1107	-455.9298	0	52601.4330	0
1517	1107	-455.9295	0	52601.4336	0
1518	1107	-455.9293	0	52601.4339	0
1519	1107	-455.9293	0	52601.4314	0
1520	1107	-455.9293	0	52601.4305	0
1521	1107	-455.9292	0	52601.4315	0
1522	1107	-455.9292	0	52601.4306	0
1523	1107	-455.9290	0	52601.4290	0
1524	1107	-455.9289	0	52601.4257	0
1525	1107	-455.9286	0	52601.4245	0
1526	1107	-455.9282	0	52601.4266	0
1527	1107	-455.9277	0	52601.4261	0
1528	1107	-455.9277	0	52601.4219	0
1529	1107	-455.9274	0	52601.4190	0
1530	1107	-455.9273	0	52601.4179	0
1531	1107	-455.9270	0	52601.4188	0
1532	1107	-455.9267	0	52601.4178	0
1533	1107	-455.9265	0	52601.4134	0
1534	1107	-455.9261	0	52601.4131	0
1535	1107	-455.9258	0	52601.4129	0
1536	1107	-455.9253	0	52601.4115	0
1537	1107	-455.9253	0	52601.4069	0
1538	1107	-455.9247	0	52601.4064	0
1539	1107	-455.9244	0	52601.4049	0
1540	1107	-455.9242	0	52601.4043	0
1541	1107	-455.9239	0	52601.4042	0
1542	1107	-455.9237	0	52601.3999	0
1543	1107	-455.9236	0	52601.3955	0
1544	1107	-455.9235	0	52601.3924	0
1545	1107	-455.9228	0	52601.3955	0
1546	1107	-455.9224	0	52601.3938	0
1547	1107	-455.9219	0	52601.3931	0
1548	1107	-455.9215	0	52601.3914	0
1556	1107	-455.9199	0	52601.3924	0
1557	1107	-455.9216	0	52601.3917	0
1558	1107	-455.9221	0	52601.3914	0
1559	1107	-455.9227	0	52601.3915	0
1560	1107	-455.9233	0	52601.3916	0
1561	1107	-455.9236	0	52601.3902	0
1562	1107	-455.9239	0	52601.3912	0
1563	1107	-455.9244	0	52601.3917	0
1564	1107	-455.9253	0	52601.3907	0
1565	1107	-455.9258	0	52601.3917	0
1566	1107	-455.9262	0	52601.3923	0
1567	1107	-455.9266	0	52601.3925	0
1568	1107	-455.9272	0	52601.3956	0
1569	1107	-455.9279	0	52601.3954	0
1570	1107	-455.9286	0	52601.3955	0
1571	1107	-455.9293	0	52601.3942	0
1572	1107	-455.9301	0	52601.3938	0
1573	1107	-455.9306	0	52601.3924	0
1574	1107	-455.9309	0	52601.3904	0
1575	1107	-455.9311	0	52601.3925	0
1576	1107	-455.9316	0	52601.3906	0
1577	1107	-455.9322	0	52601.3900	0
1578	1107	-455.9326	0	52601.3913	0
1579	1107	-455.9328	0	52601.3932	0
1580	1107	-455.9332	0	52601.3926	0
1581	1107	-455.9331	0	52601.3909	0
1582	1107	-455.9330	0	52601.3917	0
1583	1107	-455.9330	0	52601.3920	0
1584	1107	-455.9330	0	52601.3935	0
1585	1107	-455.9321	0	52601.3952	0
1586	1107	-455.9321	0	52601.3989	0
1587	1107	-455.9308	0	52601.4068	0
1588	1107	-455.9306	0	52601.4126	0
1589	1107	-455.9300	0	52601.4173	0
1590	1107	-455.9299	0	52601.4176	0
1591	1107	-455.9301	0	52601.4150	0
1592	1107	-455.9302	0	52601.4126	0
1593	1107	-455.9302	0	52601.4116	0
1594	1107	-455.9298	0	52601.4179	0
1595	1107	-455.9293	0	52601.4228	0
1596	1107	-455.9291	0	52601.4259	0
1597	1107	-455.9289	0	52601.4270	0
1598	1107	-455.9289	0	52601.4260	0
1599	1107	-455.9289	0	52601.4242	0
1600	1107	-455.9290	0	52601.4262	0
1601	1107	-455.9290	0	52601.4282	0
1602	1107	-455.9290	0	52601.4289	0
1603	1107	-455.9294	0	52601.4253	0
1604	1107	-455.9299	0	52601.4199	0
1605	1107	-455.9307	0	52601.4180	0
1606	1107	-455.9320	0	52601.4108	0
1607	1107	-455.9324	0	52601.4147	0
1608	1107	-455.9330	0	52601.4137	0
1609	1107	-455.9319	0	52601.4144	0
1610	1107	-455.9317	0	52601.4120	0
1611	1107	-455.9309	0	52601.4216	0
1612	1107	-455.9315	0	52601.4147	0
1613	1107	-455.9313	0	52601.4147	0
1614	1107	-455.9308	0	52601.4160	0
1615	1107	-455.9313	0	52601.4140	0
1616	1107	-455.9329	0	52601.4136	0
1617	1107	-455.9329	0	52601.4213	0
1618	1107	-455.9337	0	52601.4164	0
1619	1107	-455.9326	0	52601.4326	0
1620	1107	-455.9323	0	52601.4323	0
1621	1107	-455.9320	0	52601.4321	0
1622	1107	-455.9324	0	52601.4255	0
1623	1107	-455.9326	0	52601.4216	0
1624	1107	-455.9327	0	52601.4228	0
1625	1107	-455.9331	0	52601.4206	0
1626	1107	-455.9331	0	52601.4198	0
1627	1107	-455.9331	0	52601.4195	0
1628	1107	-455.9330	0	52601.4194	0
1629	1107	-455.9332	0	52601.4181	0
1630	1107	-455.9332	0	52601.4189	0
1631	1107	-455.9332	0	52601.4192	0
1632	1107	-455.9330	0	52601.4233	0
1633	1107	-455.9332	0	52601.4249	0
1634	1107	-455.9330	0	52601.4307	0
1635	1107	-455.9333	0	52601.4304	0
1636	1107	-455.9337	0	52601.4289	0
1637	1107	-455.9337	0	52601.4386	0
1638	1107	-455.9334	0	52601.4535	0
1639	1107	-455.9333	0	52601.4629	0
1640	1107	-455.9337	0	52601.4649	0
1641	1107	-455.9340	0	52601.4704	0
1642	1107	-455.9341	0	52601.4772	0
1643	1107	-455.9344	0	52601.4819	0
1644	1107	-455.9349	0	52601.4824	0
1645	1107	-455.9352	0	52601.4848	0
1646	1107	-455.9359	0	52601.4845	0
1647	1107	-455.9363	0	52601.4878	0
1648	1107	-455.9368	0	52601.4936	0
1649	1107	-455.9371	0	52601.5001	0
1650	1107	-455.9377	0	52601.5025	0
1651	1107	-455.9384	0	52601.5023	0
1652	1107	-455.9388	0	52601.5032	0
1653	1107	-455.9393	0	52601.5058	0
1654	1107	-455.9396	0	52601.5099	0
1655	1107	-455.9399	0	52601.5125	0
1656	1107	-455.9404	0	52601.5112	0
1657	1107	-455.9409	0	52601.5107	0
1658	1107	-455.9413	0	52601.5138	0
1659	1107	-455.9416	0	52601.5159	0
1660	1107	-455.9420	0	52601.5188	0
1661	1107	-455.9426	0	52601.5189	0
1662	1107	-455.9431	0	52601.5189	0
1663	1107	-455.9434	0	52601.5188	0
1664	1107	-455.9436	0	52601.5198	0
1665	1107	-455.9440	0	52601.5213	0
1666	1107	-455.9445	0	52601.5218	0
1667	1107	-455.9450	0	52601.5210	0
1668	1107	-455.9455	0	52601.5217	0
1669	1107	-455.9459	0	52601.5241	0
1670	1107	-455.9461	0	52601.5271	0
1671	1107	-455.9465	0	52601.5282	0
1672	1107	-455.9469	0	52601.5286	0
1673	1107	-455.9475	0	52601.5278	0
1674	1107	-455.9478	0	52601.5275	0
1675	1107	-455.9481	0	52601.5294	0
1676	1107	-455.9481	0	52601.5321	0
1677	1107	-455.9483	0	52601.5342	0
1678	1107	-455.9487	0	52601.5339	0
1679	1107	-455.9489	0	52601.5338	0
1680	1107	-455.9491	0	52601.5348	0
1681	1107	-455.9493	0	52601.5372	0
1682	1107	-455.9497	0	52601.5391	0
1683	1107	-455.9500	0	52601.5408	0
1684	1107	-455.9503	0	52601.5405	0
1685	1107	-455.9505	0	52601.5413	0
1686	1107	-455.9506	0	52601.5426	0
1687	1107	-455.9505	0	52601.5450	0
1688	1107	-455.9507	0	52601.5459	0
1689	1107	-455.9510	0	52601.5442	0
1690	1107	-455.9512	0	52601.5446	0
1691	1107	-455.9515	0	52601.5457	0
1692	1107	-455.9517	0	52601.5491	0
1693	1107	-455.9519	0	52601.5513	0
1694	1107	-455.9523	0	52601.5512	0
1695	1107	-455.9526	0	52601.5511	0
1696	1107	-455.9527	0	52601.5521	0
1697	1107	-455.9527	0	52601.5553	0
1698	1107	-455.9526	0	52601.5593	0
1699	1107	-455.9526	0	52601.5617	0
1700	1107	-455.9528	0	52601.5626	0
1701	1107	-455.9530	0	52601.5639	0
1702	1107	-455.9531	0	52601.5662	0
1703	1107	-455.9533	0	52601.5689	0
1704	1107	-455.9535	0	52601.5699	0
1705	1107	-455.9539	0	52601.5702	0
1706	1107	-455.9542	0	52601.5703	0
1707	1107	-455.9544	0	52601.5740	0
1708	1107	-455.9545	0	52601.5754	0
1709	1107	-455.9545	0	52601.5795	0
1710	1107	-455.9546	0	52601.5809	0
1711	1107	-455.9550	0	52601.5806	0
1712	1107	-455.9553	0	52601.5804	0
1713	1107	-455.9555	0	52601.5803	0
1714	1107	-455.9557	0	52601.5829	0
1715	1107	-455.9560	0	52601.5848	0
1716	1107	-455.9563	0	52601.5864	0
1717	1107	-455.9567	0	52601.5852	0
1718	1107	-455.9567	0	52601.5873	0
1719	1107	-455.9568	0	52601.5890	0
1720	1107	-455.9568	0	52601.5922	0
1721	1107	-455.9569	0	52601.5934	0
1722	1107	-455.9572	0	52601.5929	0
1723	1107	-455.9574	0	52601.5936	0
1724	1107	-455.9577	0	52601.5956	0
1725	1107	-455.9578	0	52601.5980	0
1726	1107	-455.9580	0	52601.5998	0
1727	1107	-455.9582	0	52601.6004	0
1728	1107	-455.9584	0	52601.6006	0
1729	1107	-455.9585	0	52601.6023	0
1730	1107	-455.9584	0	52601.6046	0
1731	1107	-455.9583	0	52601.6079	0
1732	1107	-455.9582	0	52601.6091	0
1733	1107	-455.9583	0	52601.6078	0
1734	1107	-455.9583	0	52601.6090	0
1735	1107	-455.9582	0	52601.6118	0
1736	1107	-455.9582	0	52601.6145	0
1737	1107	-455.9581	0	52601.6163	0
1738	1107	-455.9582	0	52601.6177	0
1739	1107	-455.9582	0	52601.6190	0
1740	1107	-455.9580	0	52601.6194	0
1741	1107	-455.9578	0	52601.6219	0
1742	1107	-455.9576	0	52601.6235	0
1743	1107	-455.9575	0	52601.6249	0
1744	1107	-455.9575	0	52601.6246	0
1745	1107	-455.9575	0	52601.6244	0
1746	1107	-455.9574	0	52601.6267	0
1747	1107	-455.9573	0	52601.6282	0
1748	1107	-455.9574	0	52601.6296	0
1749	1107	-455.9574	0	52601.6308	0
1750	1107	-455.9575	0	52601.6313	0
1751	1107	-455.9574	0	52601.6322	0
1752	1107	-455.9574	0	52601.6332	0
1753	1107	-455.9571	0	52601.6358	0
1754	1107	-455.9568	0	52601.6375	0
1755	1107	-455.9566	0	52601.6381	0
1756	1107	-455.9565	0	52601.6383	0
1757	1107	-455.9565	0	52601.6375	0
1758	1107	-455.9562	0	52601.6417	0
1759	1107	-455.9561	0	52601.6440	0
1760	1107	-455.9558	0	52601.6448	0
1761	1107	-455.9557	0	52601.6443	0
1762	1107	-455.9556	0	52601.6456	0
1763	1107	-455.9554	0	52601.6467	0
1764	1107	-455.9551	0	52601.6478	0
1765	1107	-455.9548	0	52601.6504	0
1766	1107	-455.9546	0	52601.6498	0
1767	1107	-455.9545	0	52601.6496	0
1768	1107	-455.9545	0	52601.6502	0
1769	1107	-455.9542	0	52601.6518	0
1770	1107	-455.9539	0	52601.6546	0
1771	1107	-455.9538	0	52601.6556	0
1772	1107	-455.9539	0	52601.6552	0
1773	1107	-455.9538	0	52601.6557	0
1774	1107	-455.9536	0	52601.6573	0
1775	1107	-455.9533	0	52601.6607	0
1776	1107	-455.9528	0	52601.6633	0
1777	1107	-455.9526	0	52601.6643	0
1778	1107	-455.9524	0	52601.6638	0
1779	1107	-455.9523	0	52601.6643	0
1780	1107	-455.9522	0	52601.6666	0
1781	1107	-455.9521	0	52601.6681	0
1782	1107	-455.9520	0	52601.6679	0
1783	1107	-455.9521	0	52601.6671	0
1784	1107	-455.9521	0	52601.6681	0
1785	1107	-455.9520	0	52601.6713	0
1786	1107	-455.9518	0	52601.6751	0
1787	1107	-455.9515	0	52601.6772	0
1788	1107	-455.9513	0	52601.6772	0
1789	1107	-455.9514	0	52601.6772	0
1790	1107	-455.9514	0	52601.6772	0
1791	1107	-455.9513	0	52601.6791	0
1792	1107	-455.9513	0	52601.6798	0
1793	1107	-455.9513	0	52601.6821	0
1794	1107	-455.9515	0	52601.6815	0
1795	1107	-455.9516	0	52601.6820	0
1796	1107	-455.9514	0	52601.6841	0
1797	1107	-455.9512	0	52601.6861	0
1798	1107	-455.9510	0	52601.6875	0
1799	1107	-455.9509	0	52601.6867	0
1800	1107	-455.9508	0	52601.6863	0
1801	1107	-455.9509	0	52601.6862	0
1802	1107	-455.9509	0	52601.6874	0
1803	1107	-455.9509	0	52601.6904	0
1804	1107	-455.9509	0	52601.6915	0
1805	1107	-455.9512	0	52601.6906	0
1806	1107	-455.9512	0	52601.6909	0
1807	1107	-455.9510	0	52601.6935	0
1808	1107	-455.9508	0	52601.6958	0
1809	1107	-455.9507	0	52601.6972	0
1810	1107	-455.9506	0	52601.6971	0
1811	1107	-455.9509	0	52601.6970	0
1812	1107	-455.9512	0	52601.6976	0
1813	1107	-455.9513	0	52601.6991	0
1814	1107	-455.9513	0	52601.7002	0
1815	1107	-455.9514	0	52601.7013	0
1816	1107	-455.9515	0	52601.7010	0
1817	1107	-455.9515	0	52601.7021	0
1818	1107	-455.9514	0	52601.7025	0
1819	1107	-455.9513	0	52601.7051	0
1820	1107	-455.9512	0	52601.7066	0
1821	1107	-455.9511	0	52601.7078	0
1822	1107	-455.9512	0	52601.7076	0
1823	1107	-455.9513	0	52601.7069	0
1824	1107	-455.9514	0	52601.7084	0
1825	1107	-455.9514	0	52601.7108	0
1826	1107	-455.9514	0	52601.7123	0
1827	1107	-455.9513	0	52601.7128	0
1828	1107	-455.9514	0	52601.7130	0
1829	1107	-455.9513	0	52601.7142	0
1830	1107	-455.9511	0	52601.7170	0
1831	1107	-455.9509	0	52601.7180	0
1832	1107	-455.9509	0	52601.7171	0
1833	1107	-455.9510	0	52601.7168	0
1834	1107	-455.9511	0	52601.7178	0
1835	1107	-455.9512	0	52601.7194	0
1836	1107	-455.9512	0	52601.7223	0
1837	1107	-455.9513	0	52601.7233	0
1838	1107	-455.9516	0	52601.7231	0
1839	1107	-455.9517	0	52601.7230	0
1840	1107	-455.9515	0	52601.7253	0
1841	1107	-455.9512	0	52601.7284	0
1842	1107	-455.9511	0	52601.7295	0
1843	1107	-455.9511	0	52601.7287	0
1844	1107	-455.9511	0	52601.7284	0
1845	1107	-455.9511	0	52601.7288	0
1846	1107	-455.9511	0	52601.7301	0
1847	1107	-455.9510	0	52601.7322	0
1848	1107	-455.9509	0	52601.7336	0
1849	1107	-455.9510	0	52601.7329	0
1850	1107	-455.9509	0	52601.7332	0
1851	1107	-455.9509	0	52601.7355	0
1852	1107	-455.9508	0	52601.7374	0
1853	1107	-455.9505	0	52601.7398	0
1854	1107	-455.9503	0	52601.7401	0
1855	1107	-455.9505	0	52601.7396	0
1856	1107	-455.9506	0	52601.7399	0
1857	1107	-455.9506	0	52601.7422	0
1858	1107	-455.9506	0	52601.7441	0
1859	1107	-455.9507	0	52601.7459	0
1860	1107	-455.9509	0	52601.7465	0
1861	1107	-455.9510	0	52601.7473	0
1862	1107	-455.9510	0	52601.7486	0
1863	1107	-455.9509	0	52601.7506	0
1864	1107	-455.9507	0	52601.7529	0
1865	1107	-455.9505	0	52601.7537	0
1866	1107	-455.9505	0	52601.7530	0
1867	1107	-455.9505	0	52601.7531	0
1868	1107	-455.9505	0	52601.7547	0
1869	1107	-455.9505	0	52601.7584	0
1870	1107	-455.9506	0	52601.7593	0
1871	1107	-455.9507	0	52601.7606	0
1872	1107	-455.9508	0	52601.7610	0
1873	1107	-455.9507	0	52601.7627	0
1874	1107	-455.9506	0	52601.7642	0
1875	1107	-455.9505	0	52601.7663	0
1876	1107	-455.9504	0	52601.7675	0
1877	1107	-455.9503	0	52601.7679	0
1878	1107	-455.9503	0	52601.7685	0
1879	1107	-455.9502	0	52601.7702	0
1880	1107	-455.9504	0	52601.7723	0
1881	1107	-455.9504	0	52601.7745	0
1882	1107	-455.9507	0	52601.7743	0
1883	1107	-455.9509	0	52601.7752	0
1884	1107	-455.9509	0	52601.7764	0
1885	1107	-455.9506	0	52601.7797	0
1886	1107	-455.9504	0	52601.7832	0
1887	1107	-455.9502	0	52601.7854	0
1888	1107	-455.9502	0	52601.7853	0
1889	1107	-455.9503	0	52601.7861	0
1890	1107	-455.9503	0	52601.7868	0
1891	1107	-455.9502	0	52601.7889	0
1892	1107	-455.9503	0	52601.7901	0
1893	1107	-455.9504	0	52601.7914	0
1894	1107	-455.9506	0	52601.7919	0
1895	1107	-455.9507	0	52601.7920	0
1896	1107	-455.9506	0	52601.7942	0
1897	1107	-455.9503	0	52601.7955	0
1898	1107	-455.9501	0	52601.7981	0
1899	1107	-455.9501	0	52601.7969	0
1900	1107	-455.9503	0	52601.7963	0
1901	1107	-455.9502	0	52601.7983	0
1902	1107	-455.9498	0	52601.8034	0
1903	1107	-455.9497	0	52601.8066	0
1904	1107	-455.9498	0	52601.8077	0
1905	1107	-455.9499	0	52601.8076	0
1906	1107	-455.9499	0	52601.8088	0
1907	1107	-455.9499	0	52601.8101	0
1908	1107	-455.9498	0	52601.8118	0
1909	1107	-455.9497	0	52601.8115	0
1910	1107	-455.9497	0	52601.8105	0
1911	1107	-455.9499	0	52601.8105	0
1912	1107	-455.9500	0	52601.8109	0
1913	1107	-455.9499	0	52601.8127	0
1914	1107	-455.9499	0	52601.8150	0
1915	1107	-455.9501	0	52601.8151	0
1916	1107	-455.9502	0	52601.8146	0
1917	1107	-455.9501	0	52601.8161	0
1918	1107	-455.9497	0	52601.8186	0
1919	1107	-455.9493	0	52601.8216	0
1920	1107	-455.9492	0	52601.8230	0
1921	1107	-455.9491	0	52601.8232	0
1922	1107	-455.9491	0	52601.8227	0
1923	1107	-455.9488	0	52601.8238	0
1924	1107	-455.9487	0	52601.8261	0
1925	1107	-455.9486	0	52601.8281	0
1926	1107	-455.9485	0	52601.8288	0
1927	1107	-455.9484	0	52601.8299	0
1928	1107	-455.9480	0	52601.8314	0
1929	1107	-455.9475	0	52601.8334	0
1930	1107	-455.9471	0	52601.8357	0
1931	1107	-455.9469	0	52601.8369	0
1932	1107	-455.9467	0	52601.8365	0
1933	1107	-455.9466	0	52601.8363	0
1934	1107	-455.9463	0	52601.8377	0
1935	1107	-455.9461	0	52601.8397	0
1936	1107	-455.9459	0	52601.8423	0
1937	1107	-455.9458	0	52601.8428	0
1938	1107	-455.9455	0	52601.8437	0
1939	1107	-455.9451	0	52601.8451	0
1940	1107	-455.9446	0	52601.8478	0
1941	1107	-455.9442	0	52601.8498	0
1942	1107	-455.9439	0	52601.8513	0
1943	1107	-455.9440	0	52601.8514	0
1944	1107	-455.9442	0	52601.8518	0
1945	1107	-455.9447	0	52601.8536	0
1946	1107	-455.9452	0	52601.8568	0
1947	1107	-455.9460	0	52601.8586	0
1948	1107	-455.9469	0	52601.8596	0
1949	1107	-455.9478	0	52601.8596	0
1950	1107	-455.9485	0	52601.8609	0
1951	1107	-455.9490	0	52601.8637	0
1952	1107	-455.9491	0	52601.8664	0
1953	1107	-455.9492	0	52601.8670	0
1954	1107	-455.9494	0	52601.8669	0
1955	1107	-455.9497	0	52601.8681	0
1956	1107	-455.9497	0	52601.8685	0
1957	1107	-455.9497	0	52601.8706	0
1958	1107	-455.9497	0	52601.8726	0
1959	1107	-455.9497	0	52601.8734	0
1960	1107	-455.9498	0	52601.8739	0
1961	1107	-455.9497	0	52601.8747	0
1962	1107	-455.9496	0	52601.8769	0
1963	1107	-455.9496	0	52601.8786	0
1964	1107	-455.9496	0	52601.8805	0
1965	1107	-455.9498	0	52601.8808	0
1966	1107	-455.9500	0	52601.8815	0
1967	1107	-455.9501	0	52601.8827	0
1968	1107	-455.9503	0	52601.8846	0
1969	1107	-455.9506	0	52601.8859	0
1970	1107	-455.9509	0	52601.8869	0
1971	1107	-455.9514	0	52601.8870	0
1972	1107	-455.9516	0	52601.8882	0
1973	1107	-455.9517	0	52601.8901	0
1974	1107	-455.9517	0	52601.8928	0
1975	1107	-455.9519	0	52601.8950	0
1976	1107	-455.9522	0	52601.8955	0
1977	1107	-455.9527	0	52601.8953	0
1978	1107	-455.9528	0	52601.8963	0
1979	1107	-455.9531	0	52601.8984	0
1980	1107	-455.9534	0	52601.9003	0
1981	1107	-455.9537	0	52601.9015	0
1982	1107	-455.9542	0	52601.9022	0
1983	1107	-455.9546	0	52601.9027	0
1984	1107	-455.9545	0	52601.9051	0
1985	1107	-455.9545	0	52601.9073	0
1986	1107	-455.9547	0	52601.9092	0
1987	1107	-455.9552	0	52601.9098	0
1988	1107	-455.9558	0	52601.9095	0
1989	1107	-455.9562	0	52601.9096	0
1990	1107	-455.9566	0	52601.9106	0
1991	1107	-455.9568	0	52601.9126	0
1992	1107	-455.9573	0	52601.9144	0
1993	1107	-455.9578	0	52601.9150	0
1994	1107	-455.9582	0	52601.9152	0
1995	1107	-455.9583	0	52601.9165	0
1996	1107	-455.9584	0	52601.9190	0
1997	1107	-455.9586	0	52601.9212	0
1998	1107	-455.9590	0	52601.9225	0
1999	1107	-455.9594	0	52601.9219	0
2000	1107	-455.9598	0	52601.9219	0
2001	1107	-455.9600	0	52601.9231	0
2002	1107	-455.9601	0	52601.9250	0
2003	1107	-455.9602	0	52601.9267	0
2004	1107	-455.9603	0	52601.9273	0
2005	1107	-455.9604	0	52601.9275	0
2006	1107	-455.9604	0	52601.9283	0
2007	1107	-455.9602	0	52601.9302	0
2008	1107	-455.9600	0	52601.9326	0
2009	1107	-455.9600	0	52601.9340	0
2010	1107	-455.9602	0	52601.9344	0
2011	1107	-455.9604	0	52601.9345	0
2012	1107	-455.9605	0	52601.9357	0
2013	1107	-455.9607	0	52601.9368	0
2014	1107	-455.9607	0	52601.9391	0
2015	1107	-455.9608	0	52601.9404	0
2016	1107	-455.9609	0	52601.9406	0
2017	1107	-455.9609	0	52601.9408	0
2018	1107	-455.9608	0	52601.9427	0
2019	1107	-455.9605	0	52601.9454	0
2020	1107	-455.9603	0	52601.9468	0
2021	1107	-455.9604	0	52601.9471	0
2022	1107	-455.9606	0	52601.9472	0
2023	1107	-455.9608	0	52601.9487	0
2024	1107	-455.9609	0	52601.9505	0
2025	1107	-455.9610	0	52601.9527	0
2026	1107	-455.9612	0	52601.9539	0
2027	1107	-455.9616	0	52601.9538	0
2028	1107	-455.9618	0	52601.9542	0
2029	1107	-455.9617	0	52601.9564	0
2030	1107	-455.9616	0	52601.9585	0
2031	1107	-455.9614	0	52601.9600	0
2032	1107	-455.9614	0	52601.9604	0
2033	1107	-455.9615	0	52601.9603	0
2034	1107	-455.9612	0	52601.9612	0
2035	1107	-455.9606	0	52601.9626	0
2036	1107	-455.9598	0	52601.9647	0
2037	1107	-455.9587	0	52601.9663	0
2038	1107	-455.9577	0	52601.9667	0
2039	1107	-455.9563	0	52601.9674	0
2040	1107	-455.9550	0	52601.9697	0
2041	1107	-455.9538	0	52601.9725	0
2042	1107	-455.9530	0	52601.9742	0
2043	1107	-455.9526	0	52601.9751	0
2044	1107	-455.9526	0	52601.9751	0
2045	1107	-455.9526	0	52601.9768	0
2046	1107	-455.9526	0	52601.9787	0
2047	1107	-455.9528	0	52601.9812	0
2048	1107	-455.9530	0	52601.9828	0
2049	1107	-455.9534	0	52601.9834	0
2050	1107	-455.9536	0	52601.9841	0
2051	1107	-455.9535	0	52601.9862	0
2052	1107	-455.9534	0	52601.9886	0
2053	1107	-455.9534	0	52601.9901	0
2054	1107	-455.9535	0	52601.9910	0
2055	1107	-455.9539	0	52601.9912	0
2056	1107	-455.9540	0	52601.9927	0
2057	1107	-455.9540	0	52601.9943	0
2058	1107	-455.9542	0	52601.9967	0
2059	1107	-455.9545	0	52601.9984	0
2060	1107	-455.9548	0	52601.9991	0
2061	1107	-455.9549	0	52601.9999	0
2062	1107	-455.9547	0	52602.0019	0
2063	1107	-455.9545	0	52602.0043	0
2064	1107	-455.9546	0	52602.0063	0
2065	1107	-455.9549	0	52602.0071	0
2066	1107	-455.9554	0	52602.0076	0
2067	1107	-455.9556	0	52602.0089	0
2068	1107	-455.9557	0	52602.0107	0
2069	1107	-455.9558	0	52602.0129	0
2070	1107	-455.9562	0	52602.0144	0
2071	1107	-455.9566	0	52602.0151	0
2072	1107	-455.9568	0	52602.0156	0
2073	1107	-455.9567	0	52602.0176	0
2074	1107	-455.9567	0	52602.0195	0
2075	1107	-455.9568	0	52602.0214	0
2076	1107	-455.9570	0	52602.0223	0
2077	1107	-455.9574	0	52602.0229	0
2078	1107	-455.9578	0	52602.0237	0
2079	1107	-455.9579	0	52602.0253	0
2080	1107	-455.9580	0	52602.0270	0
2081	1107	-455.9583	0	52602.0286	0
2082	1107	-455.9584	0	52602.0294	0
2083	1107	-455.9585	0	52602.0300	0
2084	1107	-455.9584	0	52602.0313	0
2085	1107	-455.9583	0	52602.0329	0
2086	1107	-455.9582	0	52602.0347	0
2087	1107	-455.9582	0	52602.0354	0
2088	1107	-455.9584	0	52602.0356	0
2089	1107	-455.9586	0	52602.0358	0
2090	1107	-455.9586	0	52602.0371	0
2091	1107	-455.9585	0	52602.0386	0
2092	1107	-455.9586	0	52602.0386	0
2093	1107	-455.9586	0	52602.0401	0
2094	1107	-455.9585	0	52602.0420	0
2095	1107	-455.9584	0	52602.0434	0
2096	1107	-455.9581	0	52602.0453	0
2097	1107	-455.9578	0	52602.0470	0
2098	1107	-455.9574	0	52602.0481	0
2099	1107	-455.9570	0	52602.0486	0
2100	1107	-455.9568	0	52602.0487	0
2101	1107	-455.9564	0	52602.0508	0
2102	1107	-455.9561	0	52602.0526	0
2103	1107	-455.9559	0	52602.0545	0
2104	1107	-455.9559	0	52602.0556	0
2105	1107	-455.9561	0	52602.0562	0
2106	1107	-455.9559	0	52602.0573	0
2107	1107	-455.9558	0	52602.0593	0
2108	1107	-455.9555	0	52602.0613	0
2109	1107	-455.9553	0	52602.0627	0
2110	1107	-455.9553	0	52602.0633	0
2111	1107	-455.9554	0	52602.0634	0
2112	1107	-455.9553	0	52602.0650	0
2113	1107	-455.9553	0	52602.0668	0
2114	1107	-455.9553	0	52602.0688	0
2115	1107	-455.9552	0	52602.0701	0
2116	1107	-455.9552	0	52602.0708	0
2117	1107	-455.9551	0	52602.0713	0
2118	1107	-455.9549	0	52602.0731	0
2119	1107	-455.9546	0	52602.0750	0
2120	1107	-455.9543	0	52602.0765	0
2121	1107	-455.9541	0	52602.0772	0
2122	1107	-455.9539	0	52602.0775	0
2123	1107	-455.9538	0	52602.0786	0
2124	1107	-455.9537	0	52602.0805	0
2125	1107	-455.9536	0	52602.0824	0
2126	1107	-455.9537	0	52602.0840	0
2127	1107	-455.9537	0	52602.0848	0
2128	1107	-455.9536	0	52602.0851	0
2129	1107	-455.9535	0	52602.0868	0
2130	1107	-455.9531	0	52602.0888	0
2131	1107	-455.9528	0	52602.0908	0
2132	1107	-455.9526	0	52602.0918	0
2133	1107	-455.9527	0	52602.0922	0
2134	1107	-455.9527	0	52602.0926	0
2135	1107	-455.9527	0	52602.0947	0
2136	1107	-455.9524	0	52602.0969	0
2137	1107	-455.9524	0	52602.0987	0
2138	1107	-455.9524	0	52602.0999	0
2139	1107	-455.9522	0	52602.1008	0
2140	1107	-455.9520	0	52602.1018	0
2141	1107	-455.9517	0	52602.1038	0
2142	1107	-455.9514	0	52602.1061	0
2143	1107	-455.9512	0	52602.1076	0
2144	1107	-455.9512	0	52602.1084	0
2145	1107	-455.9512	0	52602.1089	0
2146	1107	-455.9512	0	52602.1105	0
2147	1107	-455.9510	0	52602.1126	0
2148	1107	-455.9508	0	52602.1147	0
2149	1107	-455.9507	0	52602.1164	0
2150	1107	-455.9507	0	52602.1173	0
2151	1107	-455.9504	0	52602.1180	0
2152	1107	-455.9500	0	52602.1193	0
2153	1107	-455.9497	0	52602.1202	0
2154	1107	-455.9494	0	52602.1210	0
2155	1107	-455.9493	0	52602.1215	0
2156	1107	-455.9492	0	52602.1218	0
2157	1107	-455.9490	0	52602.1224	0
2158	1107	-455.9487	0	52602.1232	0
2159	1107	-455.9485	0	52602.1242	0
2160	1107	-455.9484	0	52602.1250	0
2161	1107	-455.9482	0	52602.1256	0
2162	1107	-455.9479	0	52602.1261	0
2163	1107	-455.9476	0	52602.1266	0
2164	1107	-455.9472	0	52602.1274	0
2165	1107	-455.9468	0	52602.1283	0
2166	1107	-455.9465	0	52602.1289	0
2167	1107	-455.9464	0	52602.1292	0
2168	1107	-455.9463	0	52602.1297	0
2169	1107	-455.9461	0	52602.1305	0
2170	1107	-455.9459	0	52602.1314	0
2171	1107	-455.9457	0	52602.1322	0
2172	1107	-455.9456	0	52602.1328	0
2173	1107	-455.9455	0	52602.1331	0
2174	1107	-455.9454	0	52602.1337	0
2175	1107	-455.9451	0	52602.1344	0
2176	1107	-455.9447	0	52602.1354	0
2177	1107	-455.9444	0	52602.1361	0
2178	1107	-455.9443	0	52602.1365	0
2179	1107	-455.9443	0	52602.1370	0
2180	1107	-455.9440	0	52602.1377	0
2181	1107	-455.9439	0	52602.1386	0
2182	1107	-455.9438	0	52602.1395	0
2183	1107	-455.9438	0	52602.1402	0
2184	1107	-455.9438	0	52602.1406	0
2185	1107	-455.9438	0	52602.1410	0
2186	1107	-455.9436	0	52602.1417	0
2187	1107	-455.9435	0	52602.1427	0
2188	1107	-455.9428	0	52602.1434	0
2189	1107	-455.9424	0	52602.1439	0
2190	1107	-455.9424	0	52602.1442	0
