1193	1140	-455.9352	0	52602.1409	0
1194	1140	-455.9364	0	52602.1400	0
1195	1140	-455.9373	0	52602.1395	0
1196	1140	-455.9384	0	52602.1389	0
1197	1140	-455.9398	0	52602.1380	0
1198	1140	-455.9407	0	52602.1367	0
1199	1140	-455.9418	0	52602.1353	0
1200	1140	-455.9425	0	52602.1345	0
1201	1140	-455.9430	0	52602.1341	0
1202	1140	-455.9437	0	52602.1333	0
1203	1140	-455.9447	0	52602.1321	0
1204	1140	-455.9462	0	52602.1308	0
1205	1140	-455.9469	0	52602.1301	0
1206	1140	-455.9471	0	52602.1298	0
1207	1140	-455.9475	0	52602.1293	0
1208	1140	-455.9484	0	52602.1283	0
1209	1140	-455.9491	0	52602.1271	0
1210	1140	-455.9492	0	52602.1263	0
1211	1140	-455.9490	0	52602.1259	0
1212	1140	-455.9490	0	52602.1254	0
1213	1140	-455.9493	0	52602.1245	0
1214	1140	-455.9501	0	52602.1234	0
1215	1140	-455.9508	0	52602.1226	0
1216	1140	-455.9507	0	52602.1224	0
1217	1140	-455.9508	0	52602.1222	0
1218	1140	-455.9513	0	52602.1215	0
1219	1140	-455.9516	0	52602.1196	0
1220	1140	-455.9513	0	52602.1184	0
1221	1140	-455.9510	0	52602.1178	0
1222	1140	-455.9510	0	52602.1169	0
1223	1140	-455.9512	0	52602.1154	0
1224	1140	-455.9514	0	52602.1125	0
1225	1140	-455.9520	0	52602.1102	0
1226	1140	-455.9524	0	52602.1091	0
1227	1140	-455.9525	0	52602.1087	0
1228	1140	-455.9527	0	52602.1079	0
1229	1140	-455.9531	0	52602.1056	0
1230	1140	-455.9534	0	52602.1029	0
1231	1140	-455.9535	0	52602.1017	0
1232	1140	-455.9535	0	52602.1011	0
1233	1140	-455.9536	0	52602.1001	0
1234	1140	-455.9539	0	52602.0976	0
1235	1140	-455.9545	0	52602.0947	0
1236	1140	-455.9554	0	52602.0931	0
1237	1140	-455.9557	0	52602.0923	0
1238	1140	-455.9557	0	52602.0919	0
1239	1140	-455.9561	0	52602.0902	0
1240	1140	-455.9565	0	52602.0874	0
1241	1140	-455.9567	0	52602.0858	0
1242	1140	-455.9566	0	52602.0852	0
1243	1140	-455.9565	0	52602.0850	0
1244	1140	-455.9569	0	52602.0834	0
1245	1140	-455.9575	0	52602.0802	0
1246	1140	-455.9585	0	52602.0778	0
1247	1140	-455.9590	0	52602.0769	0
1248	1140	-455.9593	0	52602.0765	0
1249	1140	-455.9597	0	52602.0757	0
1250	1140	-455.9602	0	52602.0735	0
1251	1140	-455.9605	0	52602.0711	0
1252	1140	-455.9607	0	52602.0698	0
1253	1140	-455.9607	0	52602.0691	0
1254	1140	-455.9609	0	52602.0682	0
1255	1140	-455.9613	0	52602.0659	0
1256	1140	-455.9620	0	52602.0630	0
1257	1140	-455.9627	0	52602.0615	0
1258	1140	-455.9634	0	52602.0506	0
1259	1140	-455.9636	0	52602.0584	0
1260	1140	-455.9642	0	52602.0576	0
1261	1140	-455.9645	0	52602.0558	0
1262	1140	-455.9647	0	52602.0547	0
1263	1140	-455.9645	0	52602.0544	0
1264	1140	-455.9647	0	52602.0537	0
1265	1140	-455.9650	0	52602.0521	0
1266	1140	-455.9655	0	52602.0487	0
1267	1140	-455.9662	0	52602.0469	0
1268	1140	-455.9666	0	52602.0464	0
1269	1140	-455.9668	0	52602.0461	0
1270	1140	-455.9671	0	52602.0449	0
1271	1140	-455.9675	0	52602.0414	0
1272	1140	-455.9676	0	52602.0393	0
1273	1140	-455.9675	0	52602.0386	0
1274	1140	-455.9673	0	52602.0383	0
1275	1140	-455.9673	0	52602.0373	0
1276	1140	-455.9673	0	52602.0340	0
1277	1140	-455.9675	0	52602.0313	0
1278	1140	-455.9680	0	52602.0300	0
1279	1140	-455.9680	0	52602.0297	0
1280	1140	-455.9680	0	52602.0296	0
1281	1140	-455.9683	0	52602.0275	0
1282	1140	-455.9682	0	52602.0247	0
1283	1140	-455.9680	0	52602.0229	0
1284	1140	-455.9677	0	52602.0226	0
1285	1140	-455.9676	0	52602.0223	0
1286	1140	-455.9676	0	52602.0209	0
1287	1140	-455.9679	0	52602.0175	0
1288	1140	-455.9683	0	52602.0155	0
1289	1140	-455.9685	0	52602.0149	0
1290	1140	-455.9685	0	52602.0150	0
1291	1140	-455.9688	0	52602.0140	0
1292	1140	-455.9690	0	52602.0113	0
1293	1140	-455.9691	0	52602.0094	0
1294	1140	-455.9690	0	52602.0086	0
1295	1140	-455.9690	0	52602.0082	0
1296	1140	-455.9690	0	52602.0074	0
1297	1140	-455.9691	0	52602.0044	0
1298	1140	-455.9693	0	52602.0016	0
1299	1140	-455.9697	0	52602.0004	0
1300	1140	-455.9698	0	52602.0002	0
1301	1140	-455.9697	0	52601.9997	0
1302	1140	-455.9698	0	52601.9973	0
1303	1140	-455.9699	0	52601.9943	0
1304	1140	-455.9697	0	52601.9930	0
1305	1140	-455.9694	0	52601.9923	0
1306	1140	-455.9691	0	52601.9919	0
1307	1140	-455.9689	0	52601.9902	0
1308	1140	-455.9687	0	52601.9868	0
1309	1140	-455.9691	0	52601.9848	0
1310	1140	-455.9692	0	52601.9847	0
1311	1140	-455.9691	0	52601.9849	0
1312	1140	-455.9691	0	52601.9836	0
1313	1140	-455.9692	0	52601.9799	0
1314	1140	-455.9694	0	52601.9779	0
1315	1140	-455.9695	0	52601.9773	0
1316	1140	-455.9694	0	52601.9767	0
1317	1140	-455.9693	0	52601.9755	0
1318	1140	-455.9692	0	52601.9724	0
1319	1140	-455.9696	0	52601.9697	0
1320	1140	-455.9700	0	52601.9693	0
1321	1140	-455.9701	0	52601.9689	0
1322	1140	-455.9704	0	52601.9666	0
1323	1140	-455.9707	0	52601.9637	0
1324	1140	-455.9710	0	52601.9615	0
1325	1140	-455.9711	0	52601.9603	0
1326	1140	-455.9711	0	52601.9598	0
1327	1140	-455.9710	0	52601.9573	0
1328	1140	-455.9709	0	52601.9556	0
1329	1140	-455.9713	0	52601.9518	0
1330	1140	-455.9720	0	52601.9502	0
1331	1140	-455.9725	0	52601.9504	0
1332	1140	-455.9727	0	52601.9502	0
1333	1140	-455.9731	0	52601.9472	0
1334	1140	-455.9741	0	52601.9327	0
1335	1140	-455.9744	0	52601.9394	0
1336	1140	-455.9743	0	52601.9410	0
1337	1140	-455.9743	0	52601.9416	0
1338	1140	-455.9745	0	52601.9412	0
1339	1140	-455.9748	0	52601.9398	0
1340	1140	-455.9751	0	52601.9383	0
1341	1140	-455.9759	0	52601.9376	0
1342	1140	-455.9761	0	52601.9371	0
1343	1140	-455.9763	0	52601.9362	0
1344	1140	-455.9769	0	52601.9322	0
1345	1140	-455.9772	0	52601.9289	0
1346	1140	-455.9771	0	52601.9278	0
1347	1140	-455.9770	0	52601.9272	0
1348	1140	-455.9771	0	52601.9268	0
1349	1140	-455.9771	0	52601.9254	0
1350	1140	-455.9774	0	52601.9240	0
1351	1140	-455.9783	0	52601.9219	0
1352	1140	-455.9790	0	52601.9182	0
1353	1140	-455.9794	0	52601.9168	0
1354	1140	-455.9797	0	52601.9145	0
1355	1140	-455.9801	0	52601.9124	0
1356	1140	-455.9798	0	52601.9130	0
1357	1140	-455.9800	0	52601.9101	0
1358	1140	-455.9799	0	52601.9088	0
1359	1140	-455.9801	0	52601.9073	0
1360	1140	-455.9802	0	52601.9079	0
1361	1140	-455.9809	0	52601.9038	0
1362	1140	-455.9816	0	52601.9006	0
1363	1140	-455.9820	0	52601.8991	0
1364	1140	-455.9823	0	52601.8981	0
1366	1140	-455.9830	0	52601.8969	0
1367	1140	-455.9835	0	52601.8878	0
1368	1140	-455.9835	0	52601.8855	0
1369	1140	-455.9836	0	52601.8844	0
1370	1140	-455.9835	0	52601.8860	0
1371	1140	-455.9842	0	52601.8821	0
1372	1140	-455.9848	0	52601.8791	0
1373	1140	-455.9852	0	52601.8790	0
1374	1140	-455.9852	0	52601.8813	0
1375	1140	-455.9853	0	52601.8821	0
1378	1140	-455.9857	0	52601.8649	1
1379	1140	-455.9857	0	52601.8696	1
1380	1140	-455.9859	0	52601.8727	1
1381	1140	-455.9861	0	52601.8732	1
1382	1140	-455.9866	0	52601.8769	1
1383	1140	-455.9866	0	52601.8786	1
1384	1140	-455.9864	0	52601.8784	1
1385	1140	-455.9865	0	52601.8771	1
1386	1140	-455.9867	0	52601.8741	1
1387	1140	-455.9866	0	52601.8720	1
1388	1140	-455.9864	0	52601.8709	1
1389	1140	-455.9862	0	52601.8702	1
1390	1140	-455.9862	0	52601.8690	1
1391	1140	-455.9863	0	52601.8669	1
1392	1140	-455.9868	0	52601.8649	1
1393	1140	-455.9872	0	52601.8638	1
1394	1140	-455.9870	0	52601.8641	1
1395	1140	-455.9872	0	52601.8629	1
1396	1140	-455.9878	0	52601.8591	1
1397	1140	-455.9880	0	52601.8563	1
1398	1140	-455.9879	0	52601.8553	1
1399	1140	-455.9877	0	52601.8550	1
1400	1140	-455.9876	0	52601.8539	1
1401	1140	-455.9876	0	52601.8514	1
1402	1140	-455.9884	0	52601.8484	1
1403	1140	-455.9885	0	52601.8484	1
1404	1140	-455.9883	0	52601.8495	1
1405	1140	-455.9882	0	52601.8496	1
1406	1140	-455.9888	0	52601.8451	1
1407	1140	-455.9892	0	52601.8415	1
1408	1140	-455.9886	0	52601.8421	1
1409	1140	-455.9882	0	52601.8427	1
1410	1140	-455.9881	0	52601.8419	1
1411	1140	-455.9880	0	52601.8391	1
1412	1140	-455.9888	0	52601.8354	1
1413	1140	-455.9892	0	52601.8333	1
1414	1140	-455.9890	0	52601.8334	1
1415	1140	-455.9889	0	52601.8334	1
1416	1140	-455.9890	0	52601.8316	1
1417	1140	-455.9895	0	52601.8279	1
1418	1140	-455.9891	0	52601.8257	1
1419	1140	-455.9885	0	52601.8258	1
1420	1140	-455.9880	0	52601.8254	1
1421	1140	-455.9877	0	52601.8254	1
1422	1140	-455.9879	0	52601.8214	1
1423	1140	-455.9884	0	52601.8196	1
1424	1140	-455.9882	0	52601.8198	1
1425	1140	-455.9878	0	52601.8207	1
1426	1140	-455.9876	0	52601.8199	1
1427	1140	-455.9878	0	52601.8155	1
1428	1140	-455.9877	0	52601.8131	1
1429	1140	-455.9875	0	52601.8114	1
1430	1140	-455.9871	0	52601.8117	1
1431	1140	-455.9868	0	52601.8118	1
1432	1140	-455.9869	0	52601.8090	1
1433	1140	-455.9876	0	52601.8054	1
1434	1140	-455.9875	0	52601.8050	1
1435	1140	-455.9875	0	52601.8045	1
1436	1140	-455.9875	0	52601.8039	1
1437	1140	-455.9879	0	52601.8012	1
1438	1140	-455.9885	0	52601.7984	1
1439	1140	-455.9886	0	52601.7970	1
1440	1140	-455.9884	0	52601.7974	1
1441	1140	-455.9880	0	52601.7972	1
1442	1140	-455.9880	0	52601.7949	1
1443	1140	-455.9889	0	52601.7915	1
1444	1140	-455.9892	0	52601.7898	1
1445	1140	-455.9889	0	52601.7910	1
1446	1140	-455.9890	0	52601.7902	1
1447	1140	-455.9893	0	52601.7872	1
1448	1140	-455.9901	0	52601.7833	1
1449	1140	-455.9903	0	52601.7810	1
1450	1140	-455.9900	0	52601.7802	1
1451	1140	-455.9896	0	52601.7813	1
1452	1140	-455.9893	0	52601.7813	1
1453	1140	-455.9902	0	52601.7782	1
1454	1140	-455.9906	0	52601.7756	1
1455	1140	-455.9907	0	52601.7746	1
1456	1140	-455.9903	0	52601.7757	1
1457	1140	-455.9903	0	52601.7748	1
1458	1140	-455.9906	0	52601.7711	1
1459	1140	-455.9905	0	52601.7693	1
1460	1140	-455.9903	0	52601.7671	1
1461	1140	-455.9900	0	52601.7654	1
1462	1140	-455.9895	0	52601.7657	1
1463	1140	-455.9899	0	52601.7630	1
1464	1140	-455.9899	0	52601.7615	1
1465	1140	-455.9897	0	52601.7615	1
1466	1140	-455.9892	0	52601.7630	1
1467	1140	-455.9889	0	52601.7632	1
1468	1140	-455.9893	0	52601.7597	1
1469	1140	-455.9898	0	52601.7564	1
1470	1140	-455.9897	0	52601.7557	1
1471	1140	-455.9892	0	52601.7570	1
1472	1140	-455.9888	0	52601.7571	1
1473	1140	-455.9888	0	52601.7545	1
1474	1140	-455.9895	0	52601.7515	1
1475	1140	-455.9896	0	52601.7505	1
1476	1140	-455.9896	0	52601.7496	1
1477	1140	-455.9893	0	52601.7508	1
1478	1140	-455.9893	0	52601.7503	1
1479	1140	-455.9899	0	52601.7465	1
1480	1140	-455.9905	0	52601.7435	1
1481	1140	-455.9905	0	52601.7424	1
1482	1140	-455.9899	0	52601.7431	1
1483	1140	-455.9899	0	52601.7418	1
1484	1140	-455.9903	0	52601.7392	1
1485	1140	-455.9906	0	52601.7372	1
1486	1140	-455.9907	0	52601.7364	1
1487	1140	-455.9905	0	52601.7373	1
1488	1140	-455.9904	0	52601.7371	1
1489	1140	-455.9904	0	52601.7355	1
1490	1140	-455.9912	0	52601.7310	1
1491	1140	-455.9914	0	52601.7299	1
1492	1140	-455.9913	0	52601.7284	1
1493	1140	-455.9908	0	52601.7296	1
1494	1140	-455.9907	0	52601.7295	1
1495	1140	-455.9912	0	52601.7261	1
1496	1140	-455.9910	0	52601.7249	1
1497	1140	-455.9907	0	52601.7244	1
1498	1140	-455.9904	0	52601.7254	1
1499	1140	-455.9904	0	52601.7242	1
1500	1140	-455.9904	0	52601.7220	1
1501	1140	-455.9905	0	52601.7194	1
1502	1140	-455.9905	0	52601.7185	1
1503	1140	-455.9898	0	52601.7193	1
1504	1140	-455.9895	0	52601.7191	1
1505	1140	-455.9895	0	52601.7173	1
1506	1140	-455.9897	0	52601.7137	1
1507	1140	-455.9895	0	52601.7129	1
1508	1140	-455.9893	0	52601.7133	1
1509	1140	-455.9891	0	52601.7135	1
1510	1140	-455.9890	0	52601.7111	1
1511	1140	-455.9894	0	52601.7079	1
1512	1140	-455.9896	0	52601.7067	1
1513	1140	-455.9896	0	52601.7057	1
1514	1140	-455.9893	0	52601.7053	1
1515	1140	-455.9892	0	52601.7047	1
1516	1140	-455.9892	0	52601.7020	1
1517	1140	-455.9890	0	52601.7010	1
1518	1140	-455.9889	0	52601.7006	1
1519	1140	-455.9888	0	52601.7006	1
1520	1140	-455.9887	0	52601.6993	1
1521	1140	-455.9886	0	52601.6970	1
1522	1140	-455.9886	0	52601.6955	1
1523	1140	-455.9884	0	52601.6950	1
1524	1140	-455.9880	0	52601.6948	1
1525	1140	-455.9877	0	52601.6948	1
1526	1140	-455.9881	0	52601.6916	1
1527	1140	-455.9878	0	52601.6885	1
1528	1140	-455.9875	0	52601.6880	1
1529	1140	-455.9877	0	52601.6872	1
1530	1140	-455.9876	0	52601.6870	1
1531	1140	-455.9877	0	52601.6836	1
1532	1140	-455.9879	0	52601.6804	1
1533	1140	-455.9880	0	52601.6779	1
1534	1140	-455.9877	0	52601.6777	1
1535	1140	-455.9873	0	52601.6776	1
1536	1140	-455.9870	0	52601.6776	1
1537	1140	-455.9869	0	52601.6736	1
1538	1140	-455.9866	0	52601.6721	1
1539	1140	-455.9867	0	52601.6703	1
1540	1140	-455.9866	0	52601.6703	1
1541	1140	-455.9865	0	52601.6697	1
1542	1140	-455.9865	0	52601.6660	1
1543	1140	-455.9866	0	52601.6632	1
1544	1140	-455.9867	0	52601.6609	1
1545	1140	-455.9868	0	52601.6601	1
1546	1140	-455.9868	0	52601.6591	1
1547	1140	-455.9875	0	52601.6546	1
1548	1140	-455.9876	0	52601.6500	1
1549	1140	-455.9873	0	52601.6511	1
1550	1140	-455.9876	0	52601.6496	1
1551	1140	-455.9874	0	52601.6504	1
1552	1140	-455.9870	0	52601.6523	1
1553	1140	-455.9873	0	52601.6479	1
1554	1140	-455.9875	0	52601.6456	1
1555	1140	-455.9875	0	52601.6448	1
1556	1140	-455.9873	0	52601.6460	1
1557	1140	-455.9870	0	52601.6465	1
1558	1140	-455.9871	0	52601.6438	1
1559	1140	-455.9872	0	52601.6405	1
1560	1140	-455.9875	0	52601.6386	1
1561	1140	-455.9877	0	52601.6372	1
1562	1140	-455.9878	0	52601.6367	1
1563	1140	-455.9879	0	52601.6327	1
1564	1140	-455.9880	0	52601.6297	1
1565	1140	-455.9884	0	52601.6271	1
1566	1140	-455.9881	0	52601.6277	1
1567	1140	-455.9880	0	52601.6281	1
1568	1140	-455.9880	0	52601.6251	1
1569	1140	-455.9878	0	52601.6224	1
1570	1140	-455.9878	0	52601.6214	1
1571	1140	-455.9879	0	52601.6203	1
1572	1140	-455.9876	0	52601.6223	1
1573	1140	-455.9880	0	52601.6200	1
1574	1140	-455.9882	0	52601.6168	1
1575	1140	-455.9880	0	52601.6172	1
1576	1140	-455.9881	0	52601.6166	1
1577	1140	-455.9878	0	52601.6181	1
1578	1140	-455.9878	0	52601.6170	1
1579	1140	-455.9877	0	52601.6150	1
1580	1140	-455.9879	0	52601.6118	1
1581	1140	-455.9880	0	52601.6107	1
1582	1140	-455.9878	0	52601.6128	1
1583	1140	-455.9879	0	52601.6120	1
1584	1140	-455.9878	0	52601.6092	1
1585	1140	-455.9882	0	52601.6049	1
1586	1140	-455.9883	0	52601.6025	1
1587	1140	-455.9882	0	52601.6033	1
1588	1140	-455.9884	0	52601.6003	1
1589	1140	-455.9882	0	52601.5975	1
1590	1140	-455.9881	0	52601.5939	1
1591	1140	-455.9884	0	52601.5917	1
1592	1140	-455.9886	0	52601.5910	1
1593	1140	-455.9884	0	52601.5916	1
1594	1140	-455.9886	0	52601.5893	1
1595	1140	-455.9889	0	52601.5859	1
1596	1140	-455.9890	0	52601.5838	1
1597	1140	-455.9892	0	52601.5822	1
1598	1140	-455.9890	0	52601.5825	1
1599	1140	-455.9887	0	52601.5818	1
1600	1140	-455.9884	0	52601.5788	1
1601	1140	-455.9881	0	52601.5777	1
1602	1140	-455.9880	0	52601.5783	1
1603	1140	-455.9881	0	52601.5777	1
1604	1140	-455.9879	0	52601.5784	1
1605	1140	-455.9876	0	52601.5768	1
1606	1140	-455.9897	0	52601.5624	1
1607	1140	-455.9893	0	52601.5617	1
1608	1140	-455.9894	0	52601.5597	1
1609	1140	-455.9885	0	52601.5636	1
1610	1140	-455.9912	0	52601.5444	1
1611	1140	-455.9915	0	52601.5381	1
1612	1140	-455.9886	0	52601.5554	1
1613	1140	-455.9885	0	52601.5568	1
1614	1140	-455.9872	0	52601.5638	1
1615	1140	-455.9871	0	52601.5627	1
1616	1140	-455.9870	0	52601.5594	1
1617	1140	-455.9869	0	52601.5582	1
1618	1140	-455.9865	0	52601.5597	1
1619	1140	-455.9863	0	52601.5603	1
1620	1140	-455.9862	0	52601.5576	1
1621	1140	-455.9861	0	52601.5517	1
1622	1140	-455.9858	0	52601.5515	1
1623	1140	-455.9858	0	52601.5505	1
1624	1140	-455.9854	0	52601.5530	1
1625	1140	-455.9851	0	52601.5530	1
1626	1140	-455.9851	0	52601.5482	1
1627	1140	-455.9854	0	52601.5444	1
1628	1140	-455.9852	0	52601.5440	1
1629	1140	-455.9850	0	52601.5439	1
1630	1140	-455.9848	0	52601.5419	1
1631	1140	-455.9844	0	52601.5401	1
1632	1140	-455.9844	0	52601.5395	1
1633	1140	-455.9845	0	52601.5393	1
1634	1140	-455.9843	0	52601.5413	1
1635	1140	-455.9842	0	52601.5411	1
1636	1140	-455.9845	0	52601.5370	1
1637	1140	-455.9847	0	52601.5345	1
1638	1140	-455.9848	0	52601.5336	1
1639	1140	-455.9846	0	52601.5343	1
1640	1140	-455.9845	0	52601.5346	1
1641	1140	-455.9846	0	52601.5328	1
1642	1140	-455.9848	0	52601.5300	1
1643	1140	-455.9851	0	52601.5302	1
1644	1140	-455.9851	0	52601.5312	1
1645	1140	-455.9851	0	52601.5317	1
1646	1140	-455.9856	0	52601.5289	1
1647	1140	-455.9859	0	52601.5268	1
1648	1140	-455.9862	0	52601.5230	1
1649	1140	-455.9867	0	52601.5185	1
1650	1140	-455.9870	0	52601.5168	1
1651	1140	-455.9874	0	52601.5131	1
1652	1140	-455.9881	0	52601.5076	1
1653	1140	-455.9882	0	52601.5087	1
1654	1140	-455.9881	0	52601.5104	1
1655	1140	-455.9884	0	52601.5079	1
1656	1140	-455.9889	0	52601.5038	1
1657	1140	-455.9894	0	52601.5001	1
1658	1140	-455.9895	0	52601.4977	1
1659	1140	-455.9891	0	52601.4990	1
1660	1140	-455.9889	0	52601.4995	1
1661	1140	-455.9884	0	52601.4997	1
1662	1140	-455.9887	0	52601.4954	1
1663	1140	-455.9890	0	52601.4928	1
1664	1140	-455.9883	0	52601.4995	1
1665	1140	-455.9881	0	52601.5022	1
1666	1140	-455.9881	0	52601.5010	1
1667	1140	-455.9882	0	52601.4972	1
1668	1140	-455.9885	0	52601.4947	1
1669	1140	-455.9888	0	52601.4928	1
1670	1140	-455.9890	0	52601.4921	1
1671	1140	-455.9884	0	52601.4962	1
1672	1140	-455.9881	0	52601.4944	1
1673	1140	-455.9881	0	52601.4927	1
1674	1140	-455.9888	0	52601.4899	1
1675	1140	-455.9895	0	52601.4843	1
1676	1140	-455.9894	0	52601.4857	1
1677	1140	-455.9898	0	52601.4817	1
1678	1140	-455.9899	0	52601.4791	1
1679	1140	-455.9899	0	52601.4770	1
1680	1140	-455.9897	0	52601.4762	1
1681	1140	-455.9897	0	52601.4760	1
1682	1140	-455.9896	0	52601.4736	1
1683	1140	-455.9897	0	52601.4716	1
1684	1140	-455.9901	0	52601.4698	1
1685	1140	-455.9904	0	52601.4692	1
1686	1140	-455.9903	0	52601.4690	1
1687	1140	-455.9908	0	52601.4655	1
1688	1140	-455.9916	0	52601.4594	1
1689	1140	-455.9922	0	52601.4536	1
1690	1140	-455.9923	0	52601.4526	1
1691	1140	-455.9919	0	52601.4547	1
1692	1140	-455.9916	0	52601.4556	1
1693	1140	-455.9914	0	52601.4523	1
1694	1140	-455.9912	0	52601.4510	1
1695	1140	-455.9907	0	52601.4567	1
1696	1140	-455.9904	0	52601.4602	1
1697	1140	-455.9903	0	52601.4615	1
1698	1140	-455.9904	0	52601.4571	1
1699	1140	-455.9904	0	52601.4541	1
1700	1140	-455.9900	0	52601.4542	1
1701	1140	-455.9897	0	52601.4555	1
1702	1140	-455.9892	0	52601.4585	1
1703	1140	-455.9885	0	52601.4619	1
1704	1140	-455.9887	0	52601.4572	1
1705	1140	-455.9890	0	52601.4491	1
1706	1140	-455.9894	0	52601.4435	1
1707	1140	-455.9896	0	52601.4415	1
1708	1140	-455.9896	0	52601.4435	1
1709	1140	-455.9892	0	52601.4480	1
1710	1140	-455.9888	0	52601.4484	1
1711	1140	-455.9885	0	52601.4485	1
1712	1140	-455.9882	0	52601.4498	1
1713	1140	-455.9881	0	52601.4490	1
1714	1140	-455.9878	0	52601.4474	1
1715	1140	-455.9876	0	52601.4455	1
1716	1140	-455.9879	0	52601.4437	1
1717	1140	-455.9880	0	52601.4455	1
1718	1140	-455.9881	0	52601.4450	1
1719	1140	-455.9879	0	52601.4447	1
1720	1140	-455.9878	0	52601.4421	1
1721	1140	-455.9876	0	52601.4423	1
1722	1140	-455.9873	0	52601.4424	1
1723	1140	-455.9870	0	52601.4437	1
1724	1140	-455.9867	0	52601.4429	1
1725	1140	-455.9865	0	52601.4413	1
1726	1140	-455.9867	0	52601.4395	1
1727	1140	-455.9868	0	52601.4388	1
1728	1140	-455.9866	0	52601.4411	1
1729	1140	-455.9865	0	52601.4407	1
1730	1140	-455.9865	0	52601.4380	1
1731	1140	-455.9863	0	52601.4382	1
1732	1140	-455.9863	0	52601.4383	1
1733	1140	-455.9859	0	52601.4396	1
1734	1140	-455.9858	0	52601.4388	1
1735	1140	-455.9855	0	52601.4372	1
1736	1140	-455.9858	0	52601.4340	1
1737	1140	-455.9860	0	52601.4329	1
1738	1140	-455.9861	0	52601.4338	1
1739	1140	-455.9861	0	52601.4342	1
1740	1140	-455.9859	0	52601.4343	1
1741	1140	-455.9859	0	52601.4317	1
1742	1140	-455.9859	0	52601.4295	1
1743	1140	-455.9859	0	52601.4287	1
1744	1140	-455.9855	0	52601.4296	1
1745	1140	-455.9854	0	52601.4300	1
1746	1140	-455.9852	0	52601.4275	1
1747	1140	-455.9850	0	52601.4252	1
1748	1140	-455.9850	0	52601.4244	1
1750	1140	-455.9834	0	52601.4060	1
1751	1140	-455.9856	0	52601.4040	1
1752	1140	-455.9854	0	52601.4165	1
1753	1140	-455.9853	0	52601.4187	1
1754	1140	-455.9848	0	52601.4195	1
1755	1140	-455.9846	0	52601.4199	1
1756	1140	-455.9843	0	52601.4172	1
1757	1140	-455.9840	0	52601.4134	1
1758	1140	-455.9842	0	52601.4121	1
1759	1140	-455.9840	0	52601.4116	1
1760	1140	-455.9835	0	52601.4127	1
1761	1140	-455.9832	0	52601.4146	1
1762	1140	-455.9832	0	52601.4112	1
1763	1140	-455.9832	0	52601.4085	1
1764	1140	-455.9831	0	52601.4089	1
1765	1140	-455.9826	0	52601.4117	1
1766	1140	-455.9821	0	52601.4127	1
1767	1140	-455.9823	0	52601.4090	1
1768	1140	-455.9826	0	52601.4049	1
1769	1140	-455.9824	0	52601.4062	1
1770	1140	-455.9823	0	52601.4067	1
1771	1140	-455.9821	0	52601.4082	1
1772	1140	-455.9823	0	52601.4075	1
1773	1140	-455.9826	0	52601.4045	1
1774	1140	-455.9827	0	52601.4034	1
1775	1140	-455.9825	0	52601.4030	1
1776	1140	-455.9819	0	52601.4041	1
1777	1140	-455.9818	0	52601.4003	1
1778	1140	-455.9823	0	52601.3977	1
1779	1140	-455.9824	0	52601.3981	1
1780	1140	-455.9824	0	52601.3969	1
1781	1140	-455.9824	0	52601.3979	1
1782	1140	-455.9824	0	52601.3954	1
1783	1140	-455.9824	0	52601.3931	1
1784	1140	-455.9826	0	52601.3909	1
1785	1140	-455.9825	0	52601.3886	1
1786	1140	-455.9823	0	52601.3907	1
1787	1140	-455.9820	0	52601.3914	1
1788	1140	-455.9819	0	52601.3860	1
1789	1140	-455.9818	0	52601.3854	1
1790	1140	-455.9820	0	52601.3823	1
1791	1140	-455.9818	0	52601.3855	1
1792	1140	-455.9815	0	52601.3853	1
1793	1140	-455.9817	0	52601.3809	1
1794	1140	-455.9815	0	52601.3792	1
1795	1140	-455.9809	0	52601.3799	1
1796	1140	-455.9806	0	52601.3788	1
1797	1140	-455.9803	0	52601.3768	1
1798	1140	-455.9803	0	52601.3716	1
1799	1140	-455.9803	0	52601.3698	1
1800	1140	-455.9803	0	52601.3691	1
1801	1140	-455.9805	0	52601.3675	1
1802	1140	-455.9801	0	52601.3698	1
1803	1140	-455.9800	0	52601.3662	1
1804	1140	-455.9803	0	52601.3604	1
1805	1140	-455.9802	0	52601.3551	1
1806	1140	-455.9801	0	52601.3547	1
1807	1140	-455.9802	0	52601.3547	1
1808	1140	-455.9799	0	52601.3532	1
1809	1140	-455.9801	0	52601.3479	1
1810	1140	-455.9802	0	52601.3461	1
1811	1140	-455.9805	0	52601.3440	1
1812	1140	-455.9805	0	52601.3464	1
1813	1140	-455.9796	0	52601.3518	1
1814	1140	-455.9794	0	52601.3524	1
1815	1140	-455.9796	0	52601.3464	1
1816	1140	-455.9804	0	52601.3444	1
1817	1140	-455.9808	0	52601.3405	1
1818	1140	-455.9804	0	52601.3405	1
1819	1140	-455.9804	0	52601.3375	1
1820	1140	-455.9807	0	52601.3332	1
1821	1140	-455.9804	0	52601.3381	1
1822	1140	-455.9805	0	52601.3352	1
1823	1140	-455.9805	0	52601.3309	1
1824	1140	-455.9807	0	52601.3244	1
1825	1140	-455.9803	0	52601.3268	1
1826	1140	-455.9801	0	52601.3261	1
1827	1140	-455.9800	0	52601.3227	1
1828	1140	-455.9802	0	52601.3198	1
1829	1140	-455.9800	0	52601.3171	1
1830	1140	-455.9799	0	52601.3161	1
1831	1140	-455.9799	0	52601.3158	1
1832	1140	-455.9805	0	52601.3075	1
1833	1140	-455.9804	0	52601.3060	1
1834	1140	-455.9803	0	52601.3055	1
1835	1140	-455.9799	0	52601.3053	1
1836	1140	-455.9795	0	52601.3070	1
1837	1140	-455.9799	0	52601.3026	1
1838	1140	-455.9805	0	52601.2977	1
1839	1140	-455.9804	0	52601.2959	1
1840	1140	-455.9803	0	52601.2952	1
1841	1140	-455.9803	0	52601.2951	1
1842	1140	-455.9802	0	52601.2933	1
1843	1140	-455.9808	0	52601.2839	1
1844	1140	-455.9809	0	52601.2841	1
1845	1140	-455.9805	0	52601.2858	1
1846	1140	-455.9802	0	52601.2866	1
1847	1140	-455.9803	0	52601.2834	1
1848	1140	-455.9805	0	52601.2824	1
1849	1140	-455.9808	0	52601.2820	1
1850	1140	-455.9808	0	52601.2820	1
1851	1140	-455.9806	0	52601.2838	1
1852	1140	-455.9803	0	52601.2862	1
1853	1140	-455.9803	0	52601.2836	1
1854	1140	-455.9799	0	52601.2843	1
1855	1140	-455.9795	0	52601.2845	1
1856	1140	-455.9793	0	52601.2828	1
1857	1140	-455.9791	0	52601.2822	1
1858	1140	-455.9791	0	52601.2820	1
1859	1140	-455.9793	0	52601.2802	1
1860	1140	-455.9793	0	52601.2831	1
1861	1140	-455.9791	0	52601.2824	1
1862	1140	-455.9791	0	52601.2785	1
1863	1140	-455.9793	0	52601.2735	1
1864	1140	-455.9794	0	52601.2680	1
1865	1140	-455.9791	0	52601.2695	1
1866	1140	-455.9789	0	52601.2682	1
1867	1140	-455.9789	0	52601.2642	1
1868	1140	-455.9798	0	52601.2536	1
1869	1140	-455.9800	0	52601.2496	1
1870	1140	-455.9799	0	52601.2462	1
1871	1140	-455.9796	0	52601.2468	1
1872	1140	-455.9792	0	52601.2470	1
1873	1140	-455.9789	0	52601.2510	1
1874	1140	-455.9790	0	52601.2526	1
1875	1140	-455.9786	0	52601.2550	1
1876	1140	-455.9780	0	52601.2596	1
1877	1140	-455.9778	0	52601.2595	1
1878	1140	-455.9778	0	52601.2594	1
1879	1140	-455.9782	0	52601.2538	1
1880	1140	-455.9785	0	52601.2500	1
1881	1140	-455.9785	0	52601.2484	1
1882	1140	-455.9777	0	52601.2573	1
1883	1140	-455.9769	0	52601.2641	1
1884	1140	-455.9773	0	52601.2612	1
1885	1140	-455.9783	0	52601.2508	1
1886	1140	-455.9784	0	52601.2488	1
1887	1140	-455.9774	0	52601.2590	1
1888	1140	-455.9777	0	52601.2556	1
1889	1140	-455.9784	0	52601.2488	1
1890	1140	-455.9791	0	52601.2445	1
1891	1140	-455.9793	0	52601.2410	1
1892	1140	-455.9792	0	52601.2453	1
1893	1140	-455.9792	0	52601.2413	1
1894	1140	-455.9796	0	52601.2380	1
1895	1140	-455.9798	0	52601.2349	1
1896	1140	-455.9803	0	52601.2300	1
1897	1140	-455.9801	0	52601.2319	1
1898	1140	-455.9803	0	52601.2289	1
1899	1140	-455.9797	0	52601.2355	1
1900	1140	-455.9804	0	52601.2263	1
1901	1140	-455.9809	0	52601.2191	1
1902	1140	-455.9811	0	52601.2184	1
1903	1140	-455.9814	0	52601.2123	1
1904	1140	-455.9814	0	52601.2120	1
1905	1140	-455.9812	0	52601.2079	1
1906	1140	-455.9814	0	52601.2044	1
1907	1140	-455.9815	0	52601.2011	1
1908	1140	-455.9815	0	52601.1957	1
1909	1140	-455.9814	0	52601.1916	1
1910	1140	-455.9815	0	52601.1903	1
1911	1140	-455.9815	0	52601.1942	1
1912	1140	-455.9814	0	52601.1935	1
1913	1140	-455.9817	0	52601.1827	1
1914	1140	-455.9817	0	52601.1787	1
1915	1140	-455.9817	0	52601.1796	1
1916	1140	-455.9815	0	52601.1799	1
1917	1140	-455.9814	0	52601.1802	1
1918	1140	-455.9815	0	52601.1760	1
1919	1140	-455.9819	0	52601.1680	1
1920	1140	-455.9818	0	52601.1649	1
1921	1140	-455.9816	0	52601.1638	1
1922	1140	-455.9813	0	52601.1635	1
1923	1140	-455.9810	0	52601.1610	1
1924	1140	-455.9808	0	52601.1580	1
1925	1140	-455.9805	0	52601.1591	1
1926	1140	-455.9801	0	52601.1594	1
1927	1140	-455.9798	0	52601.1574	1
1928	1140	-455.9795	0	52601.1543	1
1929	1140	-455.9789	0	52601.1553	1
1930	1140	-455.9784	0	52601.1579	1
1931	1140	-455.9785	0	52601.1546	1
1932	1140	-455.9782	0	52601.1532	1
1933	1140	-455.9780	0	52601.1550	1
1934	1140	-455.9778	0	52601.1556	1
1935	1140	-455.9775	0	52601.1558	1
1936	1140	-455.9775	0	52601.1559	1
1940	1140	-455.9761	0	52601.1584	0
1945	1140	-455.9758	0	52601.1526	0
