1381	1198	-455.9684	0	52600.5953	1
1382	1198	-455.9688	0	52600.5956	1
1383	1198	-455.9685	0	52600.6071	1
1384	1198	-455.9681	0	52600.6159	1
1385	1198	-455.9679	0	52600.6240	1
1386	1198	-455.9682	0	52600.6110	1
1387	1198	-455.9683	0	52600.6062	1
1395	1198	-455.9682	0	52600.6035	0
1396	1198	-455.9685	0	52600.6033	0
1397	1198	-455.9685	0	52600.6081	0
1400	1198	-455.9681	0	52600.6167	0
1401	1198	-455.9680	0	52600.6128	0
1402	1198	-455.9680	0	52600.6114	0
1403	1198	-455.9676	0	52600.6155	0
1404	1198	-455.9681	0	52600.6126	0
1405	1198	-455.9680	0	52600.6160	0
1406	1198	-455.9679	0	52600.6172	0
1407	1198	-455.9679	0	52600.6129	0
1408	1198	-455.9679	0	52600.6110	0
1409	1198	-455.9679	0	52600.6105	0
1410	1198	-455.9679	0	52600.6102	0
1411	1198	-455.9686	0	52600.6056	0
1412	1198	-455.9688	0	52600.6039	0
1413	1198	-455.9688	0	52600.6080	0
1414	1198	-455.9688	0	52600.6097	0
1415	1198	-455.9688	0	52600.6103	0
1416	1198	-455.9688	0	52600.6106	0
1417	1198	-455.9689	0	52600.6107	0
1418	1198	-455.9689	0	52600.6107	0
1419	1198	-455.9689	0	52600.6107	0
1420	1198	-455.9686	0	52600.6154	0
1421	1198	-455.9685	0	52600.6172	0
1422	1198	-455.9685	0	52600.6179	0
1424	1198	-455.9688	0	52600.6183	0
1425	1198	-455.9687	0	52600.6130	0
1426	1198	-455.9686	0	52600.6161	0
1427	1198	-455.9686	0	52600.6173	0
1428	1198	-455.9686	0	52600.6178	0
1429	1198	-455.9685	0	52600.6179	0
1430	1198	-455.9685	0	52600.6131	0
1431	1198	-455.9686	0	52600.6113	0
1432	1198	-455.9682	0	52600.6153	0
1433	1198	-455.9681	0	52600.6215	0
1434	1198	-455.9677	0	52600.6237	0
1435	1198	-455.9676	0	52600.6245	0
1436	1198	-455.9673	0	52600.6294	0
1437	1198	-455.9678	0	52600.6270	0
1438	1198	-455.9677	0	52600.6304	0
1439	1198	-455.9676	0	52600.6318	0
1440	1198	-455.9673	0	52600.6367	0
1441	1198	-455.9672	0	52600.6434	0
1442	1198	-455.9678	0	52600.6368	0
1443	1198	-455.9681	0	52600.6390	0
1444	1198	-455.9681	0	52600.6397	0
1445	1198	-455.9679	0	52600.6397	0
1446	1198	-455.9678	0	52600.6492	0
1447	1198	-455.9684	0	52600.6437	0
1448	1198	-455.9683	0	52600.6461	0
1449	1198	-455.9683	0	52600.6468	0
1450	1198	-455.9677	0	52600.6514	0
1451	1198	-455.9675	0	52600.6531	0
1452	1198	-455.9671	0	52600.6628	0
1453	1198	-455.9673	0	52600.6665	0
1454	1198	-455.9677	0	52600.6682	0
1455	1198	-455.9679	0	52600.6687	0
1456	1198	-455.9683	0	52600.6643	0
1457	1198	-455.9688	0	52600.6628	0
1458	1198	-455.9685	0	52600.6712	0
1459	1198	-455.9681	0	52600.6740	0
1460	1198	-455.9683	0	52600.6707	0
1461	1198	-455.9682	0	52600.6739	0
1475	1198	-455.9696	0	52600.6895	0
1476	1198	-455.9694	0	52600.6943	0
1477	1198	-455.9690	0	52600.7000	0
1479	1198	-455.9688	0	52600.7078	1
1480	1198	-455.9684	0	52600.7135	1
1481	1198	-455.9685	0	52600.7157	1
1482	1198	-455.9681	0	52600.7204	1
1483	1198	-455.9679	0	52600.7306	1
1484	1198	-455.9678	0	52600.7258	1
1485	1198	-455.9675	0	52600.7321	1
1486	1198	-455.9674	0	52600.7344	1
1487	1198	-455.9671	0	52600.7350	1
1488	1198	-455.9670	0	52600.7437	1
1489	1198	-455.9670	0	52600.7467	1
1490	1198	-455.9678	0	52600.7398	1
1491	1198	-455.9676	0	52600.7451	1
1492	1198	-455.9675	0	52600.7470	1
1493	1198	-455.9672	0	52600.7475	1
1494	1198	-455.9671	0	52600.7475	1
1495	1198	-455.9668	0	52600.7556	1
1496	1198	-455.9669	0	52600.7546	1
1497	1198	-455.9669	0	52600.7541	1
1498	1198	-455.9664	0	52600.7576	1
1499	1198	-455.9666	0	52600.7507	1
1500	1198	-455.9666	0	52600.7523	1
1501	1198	-455.9670	0	52600.7490	1
1502	1198	-455.9671	0	52600.7517	1
1503	1198	-455.9672	0	52600.7568	1
1504	1198	-455.9670	0	52600.7586	1
1505	1198	-455.9669	0	52600.7592	1
1506	1198	-455.9669	0	52600.7594	1
1507	1198	-455.9668	0	52600.7594	1
1508	1198	-455.9668	0	52600.7594	1
1509	1198	-455.9665	0	52600.7632	1
1510	1198	-455.9662	0	52600.7685	1
1511	1198	-455.9660	0	52600.7746	1
1512	1198	-455.9662	0	52600.7729	1
1513	1198	-455.9660	0	52600.7760	1
1514	1198	-455.9660	0	52600.7771	1
1515	1198	-455.9662	0	52600.7735	1
1516	1198	-455.9660	0	52600.7761	1
1517	1198	-455.9660	0	52600.7769	1
1518	1198	-455.9661	0	52600.7773	1
1519	1198	-455.9659	0	52600.7812	1
1521	1198	-455.9658	0	52600.7830	0
1522	1198	-455.9657	0	52600.7832	0
1523	1198	-455.9658	0	52600.7833	0
1524	1198	-455.9658	0	52600.7872	0
1525	1198	-455.9656	0	52600.7885	0
1526	1198	-455.9652	0	52600.7967	0
1527	1198	-455.9651	0	52600.7958	0
1528	1198	-455.9651	0	52600.7954	0
1529	1198	-455.9654	0	52600.7993	0
1531	1198	-455.9655	0	52600.8010	0
1535	1198	-455.9664	0	52600.8018	0
1536	1198	-455.9666	0	52600.7938	0
1537	1198	-455.9667	0	52600.8066	0
1562	1198	-455.9667	0	52600.8072	0
1563	1198	-455.9669	0	52600.7951	0
1564	1198	-455.9670	0	52600.7909	0
1565	1198	-455.9670	0	52600.7853	0
1566	1198	-455.9671	0	52600.7793	0
1567	1198	-455.9668	0	52600.7770	0
1568	1198	-455.9668	0	52600.7763	0
1569	1198	-455.9670	0	52600.7803	0
1570	1198	-455.9670	0	52600.7819	0
1572	1198	-455.9673	0	52600.7731	0
1573	1198	-455.9668	0	52600.7789	0
1574	1198	-455.9666	0	52600.7851	0
1575	1198	-455.9664	0	52600.8027	0
1576	1198	-455.9663	0	52600.8019	0
1577	1198	-455.9664	0	52600.7938	0
1578	1198	-455.9667	0	52600.7908	0
1579	1198	-455.9666	0	52600.8129	0
1580	1198	-455.9669	0	52600.8136	0
1581	1198	-455.9672	0	52600.8026	0
1582	1198	-455.9673	0	52600.7980	0
1583	1198	-455.9673	0	52600.7963	0
1584	1198	-455.9673	0	52600.7958	0
1585	1198	-455.9673	0	52600.7994	0
1588	1198	-455.9663	0	52600.8533	0
1591	1198	-455.9670	0	52600.8253	0
1592	1198	-455.9669	0	52600.8385	0
1595	1198	-455.9668	0	52600.8623	0
