1549	1239	-456.0081	0	52601.4702	0
1550	1239	-456.0084	0	52601.4631	0
1551	1239	-456.0078	0	52601.4563	0
1552	1239	-456.0067	0	52601.4569	0
1553	1239	-456.0057	0	52601.4531	0
1554	1239	-456.0037	0	52601.4580	0
1555	1239	-456.0024	0	52601.4599	0
1556	1239	-456.0023	0	52601.4556	0
1557	1239	-456.0000	0	52601.4611	0
1558	1239	-455.9984	0	52601.4580	0
1559	1239	-455.9971	0	52601.4567	0
1560	1239	-455.9964	0	52601.4525	0
1561	1239	-455.9955	0	52601.4494	0
1562	1239	-455.9940	0	52601.4531	0
1563	1239	-455.9923	0	52601.4530	0
1564	1239	-455.9909	0	52601.4516	0
1565	1239	-455.9892	0	52601.4558	0
1566	1239	-455.9887	0	52601.4523	0
1567	1239	-455.9873	0	52601.4508	0
1568	1239	-455.9849	0	52601.4536	0
1569	1239	-455.9829	0	52601.4556	0
1570	1239	-455.9813	0	52601.4587	0
1571	1239	-455.9809	0	52601.4548	0
1572	1239	-455.9797	0	52601.4519	0
1573	1239	-455.9781	0	52601.4531	0
1574	1239	-455.9763	0	52601.4532	0
1575	1239	-455.9749	0	52601.4556	0
1576	1239	-455.9734	0	52601.4600	0
1577	1239	-455.9730	0	52601.4540	0
1578	1239	-455.9726	0	52601.4468	0
1579	1239	-455.9701	0	52601.4496	0
1580	1239	-455.9690	0	52601.4471	0
1581	1239	-455.9680	0	52601.4473	0
1582	1239	-455.9670	0	52601.4459	0
1583	1239	-455.9657	0	52601.4452	0
1584	1239	-455.9634	0	52601.4458	0
1585	1239	-455.9614	0	52601.4470	0
1586	1239	-455.9607	0	52601.4463	0
1587	1239	-455.9599	0	52601.4446	0
1588	1239	-455.9588	0	52601.4450	0
1589	1239	-455.9568	0	52601.4461	0
1590	1239	-455.9553	0	52601.4438	0
1591	1239	-455.9552	0	52601.4289	0
1592	1239	-455.9550	0	52601.4181	0
1593	1239	-455.9544	0	52601.4174	0
1594	1239	-455.9516	0	52601.4325	0
1595	1239	-455.9491	0	52601.4380	0
1596	1239	-455.9477	0	52601.4399	0
1597	1239	-455.9469	0	52601.4379	0
1598	1239	-455.9457	0	52601.4369	0
1599	1239	-455.9440	0	52601.4376	0
1600	1239	-455.9412	0	52601.4360	0
1601	1239	-455.9401	0	52601.4341	0
1602	1239	-455.9397	0	52601.4307	0
1603	1239	-455.9388	0	52601.4254	0
1604	1239	-455.9378	0	52601.4204	0
1605	1239	-455.9374	0	52601.4118	0
1616	1239	-455.9273	0	52601.3908	0
1617	1239	-455.9257	0	52601.3898	0
1618	1239	-455.9244	0	52601.3864	0
1619	1239	-455.9237	0	52601.3851	0
1620	1239	-455.9229	0	52601.3888	0
1621	1239	-455.9213	0	52601.3842	0
1622	1239	-455.9203	0	52601.3824	0
1623	1239	-455.9188	0	52601.3814	0
1624	1239	-455.9172	0	52601.3794	0
1625	1239	-455.9165	0	52601.3817	0
1626	1239	-455.9155	0	52601.3779	0
1627	1239	-455.9141	0	52601.3792	0
1628	1239	-455.9133	0	52601.3826	0
1629	1239	-455.9127	0	52601.3898	0
