1580	1245	-456.0009	0	52601.4055	1
1581	1245	-455.9994	0	52601.4038	1
1582	1245	-455.9974	0	52601.4045	1
1583	1245	-455.9952	0	52601.4043	1
1584	1245	-455.9939	0	52601.4025	1
1586	1245	-455.9908	0	52601.3940	1
1587	1245	-455.9893	0	52601.3905	1
1588	1245	-455.9876	0	52601.3890	1
1589	1245	-455.9856	0	52601.3881	1
1590	1245	-455.9844	0	52601.3819	1
1591	1245	-455.9848	0	52601.3558	1
1592	1245	-455.9823	0	52601.3678	1
1599	1245	-455.9646	0	52601.3769	1
1605	1245	-455.9534	0	52601.3670	1
1606	1245	-455.9520	0	52601.3614	1
1607	1245	-455.9505	0	52601.3607	1
1608	1245	-455.9485	0	52601.3586	1
1609	1245	-455.9469	0	52601.3544	1
1611	1245	-455.9412	0	52601.3456	1
