1808	1319	-456.0016	0	52601.2772	1
1809	1319	-456.0012	0	52601.2720	1
1810	1319	-456.0011	0	52601.2593	1
1811	1319	-456.0010	0	52601.2488	1
1812	1319	-456.0007	0	52601.2413	1
1813	1319	-456.0010	0	52601.2309	1
1814	1319	-456.0006	0	52601.2231	1
1815	1319	-456.0006	0	52601.2144	1
1816	1319	-456.0010	0	52601.2053	1
1817	1319	-456.0013	0	52601.1959	1
1818	1319	-456.0014	0	52601.1862	1
1819	1319	-456.0011	0	52601.1807	1
1820	1319	-456.0010	0	52601.1746	1
1821	1319	-456.0009	0	52601.1681	1
1822	1319	-456.0011	0	52601.1569	1
1823	1319	-456.0016	0	52601.1463	1
1824	1319	-456.0019	0	52601.1380	1
1825	1319	-456.0020	0	52601.1328	1
1826	1319	-456.0025	0	52601.1242	1
1827	1319	-456.0025	0	52601.1188	1
1828	1319	-456.0032	0	52601.1075	1
1829	1319	-456.0042	0	52601.0964	1
1830	1319	-456.0041	0	52601.0898	1
1831	1319	-456.0042	0	52601.0851	1
1832	1319	-456.0045	0	52601.0787	1
1833	1319	-456.0048	0	52601.0714	1
1834	1319	-456.0053	0	52601.0639	1
1835	1319	-456.0056	0	52601.0587	1
