2090	1381	-455.9374	0	52601.3351	0
2091	1381	-455.9377	0	52601.3378	0
2092	1381	-455.9384	0	52601.3463	0
2093	1381	-455.9399	0	52601.3511	0
2094	1381	-455.9408	0	52601.3525	0
2095	1381	-455.9417	0	52601.3546	0
2096	1381	-455.9428	0	52601.3538	0
2097	1381	-455.9434	0	52601.3551	0
2098	1381	-455.9434	0	52601.3570	0
2099	1381	-455.9438	0	52601.3577	0
2100	1381	-455.9454	0	52601.3583	0
2101	1381	-455.9475	0	52601.3557	0
2102	1381	-455.9484	0	52601.3609	0
2103	1381	-455.9489	0	52601.3660	0
2104	1381	-455.9495	0	52601.3679	0
2105	1381	-455.9503	0	52601.3687	0
2106	1381	-455.9516	0	52601.3707	0
2107	1381	-455.9541	0	52601.3674	0
2108	1381	-455.9563	0	52601.3649	0
2112	1381	-455.9579	0	52601.4103	1
2114	1381	-455.9624	0	52601.3785	0
2115	1381	-455.9645	0	52601.3752	0
2116	1381	-455.9648	0	52601.3797	0
2117	1381	-455.9653	0	52601.3817	0
2118	1381	-455.9670	0	52601.3770	0
2119	1381	-455.9688	0	52601.3756	0
2120	1381	-455.9696	0	52601.3781	0
2121	1381	-455.9705	0	52601.3778	0
2122	1381	-455.9715	0	52601.3765	0
2123	1381	-455.9732	0	52601.3734	0
2124	1381	-455.9747	0	52601.3740	0
2125	1381	-455.9759	0	52601.3715	0
2126	1381	-455.9769	0	52601.3707	0
2127	1381	-455.9774	0	52601.3720	0
2128	1381	-455.9777	0	52601.3756	0
2129	1381	-455.9788	0	52601.3728	0
2130	1381	-455.9805	0	52601.3706	0
2131	1381	-455.9818	0	52601.3700	0
2132	1381	-455.9827	0	52601.3699	0
2133	1381	-455.9831	0	52601.3730	0
2134	1381	-455.9837	0	52601.3743	0
2135	1381	-455.9851	0	52601.3721	0
2136	1381	-455.9868	0	52601.3702	0
2137	1381	-455.9878	0	52601.3710	0
2138	1381	-455.9885	0	52601.3715	0
2139	1381	-455.9889	0	52601.3732	0
2140	1381	-455.9892	0	52601.3769	0
2141	1381	-455.9907	0	52601.3712	0
2142	1381	-455.9920	0	52601.3708	0
2143	1381	-455.9934	0	52601.3694	0
2144	1381	-455.9944	0	52601.3676	0
2145	1381	-455.9950	0	52601.3670	0
2146	1381	-455.9961	0	52601.3640	0
2147	1381	-455.9973	0	52601.3616	0
2148	1381	-455.9984	0	52601.3609	0
2149	1381	-455.9991	0	52601.3623	0
2150	1381	-455.9997	0	52601.3630	0
2151	1381	-456.0004	0	52601.3619	0
2152	1381	-456.0018	0	52601.3603	0
2153	1381	-456.0038	0	52601.3540	0
2154	1381	-456.0054	0	52601.3489	0
2156	1381	-456.0077	0	52601.3471	0
2159	1381	-456.0118	0	52601.3353	0
2160	1381	-456.0119	0	52601.3384	0
2168	1381	-456.0189	0	52601.3240	0
2169	1381	-456.0195	0	52601.3235	0
2170	1381	-456.0209	0	52601.3170	0
2171	1381	-456.0213	0	52601.3213	0
2172	1381	-456.0217	0	52601.3248	0
2173	1381	-456.0216	0	52601.3294	0
2174	1381	-456.0217	0	52601.3328	0
2175	1381	-456.0222	0	52601.3342	0
2176	1381	-456.0230	0	52601.3350	0
2177	1381	-456.0240	0	52601.3354	0
2178	1381	-456.0257	0	52601.3344	0
