3121	1623	-455.9137	0	52601.2766	0
3122	1623	-455.9137	0	52601.2728	0
3123	1623	-455.9138	0	52601.2779	0
3124	1623	-455.9139	0	52601.2817	0
3125	1623	-455.9140	0	52601.2810	0
3126	1623	-455.9143	0	52601.2788	0
3127	1623	-455.9149	0	52601.2762	0
3128	1623	-455.9153	0	52601.2790	0
3129	1623	-455.9158	0	52601.2821	0
3130	1623	-455.9163	0	52601.2851	0
3131	1623	-455.9170	0	52601.2863	0
3132	1623	-455.9180	0	52601.2906	0
3133	1623	-455.9194	0	52601.3097	0
3134	1623	-455.9199	0	52601.3245	0
3135	1623	-455.9203	0	52601.3303	0
3136	1623	-455.9207	0	52601.3325	0
3137	1623	-455.9212	0	52601.3365	0
3138	1623	-455.9217	0	52601.3379	0
3139	1623	-455.9221	0	52601.3399	0
3140	1623	-455.9223	0	52601.3421	0
3141	1623	-455.9228	0	52601.3430	0
3142	1623	-455.9233	0	52601.3464	0
3143	1623	-455.9235	0	52601.3460	0
3144	1623	-455.9238	0	52601.3458	0
3145	1623	-455.9241	0	52601.3472	0
3146	1623	-455.9243	0	52601.3477	0
3147	1623	-455.9245	0	52601.3541	0
3148	1623	-455.9247	0	52601.3580	0
3149	1623	-455.9247	0	52601.3624	0
3150	1623	-455.9243	0	52601.3684	0
3151	1623	-455.9241	0	52601.3736	0
3152	1623	-455.9241	0	52601.3768	0
3153	1623	-455.9244	0	52601.3794	0
3154	1623	-455.9245	0	52601.3802	0
3155	1623	-455.9248	0	52601.3819	0
3156	1623	-455.9248	0	52601.3809	0
3157	1623	-455.9247	0	52601.3834	0
3158	1623	-455.9247	0	52601.3842	0
3159	1623	-455.9241	0	52601.3843	0
3160	1623	-455.9236	0	52601.3870	0
3161	1623	-455.9242	0	52601.3839	0
3162	1623	-455.9256	0	52601.3756	0
3163	1623	-455.9261	0	52601.3783	0
3164	1623	-455.9262	0	52601.3807	0
3165	1623	-455.9266	0	52601.3774	0
3166	1623	-455.9274	0	52601.3762	0
3174	1623	-455.9290	0	52601.3867	0
3175	1623	-455.9291	0	52601.3871	0
3176	1623	-455.9297	0	52601.3859	0
3177	1623	-455.9301	0	52601.3885	0
3178	1623	-455.9307	0	52601.3910	0
3179	1623	-455.9314	0	52601.3949	0
3180	1623	-455.9325	0	52601.3950	0
3181	1623	-455.9336	0	52601.3923	0
3182	1623	-455.9344	0	52601.3928	0
3183	1623	-455.9352	0	52601.3960	0
3184	1623	-455.9359	0	52601.4000	0
3185	1623	-455.9368	0	52601.4003	0
3186	1623	-455.9379	0	52601.4005	0
3187	1623	-455.9391	0	52601.3994	0
3188	1623	-455.9399	0	52601.3990	0
3189	1623	-455.9403	0	52601.4017	0
3190	1623	-455.9409	0	52601.4014	0
3191	1623	-455.9412	0	52601.4040	0
3192	1623	-455.9416	0	52601.4065	0
3193	1623	-455.9422	0	52601.4089	0
3194	1623	-455.9429	0	52601.4071	0
3195	1623	-455.9434	0	52601.4051	0
3196	1623	-455.9437	0	52601.4084	0
3197	1623	-455.9440	0	52601.4110	0
3198	1623	-455.9443	0	52601.4121	0
3199	1623	-455.9449	0	52601.4125	0
3200	1623	-455.9455	0	52601.4128	0
3201	1623	-455.9460	0	52601.4129	0
3202	1623	-455.9464	0	52601.4157	0
3203	1623	-455.9465	0	52601.4181	0
3204	1623	-455.9474	0	52601.4123	0
3205	1623	-455.9483	0	52601.4103	0
3206	1623	-455.9489	0	52601.4109	0
3207	1623	-455.9496	0	52601.4113	0
3208	1623	-455.9504	0	52601.4088	0
3209	1623	-455.9520	0	52601.4014	0
3210	1623	-455.9525	0	52601.3999	0
3211	1623	-455.9540	0	52601.3913	0
3212	1623	-455.9551	0	52601.3853	0
3213	1623	-455.9562	0	52601.3804	0
3214	1623	-455.9573	0	52601.3744	0
3215	1623	-455.9578	0	52601.3707	0
3216	1623	-455.9577	0	52601.3692	0
3217	1623	-455.9578	0	52601.3688	0
3218	1623	-455.9578	0	52601.3702	0
3219	1623	-455.9576	0	52601.3795	0
3220	1623	-455.9579	0	52601.3744	0
3221	1623	-455.9573	0	52601.3966	0
3222	1623	-455.9565	0	52601.4140	0
3223	1623	-455.9565	0	52601.4214	0
3224	1623	-455.9567	0	52601.4238	0
3225	1623	-455.9571	0	52601.4247	0
3226	1623	-455.9573	0	52601.4275	0
3227	1623	-455.9571	0	52601.4311	0
3228	1623	-455.9573	0	52601.4310	0
3229	1623	-455.9575	0	52601.4309	0
3230	1623	-455.9579	0	52601.4335	0
3231	1623	-455.9582	0	52601.4331	0
3232	1623	-455.9583	0	52601.4355	0
3233	1623	-455.9584	0	52601.4389	0
3234	1623	-455.9588	0	52601.4402	0
3235	1623	-455.9593	0	52601.4394	0
3236	1623	-455.9596	0	52601.4378	0
3237	1623	-455.9598	0	52601.4371	0
3238	1623	-455.9596	0	52601.4394	0
3239	1623	-455.9596	0	52601.4428	0
3240	1623	-455.9596	0	52601.4452	0
3241	1623	-455.9597	0	52601.4461	0
3242	1623	-455.9600	0	52601.4452	0
3243	1623	-455.9602	0	52601.4448	0
3244	1623	-455.9604	0	52601.4459	0
3245	1623	-455.9604	0	52601.4500	0
3246	1623	-455.9604	0	52601.4528	0
3247	1623	-455.9607	0	52601.4551	0
3248	1623	-455.9610	0	52601.4572	0
3249	1623	-455.9611	0	52601.4567	0
3250	1623	-455.9612	0	52601.4602	0
3251	1623	-455.9612	0	52601.4614	0
3252	1623	-455.9614	0	52601.4631	0
3253	1623	-455.9615	0	52601.4648	0
3254	1623	-455.9618	0	52601.4655	0
3255	1623	-455.9621	0	52601.4657	0
3256	1623	-455.9622	0	52601.4670	0
3257	1623	-455.9626	0	52601.4687	0
3258	1623	-455.9629	0	52601.4705	0
3259	1623	-455.9632	0	52601.4712	0
3260	1623	-455.9636	0	52601.4703	0
3261	1623	-455.9637	0	52601.4687	0
3262	1623	-455.9638	0	52601.4692	0
3263	1623	-455.9638	0	52601.4718	0
3264	1623	-455.9636	0	52601.4727	0
3265	1623	-455.9635	0	52601.4742	0
3266	1623	-455.9634	0	52601.4735	0
3267	1623	-455.9633	0	52601.4744	0
3268	1623	-455.9634	0	52601.4748	0
3269	1623	-455.9632	0	52601.4771	0
3270	1623	-455.9632	0	52601.4780	0
3271	1623	-455.9634	0	52601.4795	0
3272	1623	-455.9636	0	52601.4789	0
3273	1623	-455.9636	0	52601.4787	0
3274	1623	-455.9637	0	52601.4808	0
3275	1623	-455.9635	0	52601.4839	0
3276	1623	-455.9635	0	52601.4862	0
