1	1677	-455.9156	0	52601.8045	0
2	1677	-455.9154	0	52601.8024	0
3	1677	-455.9152	0	52601.8020	0
4	1677	-455.9153	0	52601.8024	0
5	1677	-455.9156	0	52601.8026	0
6	1677	-455.9157	0	52601.8013	0
7	1677	-455.9157	0	52601.8017	0
8	1677	-455.9155	0	52601.8002	0
9	1677	-455.9156	0	52601.7992	0
10	1677	-455.9156	0	52601.7989	0
11	1677	-455.9156	0	52601.7988	0
12	1677	-455.9156	0	52601.7987	0
13	1677	-455.9156	0	52601.7983	0
14	1677	-455.9157	0	52601.7965	0
15	1677	-455.9158	0	52601.7967	0
16	1677	-455.9159	0	52601.7951	0
17	1677	-455.9158	0	52601.7920	0
18	1677	-455.9160	0	52601.7917	0
19	1677	-455.9162	0	52601.7933	0
20	1677	-455.9160	0	52601.7935	0
21	1677	-455.9161	0	52601.7936	0
22	1677	-455.9160	0	52601.7924	0
23	1677	-455.9160	0	52601.7915	0
24	1677	-455.9162	0	52601.7916	0
25	1677	-455.9165	0	52601.7913	0
26	1677	-455.9168	0	52601.7920	0
27	1677	-455.9172	0	52601.7906	0
28	1677	-455.9178	0	52601.7892	0
29	1677	-455.9183	0	52601.7883	0
30	1677	-455.9187	0	52601.7867	0
31	1677	-455.9193	0	52601.7852	0
32	1677	-455.9196	0	52601.7838	0
33	1677	-455.9199	0	52601.7842	0
34	1677	-455.9203	0	52601.7848	0
35	1677	-455.9204	0	52601.7842	0
36	1677	-455.9205	0	52601.7827	0
37	1677	-455.9207	0	52601.7821	0
38	1677	-455.9209	0	52601.7820	0
39	1677	-455.9208	0	52601.7801	0
40	1677	-455.9206	0	52601.7781	0
41	1677	-455.9204	0	52601.7770	0
42	1677	-455.9204	0	52601.7770	0
43	1677	-455.9204	0	52601.7770	0
44	1677	-455.9204	0	52601.7780	0
45	1677	-455.9203	0	52601.7784	0
46	1677	-455.9202	0	52601.7777	0
47	1677	-455.9201	0	52601.7774	0
48	1677	-455.9202	0	52601.7764	0
49	1677	-455.9201	0	52601.7761	0
50	1677	-455.9194	0	52601.7755	0
51	1677	-455.9190	0	52601.7753	0
52	1677	-455.9184	0	52601.7757	0
53	1677	-455.9179	0	52601.7754	0
54	1677	-455.9175	0	52601.7730	0
55	1677	-455.9172	0	52601.7707	0
56	1677	-455.9169	0	52601.7694	0
57	1677	-455.9168	0	52601.7689	0
58	1677	-455.9167	0	52601.7683	0
59	1677	-455.9166	0	52601.7677	0
60	1677	-455.9168	0	52601.7665	0
61	1677	-455.9171	0	52601.7656	0
62	1677	-455.9173	0	52601.7649	0
63	1677	-455.9175	0	52601.7627	0
64	1677	-455.9176	0	52601.7615	0
65	1677	-455.9177	0	52601.7620	0
66	1677	-455.9179	0	52601.7622	0
67	1677	-455.9181	0	52601.7619	0
68	1677	-455.9182	0	52601.7589	0
69	1677	-455.9183	0	52601.7588	0
70	1677	-455.9184	0	52601.7583	0
71	1677	-455.9184	0	52601.7576	0
72	1677	-455.9185	0	52601.7574	0
73	1677	-455.9185	0	52601.7579	0
74	1677	-455.9187	0	52601.7576	0
75	1677	-455.9190	0	52601.7565	0
76	1677	-455.9193	0	52601.7552	0
77	1677	-455.9195	0	52601.7537	0
78	1677	-455.9197	0	52601.7537	0
79	1677	-455.9198	0	52601.7537	0
80	1677	-455.9198	0	52601.7542	0
81	1677	-455.9200	0	52601.7540	0
82	1677	-455.9200	0	52601.7534	0
83	1677	-455.9198	0	52601.7517	0
84	1677	-455.9195	0	52601.7496	0
85	1677	-455.9195	0	52601.7483	0
86	1677	-455.9194	0	52601.7469	0
87	1677	-455.9193	0	52601.7458	0
88	1677	-455.9193	0	52601.7475	0
89	1677	-455.9195	0	52601.7477	0
90	1677	-455.9197	0	52601.7457	0
91	1677	-455.9200	0	52601.7445	0
92	1677	-455.9204	0	52601.7441	0
93	1677	-455.9207	0	52601.7430	0
94	1677	-455.9207	0	52601.7416	0
95	1677	-455.9208	0	52601.7416	0
96	1677	-455.9211	0	52601.7416	0
97	1677	-455.9210	0	52601.7406	0
98	1677	-455.9209	0	52601.7398	0
99	1677	-455.9209	0	52601.7395	0
100	1677	-455.9205	0	52601.7378	0
101	1677	-455.9204	0	52601.7367	0
102	1677	-455.9203	0	52601.7363	0
103	1677	-455.9203	0	52601.7362	0
104	1677	-455.9203	0	52601.7362	0
105	1677	-455.9204	0	52601.7357	0
106	1677	-455.9206	0	52601.7340	0
107	1677	-455.9211	0	52601.7317	0
108	1677	-455.9214	0	52601.7310	0
109	1677	-455.9217	0	52601.7296	0
110	1677	-455.9220	0	52601.7292	0
111	1677	-455.9223	0	52601.7274	0
112	1677	-455.9223	0	52601.7279	0
113	1677	-455.9224	0	52601.7276	0
114	1677	-455.9224	0	52601.7275	0
115	1677	-455.9222	0	52601.7269	0
116	1677	-455.9220	0	52601.7267	0
117	1677	-455.9221	0	52601.7251	0
118	1677	-455.9221	0	52601.7261	0
119	1677	-455.9221	0	52601.7254	0
120	1677	-455.9219	0	52601.7246	0
121	1677	-455.9217	0	52601.7244	0
122	1677	-455.9215	0	52601.7237	0
123	1677	-455.9215	0	52601.7230	0
124	1677	-455.9216	0	52601.7227	0
125	1677	-455.9219	0	52601.7232	0
126	1677	-455.9221	0	52601.7234	0
127	1677	-455.9219	0	52601.7218	0
128	1677	-455.9219	0	52601.7224	0
129	1677	-455.9218	0	52601.7226	0
130	1677	-455.9219	0	52601.7210	0
131	1677	-455.9220	0	52601.7216	0
132	1677	-455.9220	0	52601.7201	0
133	1677	-455.9220	0	52601.7196	0
134	1677	-455.9221	0	52601.7194	0
135	1677	-455.9221	0	52601.7194	0
136	1677	-455.9220	0	52601.7194	0
137	1677	-455.9224	0	52601.7183	0
138	1677	-455.9226	0	52601.7173	0
139	1677	-455.9227	0	52601.7159	0
140	1677	-455.9226	0	52601.7148	0
141	1677	-455.9226	0	52601.7150	0
142	1677	-455.9224	0	52601.7133	0
143	1677	-455.9219	0	52601.7139	0
144	1677	-455.9218	0	52601.7135	0
145	1677	-455.9216	0	52601.7134	0
146	1677	-455.9216	0	52601.7106	0
147	1677	-455.9214	0	52601.7112	0
148	1677	-455.9213	0	52601.7103	0
149	1677	-455.9213	0	52601.7095	0
150	1677	-455.9214	0	52601.7092	0
151	1677	-455.9215	0	52601.7091	0
152	1677	-455.9217	0	52601.7085	0
153	1677	-455.9218	0	52601.7077	0
154	1677	-455.9217	0	52601.7075	0
155	1677	-455.9218	0	52601.7074	0
156	1677	-455.9217	0	52601.7074	0
157	1677	-455.9217	0	52601.7068	0
158	1677	-455.9216	0	52601.7055	0
159	1677	-455.9217	0	52601.7026	0
160	1677	-455.9218	0	52601.7004	0
161	1677	-455.9218	0	52601.7014	0
162	1677	-455.9221	0	52601.7012	0
163	1677	-455.9225	0	52601.7000	0
164	1677	-455.9228	0	52601.6984	0
165	1677	-455.9231	0	52601.6972	0
166	1677	-455.9233	0	52601.6962	0
167	1677	-455.9233	0	52601.6953	0
168	1677	-455.9235	0	52601.6944	0
169	1677	-455.9237	0	52601.6929	0
170	1677	-455.9237	0	52601.6911	0
171	1677	-455.9239	0	52601.6905	0
172	1677	-455.9240	0	52601.6873	0
173	1677	-455.9240	0	52601.6861	0
174	1677	-455.9240	0	52601.6857	0
175	1677	-455.9239	0	52601.6856	0
176	1677	-455.9237	0	52601.6862	0
177	1677	-455.9236	0	52601.6865	0
178	1677	-455.9237	0	52601.6854	0
179	1677	-455.9242	0	52601.6838	0
180	1677	-455.9246	0	52601.6832	0
181	1677	-455.9248	0	52601.6824	0
182	1677	-455.9249	0	52601.6821	0
183	1677	-455.9247	0	52601.6808	0
184	1677	-455.9246	0	52601.6810	0
185	1677	-455.9246	0	52601.6798	0
186	1677	-455.9244	0	52601.6781	0
187	1677	-455.9243	0	52601.6756	0
188	1677	-455.9243	0	52601.6747	0
189	1677	-455.9241	0	52601.6724	0
190	1677	-455.9241	0	52601.6743	0
191	1677	-455.9241	0	52601.6749	0
192	1677	-455.9241	0	52601.6746	0
193	1677	-455.9242	0	52601.6726	0
194	1677	-455.9246	0	52601.6725	0
195	1677	-455.9249	0	52601.6706	0
196	1677	-455.9250	0	52601.6692	0
197	1677	-455.9251	0	52601.6681	0
198	1677	-455.9250	0	52601.6677	0
199	1677	-455.9249	0	52601.6669	0
200	1677	-455.9245	0	52601.6660	0
201	1677	-455.9242	0	52601.6650	0
202	1677	-455.9241	0	52601.6640	0
203	1677	-455.9241	0	52601.6630	0
204	1677	-455.9240	0	52601.6613	0
205	1677	-455.9240	0	52601.6600	0
206	1677	-455.9242	0	52601.6603	0
207	1677	-455.9245	0	52601.6611	0
208	1677	-455.9248	0	52601.6601	0
209	1677	-455.9251	0	52601.6598	0
210	1677	-455.9255	0	52601.6577	0
211	1677	-455.9257	0	52601.6570	0
212	1677	-455.9257	0	52601.6567	0
213	1677	-455.9257	0	52601.6573	0
214	1677	-455.9257	0	52601.6562	0
215	1677	-455.9257	0	52601.6551	0
216	1677	-455.9257	0	52601.6541	0
217	1677	-455.9257	0	52601.6530	0
218	1677	-455.9257	0	52601.6527	0
219	1677	-455.9256	0	52601.6525	0
220	1677	-455.9255	0	52601.6518	0
221	1677	-455.9255	0	52601.6530	0
222	1677	-455.9255	0	52601.6527	0
223	1677	-455.9258	0	52601.6520	0
224	1677	-455.9261	0	52601.6517	0
225	1677	-455.9264	0	52601.6503	0
226	1677	-455.9264	0	52601.6498	0
227	1677	-455.9264	0	52601.6503	0
228	1677	-455.9265	0	52601.6498	0
229	1677	-455.9265	0	52601.6504	0
230	1677	-455.9265	0	52601.6506	0
231	1677	-455.9267	0	52601.6514	0
232	1677	-455.9268	0	52601.6496	0
233	1677	-455.9268	0	52601.6490	0
234	1677	-455.9268	0	52601.6501	0
235	1677	-455.9268	0	52601.6505	0
236	1677	-455.9267	0	52601.6507	0
237	1677	-455.9267	0	52601.6501	0
238	1677	-455.9270	0	52601.6492	0
239	1677	-455.9274	0	52601.6468	0
240	1677	-455.9277	0	52601.6459	0
241	1677	-455.9280	0	52601.6449	0
242	1677	-455.9282	0	52601.6446	0
243	1677	-455.9282	0	52601.6452	0
244	1677	-455.9280	0	52601.6454	0
245	1677	-455.9279	0	52601.6455	0
246	1677	-455.9277	0	52601.6448	0
247	1677	-455.9275	0	52601.6425	0
248	1677	-455.9273	0	52601.6416	0
249	1677	-455.9271	0	52601.6420	0
250	1677	-455.9269	0	52601.6428	0
251	1677	-455.9266	0	52601.6431	0
252	1677	-455.9265	0	52601.6412	0
253	1677	-455.9263	0	52601.6397	0
254	1677	-455.9263	0	52601.6377	0
255	1677	-455.9265	0	52601.6363	0
256	1677	-455.9266	0	52601.6351	0
257	1677	-455.9266	0	52601.6347	0
258	1677	-455.9265	0	52601.6345	0
259	1677	-455.9262	0	52601.6345	0
260	1677	-455.9260	0	52601.6330	0
261	1677	-455.9260	0	52601.6311	0
262	1677	-455.9259	0	52601.6303	0
263	1677	-455.9258	0	52601.6301	0
264	1677	-455.9257	0	52601.6300	0
265	1677	-455.9256	0	52601.6315	0
266	1677	-455.9256	0	52601.6321	0
267	1677	-455.9257	0	52601.6308	0
268	1677	-455.9257	0	52601.6297	0
269	1677	-455.9260	0	52601.6300	0
270	1677	-455.9261	0	52601.6287	0
271	1677	-455.9263	0	52601.6275	0
272	1677	-455.9263	0	52601.6255	0
273	1677	-455.9260	0	52601.6248	0
274	1677	-455.9258	0	52601.6231	0
275	1677	-455.9256	0	52601.6217	0
276	1677	-455.9253	0	52601.6189	0
277	1677	-455.9252	0	52601.6171	0
278	1677	-455.9250	0	52601.6157	0
279	1677	-455.9249	0	52601.6145	0
280	1677	-455.9248	0	52601.6140	0
281	1677	-455.9249	0	52601.6132	0
282	1677	-455.9249	0	52601.6121	0
283	1677	-455.9249	0	52601.6118	0
284	1677	-455.9249	0	52601.6109	0
285	1677	-455.9249	0	52601.6091	0
286	1677	-455.9248	0	52601.6092	0
287	1677	-455.9246	0	52601.6085	0
288	1677	-455.9244	0	52601.6090	0
289	1677	-455.9242	0	52601.6077	0
290	1677	-455.9240	0	52601.6064	0
291	1677	-455.9239	0	52601.6036	0
292	1677	-455.9239	0	52601.6026	0
293	1677	-455.9237	0	52601.6022	0
294	1677	-455.9238	0	52601.6013	0
295	1677	-455.9239	0	52601.6018	0
296	1677	-455.9240	0	52601.6037	0
297	1677	-455.9244	0	52601.6028	0
298	1677	-455.9247	0	52601.6010	0
299	1677	-455.9247	0	52601.5995	0
300	1677	-455.9249	0	52601.5981	0
301	1677	-455.9247	0	52601.5985	0
302	1677	-455.9247	0	52601.5986	0
303	1677	-455.9246	0	52601.5987	0
304	1677	-455.9245	0	52601.5987	0
305	1677	-455.9247	0	52601.5996	0
306	1677	-455.9247	0	52601.5999	0
307	1677	-455.9249	0	52601.6009	0
308	1677	-455.9249	0	52601.6012	0
309	1677	-455.9249	0	52601.6014	0
310	1677	-455.9250	0	52601.6015	0
311	1677	-455.9251	0	52601.5999	0
312	1677	-455.9253	0	52601.5985	0
313	1677	-455.9255	0	52601.5972	0
314	1677	-455.9254	0	52601.5975	0
315	1677	-455.9252	0	52601.5992	0
316	1677	-455.9247	0	52601.5991	0
317	1677	-455.9242	0	52601.5982	0
318	1677	-455.9239	0	52601.5962	0
319	1677	-455.9237	0	52601.5955	0
320	1677	-455.9234	0	52601.5928	0
321	1677	-455.9233	0	52601.5917	0
322	1677	-455.9231	0	52601.5913	0
323	1677	-455.9231	0	52601.5913	0
324	1677	-455.9234	0	52601.5921	0
325	1677	-455.9235	0	52601.5908	0
326	1677	-455.9236	0	52601.5903	0
327	1677	-455.9237	0	52601.5894	0
328	1677	-455.9237	0	52601.5890	0
329	1677	-455.9237	0	52601.5872	0
330	1677	-455.9234	0	52601.5882	0
331	1677	-455.9231	0	52601.5869	0
332	1677	-455.9227	0	52601.5856	0
333	1677	-455.9226	0	52601.5843	0
334	1677	-455.9225	0	52601.5838	0
335	1677	-455.9224	0	52601.5837	0
336	1677	-455.9223	0	52601.5836	0
337	1677	-455.9223	0	52601.5837	0
338	1677	-455.9222	0	52601.5837	0
339	1677	-455.9221	0	52601.5829	0
340	1677	-455.9221	0	52601.5809	0
341	1677	-455.9223	0	52601.5810	0
342	1677	-455.9224	0	52601.5794	0
343	1677	-455.9223	0	52601.5797	0
344	1677	-455.9221	0	52601.5789	0
345	1677	-455.9220	0	52601.5778	0
346	1677	-455.9221	0	52601.5774	0
347	1677	-455.9221	0	52601.5756	0
348	1677	-455.9222	0	52601.5732	0
349	1677	-455.9221	0	52601.5732	0
350	1677	-455.9221	0	52601.5732	0
351	1677	-455.9221	0	52601.5724	0
352	1677	-455.9221	0	52601.5713	0
353	1677	-455.9222	0	52601.5700	0
354	1677	-455.9226	0	52601.5696	0
355	1677	-455.9228	0	52601.5686	0
356	1677	-455.9228	0	52601.5683	0
357	1677	-455.9226	0	52601.5690	0
358	1677	-455.9225	0	52601.5693	0
359	1677	-455.9224	0	52601.5677	0
360	1677	-455.9223	0	52601.5654	0
361	1677	-455.9222	0	52601.5645	0
362	1677	-455.9221	0	52601.5624	0
363	1677	-455.9219	0	52601.5625	0
364	1677	-455.9219	0	52601.5618	0
365	1677	-455.9220	0	52601.5624	0
366	1677	-455.9220	0	52601.5609	0
367	1677	-455.9221	0	52601.5585	0
368	1677	-455.9221	0	52601.5568	0
369	1677	-455.9224	0	52601.5562	0
370	1677	-455.9225	0	52601.5542	0
371	1677	-455.9226	0	52601.5535	0
372	1677	-455.9225	0	52601.5533	0
373	1677	-455.9224	0	52601.5514	0
374	1677	-455.9224	0	52601.5489	0
375	1677	-455.9224	0	52601.5461	0
376	1677	-455.9224	0	52601.5451	0
377	1677	-455.9223	0	52601.5439	0
378	1677	-455.9226	0	52601.5435	0
379	1677	-455.9229	0	52601.5416	0
380	1677	-455.9232	0	52601.5390	0
381	1677	-455.9238	0	52601.5382	0
382	1677	-455.9241	0	52601.5370	0
383	1677	-455.9243	0	52601.5356	0
384	1677	-455.9242	0	52601.5361	0
385	1677	-455.9242	0	52601.5344	0
386	1677	-455.9242	0	52601.5339	0
387	1677	-455.9242	0	52601.5327	0
388	1677	-455.9242	0	52601.5295	0
389	1677	-455.9244	0	52601.5273	0
390	1677	-455.9245	0	52601.5256	0
391	1677	-455.9246	0	52601.5240	0
392	1677	-455.9245	0	52601.5205	0
393	1677	-455.9244	0	52601.5192	0
394	1677	-455.9245	0	52601.5179	0
395	1677	-455.9246	0	52601.5164	0
396	1677	-455.9248	0	52601.5150	0
397	1677	-455.9247	0	52601.5144	0
398	1677	-455.9245	0	52601.5143	0
399	1677	-455.9245	0	52601.5123	0
400	1677	-455.9244	0	52601.5105	0
401	1677	-455.9245	0	52601.5090	0
402	1677	-455.9244	0	52601.5074	0
403	1677	-455.9245	0	52601.5079	0
404	1677	-455.9249	0	52601.5082	0
405	1677	-455.9251	0	52601.5073	0
406	1677	-455.9254	0	52601.5050	0
407	1677	-455.9258	0	52601.5052	0
408	1677	-455.9260	0	52601.5054	0
409	1677	-455.9260	0	52601.5065	0
410	1677	-455.9259	0	52601.5080	0
411	1677	-455.9258	0	52601.5075	0
412	1677	-455.9257	0	52601.5063	0
413	1677	-455.9258	0	52601.5059	0
414	1677	-455.9259	0	52601.5048	0
415	1677	-455.9261	0	52601.5033	0
416	1677	-455.9263	0	52601.5049	0
417	1677	-455.9265	0	52601.5055	0
418	1677	-455.9269	0	52601.5058	0
419	1677	-455.9272	0	52601.5029	0
420	1677	-455.9276	0	52601.5018	0
421	1677	-455.9279	0	52601.5004	0
422	1677	-455.9280	0	52601.5010	0
423	1677	-455.9279	0	52601.5022	0
424	1677	-455.9280	0	52601.5017	0
425	1677	-455.9279	0	52601.4994	0
426	1677	-455.9280	0	52601.4965	0
427	1677	-455.9281	0	52601.4954	0
428	1677	-455.9281	0	52601.4950	0
429	1677	-455.9281	0	52601.4939	0
430	1677	-455.9281	0	52601.4935	0
431	1677	-455.9286	0	52601.4934	0
432	1677	-455.9290	0	52601.4913	0
433	1677	-455.9291	0	52601.4885	0
434	1677	-455.9294	0	52601.4874	0
435	1677	-455.9295	0	52601.4871	0
436	1677	-455.9294	0	52601.4859	0
437	1677	-455.9294	0	52601.4844	0
438	1677	-455.9297	0	52601.4850	0
439	1677	-455.9298	0	52601.4853	0
440	1677	-455.9299	0	52601.4811	0
441	1677	-455.9301	0	52601.4807	0
442	1677	-455.9301	0	52601.4784	0
443	1677	-455.9302	0	52601.4797	0
444	1677	-455.9304	0	52601.4781	0
445	1677	-455.9308	0	52601.4765	0
446	1677	-455.9312	0	52601.4759	0
447	1677	-455.9318	0	52601.4747	0
448	1677	-455.9320	0	52601.4743	0
449	1677	-455.9321	0	52601.4753	0
450	1677	-455.9321	0	52601.4735	0
451	1677	-455.9320	0	52601.4728	0
452	1677	-455.9321	0	52601.4715	0
453	1677	-455.9323	0	52601.4700	0
454	1677	-455.9324	0	52601.4694	0
455	1677	-455.9326	0	52601.4704	0
456	1677	-455.9325	0	52601.4730	0
457	1677	-455.9327	0	52601.4729	0
458	1677	-455.9327	0	52601.4718	0
459	1677	-455.9329	0	52601.4714	0
460	1677	-455.9334	0	52601.4691	0
461	1677	-455.9335	0	52601.4694	0
462	1677	-455.9336	0	52601.4695	0
463	1677	-455.9334	0	52601.4684	0
464	1677	-455.9333	0	52601.4669	0
465	1677	-455.9335	0	52601.4652	0
466	1677	-455.9336	0	52601.4646	0
467	1677	-455.9336	0	52601.4633	0
468	1677	-455.9337	0	52601.4629	0
469	1677	-455.9341	0	52601.4628	0
470	1677	-455.9342	0	52601.4628	0
471	1677	-455.9344	0	52601.4617	0
472	1677	-455.9346	0	52601.4602	0
473	1677	-455.9351	0	52601.4597	0
474	1677	-455.9352	0	52601.4595	0
475	1677	-455.9352	0	52601.4583	0
476	1677	-455.9352	0	52601.4579	0
477	1677	-455.9351	0	52601.4589	0
478	1677	-455.9350	0	52601.4582	0
479	1677	-455.9352	0	52601.4579	0
480	1677	-455.9350	0	52601.4578	0
481	1677	-455.9349	0	52601.4589	0
482	1677	-455.9348	0	52601.4594	0
483	1677	-455.9349	0	52601.4584	0
484	1677	-455.9351	0	52601.4581	0
485	1677	-455.9354	0	52601.4580	0
486	1677	-455.9355	0	52601.4580	0
487	1677	-455.9357	0	52601.4580	0
488	1677	-455.9360	0	52601.4557	0
489	1677	-455.9359	0	52601.4537	0
490	1677	-455.9356	0	52601.4541	0
491	1677	-455.9357	0	52601.4543	0
492	1677	-455.9358	0	52601.4532	0
493	1677	-455.9358	0	52601.4517	0
494	1677	-455.9359	0	52601.4511	0
495	1677	-455.9359	0	52601.4521	0
496	1677	-455.9360	0	52601.4525	0
497	1677	-455.9360	0	52601.4492	0
498	1677	-455.9363	0	52601.4456	0
499	1677	-455.9367	0	52601.4395	0
500	1677	-455.9365	0	52601.4396	0
501	1677	-455.9364	0	52601.4397	0
502	1677	-455.9364	0	52601.4398	0
503	1677	-455.9366	0	52601.4375	0
504	1677	-455.9369	0	52601.4355	0
505	1677	-455.9368	0	52601.4336	0
506	1677	-455.9368	0	52601.4304	0
507	1677	-455.9368	0	52601.4306	0
508	1677	-455.9370	0	52601.4307	0
509	1677	-455.9369	0	52601.4308	0
510	1677	-455.9370	0	52601.4321	0
511	1677	-455.9373	0	52601.4302	0
512	1677	-455.9376	0	52601.4296	0
513	1677	-455.9376	0	52601.4269	0
514	1677	-455.9375	0	52601.4259	0
515	1677	-455.9373	0	52601.4255	0
516	1677	-455.9371	0	52601.4229	0
517	1677	-455.9369	0	52601.4181	0
518	1677	-455.9368	0	52601.4164	0
519	1677	-455.9367	0	52601.4145	0
520	1677	-455.9366	0	52601.4113	0
521	1677	-455.9364	0	52601.4101	0
522	1677	-455.9362	0	52601.4045	0
523	1677	-455.9362	0	52601.4011	0
524	1677	-455.9365	0	52601.3974	0
525	1677	-455.9361	0	52601.3974	0
526	1677	-455.9355	0	52601.3960	0
527	1677	-455.9363	0	52601.3810	0
528	1677	-455.9371	0	52601.3714	0
529	1677	-455.9366	0	52601.3782	0
530	1677	-455.9377	0	52601.3746	0
531	1677	-455.9381	0	52601.3773	0
532	1677	-455.9361	0	52601.3848	0
533	1677	-455.9353	0	52601.3838	0
534	1677	-455.9353	0	52601.3851	0
535	1677	-455.9352	0	52601.3869	0
536	1677	-455.9351	0	52601.3862	0
537	1677	-455.9353	0	52601.3833	0
538	1677	-455.9352	0	52601.3822	0
539	1677	-455.9355	0	52601.3847	0
540	1677	-455.9357	0	52601.3883	0
541	1677	-455.9357	0	52601.3897	0
542	1677	-455.9356	0	52601.3902	0
543	1677	-455.9354	0	52601.3890	0
544	1677	-455.9352	0	52601.3899	0
545	1677	-455.9349	0	52601.3915	0
546	1677	-455.9345	0	52601.3947	0
547	1677	-455.9340	0	52601.3958	0
548	1677	-455.9335	0	52601.3988	0
549	1677	-455.9334	0	52601.3986	0
550	1677	-455.9330	0	52601.3972	0
551	1677	-455.9329	0	52601.3940	0
552	1677	-455.9327	0	52601.3901	0
553	1677	-455.9326	0	52601.3872	0
554	1677	-455.9328	0	52601.3875	0
555	1677	-455.9330	0	52601.3877	0
556	1677	-455.9330	0	52601.3864	0
557	1677	-455.9329	0	52601.3818	0
558	1677	-455.9327	0	52601.3759	0
559	1677	-455.9327	0	52601.3737	0
560	1677	-455.9324	0	52601.3758	0
561	1677	-455.9318	0	52601.3722	0
562	1677	-455.9313	0	52601.3738	0
563	1677	-455.9311	0	52601.3785	0
564	1677	-455.9306	0	52601.3734	0
565	1677	-455.9300	0	52601.3741	0
569	1677	-455.9279	0	52601.3813	0
570	1677	-455.9272	0	52601.3765	0
571	1677	-455.9269	0	52601.3748	0
572	1677	-455.9270	0	52601.3799	0
573	1677	-455.9268	0	52601.3869	0
574	1677	-455.9267	0	52601.3962	0
575	1677	-455.9267	0	52601.4010	0
576	1677	-455.9266	0	52601.4016	0
577	1677	-455.9270	0	52601.4018	0
578	1677	-455.9274	0	52601.4044	0
579	1677	-455.9278	0	52601.4080	0
580	1677	-455.9281	0	52601.4080	0
581	1677	-455.9282	0	52601.4067	0
582	1677	-455.9281	0	52601.4035	0
583	1677	-455.9280	0	52601.3970	0
584	1677	-455.9280	0	52601.3971	0
585	1677	-455.9280	0	52601.3946	0
586	1677	-455.9277	0	52601.3909	0
587	1677	-455.9274	0	52601.3840	0
588	1677	-455.9271	0	52601.3828	0
589	1677	-455.9269	0	52601.3796	0
590	1677	-455.9264	0	52601.3756	0
591	1677	-455.9260	0	52601.3698	0
592	1677	-455.9256	0	52601.3634	0
593	1677	-455.9255	0	52601.3567	0
594	1677	-455.9251	0	52601.3469	0
595	1677	-455.9250	0	52601.3419	0
596	1677	-455.9250	0	52601.3371	0
597	1677	-455.9248	0	52601.3293	0
598	1677	-455.9247	0	52601.3235	0
599	1677	-455.9246	0	52601.3183	0
600	1677	-455.9244	0	52601.3102	0
601	1677	-455.9243	0	52601.3024	0
602	1677	-455.9241	0	52601.2964	0
603	1677	-455.9238	0	52601.2893	0
604	1677	-455.9239	0	52601.2836	0
605	1677	-455.9240	0	52601.2783	0
606	1677	-455.9239	0	52601.2748	0
607	1677	-455.9241	0	52601.2703	0
608	1677	-455.9241	0	52601.2671	0
609	1677	-455.9241	0	52601.2644	0
610	1677	-455.9241	0	52601.2635	0
611	1677	-455.9241	0	52601.2581	0
612	1677	-455.9243	0	52601.2510	0
613	1677	-455.9245	0	52601.2486	0
614	1677	-455.9243	0	52601.2423	0
615	1677	-455.9243	0	52601.2384	0
616	1677	-455.9247	0	52601.2441	0
617	1677	-455.9248	0	52601.2588	0
618	1677	-455.9249	0	52601.2814	0
619	1677	-455.9243	0	52601.3140	0
620	1677	-455.9238	0	52601.3393	0
621	1677	-455.9236	0	52601.3586	0
622	1677	-455.9235	0	52601.3709	0
623	1677	-455.9234	0	52601.3780	0
624	1677	-455.9236	0	52601.3804	0
625	1677	-455.9237	0	52601.3797	0
626	1677	-455.9237	0	52601.3779	0
627	1677	-455.9235	0	52601.3768	0
628	1677	-455.9233	0	52601.3776	0
629	1677	-455.9232	0	52601.3763	0
630	1677	-455.9231	0	52601.3757	0
631	1677	-455.9230	0	52601.3753	0
632	1677	-455.9231	0	52601.3737	0
633	1677	-455.9230	0	52601.3716	0
634	1677	-455.9231	0	52601.3693	0
635	1677	-455.9233	0	52601.3684	0
636	1677	-455.9235	0	52601.3695	0
637	1677	-455.9237	0	52601.3698	0
638	1677	-455.9238	0	52601.3686	0
639	1677	-455.9237	0	52601.3652	0
640	1677	-455.9239	0	52601.3653	0
641	1677	-455.9240	0	52601.3640	0
642	1677	-455.9239	0	52601.3648	0
643	1677	-455.9237	0	52601.3623	0
644	1677	-455.9234	0	52601.3613	0
645	1677	-455.9233	0	52601.3638	0
646	1677	-455.9233	0	52601.3661	0
647	1677	-455.9233	0	52601.3670	0
648	1677	-455.9232	0	52601.3701	0
649	1677	-455.9232	0	52601.3713	0
650	1677	-455.9234	0	52601.3703	0
651	1677	-455.9236	0	52601.3742	0
652	1677	-455.9238	0	52601.3742	0
653	1677	-455.9241	0	52601.3728	0
654	1677	-455.9242	0	52601.3737	0
663	1677	-455.9261	0	52601.3683	0
664	1677	-455.9256	0	52601.3720	0
665	1677	-455.9251	0	52601.3747	0
666	1677	-455.9247	0	52601.3771	0
667	1677	-455.9244	0	52601.3765	0
668	1677	-455.9241	0	52601.3763	0
669	1677	-455.9239	0	52601.3789	0
670	1677	-455.9234	0	52601.3825	0
671	1677	-455.9230	0	52601.3838	0
672	1677	-455.9226	0	52601.3842	0
673	1677	-455.9223	0	52601.3843	0
674	1677	-455.9221	0	52601.3883	0
675	1677	-455.9216	0	52601.3897	0
676	1677	-455.9214	0	52601.3902	0
677	1677	-455.9212	0	52601.3863	0
678	1677	-455.9209	0	52601.3861	0
679	1677	-455.9205	0	52601.3886	0
680	1677	-455.9205	0	52601.3923	0
681	1677	-455.9202	0	52601.3908	0
682	1677	-455.9199	0	52601.3889	0
683	1677	-455.9194	0	52601.3894	0
684	1677	-455.9191	0	52601.3922	0
685	1677	-455.9189	0	52601.3959	0
686	1677	-455.9186	0	52601.3959	0
687	1677	-455.9187	0	52601.3959	0
688	1677	-455.9185	0	52601.3959	0
689	1677	-455.9184	0	52601.3958	0
690	1677	-455.9183	0	52601.3984	0
691	1677	-455.9183	0	52601.3967	0
692	1677	-455.9184	0	52601.3973	0
693	1677	-455.9185	0	52601.3976	0
723	1677	-455.9162	0	52601.4030	0
724	1677	-455.9161	0	52601.4030	0
725	1677	-455.9159	0	52601.4042	0
726	1677	-455.9159	0	52601.4061	0
727	1677	-455.9156	0	52601.4067	0
728	1677	-455.9156	0	52601.4029	0
729	1677	-455.9159	0	52601.4015	0
730	1677	-455.9159	0	52601.4023	0
731	1677	-455.9159	0	52601.4052	0
732	1677	-455.9158	0	52601.4024	0
733	1677	-455.9161	0	52601.4040	0
734	1677	-455.9165	0	52601.4034	0
735	1677	-455.9169	0	52601.4032	0
736	1677	-455.9172	0	52601.4031	0
737	1677	-455.9177	0	52601.4032	0
738	1677	-455.9180	0	52601.4006	0
739	1677	-455.9183	0	52601.3984	0
740	1677	-455.9186	0	52601.3909	0
741	1677	-455.9188	0	52601.3881	0
742	1677	-455.9193	0	52601.3816	0
743	1677	-455.9195	0	52601.3821	0
744	1677	-455.9198	0	52601.3796	0
745	1677	-455.9201	0	52601.3788	0
746	1677	-455.9203	0	52601.3758	0
747	1677	-455.9203	0	52601.3690	0
748	1677	-455.9200	0	52601.3621	0
749	1677	-455.9198	0	52601.3598	0
750	1677	-455.9201	0	52601.3576	0
751	1677	-455.9204	0	52601.3555	0
752	1677	-455.9207	0	52601.3594	0
753	1677	-455.9211	0	52601.3609	0
754	1677	-455.9212	0	52601.3629	0
755	1677	-455.9214	0	52601.3624	0
756	1677	-455.9216	0	52601.3650	0
757	1677	-455.9216	0	52601.3647	0
758	1677	-455.9219	0	52601.3646	0
759	1677	-455.9227	0	52601.3676	0
760	1677	-455.9232	0	52601.3687	0
761	1677	-455.9235	0	52601.3692	0
762	1677	-455.9237	0	52601.3708	0
763	1677	-455.9239	0	52601.3686	0
764	1677	-455.9245	0	52601.3665	0
765	1677	-455.9250	0	52601.3686	0
766	1677	-455.9255	0	52601.3694	0
768	1677	-455.9258	0	52601.3781	0
769	1677	-455.9262	0	52601.3967	0
770	1677	-455.9262	0	52601.4168	0
771	1677	-455.9261	0	52601.4255	0
772	1677	-455.9261	0	52601.4262	0
773	1677	-455.9259	0	52601.4275	0
774	1677	-455.9258	0	52601.4290	0
775	1677	-455.9260	0	52601.4283	0
776	1677	-455.9268	0	52601.4195	0
777	1677	-455.9275	0	52601.4136	0
778	1677	-455.9281	0	52601.4113	0
779	1677	-455.9282	0	52601.4115	0
780	1677	-455.9277	0	52601.4164	0
781	1677	-455.9273	0	52601.4182	0
782	1677	-455.9274	0	52601.4163	0
783	1677	-455.9265	0	52601.4255	0
784	1677	-455.9261	0	52601.4301	0
785	1677	-455.9257	0	52601.4329	0
786	1677	-455.9256	0	52601.4339	0
787	1677	-455.9253	0	52601.4341	0
788	1677	-455.9254	0	52601.4341	0
789	1677	-455.9255	0	52601.4353	0
791	1677	-455.9256	0	52601.4341	0
792	1677	-455.9257	0	52601.4336	0
793	1677	-455.9257	0	52601.4334	0
794	1677	-455.9257	0	52601.4357	0
795	1677	-455.9256	0	52601.4342	0
796	1677	-455.9255	0	52601.4360	0
797	1677	-455.9254	0	52601.4379	0
798	1677	-455.9252	0	52601.4397	0
799	1677	-455.9250	0	52601.4416	0
800	1677	-455.9250	0	52601.4411	0
801	1677	-455.9250	0	52601.4421	0
802	1677	-455.9248	0	52601.4400	0
803	1677	-455.9248	0	52601.4392	0
804	1677	-455.9250	0	52601.4389	0
805	1677	-455.9250	0	52601.4388	0
806	1677	-455.9251	0	52601.4388	0
807	1677	-455.9252	0	52601.4387	0
808	1677	-455.9252	0	52601.4339	0
809	1677	-455.9256	0	52601.4382	0
810	1677	-455.9256	0	52601.4386	0
811	1677	-455.9255	0	52601.4363	0
812	1677	-455.9254	0	52601.4366	0
813	1677	-455.9252	0	52601.4305	0
814	1677	-455.9256	0	52601.4334	0
815	1677	-455.9255	0	52601.4331	0
816	1677	-455.9256	0	52601.4343	0
817	1677	-455.9253	0	52601.4323	0
818	1677	-455.9252	0	52601.4340	0
819	1677	-455.9251	0	52601.4346	0
820	1677	-455.9250	0	52601.4324	0
821	1677	-455.9251	0	52601.4303	0
822	1677	-455.9250	0	52601.4283	0
823	1677	-455.9255	0	52601.4314	0
824	1677	-455.9258	0	52601.4326	0
825	1677	-455.9258	0	52601.4305	0
826	1677	-455.9260	0	52601.4359	0
827	1677	-455.9266	0	52601.4507	0
828	1677	-455.9268	0	52601.4584	0
829	1677	-455.9270	0	52601.4615	0
830	1677	-455.9268	0	52601.4561	0
831	1677	-455.9265	0	52601.4490	0
832	1677	-455.9263	0	52601.4414	0
833	1677	-455.9262	0	52601.4347	0
834	1677	-455.9261	0	52601.4323	0
835	1677	-455.9262	0	52601.4376	0
836	1677	-455.9263	0	52601.4408	0
837	1677	-455.9262	0	52601.4360	0
838	1677	-455.9264	0	52601.4403	0
839	1677	-455.9265	0	52601.4323	0
840	1677	-455.9266	0	52601.4240	0
841	1677	-455.9269	0	52601.4184	0
842	1677	-455.9275	0	52601.4192	0
843	1677	-455.9279	0	52601.4208	0
844	1677	-455.9281	0	52601.4202	0
845	1677	-455.9283	0	52601.4162	0
846	1677	-455.9284	0	52601.4148	0
847	1677	-455.9286	0	52601.4131	0
848	1677	-455.9288	0	52601.4150	0
849	1677	-455.9288	0	52601.4158	0
850	1677	-455.9290	0	52601.4124	0
851	1677	-455.9289	0	52601.4073	0
852	1677	-455.9289	0	52601.4040	0
853	1677	-455.9289	0	52601.4003	0
854	1677	-455.9290	0	52601.4003	0
855	1677	-455.9291	0	52601.3977	0
856	1677	-455.9291	0	52601.3968	0
857	1677	-455.9292	0	52601.3966	0
858	1677	-455.9293	0	52601.3898	0
859	1677	-455.9296	0	52601.3874	0
860	1677	-455.9298	0	52601.3811	0
861	1677	-455.9301	0	52601.3789	0
862	1677	-455.9304	0	52601.3768	0
863	1677	-455.9306	0	52601.3747	0
864	1677	-455.9306	0	52601.3741	0
865	1677	-455.9309	0	52601.3754	0
866	1677	-455.9308	0	52601.3759	0
867	1677	-455.9308	0	52601.3762	0
868	1677	-455.9306	0	52601.3735	0
869	1677	-455.9305	0	52601.3726	0
870	1677	-455.9303	0	52601.3737	0
871	1677	-455.9303	0	52601.3714	0
872	1677	-455.9303	0	52601.3691	0
873	1677	-455.9304	0	52601.3684	0
874	1677	-455.9304	0	52601.3695	0
875	1677	-455.9304	0	52601.3727	0
876	1677	-455.9304	0	52601.3713	0
877	1677	-455.9306	0	52601.3777	0
878	1677	-455.9307	0	52601.3800	0
879	1677	-455.9307	0	52601.3809	0
880	1677	-455.9308	0	52601.3786	0
881	1677	-455.9309	0	52601.3736	0
882	1677	-455.9306	0	52601.3659	0
883	1677	-455.9307	0	52601.3616	0
884	1677	-455.9305	0	52601.3526	0
886	1677	-455.9311	0	52601.3592	0
887	1677	-455.9309	0	52601.3519	0
888	1677	-455.9308	0	52601.3461	0
889	1677	-455.9308	0	52601.3471	0
890	1677	-455.9308	0	52601.3445	0
891	1677	-455.9308	0	52601.3541	0
892	1677	-455.9308	0	52601.3575	0
893	1677	-455.9314	0	52601.3476	0
894	1677	-455.9318	0	52601.3422	0
895	1677	-455.9324	0	52601.3419	0
896	1677	-455.9329	0	52601.3420	0
897	1677	-455.9331	0	52601.3405	0
898	1677	-455.9333	0	52601.3386	0
899	1677	-455.9334	0	52601.3380	0
900	1677	-455.9337	0	52601.3393	0
901	1677	-455.9338	0	52601.3384	0
902	1677	-455.9341	0	52601.3397	0
903	1677	-455.9342	0	52601.3387	0
904	1677	-455.9342	0	52601.3354	0
905	1677	-455.9342	0	52601.3296	0
906	1677	-455.9343	0	52601.3228	0
915	1677	-455.9343	0	52601.3307	0
922	1677	-455.9344	0	52601.3341	0
923	1677	-455.9344	0	52601.3327	0
924	1677	-455.9344	0	52601.3323	0
925	1677	-455.9345	0	52601.3322	0
926	1677	-455.9346	0	52601.3291	0
927	1677	-455.9348	0	52601.3264	0
928	1677	-455.9349	0	52601.3254	0
929	1677	-455.9349	0	52601.3265	0
947	1677	-455.9349	0	52601.3388	0
948	1677	-455.9351	0	52601.3391	0
949	1677	-455.9352	0	52601.3392	0
950	1677	-455.9352	0	52601.3407	0
951	1677	-455.9354	0	52601.3383	0
952	1677	-455.9355	0	52601.3404	0
953	1677	-455.9352	0	52601.3381	0
954	1677	-455.9342	0	52601.3430	0
955	1677	-455.9338	0	52601.3449	0
956	1677	-455.9336	0	52601.3470	0
957	1677	-455.9336	0	52601.3448	0
958	1677	-455.9334	0	52601.3454	0
959	1677	-455.9332	0	52601.3440	0
960	1677	-455.9331	0	52601.3450	0
961	1677	-455.9329	0	52601.3468	0
962	1677	-455.9324	0	52601.3458	0
963	1677	-455.9327	0	52601.3426	0
964	1677	-455.9334	0	52601.3459	0
965	1677	-455.9340	0	52601.3473	0
966	1677	-455.9344	0	52601.3478	0
967	1677	-455.9345	0	52601.3479	0
968	1677	-455.9345	0	52601.3494	0
969	1677	-455.9345	0	52601.3500	0
970	1677	-455.9347	0	52601.3502	0
971	1677	-455.9348	0	52601.3532	0
972	1677	-455.9349	0	52601.3572	0
973	1677	-455.9347	0	52601.3586	0
974	1677	-455.9344	0	52601.3576	0
975	1677	-455.9341	0	52601.3572	0
976	1677	-455.9339	0	52601.3584	0
977	1677	-455.9338	0	52601.3574	0
978	1677	-455.9338	0	52601.3584	0
979	1677	-455.9337	0	52601.3588	0
980	1677	-455.9338	0	52601.3575	0
981	1677	-455.9341	0	52601.3584	0
982	1677	-455.9340	0	52601.3559	0
983	1677	-455.9341	0	52601.3564	0
984	1677	-455.9341	0	52601.3580	0
985	1677	-455.9342	0	52601.3586	0
986	1677	-455.9343	0	52601.3602	0
987	1677	-455.9344	0	52601.3609	0
988	1677	-455.9342	0	52601.3596	0
989	1677	-455.9342	0	52601.3606	0
990	1677	-455.9341	0	52601.3623	0
991	1677	-455.9340	0	52601.3629	0
992	1677	-455.9340	0	52601.3632	0
993	1677	-455.9339	0	52601.3646	0
994	1677	-455.9338	0	52601.3694	0
995	1677	-455.9336	0	52601.3725	0
996	1677	-455.9334	0	52601.3736	0
997	1677	-455.9336	0	52601.3740	0
998	1677	-455.9339	0	52601.3784	0
999	1677	-455.9340	0	52601.3785	0
1000	1677	-455.9344	0	52601.3772	0
1001	1677	-455.9348	0	52601.3739	0
1002	1677	-455.9352	0	52601.3713	0
1003	1677	-455.9356	0	52601.3689	0
1004	1677	-455.9365	0	52601.3443	0
1009	1677	-455.9377	0	52601.3574	0
1010	1677	-455.9381	0	52601.3499	0
1011	1677	-455.9378	0	52601.3533	0
1012	1677	-455.9377	0	52601.3546	0
1013	1677	-455.9375	0	52601.3580	0
1014	1677	-455.9376	0	52601.3592	0
1015	1677	-455.9378	0	52601.3567	0
1016	1677	-455.9377	0	52601.3601	0
1017	1677	-455.9372	0	52601.3656	0
1018	1677	-455.9371	0	52601.3690	0
1019	1677	-455.9371	0	52601.3702	0
1020	1677	-455.9372	0	52601.3678	0
1021	1677	-455.9372	0	52601.3710	0
1022	1677	-455.9371	0	52601.3722	0
1023	1677	-455.9375	0	52601.3685	0
1024	1677	-455.9376	0	52601.3698	0
1025	1677	-455.9376	0	52601.3689	0
1026	1677	-455.9380	0	52601.3686	0
1027	1677	-455.9383	0	52601.3699	0
1028	1677	-455.9383	0	52601.3703	0
1029	1677	-455.9383	0	52601.3690	0
1030	1677	-455.9382	0	52601.3657	0
1031	1677	-455.9382	0	52601.3659	0
1032	1677	-455.9381	0	52601.3702	0
1036	1677	-455.9388	0	52601.3607	0
1037	1677	-455.9390	0	52601.3581	0
1038	1677	-455.9386	0	52601.3656	0
1040	1677	-455.9402	0	52601.3490	0
1041	1677	-455.9419	0	52601.3331	0
1043	1677	-455.9419	0	52601.3335	0
1044	1677	-455.9417	0	52601.3371	0
1045	1677	-455.9425	0	52601.3310	0
1046	1677	-455.9428	0	52601.3302	0
1048	1677	-455.9457	0	52601.3178	0
1049	1677	-455.9468	0	52601.3186	0
1050	1677	-455.9476	0	52601.3190	0
1051	1677	-455.9486	0	52601.3117	0
1052	1677	-455.9486	0	52601.3196	0
1053	1677	-455.9486	0	52601.3244	0
1054	1677	-455.9501	0	52601.3142	0
1055	1677	-455.9488	0	52601.3190	0
1056	1677	-455.9483	0	52601.3229	0
1057	1677	-455.9485	0	52601.3213	0
1058	1677	-455.9486	0	52601.3239	0
1059	1677	-455.9510	0	52601.3111	0
1060	1677	-455.9505	0	52601.3183	0
1061	1677	-455.9512	0	52601.3170	0
1062	1677	-455.9520	0	52601.3104	0
1063	1677	-455.9522	0	52601.3110	0
1064	1677	-455.9530	0	52601.3116	0
1065	1677	-455.9541	0	52601.3041	0
1066	1677	-455.9529	0	52601.3041	0
1067	1677	-455.9524	0	52601.3041	0
1068	1677	-455.9518	0	52601.3042	0
1069	1677	-455.9518	0	52601.2977	0
1070	1677	-455.9520	0	52601.2954	0
1071	1677	-455.9523	0	52601.2947	0
1072	1677	-455.9526	0	52601.2946	0
1073	1677	-455.9533	0	52601.2931	0
1074	1677	-455.9543	0	52601.2862	0
1075	1677	-455.9548	0	52601.2820	0
1076	1677	-455.9554	0	52601.2755	0
1077	1677	-455.9551	0	52601.2797	0
1078	1677	-455.9554	0	52601.2765	0
1079	1677	-455.9553	0	52601.2786	0
1080	1677	-455.9565	0	52601.2782	0
1083	1677	-455.9579	0	52601.2804	0
1084	1677	-455.9588	0	52601.2742	0
1085	1677	-455.9598	0	52601.2722	0
1086	1677	-455.9600	0	52601.2732	0
1087	1677	-455.9601	0	52601.2736	0
1088	1677	-455.9602	0	52601.2721	0
1089	1677	-455.9604	0	52601.2734	0
1090	1677	-455.9606	0	52601.2722	0
1091	1677	-455.9604	0	52601.2700	0
1092	1677	-455.9603	0	52601.2675	0
1093	1677	-455.9605	0	52601.2666	0
1094	1677	-455.9606	0	52601.2681	0
1095	1677	-455.9609	0	52601.2653	0
1096	1677	-455.9618	0	52601.2591	0
1097	1677	-455.9623	0	52601.2587	0
1098	1677	-455.9631	0	52601.2535	0
1099	1677	-455.9635	0	52601.2515	0
1100	1677	-455.9633	0	52601.2580	0
1101	1677	-455.9636	0	52601.2606	0
1102	1677	-455.9641	0	52601.2616	0
1103	1677	-455.9647	0	52601.2604	0
1104	1677	-455.9650	0	52601.2634	0
1105	1677	-455.9655	0	52601.2647	0
1106	1677	-455.9660	0	52601.2705	0
1107	1677	-455.9663	0	52601.2710	0
1108	1677	-455.9669	0	52601.2695	0
1109	1677	-455.9672	0	52601.2707	0
1110	1677	-455.9680	0	52601.2659	0
1111	1677	-455.9687	0	52601.2661	0
1112	1677	-455.9692	0	52601.2696	0
1113	1677	-455.9694	0	52601.2727	0
1114	1677	-455.9699	0	52601.2688	0
1115	1677	-455.9700	0	52601.2743	0
1117	1677	-455.9711	0	52601.2788	0
1118	1677	-455.9719	0	52601.2763	0
1119	1677	-455.9728	0	52601.2739	0
1120	1677	-455.9737	0	52601.2714	0
1121	1677	-455.9744	0	52601.2672	0
1122	1677	-455.9753	0	52601.2605	0
1123	1677	-455.9758	0	52601.2598	0
1124	1677	-455.9758	0	52601.2577	0
1125	1677	-455.9761	0	52601.2607	0
1126	1677	-455.9762	0	52601.2600	0
1127	1677	-455.9763	0	52601.2598	0
1128	1677	-455.9767	0	52601.2581	0
1129	1677	-455.9768	0	52601.2610	0
1130	1677	-455.9768	0	52601.2655	0
1131	1677	-455.9769	0	52601.2690	0
1132	1677	-455.9773	0	52601.2687	0
1133	1677	-455.9779	0	52601.2652	0
1134	1677	-455.9781	0	52601.2639	0
1135	1677	-455.9786	0	52601.2600	0
1136	1677	-455.9790	0	52601.2604	0
1137	1677	-455.9790	0	52601.2605	0
1138	1677	-455.9791	0	52601.2623	0
1139	1677	-455.9795	0	52601.2614	0
1140	1677	-455.9797	0	52601.2593	0
1141	1677	-455.9805	0	52601.2569	0
1142	1677	-455.9809	0	52601.2578	0
1143	1677	-455.9811	0	52601.2599	0
1144	1677	-455.9813	0	52601.2608	0
1145	1677	-455.9810	0	52601.2663	0
1146	1677	-455.9815	0	52601.2650	0
1147	1677	-455.9823	0	52601.2595	0
1148	1677	-455.9828	0	52601.2574	0
1149	1677	-455.9827	0	52601.2601	0
1150	1677	-455.9829	0	52601.2611	0
1151	1677	-455.9829	0	52601.2633	0
1152	1677	-455.9823	0	52601.2691	0
1153	1677	-455.9821	0	52601.2713	0
1154	1677	-455.9826	0	52601.2688	0
1155	1677	-455.9828	0	52601.2695	0
1156	1677	-455.9830	0	52601.2750	0
1157	1677	-455.9833	0	52601.2753	0
1158	1677	-455.9833	0	52601.2771	0
1159	1677	-455.9834	0	52601.2744	0
1160	1677	-455.9837	0	52601.2699	0
1161	1677	-455.9840	0	52601.2666	0
1162	1677	-455.9839	0	52601.2670	0
1163	1677	-455.9841	0	52601.2637	0
1164	1677	-455.9839	0	52601.2659	0
1165	1677	-455.9839	0	52601.2650	0
1166	1677	-455.9838	0	52601.2647	0
1167	1677	-455.9840	0	52601.2646	0
1168	1677	-455.9834	0	52601.2661	0
1169	1677	-455.9832	0	52601.2685	0
1170	1677	-455.9830	0	52601.2676	0
1171	1677	-455.9830	0	52601.2638	0
1172	1677	-455.9833	0	52601.2590	0
1173	1677	-455.9832	0	52601.2571	0
1174	1677	-455.9833	0	52601.2565	0
1179	1677	-455.9834	0	52601.2636	0
1180	1677	-455.9834	0	52601.2607	0
1181	1677	-455.9831	0	52601.2615	0
1182	1677	-455.9833	0	52601.2547	0
1183	1677	-455.9832	0	52601.2575	0
1184	1677	-455.9825	0	52601.2636	0
1185	1677	-455.9829	0	52601.2591	0
