1	1678	-455.9871	0	52601.5083	0
2	1678	-455.9870	0	52601.5096	0
3	1678	-455.9867	0	52601.5133	0
4	1678	-455.9868	0	52601.5133	0
5	1678	-455.9872	0	52601.5122	0
6	1678	-455.9875	0	52601.5118	0
7	1678	-455.9878	0	52601.5116	0
8	1678	-455.9879	0	52601.5105	0
9	1678	-455.9877	0	52601.5122	0
10	1678	-455.9875	0	52601.5148	0
11	1678	-455.9874	0	52601.5157	0
12	1678	-455.9874	0	52601.5161	0
13	1678	-455.9874	0	52601.5162	0
14	1678	-455.9871	0	52601.5191	0
15	1678	-455.9869	0	52601.5212	0
16	1678	-455.9868	0	52601.5229	0
17	1678	-455.9870	0	52601.5216	0
18	1678	-455.9870	0	52601.5211	0
19	1678	-455.9874	0	52601.5189	0
20	1678	-455.9875	0	52601.5200	0
21	1678	-455.9870	0	52601.5243	0
22	1678	-455.9867	0	52601.5278	0
23	1678	-455.9866	0	52601.5290	0
24	1678	-455.9866	0	52601.5285	0
25	1678	-455.9866	0	52601.5283	0
26	1678	-455.9867	0	52601.5282	0
27	1678	-455.9864	0	52601.5300	0
28	1678	-455.9863	0	52601.5316	0
29	1678	-455.9864	0	52601.5312	0
30	1678	-455.9865	0	52601.5320	0
31	1678	-455.9865	0	52601.5323	0
32	1678	-455.9865	0	52601.5305	0
33	1678	-455.9862	0	52601.5326	0
34	1678	-455.9861	0	52601.5333	0
35	1678	-455.9858	0	52601.5354	0
36	1678	-455.9855	0	52601.5352	0
37	1678	-455.9854	0	52601.5352	0
38	1678	-455.9853	0	52601.5360	0
39	1678	-455.9851	0	52601.5382	0
40	1678	-455.9850	0	52601.5380	0
41	1678	-455.9848	0	52601.5389	0
42	1678	-455.9849	0	52601.5392	0
43	1678	-455.9849	0	52601.5383	0
44	1678	-455.9848	0	52601.5379	0
45	1678	-455.9847	0	52601.5387	0
46	1678	-455.9846	0	52601.5400	0
47	1678	-455.9845	0	52601.5413	0
48	1678	-455.9843	0	52601.5418	0
49	1678	-455.9844	0	52601.5401	0
50	1678	-455.9843	0	52601.5413	0
51	1678	-455.9842	0	52601.5426	0
52	1678	-455.9843	0	52601.5431	0
53	1678	-455.9844	0	52601.5424	0
54	1678	-455.9847	0	52601.5421	0
55	1678	-455.9848	0	52601.5420	0
56	1678	-455.9849	0	52601.5429	0
57	1678	-455.9847	0	52601.5450	0
58	1678	-455.9847	0	52601.5458	0
59	1678	-455.9846	0	52601.5479	0
60	1678	-455.9846	0	52601.5478	0
61	1678	-455.9846	0	52601.5477	0
62	1678	-455.9847	0	52601.5476	0
63	1678	-455.9846	0	52601.5503	0
64	1678	-455.9847	0	52601.5513	0
65	1678	-455.9848	0	52601.5517	0
66	1678	-455.9848	0	52601.5527	0
67	1678	-455.9848	0	52601.5530	0
68	1678	-455.9847	0	52601.5531	0
69	1678	-455.9845	0	52601.5540	0
70	1678	-455.9843	0	52601.5552	0
71	1678	-455.9841	0	52601.5565	0
72	1678	-455.9840	0	52601.5570	0
73	1678	-455.9840	0	52601.5571	0
74	1678	-455.9839	0	52601.5571	0
75	1678	-455.9838	0	52601.5571	0
76	1678	-455.9834	0	52601.5597	0
77	1678	-455.9831	0	52601.5624	0
78	1678	-455.9832	0	52601.5634	0
79	1678	-455.9830	0	52601.5655	0
80	1678	-455.9830	0	52601.5653	0
81	1678	-455.9831	0	52601.5644	0
82	1678	-455.9831	0	52601.5648	0
83	1678	-455.9829	0	52601.5667	0
84	1678	-455.9827	0	52601.5691	0
85	1678	-455.9828	0	52601.5691	0
86	1678	-455.9830	0	52601.5683	0
87	1678	-455.9833	0	52601.5679	0
88	1678	-455.9833	0	52601.5695	0
89	1678	-455.9833	0	52601.5718	0
90	1678	-455.9834	0	52601.5726	0
91	1678	-455.9837	0	52601.5721	0
92	1678	-455.9839	0	52601.5718	0
93	1678	-455.9840	0	52601.5717	0
94	1678	-455.9842	0	52601.5726	0
95	1678	-455.9840	0	52601.5745	0
96	1678	-455.9838	0	52601.5760	0
97	1678	-455.9837	0	52601.5766	0
98	1678	-455.9835	0	52601.5768	0
99	1678	-455.9833	0	52601.5768	0
100	1678	-455.9833	0	52601.5776	0
101	1678	-455.9830	0	52601.5804	0
102	1678	-455.9829	0	52601.5814	0
103	1678	-455.9830	0	52601.5818	0
104	1678	-455.9830	0	52601.5819	0
105	1678	-455.9830	0	52601.5819	0
106	1678	-455.9830	0	52601.5819	0
107	1678	-455.9829	0	52601.5835	0
108	1678	-455.9828	0	52601.5832	0
109	1678	-455.9827	0	52601.5831	0
110	1678	-455.9826	0	52601.5830	0
111	1678	-455.9826	0	52601.5830	0
112	1678	-455.9826	0	52601.5846	0
113	1678	-455.9826	0	52601.5860	0
114	1678	-455.9825	0	52601.5882	0
115	1678	-455.9827	0	52601.5890	0
116	1678	-455.9826	0	52601.5900	0
117	1678	-455.9826	0	52601.5912	0
118	1678	-455.9826	0	52601.5908	0
119	1678	-455.9825	0	52601.5923	0
120	1678	-455.9824	0	52601.5936	0
121	1678	-455.9823	0	52601.5948	0
122	1678	-455.9823	0	52601.5953	0
123	1678	-455.9823	0	52601.5962	0
124	1678	-455.9823	0	52601.5973	0
125	1678	-455.9823	0	52601.5993	0
126	1678	-455.9820	0	52601.6015	0
127	1678	-455.9820	0	52601.6032	0
128	1678	-455.9819	0	52601.6045	0
129	1678	-455.9819	0	52601.6049	0
130	1678	-455.9819	0	52601.6058	0
131	1678	-455.9819	0	52601.6077	0
132	1678	-455.9816	0	52601.6099	0
133	1678	-455.9816	0	52601.6106	0
134	1678	-455.9814	0	52601.6109	0
135	1678	-455.9812	0	52601.6124	0
136	1678	-455.9813	0	52601.6130	0
137	1678	-455.9813	0	52601.6132	0
138	1678	-455.9812	0	52601.6154	0
139	1678	-455.9811	0	52601.6163	0
140	1678	-455.9812	0	52601.6166	0
141	1678	-455.9813	0	52601.6174	0
142	1678	-455.9813	0	52601.6176	0
143	1678	-455.9813	0	52601.6192	0
144	1678	-455.9811	0	52601.6212	0
145	1678	-455.9811	0	52601.6220	0
146	1678	-455.9809	0	52601.6222	0
147	1678	-455.9810	0	52601.6215	0
148	1678	-455.9810	0	52601.6219	0
149	1678	-455.9808	0	52601.6235	0
150	1678	-455.9808	0	52601.6256	0
151	1678	-455.9806	0	52601.6270	0
152	1678	-455.9807	0	52601.6276	0
153	1678	-455.9809	0	52601.6277	0
154	1678	-455.9810	0	52601.6292	0
155	1678	-455.9810	0	52601.6305	0
156	1678	-455.9810	0	52601.6316	0
157	1678	-455.9809	0	52601.6335	0
158	1678	-455.9806	0	52601.6341	0
159	1678	-455.9803	0	52601.6343	0
160	1678	-455.9802	0	52601.6329	0
161	1678	-455.9800	0	52601.6345	0
162	1678	-455.9798	0	52601.6371	0
163	1678	-455.9796	0	52601.6388	0
164	1678	-455.9796	0	52601.6401	0
165	1678	-455.9797	0	52601.6406	0
166	1678	-455.9796	0	52601.6407	0
167	1678	-455.9796	0	52601.6400	0
168	1678	-455.9794	0	52601.6425	0
169	1678	-455.9793	0	52601.6441	0
170	1678	-455.9792	0	52601.6447	0
171	1678	-455.9792	0	52601.6448	0
172	1678	-455.9795	0	52601.6442	0
173	1678	-455.9794	0	52601.6460	0
174	1678	-455.9792	0	52601.6480	0
175	1678	-455.9792	0	52601.6487	0
176	1678	-455.9794	0	52601.6490	0
177	1678	-455.9796	0	52601.6483	0
178	1678	-455.9797	0	52601.6488	0
179	1678	-455.9797	0	52601.6489	0
180	1678	-455.9796	0	52601.6503	0
181	1678	-455.9794	0	52601.6528	0
182	1678	-455.9792	0	52601.6530	0
183	1678	-455.9790	0	52601.6531	0
184	1678	-455.9790	0	52601.6531	0
185	1678	-455.9790	0	52601.6531	0
186	1678	-455.9789	0	52601.6537	0
187	1678	-455.9788	0	52601.6546	0
188	1678	-455.9789	0	52601.6556	0
189	1678	-455.9790	0	52601.6553	0
190	1678	-455.9791	0	52601.6551	0
191	1678	-455.9792	0	52601.6544	0
192	1678	-455.9792	0	52601.6547	0
193	1678	-455.9790	0	52601.6562	0
194	1678	-455.9788	0	52601.6574	0
195	1678	-455.9786	0	52601.6571	0
196	1678	-455.9785	0	52601.6584	0
197	1678	-455.9783	0	52601.6588	0
198	1678	-455.9782	0	52601.6583	0
199	1678	-455.9781	0	52601.6600	0
200	1678	-455.9780	0	52601.6613	0
201	1678	-455.9778	0	52601.6631	0
202	1678	-455.9780	0	52601.6625	0
203	1678	-455.9781	0	52601.6622	0
204	1678	-455.9783	0	52601.6614	0
205	1678	-455.9783	0	52601.6624	0
206	1678	-455.9779	0	52601.6653	0
207	1678	-455.9777	0	52601.6677	0
208	1678	-455.9775	0	52601.6673	0
209	1678	-455.9776	0	52601.6678	0
210	1678	-455.9776	0	52601.6679	0
211	1678	-455.9775	0	52601.6692	0
212	1678	-455.9774	0	52601.6709	0
213	1678	-455.9776	0	52601.6722	0
214	1678	-455.9777	0	52601.6733	0
215	1678	-455.9778	0	52601.6737	0
216	1678	-455.9777	0	52601.6744	0
217	1678	-455.9776	0	52601.6765	0
218	1678	-455.9775	0	52601.6779	0
219	1678	-455.9773	0	52601.6803	0
220	1678	-455.9772	0	52601.6805	0
221	1678	-455.9772	0	52601.6805	0
222	1678	-455.9773	0	52601.6799	0
223	1678	-455.9772	0	52601.6821	0
224	1678	-455.9772	0	52601.6847	0
225	1678	-455.9773	0	52601.6857	0
226	1678	-455.9775	0	52601.6860	0
227	1678	-455.9775	0	52601.6861	0
228	1678	-455.9776	0	52601.6873	0
229	1678	-455.9775	0	52601.6895	0
230	1678	-455.9772	0	52601.6921	0
231	1678	-455.9770	0	52601.6948	0
232	1678	-455.9772	0	52601.6946	0
233	1678	-455.9772	0	52601.6945	0
234	1678	-455.9774	0	52601.6944	0
235	1678	-455.9773	0	52601.6967	0
236	1678	-455.9772	0	52601.6992	0
237	1678	-455.9774	0	52601.7002	0
238	1678	-455.9774	0	52601.7016	0
239	1678	-455.9775	0	52601.7021	0
240	1678	-455.9775	0	52601.7029	0
241	1678	-455.9774	0	52601.7036	0
242	1678	-455.9774	0	52601.7050	0
243	1678	-455.9771	0	52601.7067	0
244	1678	-455.9769	0	52601.7072	0
245	1678	-455.9767	0	52601.7074	0
246	1678	-455.9765	0	52601.7091	0
247	1678	-455.9763	0	52601.7102	0
248	1678	-455.9762	0	52601.7118	0
249	1678	-455.9759	0	52601.7139	0
250	1678	-455.9757	0	52601.7147	0
251	1678	-455.9758	0	52601.7144	0
252	1678	-455.9758	0	52601.7143	0
253	1678	-455.9758	0	52601.7136	0
254	1678	-455.9756	0	52601.7139	0
255	1678	-455.9753	0	52601.7151	0
256	1678	-455.9751	0	52601.7160	0
257	1678	-455.9749	0	52601.7163	0
258	1678	-455.9747	0	52601.7170	0
259	1678	-455.9746	0	52601.7166	0
260	1678	-455.9745	0	52601.7170	0
261	1678	-455.9743	0	52601.7177	0
262	1678	-455.9740	0	52601.7201	0
263	1678	-455.9740	0	52601.7215	0
264	1678	-455.9739	0	52601.7220	0
265	1678	-455.9739	0	52601.7216	0
266	1678	-455.9739	0	52601.7215	0
267	1678	-455.9739	0	52601.7225	0
268	1678	-455.9737	0	52601.7239	0
269	1678	-455.9734	0	52601.7260	0
270	1678	-455.9732	0	52601.7267	0
271	1678	-455.9730	0	52601.7270	0
272	1678	-455.9729	0	52601.7276	0
273	1678	-455.9729	0	52601.7278	0
274	1678	-455.9727	0	52601.7283	0
275	1678	-455.9727	0	52601.7290	0
276	1678	-455.9728	0	52601.7298	0
277	1678	-455.9728	0	52601.7301	0
278	1678	-455.9729	0	52601.7301	0
279	1678	-455.9730	0	52601.7291	0
280	1678	-455.9731	0	52601.7292	0
281	1678	-455.9729	0	52601.7308	0
282	1678	-455.9726	0	52601.7329	0
283	1678	-455.9723	0	52601.7332	0
284	1678	-455.9721	0	52601.7338	0
285	1678	-455.9721	0	52601.7340	0
286	1678	-455.9719	0	52601.7351	0
287	1678	-455.9717	0	52601.7370	0
288	1678	-455.9714	0	52601.7392	0
289	1678	-455.9717	0	52601.7390	0
290	1678	-455.9721	0	52601.7379	0
291	1678	-455.9720	0	52601.7389	0
292	1678	-455.9718	0	52601.7403	0
293	1678	-455.9715	0	52601.7413	0
294	1678	-455.9714	0	52601.7427	0
295	1678	-455.9710	0	52601.7466	0
296	1678	-455.9705	0	52601.7500	0
297	1678	-455.9706	0	52601.7513	0
298	1678	-455.9708	0	52601.7502	0
299	1678	-455.9710	0	52601.7483	0
300	1678	-455.9710	0	52601.7480	0
301	1678	-455.9709	0	52601.7503	0
302	1678	-455.9708	0	52601.7521	0
303	1678	-455.9709	0	52601.7528	0
304	1678	-455.9708	0	52601.7535	0
305	1678	-455.9708	0	52601.7527	0
306	1678	-455.9707	0	52601.7534	0
307	1678	-455.9706	0	52601.7546	0
308	1678	-455.9702	0	52601.7564	0
309	1678	-455.9699	0	52601.7585	0
310	1678	-455.9698	0	52601.7583	0
311	1678	-455.9696	0	52601.7582	0
312	1678	-455.9694	0	52601.7586	0
313	1678	-455.9692	0	52601.7592	0
314	1678	-455.9688	0	52601.7612	0
315	1678	-455.9684	0	52601.7634	0
316	1678	-455.9680	0	52601.7641	0
317	1678	-455.9677	0	52601.7648	0
318	1678	-455.9674	0	52601.7651	0
319	1678	-455.9671	0	52601.7656	0
320	1678	-455.9667	0	52601.7662	0
321	1678	-455.9663	0	52601.7669	0
322	1678	-455.9661	0	52601.7675	0
323	1678	-455.9659	0	52601.7682	0
324	1678	-455.9656	0	52601.7689	0
325	1678	-455.9655	0	52601.7691	0
326	1678	-455.9652	0	52601.7701	0
327	1678	-455.9650	0	52601.7718	0
328	1678	-455.9649	0	52601.7737	0
329	1678	-455.9649	0	52601.7740	0
330	1678	-455.9648	0	52601.7749	0
331	1678	-455.9646	0	52601.7752	0
332	1678	-455.9642	0	52601.7758	0
333	1678	-455.9640	0	52601.7759	0
334	1678	-455.9636	0	52601.7773	0
335	1678	-455.9633	0	52601.7778	0
336	1678	-455.9630	0	52601.7779	0
337	1678	-455.9627	0	52601.7784	0
338	1678	-455.9623	0	52601.7794	0
339	1678	-455.9621	0	52601.7802	0
340	1678	-455.9619	0	52601.7809	0
341	1678	-455.9618	0	52601.7816	0
342	1678	-455.9617	0	52601.7831	0
343	1678	-455.9616	0	52601.7824	0
344	1678	-455.9615	0	52601.7816	0
345	1678	-455.9613	0	52601.7826	0
346	1678	-455.9610	0	52601.7838	0
347	1678	-455.9607	0	52601.7860	0
348	1678	-455.9606	0	52601.7855	0
349	1678	-455.9606	0	52601.7853	0
350	1678	-455.9607	0	52601.7852	0
351	1678	-455.9606	0	52601.7860	0
352	1678	-455.9605	0	52601.7879	0
353	1678	-455.9605	0	52601.7891	0
354	1678	-455.9606	0	52601.7908	0
355	1678	-455.9608	0	52601.7905	0
356	1678	-455.9608	0	52601.7900	0
357	1678	-455.9610	0	52601.7898	0
358	1678	-455.9609	0	52601.7926	0
359	1678	-455.9609	0	52601.7949	0
360	1678	-455.9610	0	52601.7957	0
361	1678	-455.9611	0	52601.7960	0
362	1678	-455.9612	0	52601.7965	0
363	1678	-455.9614	0	52601.7962	0
364	1678	-455.9614	0	52601.7981	0
365	1678	-455.9613	0	52601.8004	0
366	1678	-455.9616	0	52601.8013	0
367	1678	-455.9620	0	52601.8003	0
368	1678	-455.9622	0	52601.8008	0
369	1678	-455.9623	0	52601.8009	0
370	1678	-455.9624	0	52601.8021	0
371	1678	-455.9623	0	52601.8049	0
372	1678	-455.9624	0	52601.8060	0
373	1678	-455.9623	0	52601.8063	0
374	1678	-455.9623	0	52601.8064	0
375	1678	-455.9624	0	52601.8061	0
376	1678	-455.9624	0	52601.8059	0
377	1678	-455.9624	0	52601.8074	0
378	1678	-455.9623	0	52601.8091	0
379	1678	-455.9623	0	52601.8097	0
380	1678	-455.9624	0	52601.8099	0
381	1678	-455.9623	0	52601.8103	0
382	1678	-455.9623	0	52601.8112	0
383	1678	-455.9622	0	52601.8131	0
384	1678	-455.9620	0	52601.8145	0
385	1678	-455.9620	0	52601.8150	0
386	1678	-455.9619	0	52601.8160	0
387	1678	-455.9619	0	52601.8155	0
388	1678	-455.9618	0	52601.8146	0
389	1678	-455.9619	0	52601.8149	0
390	1678	-455.9618	0	52601.8166	0
391	1678	-455.9619	0	52601.8179	0
392	1678	-455.9619	0	52601.8184	0
393	1678	-455.9620	0	52601.8182	0
394	1678	-455.9622	0	52601.8177	0
395	1678	-455.9622	0	52601.8186	0
396	1678	-455.9621	0	52601.8208	0
397	1678	-455.9619	0	52601.8223	0
398	1678	-455.9618	0	52601.8233	0
399	1678	-455.9616	0	52601.8240	0
400	1678	-455.9616	0	52601.8238	0
401	1678	-455.9615	0	52601.8237	0
402	1678	-455.9615	0	52601.8237	0
403	1678	-455.9614	0	52601.8251	0
404	1678	-455.9614	0	52601.8267	0
405	1678	-455.9614	0	52601.8273	0
406	1678	-455.9615	0	52601.8278	0
407	1678	-455.9615	0	52601.8284	0
408	1678	-455.9615	0	52601.8296	0
409	1678	-455.9614	0	52601.8322	0
410	1678	-455.9612	0	52601.8342	0
411	1678	-455.9612	0	52601.8353	0
412	1678	-455.9610	0	52601.8363	0
413	1678	-455.9612	0	52601.8360	0
414	1678	-455.9612	0	52601.8369	0
415	1678	-455.9610	0	52601.8392	0
416	1678	-455.9609	0	52601.8408	0
417	1678	-455.9611	0	52601.8417	0
418	1678	-455.9613	0	52601.8419	0
419	1678	-455.9614	0	52601.8423	0
420	1678	-455.9613	0	52601.8428	0
421	1678	-455.9613	0	52601.8436	0
422	1678	-455.9611	0	52601.8449	0
423	1678	-455.9609	0	52601.8470	0
424	1678	-455.9606	0	52601.8478	0
425	1678	-455.9604	0	52601.8474	0
426	1678	-455.9601	0	52601.8482	0
427	1678	-455.9599	0	52601.8494	0
428	1678	-455.9596	0	52601.8512	0
429	1678	-455.9595	0	52601.8518	0
430	1678	-455.9593	0	52601.8533	0
431	1678	-455.9593	0	52601.8535	0
432	1678	-455.9591	0	52601.8539	0
433	1678	-455.9589	0	52601.8537	0
434	1678	-455.9586	0	52601.8548	0
435	1678	-455.9582	0	52601.8562	0
436	1678	-455.9578	0	52601.8570	0
437	1678	-455.9574	0	52601.8570	0
438	1678	-455.9571	0	52601.8576	0
439	1678	-455.9569	0	52601.8575	0
440	1678	-455.9567	0	52601.8583	0
441	1678	-455.9565	0	52601.8596	0
442	1678	-455.9565	0	52601.8610	0
443	1678	-455.9565	0	52601.8612	0
444	1678	-455.9564	0	52601.8612	0
445	1678	-455.9565	0	52601.8609	0
446	1678	-455.9565	0	52601.8617	0
447	1678	-455.9564	0	52601.8626	0
448	1678	-455.9563	0	52601.8638	0
449	1678	-455.9559	0	52601.8649	0
450	1678	-455.9556	0	52601.8662	0
451	1678	-455.9554	0	52601.8666	0
452	1678	-455.9554	0	52601.8671	0
453	1678	-455.9554	0	52601.8682	0
454	1678	-455.9554	0	52601.8691	0
455	1678	-455.9554	0	52601.8704	0
456	1678	-455.9556	0	52601.8714	0
457	1678	-455.9556	0	52601.8717	0
458	1678	-455.9558	0	52601.8725	0
459	1678	-455.9558	0	52601.8736	0
460	1678	-455.9556	0	52601.8751	0
461	1678	-455.9555	0	52601.8763	0
462	1678	-455.9551	0	52601.8773	0
463	1678	-455.9548	0	52601.8782	0
464	1678	-455.9546	0	52601.8785	0
465	1678	-455.9545	0	52601.8783	0
466	1678	-455.9543	0	52601.8794	0
467	1678	-455.9541	0	52601.8806	0
468	1678	-455.9540	0	52601.8821	0
469	1678	-455.9539	0	52601.8830	0
470	1678	-455.9539	0	52601.8830	0
471	1678	-455.9539	0	52601.8830	0
472	1678	-455.9537	0	52601.8841	0
473	1678	-455.9536	0	52601.8853	0
474	1678	-455.9534	0	52601.8877	0
475	1678	-455.9533	0	52601.8877	0
476	1678	-455.9530	0	52601.8885	0
477	1678	-455.9528	0	52601.8891	0
478	1678	-455.9529	0	52601.8895	0
479	1678	-455.9529	0	52601.8905	0
480	1678	-455.9529	0	52601.8916	0
481	1678	-455.9529	0	52601.8934	0
482	1678	-455.9531	0	52601.8945	0
483	1678	-455.9532	0	52601.8949	0
484	1678	-455.9531	0	52601.8953	0
485	1678	-455.9531	0	52601.8970	0
486	1678	-455.9530	0	52601.8984	0
487	1678	-455.9530	0	52601.8992	0
488	1678	-455.9530	0	52601.8991	0
489	1678	-455.9530	0	52601.8994	0
490	1678	-455.9530	0	52601.8999	0
491	1678	-455.9531	0	52601.8999	0
492	1678	-455.9531	0	52601.9014	0
493	1678	-455.9532	0	52601.9029	0
494	1678	-455.9532	0	52601.9035	0
495	1678	-455.9533	0	52601.9042	0
496	1678	-455.9534	0	52601.9059	0
497	1678	-455.9533	0	52601.9063	0
498	1678	-455.9531	0	52601.9089	0
499	1678	-455.9531	0	52601.9106	0
500	1678	-455.9530	0	52601.9107	0
501	1678	-455.9529	0	52601.9114	0
502	1678	-455.9529	0	52601.9114	0
503	1678	-455.9528	0	52601.9119	0
504	1678	-455.9527	0	52601.9130	0
505	1678	-455.9527	0	52601.9149	0
506	1678	-455.9527	0	52601.9158	0
507	1678	-455.9527	0	52601.9158	0
508	1678	-455.9527	0	52601.9158	0
509	1678	-455.9527	0	52601.9158	0
510	1678	-455.9526	0	52601.9172	0
511	1678	-455.9524	0	52601.9191	0
512	1678	-455.9524	0	52601.9203	0
513	1678	-455.9522	0	52601.9212	0
514	1678	-455.9521	0	52601.9215	0
515	1678	-455.9520	0	52601.9220	0
516	1678	-455.9519	0	52601.9233	0
517	1678	-455.9519	0	52601.9243	0
518	1678	-455.9521	0	52601.9255	0
519	1678	-455.9522	0	52601.9266	0
520	1678	-455.9522	0	52601.9270	0
521	1678	-455.9523	0	52601.9269	0
522	1678	-455.9522	0	52601.9279	0
523	1678	-455.9520	0	52601.9296	0
524	1678	-455.9518	0	52601.9307	0
525	1678	-455.9516	0	52601.9313	0
526	1678	-455.9513	0	52601.9315	0
527	1678	-455.9511	0	52601.9324	0
528	1678	-455.9509	0	52601.9337	0
529	1678	-455.9507	0	52601.9352	0
530	1678	-455.9507	0	52601.9366	0
531	1678	-455.9510	0	52601.9370	0
532	1678	-455.9511	0	52601.9370	0
533	1678	-455.9512	0	52601.9369	0
534	1678	-455.9512	0	52601.9381	0
535	1678	-455.9511	0	52601.9392	0
536	1678	-455.9510	0	52601.9409	0
537	1678	-455.9509	0	52601.9419	0
538	1678	-455.9507	0	52601.9412	0
539	1678	-455.9506	0	52601.9415	0
540	1678	-455.9504	0	52601.9435	0
541	1678	-455.9501	0	52601.9448	0
542	1678	-455.9499	0	52601.9470	0
543	1678	-455.9498	0	52601.9485	0
544	1678	-455.9497	0	52601.9495	0
545	1678	-455.9495	0	52601.9500	0
546	1678	-455.9493	0	52601.9502	0
547	1678	-455.9490	0	52601.9504	0
548	1678	-455.9488	0	52601.9511	0
549	1678	-455.9485	0	52601.9509	0
550	1678	-455.9481	0	52601.9504	0
551	1678	-455.9479	0	52601.9504	0
552	1678	-455.9475	0	52601.9508	0
553	1678	-455.9473	0	52601.9528	0
554	1678	-455.9470	0	52601.9552	0
555	1678	-455.9468	0	52601.9563	0
556	1678	-455.9468	0	52601.9569	0
557	1678	-455.9467	0	52601.9579	0
558	1678	-455.9465	0	52601.9588	0
559	1678	-455.9462	0	52601.9593	0
560	1678	-455.9458	0	52601.9608	0
561	1678	-455.9454	0	52601.9608	0
562	1678	-455.9449	0	52601.9615	0
563	1678	-455.9443	0	52601.9620	0
564	1678	-455.9439	0	52601.9627	0
565	1678	-455.9435	0	52601.9668	0
566	1678	-455.9430	0	52601.9704	0
567	1678	-455.9425	0	52601.9730	0
568	1678	-455.9423	0	52601.9745	0
569	1678	-455.9420	0	52601.9757	0
570	1678	-455.9418	0	52601.9761	0
571	1678	-455.9416	0	52601.9774	0
572	1678	-455.9414	0	52601.9787	0
573	1678	-455.9412	0	52601.9807	0
574	1678	-455.9410	0	52601.9812	0
575	1678	-455.9412	0	52601.9817	0
576	1678	-455.9417	0	52601.9823	0
577	1678	-455.9424	0	52601.9836	0
578	1678	-455.9434	0	52601.9851	0
579	1678	-455.9443	0	52601.9864	0
580	1678	-455.9452	0	52601.9865	0
581	1678	-455.9461	0	52601.9871	0
582	1678	-455.9467	0	52601.9874	0
583	1678	-455.9470	0	52601.9883	0
584	1678	-455.9471	0	52601.9892	0
585	1678	-455.9470	0	52601.9903	0
586	1678	-455.9470	0	52601.9910	0
587	1678	-455.9471	0	52601.9911	0
588	1678	-455.9472	0	52601.9908	0
589	1678	-455.9471	0	52601.9914	0
590	1678	-455.9471	0	52601.9915	0
591	1678	-455.9472	0	52601.9921	0
592	1678	-455.9475	0	52601.9920	0
593	1678	-455.9477	0	52601.9913	0
594	1678	-455.9479	0	52601.9907	0
595	1678	-455.9481	0	52601.9902	0
596	1678	-455.9482	0	52601.9898	0
597	1678	-455.9484	0	52601.9896	0
598	1678	-455.9485	0	52601.9892	0
599	1678	-455.9487	0	52601.9885	0
600	1678	-455.9490	0	52601.9873	0
601	1678	-455.9492	0	52601.9870	0
602	1678	-455.9496	0	52601.9870	0
603	1678	-455.9499	0	52601.9877	0
604	1678	-455.9505	0	52601.9882	0
605	1678	-455.9512	0	52601.9882	0
606	1678	-455.9518	0	52601.9882	0
607	1678	-455.9524	0	52601.9886	0
608	1678	-455.9528	0	52601.9895	0
609	1678	-455.9533	0	52601.9902	0
610	1678	-455.9535	0	52601.9918	0
611	1678	-455.9540	0	52601.9925	0
612	1678	-455.9545	0	52601.9928	0
613	1678	-455.9549	0	52601.9933	0
614	1678	-455.9550	0	52601.9956	0
615	1678	-455.9552	0	52601.9988	0
616	1678	-455.9553	0	52602.0037	0
617	1678	-455.9550	0	52602.0102	0
618	1678	-455.9545	0	52602.0175	0
619	1678	-455.9539	0	52602.0250	0
620	1678	-455.9532	0	52602.0329	0
621	1678	-455.9526	0	52602.0390	0
622	1678	-455.9521	0	52602.0440	0
623	1678	-455.9519	0	52602.0468	0
624	1678	-455.9519	0	52602.0481	0
625	1678	-455.9519	0	52602.0486	0
626	1678	-455.9519	0	52602.0500	0
627	1678	-455.9519	0	52602.0510	0
628	1678	-455.9520	0	52602.0521	0
629	1678	-455.9522	0	52602.0527	0
630	1678	-455.9523	0	52602.0532	0
631	1678	-455.9525	0	52602.0533	0
632	1678	-455.9524	0	52602.0544	0
633	1678	-455.9522	0	52602.0556	0
634	1678	-455.9521	0	52602.0570	0
635	1678	-455.9521	0	52602.0574	0
636	1678	-455.9520	0	52602.0578	0
637	1678	-455.9520	0	52602.0580	0
638	1678	-455.9520	0	52602.0592	0
639	1678	-455.9519	0	52602.0603	0
640	1678	-455.9518	0	52602.0614	0
641	1678	-455.9518	0	52602.0620	0
642	1678	-455.9517	0	52602.0623	0
643	1678	-455.9517	0	52602.0625	0
644	1678	-455.9516	0	52602.0637	0
645	1678	-455.9513	0	52602.0649	0
646	1678	-455.9510	0	52602.0660	0
647	1678	-455.9507	0	52602.0666	0
648	1678	-455.9504	0	52602.0670	0
649	1678	-455.9502	0	52602.0676	0
650	1678	-455.9499	0	52602.0691	0
651	1678	-455.9497	0	52602.0703	0
652	1678	-455.9495	0	52602.0716	0
653	1678	-455.9494	0	52602.0723	0
654	1678	-455.9493	0	52602.0730	0
655	1678	-455.9491	0	52602.0734	0
656	1678	-455.9490	0	52602.0748	0
657	1678	-455.9488	0	52602.0762	0
658	1678	-455.9485	0	52602.0774	0
659	1678	-455.9483	0	52602.0782	0
660	1678	-455.9482	0	52602.0786	0
661	1678	-455.9480	0	52602.0794	0
662	1678	-455.9479	0	52602.0809	0
663	1678	-455.9476	0	52602.0821	0
664	1678	-455.9475	0	52602.0833	0
665	1678	-455.9474	0	52602.0839	0
666	1678	-455.9474	0	52602.0845	0
667	1678	-455.9473	0	52602.0851	0
668	1678	-455.9471	0	52602.0864	0
669	1678	-455.9468	0	52602.0876	0
670	1678	-455.9466	0	52602.0892	0
671	1678	-455.9465	0	52602.0902	0
672	1678	-455.9464	0	52602.0907	0
673	1678	-455.9463	0	52602.0910	0
674	1678	-455.9461	0	52602.0926	0
675	1678	-455.9459	0	52602.0943	0
676	1678	-455.9458	0	52602.0958	0
677	1678	-455.9458	0	52602.0969	0
678	1678	-455.9457	0	52602.0978	0
679	1678	-455.9457	0	52602.0984	0
680	1678	-455.9457	0	52602.0993	0
681	1678	-455.9457	0	52602.1007	0
682	1678	-455.9456	0	52602.1021	0
683	1678	-455.9454	0	52602.1033	0
684	1678	-455.9452	0	52602.1039	0
685	1678	-455.9450	0	52602.1043	0
686	1678	-455.9448	0	52602.1053	0
687	1678	-455.9446	0	52602.1069	0
688	1678	-455.9443	0	52602.1079	0
689	1678	-455.9442	0	52602.1086	0
690	1678	-455.9442	0	52602.1087	0
691	1678	-455.9441	0	52602.1093	0
692	1678	-455.9440	0	52602.1098	0
693	1678	-455.9439	0	52602.1103	0
694	1678	-455.9438	0	52602.1110	0
695	1678	-455.9437	0	52602.1115	0
696	1678	-455.9436	0	52602.1119	0
697	1678	-455.9435	0	52602.1123	0
698	1678	-455.9434	0	52602.1128	0
699	1678	-455.9432	0	52602.1134	0
700	1678	-455.9432	0	52602.1141	0
701	1678	-455.9432	0	52602.1146	0
702	1678	-455.9431	0	52602.1150	0
703	1678	-455.9432	0	52602.1154	0
704	1678	-455.9433	0	52602.1158	0
705	1678	-455.9434	0	52602.1163	0
706	1678	-455.9434	0	52602.1170	0
707	1678	-455.9433	0	52602.1175	0
708	1678	-455.9432	0	52602.1180	0
709	1678	-455.9430	0	52602.1184	0
710	1678	-455.9429	0	52602.1188	0
711	1678	-455.9431	0	52602.1194	0
712	1678	-455.9429	0	52602.1201	0
713	1678	-455.9419	0	52602.1210	0
714	1678	-455.9417	0	52602.1216	0
715	1678	-455.9417	0	52602.1221	0
716	1678	-455.9423	0	52602.1225	0
717	1678	-455.9429	0	52602.1229	0
718	1678	-455.9432	0	52602.1234	0
719	1678	-455.9436	0	52602.1237	0
720	1678	-455.9438	0	52602.1241	0
721	1678	-455.9440	0	52602.1245	0
722	1678	-455.9440	0	52602.1249	0
723	1678	-455.9439	0	52602.1254	0
724	1678	-455.9439	0	52602.1260	0
725	1678	-455.9441	0	52602.1265	0
726	1678	-455.9443	0	52602.1269	0
727	1678	-455.9441	0	52602.1273	0
728	1678	-455.9439	0	52602.1279	0
729	1678	-455.9434	0	52602.1287	0
730	1678	-455.9431	0	52602.1294	0
731	1678	-455.9428	0	52602.1299	0
