250	1720	-455.9795	0	52602.0616	2
252	1720	-455.9829	0	52602.0439	1
253	1720	-455.9846	0	52602.0316	1
254	1720	-455.9859	0	52602.0239	1
255	1720	-455.9873	0	52602.0155	1
256	1720	-455.9884	0	52602.0068	1
257	1720	-455.9895	0	52601.9985	1
258	1720	-455.9909	0	52601.9794	1
259	1720	-455.9917	0	52601.9795	1
260	1720	-455.9927	0	52601.9716	1
261	1720	-455.9934	0	52601.9630	1
262	1720	-455.9940	0	52601.9558	1
267	1720	-455.9964	0	52601.9141	1
268	1720	-455.9960	0	52601.9076	1
269	1720	-455.9963	0	52601.8985	1
271	1720	-455.9963	0	52601.8813	1
272	1720	-455.9961	0	52601.8739	1
275	1720	-455.9965	0	52601.8486	1
276	1720	-455.9963	0	52601.8410	1
277	1720	-455.9961	0	52601.8340	1
278	1720	-455.9964	0	52601.8242	1
279	1720	-455.9967	0	52601.8151	1
280	1720	-455.9966	0	52601.8070	1
281	1720	-455.9966	0	52601.7989	1
282	1720	-455.9969	0	52601.7901	1
283	1720	-455.9970	0	52601.7813	1
284	1720	-455.9970	0	52601.7731	1
285	1720	-455.9973	0	52601.7640	1
286	1720	-455.9976	0	52601.7545	1
287	1720	-455.9981	0	52601.7444	1
288	1720	-455.9980	0	52601.7370	1
289	1720	-455.9984	0	52601.7279	1
290	1720	-455.9983	0	52601.7201	1
291	1720	-455.9985	0	52601.7109	1
292	1720	-455.9985	0	52601.7022	1
293	1720	-455.9987	0	52601.6941	1
294	1720	-455.9987	0	52601.6867	1
295	1720	-455.9988	0	52601.6781	1
296	1720	-455.9991	0	52601.6683	1
297	1720	-455.9993	0	52601.6591	1
298	1720	-455.9990	0	52601.6514	1
299	1720	-455.9990	0	52601.6426	1
300	1720	-455.9986	0	52601.6362	1
301	1720	-455.9983	0	52601.6292	1
302	1720	-455.9980	0	52601.6217	1
303	1720	-455.9979	0	52601.6125	1
304	1720	-455.9973	0	52601.6047	1
305	1720	-455.9966	0	52601.5990	1
306	1720	-455.9959	0	52601.5923	1
307	1720	-455.9952	0	52601.5852	1
309	1720	-455.9943	0	52601.5676	1
310	1720	-455.9937	0	52601.5601	1
311	1720	-455.9935	0	52601.5513	1
312	1720	-455.9929	0	52601.5447	1
313	1720	-455.9922	0	52601.5397	1
314	1720	-455.9916	0	52601.5364	1
315	1720	-455.9912	0	52601.5307	1
316	1720	-455.9908	0	52601.5250	1
317	1720	-455.9906	0	52601.5203	1
318	1720	-455.9903	0	52601.5148	1
319	1720	-455.9902	0	52601.5080	1
320	1720	-455.9900	0	52601.5017	1
321	1720	-455.9901	0	52601.4954	1
322	1720	-455.9903	0	52601.4891	1
323	1720	-455.9905	0	52601.4838	1
324	1720	-455.9905	0	52601.4800	1
325	1720	-455.9907	0	52601.4756	1
326	1720	-455.9911	0	52601.4698	1
327	1720	-455.9915	0	52601.4645	1
328	1720	-455.9919	0	52601.4605	1
329	1720	-455.9922	0	52601.4570	1
330	1720	-455.9926	0	52601.4537	1
331	1720	-455.9931	0	52601.4492	1
332	1720	-455.9936	0	52601.4466	1
333	1720	-455.9941	0	52601.4435	1
334	1720	-455.9945	0	52601.4414	1
335	1720	-455.9949	0	52601.4397	1
336	1720	-455.9952	0	52601.4380	1
337	1720	-455.9956	0	52601.4377	1
338	1720	-455.9963	0	52601.4366	1
339	1720	-455.9970	0	52601.4364	1
