752	179	-456.0198	0	52601.8272	0
753	179	-456.0197	0	52601.8273	0
755	179	-456.0194	0	52601.8250	0
756	179	-456.0205	0	52601.8205	0
757	179	-456.0212	0	52601.8172	0
758	179	-456.0216	0	52601.8156	0
759	179	-456.0213	0	52601.8160	0
760	179	-456.0213	0	52601.8163	0
761	179	-456.0219	0	52601.8113	0
762	179	-456.0230	0	52601.8051	0
763	179	-456.0225	0	52601.8053	0
764	179	-456.0219	0	52601.8064	0
765	179	-456.0216	0	52601.8070	0
766	179	-456.0211	0	52601.8072	0
767	179	-456.0204	0	52601.8088	0
770	179	-456.0204	0	52601.8065	0
771	179	-456.0207	0	52601.8042	0
772	179	-456.0209	0	52601.8015	0
773	179	-456.0206	0	52601.8015	0
774	179	-456.0208	0	52601.7991	0
775	179	-456.0201	0	52601.8008	0
776	179	-456.0203	0	52601.7974	0
777	179	-456.0205	0	52601.7947	0
778	179	-456.0197	0	52601.7968	0
779	179	-456.0189	0	52601.7991	0
780	179	-456.0192	0	52601.7960	0
781	179	-456.0198	0	52601.7939	0
782	179	-456.0205	0	52601.7911	0
783	179	-456.0206	0	52601.7885	0
784	179	-456.0201	0	52601.7882	0
785	179	-456.0200	0	52601.7870	0
786	179	-456.0199	0	52601.7856	0
787	179	-456.0202	0	52601.7836	0
788	179	-456.0205	0	52601.7808	0
789	179	-456.0199	0	52601.7824	0
790	179	-456.0196	0	52601.7831	0
791	179	-456.0203	0	52601.7786	0
792	179	-456.0206	0	52601.7769	0
793	179	-456.0207	0	52601.7737	0
794	179	-456.0200	0	52601.7741	0
795	179	-456.0195	0	52601.7739	0
796	179	-456.0197	0	52601.7710	0
797	179	-456.0199	0	52601.7678	0
798	179	-456.0197	0	52601.7672	0
799	179	-456.0193	0	52601.7676	0
800	179	-456.0190	0	52601.7678	0
801	179	-456.0191	0	52601.7657	0
802	179	-456.0196	0	52601.7627	0
803	179	-456.0198	0	52601.7611	0
804	179	-456.0198	0	52601.7582	0
805	179	-456.0193	0	52601.7572	0
806	179	-456.0190	0	52601.7569	0
807	179	-456.0190	0	52601.7545	0
808	179	-456.0190	0	52601.7531	0
809	179	-456.0188	0	52601.7532	0
810	179	-456.0184	0	52601.7545	0
811	179	-456.0185	0	52601.7538	0
812	179	-456.0191	0	52601.7507	0
813	179	-456.0195	0	52601.7483	0
814	179	-456.0195	0	52601.7457	0
815	179	-456.0194	0	52601.7429	0
816	179	-456.0191	0	52601.7420	0
817	179	-456.0192	0	52601.7392	0
818	179	-456.0192	0	52601.7395	0
819	179	-456.0191	0	52601.7390	0
820	179	-456.0186	0	52601.7401	0
821	179	-456.0184	0	52601.7400	0
822	179	-456.0189	0	52601.7369	0
823	179	-456.0194	0	52601.7332	0
824	179	-456.0195	0	52601.7319	0
825	179	-456.0195	0	52601.7302	0
826	179	-456.0193	0	52601.7290	0
827	179	-456.0189	0	52601.7286	0
828	179	-456.0188	0	52601.7272	0
829	179	-456.0191	0	52601.7242	0
830	179	-456.0194	0	52601.7224	0
831	179	-456.0190	0	52601.7231	0
832	179	-456.0188	0	52601.7234	0
833	179	-456.0196	0	52601.7210	0
834	179	-456.0204	0	52601.7181	0
835	179	-456.0205	0	52601.7164	0
836	179	-456.0202	0	52601.7159	0
837	179	-456.0195	0	52601.7177	0
838	179	-456.0188	0	52601.7191	0
839	179	-456.0190	0	52601.7163	0
840	179	-456.0192	0	52601.7140	0
841	179	-456.0195	0	52601.7111	0
842	179	-456.0189	0	52601.7135	0
843	179	-456.0187	0	52601.7151	0
844	179	-456.0188	0	52601.7130	0
845	179	-456.0188	0	52601.7116	0
846	179	-456.0187	0	52601.7104	0
847	179	-456.0185	0	52601.7107	0
848	179	-456.0179	0	52601.7108	0
849	179	-456.0183	0	52601.7067	0
850	179	-456.0190	0	52601.7024	0
851	179	-456.0191	0	52601.7016	0
852	179	-456.0196	0	52601.6978	0
853	179	-456.0195	0	52601.6971	0
854	179	-456.0200	0	52601.6941	0
855	179	-456.0208	0	52601.6908	0
856	179	-456.0208	0	52601.6904	0
857	179	-456.0208	0	52601.6888	0
858	179	-456.0202	0	52601.6898	0
859	179	-456.0199	0	52601.6895	0
860	179	-456.0200	0	52601.6879	0
861	179	-456.0202	0	52601.6874	0
862	179	-456.0205	0	52601.6850	0
863	179	-456.0208	0	52601.6827	0
864	179	-456.0209	0	52601.6819	0
865	179	-456.0218	0	52601.6771	0
866	179	-456.0218	0	52601.6761	0
867	179	-456.0213	0	52601.6773	0
868	179	-456.0210	0	52601.6763	0
869	179	-456.0202	0	52601.6768	0
870	179	-456.0209	0	52601.6723	0
871	179	-456.0209	0	52601.6708	0
872	179	-456.0208	0	52601.6702	0
873	179	-456.0208	0	52601.6693	0
874	179	-456.0208	0	52601.6682	0
875	179	-456.0214	0	52601.6640	0
876	179	-456.0219	0	52601.6608	0
877	179	-456.0216	0	52601.6605	0
878	179	-456.0214	0	52601.6596	0
879	179	-456.0211	0	52601.6594	0
880	179	-456.0213	0	52601.6553	0
881	179	-456.0212	0	52601.6538	0
882	179	-456.0211	0	52601.6517	0
883	179	-456.0208	0	52601.6518	0
884	179	-456.0205	0	52601.6527	0
885	179	-456.0209	0	52601.6498	0
886	179	-456.0211	0	52601.6479	0
887	179	-456.0215	0	52601.6448	0
888	179	-456.0210	0	52601.6453	0
889	179	-456.0204	0	52601.6473	0
890	179	-456.0203	0	52601.6455	0
891	179	-456.0203	0	52601.6432	0
892	179	-456.0205	0	52601.6407	0
893	179	-456.0207	0	52601.6381	0
894	179	-456.0206	0	52601.6389	0
895	179	-456.0208	0	52601.6375	0
896	179	-456.0215	0	52601.6328	0
897	179	-456.0213	0	52601.6327	0
898	179	-456.0213	0	52601.6311	0
899	179	-456.0210	0	52601.6305	0
900	179	-456.0211	0	52601.6277	0
901	179	-456.0214	0	52601.6240	0
902	179	-456.0215	0	52601.6227	0
903	179	-456.0213	0	52601.6213	0
904	179	-456.0210	0	52601.6227	0
905	179	-456.0210	0	52601.6215	0
906	179	-456.0222	0	52601.6156	0
907	179	-456.0226	0	52601.6135	0
908	179	-456.0228	0	52601.6109	0
909	179	-456.0221	0	52601.6118	0
910	179	-456.0219	0	52601.6123	0
911	179	-456.0220	0	52601.6097	0
912	179	-456.0224	0	52601.6069	0
913	179	-456.0224	0	52601.6059	0
914	179	-456.0222	0	52601.6056	0
915	179	-456.0220	0	52601.6065	0
916	179	-456.0223	0	52601.6041	0
917	179	-456.0227	0	52601.6013	0
918	179	-456.0226	0	52601.5994	0
919	179	-456.0221	0	52601.6006	0
920	179	-456.0221	0	52601.6002	0
921	179	-456.0223	0	52601.5972	0
922	179	-456.0224	0	52601.5951	0
923	179	-456.0227	0	52601.5915	0
924	179	-456.0226	0	52601.5902	0
925	179	-456.0223	0	52601.5917	0
926	179	-456.0229	0	52601.5874	0
927	179	-456.0236	0	52601.5828	0
928	179	-456.0237	0	52601.5812	0
929	179	-456.0237	0	52601.5796	0
930	179	-456.0233	0	52601.5801	0
931	179	-456.0232	0	52601.5794	0
932	179	-456.0237	0	52601.5761	0
933	179	-456.0237	0	52601.5749	0
934	179	-456.0239	0	52601.5735	0
935	179	-456.0240	0	52601.5731	0
936	179	-456.0243	0	52601.5729	0
937	179	-456.0249	0	52601.5699	0
938	179	-456.0251	0	52601.5677	0
939	179	-456.0252	0	52601.5670	0
940	179	-456.0248	0	52601.5699	0
941	179	-456.0247	0	52601.5710	0
942	179	-456.0251	0	52601.5684	0
943	179	-456.0254	0	52601.5674	0
944	179	-456.0239	0	52601.5763	0
951	179	-456.0258	0	52601.5524	0
952	179	-456.0256	0	52601.5508	0
953	179	-456.0256	0	52601.5492	0
954	179	-456.0255	0	52601.5487	0
955	179	-456.0256	0	52601.5475	0
956	179	-456.0259	0	52601.5449	0
957	179	-456.0270	0	52601.5384	0
958	179	-456.0271	0	52601.5371	0
959	179	-456.0271	0	52601.5356	0
960	179	-456.0271	0	52601.5340	0
961	179	-456.0273	0	52601.5335	0
962	179	-456.0281	0	52601.5300	0
963	179	-456.0279	0	52601.5287	0
964	179	-456.0280	0	52601.5272	0
965	179	-456.0280	0	52601.5278	0
966	179	-456.0284	0	52601.5258	0
967	179	-456.0290	0	52601.5217	0
968	179	-456.0291	0	52601.5190	0
969	179	-456.0291	0	52601.5180	0
970	179	-456.0283	0	52601.5212	0
971	179	-456.0276	0	52601.5237	0
972	179	-456.0282	0	52601.5188	0
973	179	-456.0287	0	52601.5146	0
974	179	-456.0292	0	52601.5107	0
975	179	-456.0286	0	52601.5129	0
976	179	-456.0286	0	52601.5113	0
977	179	-456.0291	0	52601.5084	0
978	179	-456.0301	0	52601.5000	0
979	179	-456.0306	0	52601.4956	0
980	179	-456.0302	0	52601.4952	0
981	179	-456.0298	0	52601.4991	0
982	179	-456.0299	0	52601.4968	0
983	179	-456.0312	0	52601.4859	0
984	179	-456.0321	0	52601.4778	0
985	179	-456.0319	0	52601.4815	0
986	179	-456.0317	0	52601.4843	0
987	179	-456.0320	0	52601.4828	0
988	179	-456.0337	0	52601.4732	0
989	179	-456.0342	0	52601.4683	0
990	179	-456.0342	0	52601.4638	0
991	179	-456.0340	0	52601.4608	0
992	179	-456.0342	0	52601.4557	0
993	179	-456.0344	0	52601.4511	0
994	179	-456.0345	0	52601.4466	0
995	179	-456.0346	0	52601.4437	0
996	179	-456.0346	0	52601.4413	0
997	179	-456.0347	0	52601.4390	0
998	179	-456.0355	0	52601.4341	0
999	179	-456.0361	0	52601.4279	0
1000	179	-456.0366	0	52601.4242	0
1001	179	-456.0365	0	52601.4230	0
1002	179	-456.0362	0	52601.4226	0
1003	179	-456.0358	0	52601.4226	0
1004	179	-456.0356	0	52601.4212	0
1005	179	-456.0353	0	52601.4224	0
1006	179	-456.0355	0	52601.4198	0
1007	179	-456.0353	0	52601.4205	0
1008	179	-456.0354	0	52601.4194	0
1009	179	-456.0355	0	52601.4175	0
1010	179	-456.0361	0	52601.4138	0
1011	179	-456.0365	0	52601.4095	0
1012	179	-456.0361	0	52601.4109	0
1013	179	-456.0356	0	52601.4115	0
1014	179	-456.0348	0	52601.4133	0
1015	179	-456.0353	0	52601.4079	0
1016	179	-456.0359	0	52601.4013	0
1017	179	-456.0352	0	52601.4050	0
1018	179	-456.0350	0	52601.4050	0
1019	179	-456.0356	0	52601.4004	0
1020	179	-456.0350	0	52601.4049	0
1021	179	-456.0349	0	52601.4036	0
1022	179	-456.0347	0	52601.4031	0
1023	179	-456.0338	0	52601.4076	0
1024	179	-456.0339	0	52601.4062	0
1025	179	-456.0339	0	52601.4057	0
1026	179	-456.0343	0	52601.4025	0
1027	179	-456.0340	0	52601.4028	0
1028	179	-456.0329	0	52601.4075	0
1029	179	-456.0323	0	52601.4109	0
1030	179	-456.0328	0	52601.4091	0
1031	179	-456.0333	0	52601.4053	0
1032	179	-456.0339	0	52601.4008	0
1033	179	-456.0335	0	52601.4006	0
1034	179	-456.0332	0	52601.4005	0
1035	179	-456.0333	0	52601.3974	0
1036	179	-456.0337	0	52601.3915	0
1037	179	-456.0338	0	52601.3877	0
1038	179	-456.0332	0	52601.3910	0
1039	179	-456.0327	0	52601.3940	0
1040	179	-456.0328	0	52601.3935	0
1041	179	-456.0331	0	52601.3918	0
1042	179	-456.0332	0	52601.3912	0
1043	179	-456.0334	0	52601.3878	0
1044	179	-456.0326	0	52601.3913	0
1045	179	-456.0327	0	52601.3878	0
1046	179	-456.0327	0	52601.3850	0
1047	179	-456.0326	0	52601.3839	0
1048	179	-456.0327	0	52601.3835	0
1049	179	-456.0324	0	52601.3850	0
1050	179	-456.0322	0	52601.3856	0
1051	179	-456.0322	0	52601.3843	0
1052	179	-456.0322	0	52601.3838	0
1053	179	-456.0324	0	52601.3803	0
1054	179	-456.0324	0	52601.3791	0
1055	179	-456.0319	0	52601.3819	0
1056	179	-456.0318	0	52601.3797	0
1057	179	-456.0319	0	52601.3772	0
1058	179	-456.0320	0	52601.3747	0
1059	179	-456.0322	0	52601.3721	0
1060	179	-456.0316	0	52601.3762	0
1061	179	-456.0313	0	52601.3777	0
1062	179	-456.0316	0	52601.3749	0
1063	179	-456.0316	0	52601.3740	0
1064	179	-456.0315	0	52601.3719	0
1065	179	-456.0306	0	52601.3745	0
1066	179	-456.0298	0	52601.3771	0
1067	179	-456.0298	0	52601.3714	0
1068	179	-456.0297	0	52601.3692	0
1069	179	-456.0316	0	52601.3652	0
1070	179	-456.0319	0	52601.3586	0
1071	179	-456.0331	0	52601.3596	0
1072	179	-456.0329	0	52601.3634	0
1079	179	-456.0308	0	52601.3632	1
1080	179	-456.0307	0	52601.3578	1
1081	179	-456.0303	0	52601.3455	1
1082	179	-456.0283	0	52601.3354	1
1083	179	-456.0243	0	52601.3444	1
1085	179	-456.0208	0	52601.3237	0
1086	179	-456.0157	0	52601.3345	0
1087	179	-456.0118	0	52601.3356	0
