797	1806	-455.9829	0	52601.4018	0
798	1806	-455.9831	0	52601.4000	0
799	1806	-455.9832	0	52601.3963	0
800	1806	-455.9837	0	52601.3907	0
802	1806	-455.9840	0	52601.4022	0
803	1806	-455.9846	0	52601.3933	0
804	1806	-455.9849	0	52601.3885	0
805	1806	-455.9854	0	52601.3870	0
806	1806	-455.9855	0	52601.3851	0
807	1806	-455.9853	0	52601.3818	0
808	1806	-455.9857	0	52601.3765	0
809	1806	-455.9860	0	52601.3748	0
810	1806	-455.9863	0	52601.3715	0
811	1806	-455.9865	0	52601.3704	0
812	1806	-455.9867	0	52601.3687	0
813	1806	-455.9870	0	52601.3683	0
814	1806	-455.9869	0	52601.3682	0
815	1806	-455.9869	0	52601.3668	0
816	1806	-455.9873	0	52601.3665	0
817	1806	-455.9876	0	52601.3665	0
818	1806	-455.9877	0	52601.3651	0
819	1806	-455.9878	0	52601.3647	0
820	1806	-455.9880	0	52601.3632	0
821	1806	-455.9881	0	52601.3613	0
834	1806	-455.9912	0	52601.3258	1
835	1806	-455.9915	0	52601.3217	1
836	1806	-455.9913	0	52601.3218	1
837	1806	-455.9912	0	52601.3220	1
838	1806	-455.9910	0	52601.3205	1
839	1806	-455.9909	0	52601.3185	1
840	1806	-455.9909	0	52601.3147	1
841	1806	-455.9909	0	52601.3118	1
842	1806	-455.9911	0	52601.3092	1
843	1806	-455.9912	0	52601.3068	1
844	1806	-455.9915	0	52601.3028	1
845	1806	-455.9911	0	52601.3012	1
846	1806	-455.9914	0	52601.2976	1
847	1806	-455.9915	0	52601.2964	1
848	1806	-455.9914	0	52601.2943	1
849	1806	-455.9918	0	52601.2904	1
850	1806	-455.9923	0	52601.2841	1
851	1806	-455.9918	0	52601.2868	1
852	1806	-455.9917	0	52601.2878	1
859	1806	-455.9930	0	52601.2747	1
860	1806	-455.9933	0	52601.2724	1
861	1806	-455.9934	0	52601.2716	1
862	1806	-455.9933	0	52601.2679	1
863	1806	-455.9930	0	52601.2648	1
864	1806	-455.9932	0	52601.2638	1
865	1806	-455.9933	0	52601.2635	1
866	1806	-455.9931	0	52601.2651	1
867	1806	-455.9928	0	52601.2675	1
868	1806	-455.9930	0	52601.2615	1
869	1806	-455.9928	0	52601.2628	1
870	1806	-455.9933	0	52601.2563	1
871	1806	-455.9938	0	52601.2541	1
872	1806	-455.9940	0	52601.2550	1
874	1806	-455.9938	0	52601.2576	0
875	1806	-455.9937	0	52601.2583	0
876	1806	-455.9937	0	52601.2586	0
882	1806	-455.9938	0	52601.2511	1
884	1806	-455.9944	0	52601.2465	1
889	1806	-455.9946	0	52601.2432	1
890	1806	-455.9947	0	52601.2412	1
892	1806	-455.9948	0	52601.2381	1
893	1806	-455.9953	0	52601.2339	1
894	1806	-455.9956	0	52601.2306	1
898	1806	-455.9957	0	52601.2240	1
899	1806	-455.9956	0	52601.2255	1
900	1806	-455.9955	0	52601.2259	1
901	1806	-455.9958	0	52601.2262	1
902	1806	-455.9959	0	52601.2282	1
903	1806	-455.9956	0	52601.2289	1
904	1806	-455.9957	0	52601.2255	1
905	1806	-455.9959	0	52601.2243	1
906	1806	-455.9960	0	52601.2220	1
907	1806	-455.9959	0	52601.2193	1
908	1806	-455.9961	0	52601.2183	1
909	1806	-455.9966	0	52601.2143	1
910	1806	-455.9966	0	52601.2128	1
911	1806	-455.9966	0	52601.2141	1
912	1806	-455.9969	0	52601.2129	1
913	1806	-455.9968	0	52601.2143	1
914	1806	-455.9965	0	52601.2167	1
915	1806	-455.9964	0	52601.2157	1
916	1806	-455.9961	0	52601.2154	1
917	1806	-455.9960	0	52601.2133	1
918	1806	-455.9962	0	52601.2126	1
919	1806	-455.9962	0	52601.2143	1
920	1806	-455.9961	0	52601.2150	1
921	1806	-455.9961	0	52601.2133	1
922	1806	-455.9964	0	52601.2108	1
923	1806	-455.9965	0	52601.2099	1
924	1806	-455.9963	0	52601.2114	1
925	1806	-455.9961	0	52601.2120	1
928	1806	-455.9965	0	52601.2076	0
929	1806	-455.9963	0	52601.2089	0
930	1806	-455.9958	0	52601.2110	0
931	1806	-455.9956	0	52601.2120	0
932	1806	-455.9957	0	52601.2123	0
947	1806	-455.9951	0	52601.2095	0
948	1806	-455.9946	0	52601.2113	0
949	1806	-455.9940	0	52601.2156	0
950	1806	-455.9938	0	52601.2192	0
951	1806	-455.9940	0	52601.2186	0
952	1806	-455.9941	0	52601.2184	0
953	1806	-455.9941	0	52601.2163	0
954	1806	-455.9937	0	52601.2211	0
955	1806	-455.9934	0	52601.2228	0
956	1806	-455.9935	0	52601.2216	0
957	1806	-455.9935	0	52601.2249	0
958	1806	-455.9932	0	52601.2298	0
960	1806	-455.9928	0	52601.2317	0
961	1806	-455.9930	0	52601.2300	0
962	1806	-455.9933	0	52601.2295	0
963	1806	-455.9934	0	52601.2293	0
964	1806	-455.9934	0	52601.2292	0
965	1806	-455.9931	0	52601.2328	0
966	1806	-455.9932	0	52601.2323	0
967	1806	-455.9928	0	52601.2358	0
968	1806	-455.9927	0	52601.2370	0
969	1806	-455.9931	0	52601.2375	0
970	1806	-455.9930	0	52601.2395	0
971	1806	-455.9928	0	52601.2419	0
972	1806	-455.9925	0	52601.2428	0
973	1806	-455.9925	0	52601.2431	0
974	1806	-455.9924	0	52601.2450	0
975	1806	-455.9924	0	52601.2456	0
976	1806	-455.9925	0	52601.2422	0
977	1806	-455.9927	0	52601.2391	0
978	1806	-455.9928	0	52601.2379	0
979	1806	-455.9929	0	52601.2357	0
980	1806	-455.9931	0	52601.2349	0
981	1806	-455.9933	0	52601.2346	0
982	1806	-455.9937	0	52601.2290	0
983	1806	-455.9932	0	52601.2248	0
984	1806	-455.9931	0	52601.2193	0
985	1806	-455.9932	0	52601.2134	0
996	1806	-455.9937	0	52601.1963	0
1003	1806	-455.9948	0	52601.1965	0
1004	1806	-455.9949	0	52601.1968	0
1006	1806	-455.9951	0	52601.1901	0
1007	1806	-455.9954	0	52601.1867	0
1008	1806	-455.9956	0	52601.1856	0
1009	1806	-455.9957	0	52601.1852	0
1010	1806	-455.9953	0	52601.1889	0
1011	1806	-455.9953	0	52601.1884	0
1012	1806	-455.9950	0	52601.1921	0
1013	1806	-455.9946	0	52601.2010	0
1014	1806	-455.9943	0	52601.2102	0
1015	1806	-455.9941	0	52601.2190	0
1016	1806	-455.9938	0	52601.2277	0
1017	1806	-455.9930	0	52601.2327	0
1048	1806	-455.9831	0	52601.3469	0
