1243	1958	-455.9402	0	52602.1283	0
1244	1958	-455.9403	0	52602.1280	0
1245	1958	-455.9407	0	52602.1274	0
1246	1958	-455.9413	0	52602.1269	0
1247	1958	-455.9422	0	52602.1261	0
1248	1958	-455.9432	0	52602.1252	0
1249	1958	-455.9438	0	52602.1246	0
1250	1958	-455.9441	0	52602.1241	0
1251	1958	-455.9441	0	52602.1238	0
1252	1958	-455.9440	0	52602.1233	0
1253	1958	-455.9440	0	52602.1227	0
1254	1958	-455.9439	0	52602.1221	0
1255	1958	-455.9438	0	52602.1217	0
1256	1958	-455.9437	0	52602.1214	0
1257	1958	-455.9436	0	52602.1210	0
1258	1958	-455.9437	0	52602.1205	0
1259	1958	-455.9440	0	52602.1198	0
1260	1958	-455.9440	0	52602.1192	0
1261	1958	-455.9438	0	52602.1188	0
1262	1958	-455.9435	0	52602.1185	0
1263	1958	-455.9431	0	52602.1181	0
1264	1958	-455.9428	0	52602.1177	0
1265	1958	-455.9425	0	52602.1171	0
1266	1958	-455.9421	0	52602.1167	0
1267	1958	-455.9418	0	52602.1164	0
1268	1958	-455.9416	0	52602.1160	0
1269	1958	-455.9414	0	52602.1157	0
1270	1958	-455.9413	0	52602.1153	0
1271	1958	-455.9413	0	52602.1148	0
1272	1958	-455.9412	0	52602.1142	0
1273	1958	-455.9410	0	52602.1137	0
1274	1958	-455.9408	0	52602.1134	0
1275	1958	-455.9407	0	52602.1131	0
1276	1958	-455.9405	0	52602.1129	0
1277	1958	-455.9403	0	52602.1124	0
1278	1958	-455.9402	0	52602.1120	0
1279	1958	-455.9402	0	52602.1116	0
1280	1958	-455.9403	0	52602.1114	0
1281	1958	-455.9403	0	52602.1112	0
1282	1958	-455.9404	0	52602.1110	0
1283	1958	-455.9405	0	52602.1107	0
1284	1958	-455.9405	0	52602.1104	0
1285	1958	-455.9406	0	52602.1101	0
1286	1958	-455.9405	0	52602.1098	0
1287	1958	-455.9404	0	52602.1097	0
1288	1958	-455.9402	0	52602.1095	0
1289	1958	-455.9399	0	52602.1092	0
1290	1958	-455.9397	0	52602.1089	0
1291	1958	-455.9394	0	52602.1086	0
1292	1958	-455.9391	0	52602.1085	0
1293	1958	-455.9390	0	52602.1083	0
1294	1958	-455.9389	0	52602.1081	0
1295	1958	-455.9388	0	52602.1079	0
1296	1958	-455.9388	0	52602.1077	0
1297	1958	-455.9390	0	52602.1073	0
1298	1958	-455.9391	0	52602.1068	0
1299	1958	-455.9393	0	52602.1063	0
1300	1958	-455.9393	0	52602.1057	0
1301	1958	-455.9391	0	52602.1053	0
1302	1958	-455.9389	0	52602.1051	0
1303	1958	-455.9386	0	52602.1044	0
1304	1958	-455.9383	0	52602.1036	0
1305	1958	-455.9379	0	52602.1021	0
1306	1958	-455.9375	0	52602.1010	0
1307	1958	-455.9371	0	52602.1002	0
1308	1958	-455.9369	0	52602.0998	0
1309	1958	-455.9367	0	52602.0995	0
1310	1958	-455.9366	0	52602.0990	0
1311	1958	-455.9366	0	52602.0979	0
1312	1958	-455.9366	0	52602.0961	0
1313	1958	-455.9366	0	52602.0950	0
1314	1958	-455.9366	0	52602.0944	0
1315	1958	-455.9365	0	52602.0941	0
1316	1958	-455.9364	0	52602.0936	0
1317	1958	-455.9361	0	52602.0926	0
1318	1958	-455.9360	0	52602.0909	0
1319	1958	-455.9359	0	52602.0897	0
1320	1958	-455.9358	0	52602.0891	0
1321	1958	-455.9357	0	52602.0888	0
1322	1958	-455.9358	0	52602.0885	0
1323	1958	-455.9360	0	52602.0875	0
1324	1958	-455.9361	0	52602.0857	0
1325	1958	-455.9363	0	52602.0846	0
1326	1958	-455.9365	0	52602.0840	0
1327	1958	-455.9365	0	52602.0838	0
1328	1958	-455.9364	0	52602.0835	0
1329	1958	-455.9362	0	52602.0826	0
1330	1958	-455.9359	0	52602.0809	0
1331	1958	-455.9358	0	52602.0796	0
1332	1958	-455.9358	0	52602.0787	0
1333	1958	-455.9359	0	52602.0783	0
1334	1958	-455.9359	0	52602.0782	0
1335	1958	-455.9361	0	52602.0777	0
1336	1958	-455.9363	0	52602.0768	0
1337	1958	-455.9364	0	52602.0751	0
1338	1958	-455.9366	0	52602.0744	0
1339	1958	-455.9368	0	52602.0739	0
1340	1958	-455.9369	0	52602.0735	0
1341	1958	-455.9369	0	52602.0732	0
1342	1958	-455.9369	0	52602.0724	0
1343	1958	-455.9367	0	52602.0702	0
1344	1958	-455.9368	0	52602.0687	0
1345	1958	-455.9370	0	52602.0677	0
1346	1958	-455.9371	0	52602.0670	0
1347	1958	-455.9373	0	52602.0665	0
1348	1958	-455.9376	0	52602.0654	0
1349	1958	-455.9379	0	52602.0636	0
1350	1958	-455.9383	0	52602.0624	0
1351	1958	-455.9385	0	52602.0618	0
1352	1958	-455.9387	0	52602.0614	0
1353	1958	-455.9388	0	52602.0611	0
1354	1958	-455.9388	0	52602.0601	0
1355	1958	-455.9389	0	52602.0583	0
1356	1958	-455.9391	0	52602.0568	0
1357	1958	-455.9393	0	52602.0559	0
1358	1958	-455.9394	0	52602.0553	0
1359	1958	-455.9396	0	52602.0548	0
1360	1958	-455.9399	0	52602.0533	0
1361	1958	-455.9401	0	52602.0519	0
1362	1958	-455.9403	0	52602.0512	0
1363	1958	-455.9403	0	52602.0509	0
1364	1958	-455.9403	0	52602.0503	0
1365	1958	-455.9403	0	52602.0493	0
1366	1958	-455.9402	0	52602.0474	0
1367	1958	-455.9402	0	52602.0455	0
1368	1958	-455.9401	0	52602.0448	0
1369	1958	-455.9400	0	52602.0441	0
1370	1958	-455.9400	0	52602.0439	0
1371	1958	-455.9400	0	52602.0430	0
1372	1958	-455.9401	0	52602.0409	0
1373	1958	-455.9403	0	52602.0396	0
1374	1958	-455.9405	0	52602.0390	0
1375	1958	-455.9406	0	52602.0387	0
1376	1958	-455.9406	0	52602.0383	0
1377	1958	-455.9405	0	52602.0370	0
1378	1958	-455.9404	0	52602.0350	0
1379	1958	-455.9403	0	52602.0334	0
1380	1958	-455.9404	0	52602.0326	0
1381	1958	-455.9404	0	52602.0321	0
1382	1958	-455.9404	0	52602.0315	0
1383	1958	-455.9405	0	52602.0304	0
1384	1958	-455.9406	0	52602.0291	0
1385	1958	-455.9409	0	52602.0280	0
1386	1958	-455.9409	0	52602.0276	0
1387	1958	-455.9409	0	52602.0271	0
1388	1958	-455.9408	0	52602.0263	0
1389	1958	-455.9407	0	52602.0243	0
1390	1958	-455.9408	0	52602.0228	0
1391	1958	-455.9409	0	52602.0219	0
1392	1958	-455.9411	0	52602.0212	0
1393	1958	-455.9413	0	52602.0208	0
1394	1958	-455.9415	0	52602.0206	0
1395	1958	-455.9420	0	52602.0197	0
1396	1958	-455.9425	0	52602.0186	0
1397	1958	-455.9428	0	52602.0174	0
1398	1958	-455.9432	0	52602.0170	0
1399	1958	-455.9435	0	52602.0169	0
1400	1958	-455.9437	0	52602.0167	0
1401	1958	-455.9441	0	52602.0156	0
1402	1958	-455.9448	0	52602.0133	0
1403	1958	-455.9456	0	52602.0115	0
1404	1958	-455.9461	0	52602.0111	0
1405	1958	-455.9467	0	52602.0107	0
1406	1958	-455.9473	0	52602.0106	0
1407	1958	-455.9477	0	52602.0100	0
1408	1958	-455.9486	0	52602.0091	0
1409	1958	-455.9493	0	52602.0088	0
1410	1958	-455.9497	0	52602.0084	0
1411	1958	-455.9500	0	52602.0080	0
1412	1958	-455.9504	0	52602.0079	0
1413	1958	-455.9511	0	52602.0065	0
1414	1958	-455.9518	0	52602.0055	0
1415	1958	-455.9521	0	52602.0049	0
1416	1958	-455.9527	0	52602.0042	0
1417	1958	-455.9532	0	52602.0040	0
1418	1958	-455.9537	0	52602.0033	0
1419	1958	-455.9543	0	52602.0026	0
1420	1958	-455.9549	0	52602.0015	0
1421	1958	-455.9553	0	52602.0008	0
1422	1958	-455.9556	0	52602.0002	0
1423	1958	-455.9557	0	52602.0002	0
1424	1958	-455.9557	0	52602.0004	0
1425	1958	-455.9558	0	52602.0000	0
1426	1958	-455.9560	0	52601.9994	0
1427	1958	-455.9562	0	52601.9985	0
1428	1958	-455.9564	0	52601.9975	0
1429	1958	-455.9565	0	52601.9966	0
1430	1958	-455.9567	0	52601.9961	0
1431	1958	-455.9570	0	52601.9956	0
1432	1958	-455.9573	0	52601.9953	0
1433	1958	-455.9575	0	52601.9946	0
1434	1958	-455.9579	0	52601.9937	0
1435	1958	-455.9584	0	52601.9929	0
1436	1958	-455.9586	0	52601.9923	0
1437	1958	-455.9588	0	52601.9920	0
1438	1958	-455.9588	0	52601.9919	0
1439	1958	-455.9589	0	52601.9916	0
1440	1958	-455.9589	0	52601.9910	0
1441	1958	-455.9590	0	52601.9895	0
1442	1958	-455.9590	0	52601.9881	0
1443	1958	-455.9590	0	52601.9872	0
1444	1958	-455.9590	0	52601.9866	0
1445	1958	-455.9591	0	52601.9864	0
1446	1958	-455.9593	0	52601.9862	0
1447	1958	-455.9597	0	52601.9848	0
1448	1958	-455.9599	0	52601.9832	0
1449	1958	-455.9601	0	52601.9824	0
1450	1958	-455.9601	0	52601.9820	0
1451	1958	-455.9601	0	52601.9816	0
1452	1958	-455.9600	0	52601.9814	0
1453	1958	-455.9599	0	52601.9802	0
1454	1958	-455.9598	0	52601.9787	0
1455	1958	-455.9597	0	52601.9772	0
1456	1958	-455.9596	0	52601.9769	0
1457	1958	-455.9596	0	52601.9767	0
1458	1958	-455.9596	0	52601.9766	0
1459	1958	-455.9596	0	52601.9759	0
1460	1958	-455.9598	0	52601.9747	0
1461	1958	-455.9599	0	52601.9733	0
1462	1958	-455.9599	0	52601.9727	0
1463	1958	-455.9597	0	52601.9723	0
1464	1958	-455.9594	0	52601.9719	0
1465	1958	-455.9592	0	52601.9714	0
1466	1958	-455.9589	0	52601.9700	0
1467	1958	-455.9587	0	52601.9683	0
1468	1958	-455.9586	0	52601.9673	0
1469	1958	-455.9585	0	52601.9668	0
1470	1958	-455.9584	0	52601.9663	0
1471	1958	-455.9584	0	52601.9661	0
1472	1958	-455.9584	0	52601.9652	0
1473	1958	-455.9585	0	52601.9638	0
1474	1958	-455.9586	0	52601.9627	0
1475	1958	-455.9585	0	52601.9621	0
1476	1958	-455.9585	0	52601.9616	0
1477	1958	-455.9584	0	52601.9611	0
1478	1958	-455.9583	0	52601.9601	0
1479	1958	-455.9582	0	52601.9585	0
1480	1958	-455.9581	0	52601.9575	0
1481	1958	-455.9581	0	52601.9568	0
1482	1958	-455.9580	0	52601.9566	0
1483	1958	-455.9581	0	52601.9562	0
1484	1958	-455.9583	0	52601.9554	0
1485	1958	-455.9585	0	52601.9538	0
1486	1958	-455.9586	0	52601.9525	0
1487	1958	-455.9589	0	52601.9516	0
1488	1958	-455.9589	0	52601.9509	0
1489	1958	-455.9589	0	52601.9505	0
1490	1958	-455.9589	0	52601.9496	0
1491	1958	-455.9589	0	52601.9482	0
1492	1958	-455.9591	0	52601.9468	0
1493	1958	-455.9591	0	52601.9464	0
1494	1958	-455.9592	0	52601.9461	0
1495	1958	-455.9595	0	52601.9459	0
1496	1958	-455.9598	0	52601.9450	0
1497	1958	-455.9601	0	52601.9438	0
1498	1958	-455.9602	0	52601.9428	0
1499	1958	-455.9604	0	52601.9422	0
1500	1958	-455.9603	0	52601.9418	0
1501	1958	-455.9602	0	52601.9409	0
1502	1958	-455.9602	0	52601.9395	0
1503	1958	-455.9602	0	52601.9382	0
1504	1958	-455.9602	0	52601.9375	0
1505	1958	-455.9602	0	52601.9366	0
1506	1958	-455.9603	0	52601.9359	0
1507	1958	-455.9604	0	52601.9361	0
1508	1958	-455.9605	0	52601.9356	0
1509	1958	-455.9606	0	52601.9345	0
1510	1958	-455.9608	0	52601.9337	0
1511	1958	-455.9610	0	52601.9321	0
1512	1958	-455.9611	0	52601.9313	0
1513	1958	-455.9609	0	52601.9311	0
1514	1958	-455.9607	0	52601.9308	0
1515	1958	-455.9607	0	52601.9294	0
1516	1958	-455.9606	0	52601.9282	0
1517	1958	-455.9604	0	52601.9278	0
1518	1958	-455.9604	0	52601.9275	0
1519	1958	-455.9605	0	52601.9274	0
1520	1958	-455.9606	0	52601.9267	0
1521	1958	-455.9607	0	52601.9251	0
1522	1958	-455.9607	0	52601.9238	0
1523	1958	-455.9605	0	52601.9229	0
1524	1958	-455.9604	0	52601.9224	0
1525	1958	-455.9603	0	52601.9224	0
1526	1958	-455.9602	0	52601.9211	0
1527	1958	-455.9600	0	52601.9195	0
1528	1958	-455.9600	0	52601.9182	0
1529	1958	-455.9601	0	52601.9175	0
1530	1958	-455.9603	0	52601.9168	0
1531	1958	-455.9603	0	52601.9163	0
1532	1958	-455.9604	0	52601.9157	0
1533	1958	-455.9605	0	52601.9147	0
1534	1958	-455.9605	0	52601.9137	0
1535	1958	-455.9604	0	52601.9131	0
1536	1958	-455.9603	0	52601.9124	0
1537	1958	-455.9603	0	52601.9119	0
1538	1958	-455.9602	0	52601.9111	0
1539	1958	-455.9600	0	52601.9096	0
1540	1958	-455.9598	0	52601.9098	0
1541	1958	-455.9598	0	52601.9091	0
1542	1958	-455.9598	0	52601.9077	0
1543	1958	-455.9598	0	52601.9076	0
1544	1958	-455.9600	0	52601.9069	0
1545	1958	-455.9601	0	52601.9059	0
1546	1958	-455.9599	0	52601.9048	0
1547	1958	-455.9598	0	52601.9042	0
1548	1958	-455.9598	0	52601.9034	0
1549	1958	-455.9597	0	52601.9027	0
1550	1958	-455.9595	0	52601.9014	0
1551	1958	-455.9596	0	52601.8989	0
1552	1958	-455.9594	0	52601.8980	0
1553	1958	-455.9594	0	52601.8977	0
1554	1958	-455.9594	0	52601.8976	0
1555	1958	-455.9598	0	52601.8971	0
1556	1958	-455.9600	0	52601.8956	0
1557	1958	-455.9601	0	52601.8942	0
1558	1958	-455.9601	0	52601.8932	0
1559	1958	-455.9599	0	52601.8932	0
1560	1958	-455.9597	0	52601.8929	0
1561	1958	-455.9594	0	52601.8928	0
1562	1958	-455.9594	0	52601.8915	0
1563	1958	-455.9593	0	52601.8897	0
1564	1958	-455.9591	0	52601.8882	0
1565	1958	-455.9592	0	52601.8871	0
1566	1958	-455.9594	0	52601.8865	0
1567	1958	-455.9596	0	52601.8854	0
1568	1958	-455.9598	0	52601.8836	0
1569	1958	-455.9598	0	52601.8822	0
1570	1958	-455.9598	0	52601.8817	0
1571	1958	-455.9596	0	52601.8809	0
1572	1958	-455.9595	0	52601.8798	0
1573	1958	-455.9594	0	52601.8783	0
1574	1958	-455.9595	0	52601.8760	0
1575	1958	-455.9591	0	52601.8767	0
1576	1958	-455.9591	0	52601.8767	0
1577	1958	-455.9590	0	52601.8744	0
1578	1958	-455.9590	0	52601.8733	0
1579	1958	-455.9593	0	52601.8726	0
1580	1958	-455.9597	0	52601.8709	0
1581	1958	-455.9598	0	52601.8699	0
1582	1958	-455.9598	0	52601.8702	0
1583	1958	-455.9596	0	52601.8704	0
1584	1958	-455.9593	0	52601.8693	0
1585	1958	-455.9589	0	52601.8671	0
1586	1958	-455.9587	0	52601.8648	0
1587	1958	-455.9586	0	52601.8621	0
1588	1958	-455.9586	0	52601.8585	0
1589	1958	-455.9587	0	52601.8527	0
1590	1958	-455.9587	0	52601.8471	0
1591	1958	-455.9590	0	52601.8510	0
1592	1958	-455.9587	0	52601.8541	0
1593	1958	-455.9587	0	52601.8386	0
1594	1958	-455.9586	0	52601.8270	0
1595	1958	-455.9585	0	52601.8270	0
1596	1958	-455.9581	0	52601.8289	0
1597	1958	-455.9579	0	52601.8355	0
1598	1958	-455.9579	0	52601.8471	0
1599	1958	-455.9576	0	52601.8539	0
1600	1958	-455.9572	0	52601.8554	0
1601	1958	-455.9571	0	52601.8563	0
1602	1958	-455.9571	0	52601.8563	0
1603	1958	-455.9571	0	52601.8516	0
1604	1958	-455.9569	0	52601.8493	0
1605	1958	-455.9568	0	52601.8484	0
1606	1958	-455.9566	0	52601.8480	0
1607	1958	-455.9564	0	52601.8476	0
1608	1958	-455.9562	0	52601.8474	0
1609	1958	-455.9559	0	52601.8476	0
1610	1958	-455.9557	0	52601.8481	0
1611	1958	-455.9554	0	52601.8489	0
1612	1958	-455.9551	0	52601.8495	0
1613	1958	-455.9550	0	52601.8491	0
1614	1958	-455.9549	0	52601.8479	0
1615	1958	-455.9548	0	52601.8458	0
1616	1958	-455.9547	0	52601.8430	0
1617	1958	-455.9548	0	52601.8426	0
1618	1958	-455.9549	0	52601.8428	0
1619	1958	-455.9550	0	52601.8436	0
1620	1958	-455.9552	0	52601.8422	0
1621	1958	-455.9554	0	52601.8413	0
1622	1958	-455.9555	0	52601.8420	0
1623	1958	-455.9556	0	52601.8413	0
1624	1958	-455.9556	0	52601.8403	0
1625	1958	-455.9556	0	52601.8393	0
1626	1958	-455.9555	0	52601.8372	0
1627	1958	-455.9553	0	52601.8371	0
1628	1958	-455.9551	0	52601.8385	0
1629	1958	-455.9547	0	52601.8387	0
1630	1958	-455.9545	0	52601.8378	0
1631	1958	-455.9543	0	52601.8374	0
1632	1958	-455.9542	0	52601.8356	0
1633	1958	-455.9541	0	52601.8345	0
1634	1958	-455.9541	0	52601.8342	0
1635	1958	-455.9540	0	52601.8351	0
1636	1958	-455.9540	0	52601.8341	0
1637	1958	-455.9539	0	52601.8312	0
1638	1958	-455.9539	0	52601.8294	0
1639	1958	-455.9537	0	52601.8269	0
1640	1958	-455.9534	0	52601.8253	0
1641	1958	-455.9530	0	52601.8236	0
1642	1958	-455.9529	0	52601.8208	0
1643	1958	-455.9526	0	52601.8178	0
1644	1958	-455.9524	0	52601.8157	0
1645	1958	-455.9523	0	52601.8145	0
1646	1958	-455.9522	0	52601.8134	0
1647	1958	-455.9521	0	52601.8127	0
1648	1958	-455.9519	0	52601.8133	0
1649	1958	-455.9520	0	52601.8139	0
1650	1958	-455.9520	0	52601.8138	0
1651	1958	-455.9521	0	52601.8126	0
1652	1958	-455.9520	0	52601.8130	0
1653	1958	-455.9518	0	52601.8139	0
1654	1958	-455.9519	0	52601.8147	0
1655	1958	-455.9517	0	52601.8150	0
1656	1958	-455.9515	0	52601.8159	0
1657	1958	-455.9515	0	52601.8162	0
1658	1958	-455.9514	0	52601.8167	0
1659	1958	-455.9513	0	52601.8162	0
1660	1958	-455.9516	0	52601.8137	0
1661	1958	-455.9518	0	52601.8112	0
1662	1958	-455.9518	0	52601.8119	0
1663	1958	-455.9518	0	52601.8121	0
1664	1958	-455.9517	0	52601.8118	0
1665	1958	-455.9516	0	52601.8121	0
1666	1958	-455.9515	0	52601.8115	0
1667	1958	-455.9514	0	52601.8109	0
1668	1958	-455.9514	0	52601.8107	0
1669	1958	-455.9514	0	52601.8113	0
1670	1958	-455.9512	0	52601.8109	0
1671	1958	-455.9513	0	52601.8103	0
1672	1958	-455.9515	0	52601.8093	0
1673	1958	-455.9518	0	52601.8089	0
1674	1958	-455.9520	0	52601.8088	0
1675	1958	-455.9521	0	52601.8092	0
1676	1958	-455.9520	0	52601.8097	0
1677	1958	-455.9519	0	52601.8099	0
1678	1958	-455.9517	0	52601.8085	0
1679	1958	-455.9517	0	52601.8059	0
1680	1958	-455.9517	0	52601.8042	0
1681	1958	-455.9516	0	52601.8039	0
1682	1958	-455.9516	0	52601.8039	0
1683	1958	-455.9516	0	52601.8027	0
1684	1958	-455.9517	0	52601.8022	0
1685	1958	-455.9519	0	52601.8017	0
1686	1958	-455.9521	0	52601.8011	0
1687	1958	-455.9522	0	52601.8013	0
1688	1958	-455.9521	0	52601.8018	0
1689	1958	-455.9519	0	52601.8032	0
1690	1958	-455.9518	0	52601.8022	0
1691	1958	-455.9517	0	52601.8006	0
1692	1958	-455.9517	0	52601.7992	0
1693	1958	-455.9515	0	52601.8011	0
1694	1958	-455.9514	0	52601.8010	0
1695	1958	-455.9515	0	52601.8014	0
1696	1958	-455.9518	0	52601.7979	0
1697	1958	-455.9521	0	52601.7949	0
1698	1958	-455.9522	0	52601.7942	0
1699	1958	-455.9523	0	52601.7940	0
1700	1958	-455.9523	0	52601.7935	0
1701	1958	-455.9523	0	52601.7934	0
1702	1958	-455.9523	0	52601.7921	0
1703	1958	-455.9522	0	52601.7912	0
1704	1958	-455.9522	0	52601.7909	0
1705	1958	-455.9521	0	52601.7913	0
1706	1958	-455.9521	0	52601.7914	0
1707	1958	-455.9522	0	52601.7911	0
1708	1958	-455.9522	0	52601.7905	0
1709	1958	-455.9525	0	52601.7887	0
1710	1958	-455.9524	0	52601.7875	0
1711	1958	-455.9524	0	52601.7867	0
1712	1958	-455.9523	0	52601.7860	0
1713	1958	-455.9522	0	52601.7853	0
1714	1958	-455.9519	0	52601.7847	0
1715	1958	-455.9518	0	52601.7831	0
1716	1958	-455.9517	0	52601.7826	0
1717	1958	-455.9517	0	52601.7833	0
1718	1958	-455.9516	0	52601.7827	0
1719	1958	-455.9516	0	52601.7821	0
1720	1958	-455.9517	0	52601.7806	0
1721	1958	-455.9516	0	52601.7796	0
1722	1958	-455.9515	0	52601.7779	0
1723	1958	-455.9515	0	52601.7764	0
1724	1958	-455.9514	0	52601.7745	0
1725	1958	-455.9512	0	52601.7734	0
1726	1958	-455.9510	0	52601.7725	0
1727	1958	-455.9508	0	52601.7713	0
1728	1958	-455.9508	0	52601.7705	0
1729	1958	-455.9508	0	52601.7693	0
1730	1958	-455.9509	0	52601.7693	0
1731	1958	-455.9513	0	52601.7671	0
1732	1958	-455.9514	0	52601.7658	0
1733	1958	-455.9516	0	52601.7645	0
1734	1958	-455.9515	0	52601.7635	0
1735	1958	-455.9515	0	52601.7627	0
1736	1958	-455.9513	0	52601.7620	0
1737	1958	-455.9511	0	52601.7608	0
1738	1958	-455.9509	0	52601.7599	0
1739	1958	-455.9509	0	52601.7592	0
1740	1958	-455.9509	0	52601.7584	0
1741	1958	-455.9512	0	52601.7573	0
1742	1958	-455.9513	0	52601.7569	0
1743	1958	-455.9514	0	52601.7553	0
1744	1958	-455.9514	0	52601.7533	0
1745	1958	-455.9513	0	52601.7521	0
1746	1958	-455.9513	0	52601.7517	0
1747	1958	-455.9512	0	52601.7521	0
1748	1958	-455.9513	0	52601.7503	0
1749	1958	-455.9511	0	52601.7486	0
1750	1958	-455.9509	0	52601.7476	0
1751	1958	-455.9508	0	52601.7472	0
1752	1958	-455.9510	0	52601.7466	0
1753	1958	-455.9511	0	52601.7459	0
1754	1958	-455.9513	0	52601.7447	0
1755	1958	-455.9515	0	52601.7438	0
1756	1958	-455.9514	0	52601.7435	0
1757	1958	-455.9514	0	52601.7419	0
1758	1958	-455.9514	0	52601.7418	0
1759	1958	-455.9514	0	52601.7418	0
1760	1958	-455.9514	0	52601.7398	0
1761	1958	-455.9514	0	52601.7376	0
1762	1958	-455.9513	0	52601.7362	0
1763	1958	-455.9515	0	52601.7347	0
1764	1958	-455.9517	0	52601.7342	0
1765	1958	-455.9519	0	52601.7341	0
1766	1958	-455.9520	0	52601.7320	0
1767	1958	-455.9520	0	52601.7307	0
1768	1958	-455.9520	0	52601.7287	0
1769	1958	-455.9521	0	52601.7279	0
1770	1958	-455.9518	0	52601.7282	0
1771	1958	-455.9516	0	52601.7268	0
1772	1958	-455.9512	0	52601.7257	0
1773	1958	-455.9511	0	52601.7238	0
1774	1958	-455.9510	0	52601.7225	0
1775	1958	-455.9511	0	52601.7221	0
1776	1958	-455.9510	0	52601.7225	0
1777	1958	-455.9510	0	52601.7216	0
1778	1958	-455.9506	0	52601.7197	0
1779	1958	-455.9504	0	52601.7184	0
1780	1958	-455.9503	0	52601.7180	0
1781	1958	-455.9503	0	52601.7179	0
1782	1958	-455.9499	0	52601.7173	0
1783	1958	-455.9494	0	52601.7160	0
1784	1958	-455.9490	0	52601.7138	0
1785	1958	-455.9486	0	52601.7125	0
1786	1958	-455.9483	0	52601.7120	0
1787	1958	-455.9481	0	52601.7124	0
1788	1958	-455.9481	0	52601.7127	0
1789	1958	-455.9479	0	52601.7116	0
1790	1958	-455.9476	0	52601.7101	0
1791	1958	-455.9474	0	52601.7084	0
1792	1958	-455.9472	0	52601.7078	0
1793	1958	-455.9469	0	52601.7088	0
1794	1958	-455.9468	0	52601.7080	0
1795	1958	-455.9466	0	52601.7077	0
1796	1958	-455.9463	0	52601.7054	0
1797	1958	-455.9461	0	52601.7039	0
1798	1958	-455.9460	0	52601.7034	0
1799	1958	-455.9460	0	52601.7027	0
1800	1958	-455.9460	0	52601.7024	0
1801	1958	-455.9461	0	52601.7030	0
1802	1958	-455.9460	0	52601.7026	0
1803	1958	-455.9459	0	52601.7019	0
1804	1958	-455.9459	0	52601.7017	0
1805	1958	-455.9460	0	52601.6998	0
1806	1958	-455.9458	0	52601.6998	0
1807	1958	-455.9457	0	52601.6986	0
1808	1958	-455.9457	0	52601.6976	0
1809	1958	-455.9457	0	52601.6966	0
1810	1958	-455.9459	0	52601.6969	0
1811	1958	-455.9461	0	52601.6970	0
1812	1958	-455.9462	0	52601.6971	0
1813	1958	-455.9464	0	52601.6972	0
1814	1958	-455.9466	0	52601.6954	0
1815	1958	-455.9466	0	52601.6948	0
1816	1958	-455.9467	0	52601.6946	0
1817	1958	-455.9469	0	52601.6933	0
1818	1958	-455.9471	0	52601.6929	0
1819	1958	-455.9472	0	52601.6928	0
1820	1958	-455.9473	0	52601.6915	0
1821	1958	-455.9474	0	52601.6905	0
1822	1958	-455.9476	0	52601.6895	0
1823	1958	-455.9478	0	52601.6904	0
1824	1958	-455.9479	0	52601.6901	0
1825	1958	-455.9482	0	52601.6877	0
1826	1958	-455.9485	0	52601.6855	0
1827	1958	-455.9487	0	52601.6848	0
1828	1958	-455.9488	0	52601.6845	0
1829	1958	-455.9488	0	52601.6851	0
1830	1958	-455.9489	0	52601.6853	0
1831	1958	-455.9489	0	52601.6854	0
1832	1958	-455.9490	0	52601.6842	0
1833	1958	-455.9492	0	52601.6826	0
1834	1958	-455.9492	0	52601.6820	0
1835	1958	-455.9495	0	52601.6818	0
1836	1958	-455.9498	0	52601.6812	0
1837	1958	-455.9502	0	52601.6803	0
1838	1958	-455.9506	0	52601.6794	0
1839	1958	-455.9508	0	52601.6785	0
1840	1958	-455.9509	0	52601.6782	0
1841	1958	-455.9508	0	52601.6781	0
1842	1958	-455.9508	0	52601.6774	0
1843	1958	-455.9507	0	52601.6772	0
1844	1958	-455.9507	0	52601.6765	0
1845	1958	-455.9507	0	52601.6763	0
1846	1958	-455.9507	0	52601.6762	0
1847	1958	-455.9506	0	52601.6768	0
1848	1958	-455.9508	0	52601.6765	0
1849	1958	-455.9511	0	52601.6738	0
1850	1958	-455.9511	0	52601.6735	0
1851	1958	-455.9509	0	52601.6733	0
1852	1958	-455.9509	0	52601.6733	0
1853	1958	-455.9506	0	52601.6733	0
1854	1958	-455.9504	0	52601.6714	0
1855	1958	-455.9501	0	52601.6687	0
1856	1958	-455.9500	0	52601.6691	0
1857	1958	-455.9499	0	52601.6679	0
1858	1958	-455.9499	0	52601.6662	0
1859	1958	-455.9499	0	52601.6649	0
1860	1958	-455.9500	0	52601.6638	0
1861	1958	-455.9500	0	52601.6601	0
1862	1958	-455.9503	0	52601.6581	0
1863	1958	-455.9502	0	52601.6581	0
1864	1958	-455.9502	0	52601.6567	0
1865	1958	-455.9501	0	52601.6550	0
1866	1958	-455.9498	0	52601.6536	0
1867	1958	-455.9496	0	52601.6518	0
1868	1958	-455.9493	0	52601.6512	0
1869	1958	-455.9491	0	52601.6503	0
1870	1958	-455.9489	0	52601.6506	0
1871	1958	-455.9488	0	52601.6501	0
1872	1958	-455.9487	0	52601.6486	0
1873	1958	-455.9485	0	52601.6481	0
1874	1958	-455.9483	0	52601.6479	0
1875	1958	-455.9481	0	52601.6479	0
1876	1958	-455.9479	0	52601.6479	0
1877	1958	-455.9476	0	52601.6486	0
1878	1958	-455.9474	0	52601.6468	0
1879	1958	-455.9472	0	52601.6447	0
1880	1958	-455.9470	0	52601.6447	0
1881	1958	-455.9468	0	52601.6447	0
1882	1958	-455.9466	0	52601.6447	0
1883	1958	-455.9463	0	52601.6447	0
1884	1958	-455.9462	0	52601.6433	0
1885	1958	-455.9461	0	52601.6414	0
1886	1958	-455.9459	0	52601.6400	0
1887	1958	-455.9457	0	52601.6395	0
1888	1958	-455.9454	0	52601.6393	0
1889	1958	-455.9449	0	52601.6385	0
1890	1958	-455.9447	0	52601.6368	0
1891	1958	-455.9446	0	52601.6348	0
1892	1958	-455.9444	0	52601.6326	0
1893	1958	-455.9440	0	52601.6318	0
1894	1958	-455.9438	0	52601.6322	0
1895	1958	-455.9436	0	52601.6324	0
1896	1958	-455.9434	0	52601.6318	0
1897	1958	-455.9431	0	52601.6316	0
1898	1958	-455.9428	0	52601.6308	0
1899	1958	-455.9428	0	52601.6305	0
1900	1958	-455.9425	0	52601.6289	0
1901	1958	-455.9422	0	52601.6269	0
1902	1958	-455.9421	0	52601.6254	0
1903	1958	-455.9420	0	52601.6249	0
1904	1958	-455.9419	0	52601.6247	0
1905	1958	-455.9418	0	52601.6254	0
1906	1958	-455.9417	0	52601.6250	0
1907	1958	-455.9417	0	52601.6226	0
1908	1958	-455.9417	0	52601.6210	0
1909	1958	-455.9414	0	52601.6203	0
1910	1958	-455.9411	0	52601.6201	0
1911	1958	-455.9409	0	52601.6193	0
1912	1958	-455.9405	0	52601.6183	0
1913	1958	-455.9403	0	52601.6172	0
1914	1958	-455.9401	0	52601.6175	0
1915	1958	-455.9400	0	52601.6177	0
1916	1958	-455.9399	0	52601.6178	0
1917	1958	-455.9399	0	52601.6163	0
1918	1958	-455.9400	0	52601.6150	0
1919	1958	-455.9399	0	52601.6138	0
1920	1958	-455.9397	0	52601.6126	0
1921	1958	-455.9397	0	52601.6114	0
1922	1958	-455.9396	0	52601.6109	0
1923	1958	-455.9398	0	52601.6093	0
1924	1958	-455.9402	0	52601.6079	0
1925	1958	-455.9406	0	52601.6075	0
1926	1958	-455.9408	0	52601.6073	0
1927	1958	-455.9411	0	52601.6081	0
1928	1958	-455.9418	0	52601.6062	0
1929	1958	-455.9422	0	52601.6047	0
1930	1958	-455.9425	0	52601.6018	0
1931	1958	-455.9427	0	52601.6000	0
1932	1958	-455.9427	0	52601.6001	0
1933	1958	-455.9427	0	52601.6002	0
1934	1958	-455.9427	0	52601.6003	0
1935	1958	-455.9427	0	52601.5979	0
1936	1958	-455.9428	0	52601.5963	0
1937	1958	-455.9429	0	52601.5949	0
1938	1958	-455.9429	0	52601.5944	0
1939	1958	-455.9429	0	52601.5951	0
1940	1958	-455.9428	0	52601.5954	0
1941	1958	-455.9428	0	52601.5939	0
1942	1958	-455.9429	0	52601.5926	0
1943	1958	-455.9429	0	52601.5921	0
1944	1958	-455.9431	0	52601.5928	0
1945	1958	-455.9433	0	52601.5931	0
1946	1958	-455.9435	0	52601.5908	0
1947	1958	-455.9438	0	52601.5900	0
1948	1958	-455.9440	0	52601.5897	0
1949	1958	-455.9443	0	52601.5888	0
1950	1958	-455.9446	0	52601.5885	0
1951	1958	-455.9446	0	52601.5868	0
1952	1958	-455.9445	0	52601.5853	0
1953	1958	-455.9446	0	52601.5840	0
1954	1958	-455.9444	0	52601.5843	0
1955	1958	-455.9445	0	52601.5845	0
1956	1958	-455.9446	0	52601.5838	0
1957	1958	-455.9445	0	52601.5827	0
1958	1958	-455.9444	0	52601.5823	0
1959	1958	-455.9445	0	52601.5822	0
1960	1958	-455.9446	0	52601.5813	0
1961	1958	-455.9447	0	52601.5819	0
1962	1958	-455.9448	0	52601.5804	0
1963	1958	-455.9449	0	52601.5791	0
1964	1958	-455.9450	0	52601.5786	0
1965	1958	-455.9450	0	52601.5785	0
1966	1958	-455.9450	0	52601.5776	0
1967	1958	-455.9451	0	52601.5764	0
1968	1958	-455.9450	0	52601.5751	0
1969	1958	-455.9450	0	52601.5747	0
1970	1958	-455.9451	0	52601.5746	0
1971	1958	-455.9453	0	52601.5728	0
1972	1958	-455.9454	0	52601.5722	0
1973	1958	-455.9455	0	52601.5712	0
1974	1958	-455.9454	0	52601.5708	0
1975	1958	-455.9452	0	52601.5707	0
1976	1958	-455.9452	0	52601.5698	0
1977	1958	-455.9453	0	52601.5686	0
1978	1958	-455.9454	0	52601.5673	0
1979	1958	-455.9453	0	52601.5660	0
1980	1958	-455.9451	0	52601.5646	0
1981	1958	-455.9451	0	52601.5642	0
1982	1958	-455.9453	0	52601.5631	0
1983	1958	-455.9453	0	52601.5619	0
1984	1958	-455.9454	0	52601.5606	0
1985	1958	-455.9454	0	52601.5593	0
1986	1958	-455.9453	0	52601.5588	0
1987	1958	-455.9454	0	52601.5568	0
1988	1958	-455.9454	0	52601.5562	0
1989	1958	-455.9454	0	52601.5568	0
1990	1958	-455.9454	0	52601.5562	0
1991	1958	-455.9453	0	52601.5551	0
1992	1958	-455.9452	0	52601.5538	0
1993	1958	-455.9453	0	52601.5534	0
1994	1958	-455.9453	0	52601.5523	0
1995	1958	-455.9455	0	52601.5511	0
1996	1958	-455.9457	0	52601.5507	0
1997	1958	-455.9459	0	52601.5487	0
1998	1958	-455.9459	0	52601.5471	0
1999	1958	-455.9460	0	52601.5465	0
2000	1958	-455.9459	0	52601.5454	0
2001	1958	-455.9461	0	52601.5441	0
2002	1958	-455.9461	0	52601.5437	0
2003	1958	-455.9463	0	52601.5417	0
2004	1958	-455.9463	0	52601.5410	0
2005	1958	-455.9464	0	52601.5417	0
2006	1958	-455.9464	0	52601.5411	0
2007	1958	-455.9464	0	52601.5409	0
2008	1958	-455.9466	0	52601.5390	0
2009	1958	-455.9470	0	52601.5365	0
2010	1958	-455.9472	0	52601.5337	0
2011	1958	-455.9474	0	52601.5326	0
2012	1958	-455.9475	0	52601.5313	0
2013	1958	-455.9473	0	52601.5309	0
2014	1958	-455.9474	0	52601.5298	0
2015	1958	-455.9474	0	52601.5275	0
2016	1958	-455.9475	0	52601.5267	0
2017	1958	-455.9473	0	52601.5274	0
2018	1958	-455.9474	0	52601.5268	0
2019	1958	-455.9474	0	52601.5256	0
2020	1958	-455.9477	0	52601.5232	0
2021	1958	-455.9479	0	52601.5214	0
2022	1958	-455.9481	0	52601.5208	0
2023	1958	-455.9482	0	52601.5197	0
2024	1958	-455.9481	0	52601.5202	0
2025	1958	-455.9481	0	52601.5205	0
2026	1958	-455.9481	0	52601.5187	0
2027	1958	-455.9482	0	52601.5180	0
2028	1958	-455.9482	0	52601.5178	0
2029	1958	-455.9483	0	52601.5178	0
2030	1958	-455.9484	0	52601.5168	0
2031	1958	-455.9486	0	52601.5155	0
2032	1958	-455.9488	0	52601.5130	0
2033	1958	-455.9489	0	52601.5131	0
2034	1958	-455.9487	0	52601.5142	0
2035	1958	-455.9485	0	52601.5136	0
2036	1958	-455.9483	0	52601.5114	0
2037	1958	-455.9482	0	52601.5085	0
2038	1958	-455.9483	0	52601.5054	0
2039	1958	-455.9483	0	52601.5043	0
2040	1958	-455.9483	0	52601.5040	0
2041	1958	-455.9483	0	52601.5038	0
2042	1958	-455.9483	0	52601.5039	0
2043	1958	-455.9484	0	52601.5029	0
2044	1958	-455.9482	0	52601.5025	0
2045	1958	-455.9481	0	52601.5034	0
2046	1958	-455.9480	0	52601.5039	0
2047	1958	-455.9478	0	52601.5029	0
2048	1958	-455.9475	0	52601.5026	0
2049	1958	-455.9474	0	52601.5015	0
2050	1958	-455.9472	0	52601.5010	0
2051	1958	-455.9470	0	52601.5009	0
2052	1958	-455.9469	0	52601.5008	0
2053	1958	-455.9468	0	52601.4998	0
2054	1958	-455.9468	0	52601.4994	0
2055	1958	-455.9467	0	52601.4983	0
2056	1958	-455.9467	0	52601.4978	0
2057	1958	-455.9464	0	52601.4966	0
2058	1958	-455.9461	0	52601.4961	0
2059	1958	-455.9459	0	52601.4928	0
2060	1958	-455.9457	0	52601.4926	0
2061	1958	-455.9456	0	52601.4915	0
2062	1958	-455.9454	0	52601.4911	0
2063	1958	-455.9454	0	52601.4910	0
2064	1958	-455.9454	0	52601.4899	0
2065	1958	-455.9455	0	52601.4874	0
2066	1958	-455.9456	0	52601.4876	0
2067	1958	-455.9455	0	52601.4855	0
2068	1958	-455.9453	0	52601.4859	0
2069	1958	-455.9452	0	52601.4849	0
2070	1958	-455.9448	0	52601.4835	0
2071	1958	-455.9447	0	52601.4830	0
2072	1958	-455.9448	0	52601.4828	0
2073	1958	-455.9449	0	52601.4806	0
2074	1958	-455.9448	0	52601.4787	0
2075	1958	-455.9449	0	52601.4781	0
2076	1958	-455.9450	0	52601.4756	0
2077	1958	-455.9450	0	52601.4748	0
2078	1958	-455.9450	0	52601.4734	0
2079	1958	-455.9450	0	52601.4729	0
2080	1958	-455.9449	0	52601.4727	0
2081	1958	-455.9448	0	52601.4716	0
2082	1958	-455.9448	0	52601.4712	0
2083	1958	-455.9447	0	52601.4711	0
2084	1958	-455.9447	0	52601.4700	0
2085	1958	-455.9448	0	52601.4685	0
2086	1958	-455.9448	0	52601.4680	0
2087	1958	-455.9448	0	52601.4678	0
2088	1958	-455.9449	0	52601.4678	0
2089	1958	-455.9450	0	52601.4667	0
2090	1958	-455.9453	0	52601.4664	0
2091	1958	-455.9453	0	52601.4662	0
2092	1958	-455.9452	0	52601.4651	0
2093	1958	-455.9453	0	52601.4635	0
2094	1958	-455.9451	0	52601.4618	0
2095	1958	-455.9451	0	52601.4601	0
2096	1958	-455.9452	0	52601.4595	0
2097	1958	-455.9451	0	52601.4604	0
2098	1958	-455.9452	0	52601.4608	0
2099	1958	-455.9455	0	52601.4610	0
2100	1958	-455.9457	0	52601.4600	0
2101	1958	-455.9456	0	52601.4608	0
2102	1958	-455.9457	0	52601.4599	0
2103	1958	-455.9458	0	52601.4597	0
2104	1958	-455.9456	0	52601.4595	0
2105	1958	-455.9456	0	52601.4584	0
2106	1958	-455.9456	0	52601.4580	0
2107	1958	-455.9455	0	52601.4578	0
2108	1958	-455.9456	0	52601.4578	0
2109	1958	-455.9458	0	52601.4578	0
2110	1958	-455.9459	0	52601.4578	0
2111	1958	-455.9460	0	52601.4567	0
2112	1958	-455.9463	0	52601.4575	0
2113	1958	-455.9464	0	52601.4567	0
2114	1958	-455.9462	0	52601.4563	0
2115	1958	-455.9462	0	52601.4562	0
2116	1958	-455.9462	0	52601.4550	0
2117	1958	-455.9466	0	52601.4558	0
2118	1958	-455.9469	0	52601.4550	0
2119	1958	-455.9470	0	52601.4559	0
2120	1958	-455.9472	0	52601.4562	0
2121	1958	-455.9475	0	52601.4564	0
2122	1958	-455.9476	0	52601.4576	0
2123	1958	-455.9477	0	52601.4570	0
2124	1958	-455.9478	0	52601.4567	0
2125	1958	-455.9478	0	52601.4555	0
2126	1958	-455.9479	0	52601.4550	0
2127	1958	-455.9479	0	52601.4560	0
2128	1958	-455.9478	0	52601.4540	0
2129	1958	-455.9478	0	52601.4533	0
2130	1958	-455.9476	0	52601.4530	0
2131	1958	-455.9476	0	52601.4518	0
2132	1958	-455.9476	0	52601.4513	0
2133	1958	-455.9476	0	52601.4512	0
2134	1958	-455.9476	0	52601.4488	0
2135	1958	-455.9475	0	52601.4490	0
2136	1958	-455.9473	0	52601.4492	0
2137	1958	-455.9476	0	52601.4469	0
2138	1958	-455.9475	0	52601.4449	0
2139	1958	-455.9472	0	52601.4499	0
2140	1958	-455.9472	0	52601.4436	0
2141	1958	-455.9473	0	52601.4401	0
2142	1958	-455.9471	0	52601.4435	0
2143	1958	-455.9471	0	52601.4437	0
2144	1958	-455.9473	0	52601.4426	0
2145	1958	-455.9473	0	52601.4434	0
2146	1958	-455.9473	0	52601.4437	0
2147	1958	-455.9471	0	52601.4426	0
2148	1958	-455.9471	0	52601.4423	0
2149	1958	-455.9469	0	52601.4433	0
2150	1958	-455.9469	0	52601.4437	0
2151	1958	-455.9470	0	52601.4427	0
2152	1958	-455.9470	0	52601.4411	0
2153	1958	-455.9468	0	52601.4393	0
2154	1958	-455.9468	0	52601.4386	0
2155	1958	-455.9467	0	52601.4372	0
2156	1958	-455.9467	0	52601.4367	0
2157	1958	-455.9468	0	52601.4353	0
2158	1958	-455.9470	0	52601.4348	0
2159	1958	-455.9472	0	52601.4335	0
2160	1958	-455.9472	0	52601.4330	0
2161	1958	-455.9471	0	52601.4328	0
2162	1958	-455.9468	0	52601.4328	0
2163	1958	-455.9467	0	52601.4303	0
2164	1958	-455.9466	0	52601.4282	0
2165	1958	-455.9463	0	52601.4261	0
2166	1958	-455.9460	0	52601.4241	0
2167	1958	-455.9457	0	52601.4221	0
2168	1958	-455.9453	0	52601.4214	0
2169	1958	-455.9452	0	52601.4211	0
2170	1958	-455.9453	0	52601.4198	0
2171	1958	-455.9452	0	52601.4194	0
2172	1958	-455.9451	0	52601.4192	0
2173	1958	-455.9448	0	52601.4192	0
2174	1958	-455.9444	0	52601.4191	0
2175	1958	-455.9439	0	52601.4191	0
2176	1958	-455.9435	0	52601.4191	0
2177	1958	-455.9432	0	52601.4190	0
2178	1958	-455.9432	0	52601.4179	0
2179	1958	-455.9432	0	52601.4149	0
2180	1958	-455.9431	0	52601.4137	0
2181	1958	-455.9431	0	52601.4121	0
2182	1958	-455.9431	0	52601.4102	0
2183	1958	-455.9428	0	52601.4082	0
2184	1958	-455.9429	0	52601.4075	0
2185	1958	-455.9427	0	52601.4059	0
2186	1958	-455.9426	0	52601.4054	0
2187	1958	-455.9425	0	52601.4052	0
2188	1958	-455.9423	0	52601.4052	0
2189	1958	-455.9420	0	52601.3999	0
2190	1958	-455.9418	0	52601.3966	0
2191	1958	-455.9416	0	52601.3968	0
2192	1958	-455.9413	0	52601.3941	0
2193	1958	-455.9412	0	52601.3959	0
2194	1958	-455.9412	0	52601.3966	0
2195	1958	-455.9413	0	52601.3956	0
2196	1958	-455.9412	0	52601.3952	0
2197	1958	-455.9411	0	52601.3951	0
2198	1958	-455.9410	0	52601.3951	0
2199	1958	-455.9407	0	52601.3951	0
2200	1958	-455.9406	0	52601.3951	0
2201	1958	-455.9404	0	52601.3938	0
2202	1958	-455.9402	0	52601.3959	0
2203	1958	-455.9400	0	52601.3954	0
2204	1958	-455.9399	0	52601.3952	0
2205	1958	-455.9400	0	52601.3898	0
2206	1958	-455.9400	0	52601.3850	0
2207	1958	-455.9401	0	52601.3777	0
2214	1958	-455.9383	0	52601.3693	0
2215	1958	-455.9386	0	52601.3799	0
2216	1958	-455.9387	0	52601.3854	0
2217	1958	-455.9390	0	52601.3890	0
2218	1958	-455.9389	0	52601.3904	0
2219	1958	-455.9389	0	52601.3896	0
2220	1958	-455.9388	0	52601.3866	0
2221	1958	-455.9388	0	52601.3868	0
2222	1958	-455.9389	0	52601.3869	0
2223	1958	-455.9391	0	52601.3856	0
2224	1958	-455.9393	0	52601.3838	0
2225	1958	-455.9387	0	52601.4005	0
2236	1958	-455.9386	0	52601.3963	0
2237	1958	-455.9386	0	52601.3942	0
2238	1958	-455.9383	0	52601.3935	0
2239	1958	-455.9381	0	52601.3919	0
2240	1958	-455.9383	0	52601.3927	0
2241	1958	-455.9381	0	52601.3916	0
2242	1958	-455.9381	0	52601.3912	0
2243	1958	-455.9381	0	52601.3910	0
2244	1958	-455.9381	0	52601.3910	0
2245	1958	-455.9383	0	52601.3910	0
2246	1958	-455.9384	0	52601.3910	0
2247	1958	-455.9382	0	52601.3910	0
2248	1958	-455.9384	0	52601.3897	0
2249	1958	-455.9384	0	52601.3891	0
2250	1958	-455.9382	0	52601.3876	0
2251	1958	-455.9378	0	52601.3869	0
2252	1958	-455.9377	0	52601.3867	0
2253	1958	-455.9376	0	52601.3866	0
2254	1958	-455.9374	0	52601.3852	0
2255	1958	-455.9373	0	52601.3861	0
2256	1958	-455.9372	0	52601.3850	0
2257	1958	-455.9371	0	52601.3819	0
2258	1958	-455.9371	0	52601.3821	0
2259	1958	-455.9371	0	52601.3822	0
2260	1958	-455.9369	0	52601.3823	0
2261	1958	-455.9367	0	52601.3809	0
2262	1958	-455.9366	0	52601.3804	0
2263	1958	-455.9364	0	52601.3802	0
2264	1958	-455.9362	0	52601.3787	0
2265	1958	-455.9359	0	52601.3782	0
2266	1958	-455.9357	0	52601.3766	0
2267	1958	-455.9355	0	52601.3759	0
2268	1958	-455.9354	0	52601.3757	0
2269	1958	-455.9353	0	52601.3743	0
2270	1958	-455.9351	0	52601.3738	0
2271	1958	-455.9353	0	52601.3736	0
2272	1958	-455.9352	0	52601.3736	0
2273	1958	-455.9351	0	52601.3735	0
2274	1958	-455.9349	0	52601.3735	0
2275	1958	-455.9348	0	52601.3694	0
2276	1958	-455.9346	0	52601.3692	0
2277	1958	-455.9342	0	52601.3691	0
2278	1958	-455.9340	0	52601.3690	0
2279	1958	-455.9341	0	52601.3677	0
2280	1958	-455.9342	0	52601.3672	0
2281	1958	-455.9343	0	52601.3657	0
2282	1958	-455.9343	0	52601.3665	0
2283	1958	-455.9346	0	52601.3655	0
2284	1958	-455.9347	0	52601.3651	0
2285	1958	-455.9347	0	52601.3650	0
2286	1958	-455.9347	0	52601.3650	0
2287	1958	-455.9345	0	52601.3649	0
2288	1958	-455.9344	0	52601.3635	0
2289	1958	-455.9343	0	52601.3630	0
2290	1958	-455.9345	0	52601.3629	0
2291	1958	-455.9345	0	52601.3629	0
2292	1958	-455.9346	0	52601.3629	0
2293	1958	-455.9348	0	52601.3629	0
2294	1958	-455.9349	0	52601.3630	0
2295	1958	-455.9350	0	52601.3616	0
2296	1958	-455.9350	0	52601.3611	0
2297	1958	-455.9350	0	52601.3609	0
2298	1958	-455.9350	0	52601.3608	0
2299	1958	-455.9350	0	52601.3608	0
2300	1958	-455.9350	0	52601.3608	0
2301	1958	-455.9353	0	52601.3580	0
2302	1958	-455.9355	0	52601.3570	0
2303	1958	-455.9359	0	52601.3553	0
2304	1958	-455.9362	0	52601.3547	0
2305	1958	-455.9364	0	52601.3531	0
2306	1958	-455.9366	0	52601.3510	0
2307	1958	-455.9371	0	52601.3504	0
2308	1958	-455.9374	0	52601.3502	0
2309	1958	-455.9376	0	52601.3473	0
2310	1958	-455.9376	0	52601.3476	0
2311	1958	-455.9375	0	52601.3478	0
2312	1958	-455.9376	0	52601.3494	0
2313	1958	-455.9374	0	52601.3514	0
2314	1958	-455.9371	0	52601.3551	0
2315	1958	-455.9373	0	52601.3551	0
2316	1958	-455.9373	0	52601.3551	0
2317	1958	-455.9375	0	52601.3565	0
2318	1958	-455.9377	0	52601.3571	0
2319	1958	-455.9381	0	52601.3559	0
2320	1958	-455.9382	0	52601.3555	0
2321	1958	-455.9383	0	52601.3553	0
2322	1958	-455.9387	0	52601.3553	0
2323	1958	-455.9390	0	52601.3539	0
2324	1958	-455.9393	0	52601.3534	0
2325	1958	-455.9396	0	52601.3532	0
2326	1958	-455.9400	0	52601.3533	0
2327	1958	-455.9404	0	52601.3519	0
2328	1958	-455.9409	0	52601.3529	0
2329	1958	-455.9412	0	52601.3562	0
2330	1958	-455.9414	0	52601.3560	0
2331	1958	-455.9419	0	52601.3575	0
2332	1958	-455.9421	0	52601.3580	0
2333	1958	-455.9426	0	52601.3583	0
2334	1958	-455.9429	0	52601.3570	0
2335	1958	-455.9430	0	52601.3550	0
2336	1958	-455.9433	0	52601.3558	0
2337	1958	-455.9434	0	52601.3560	0
2338	1958	-455.9436	0	52601.3548	0
2339	1958	-455.9437	0	52601.3542	0
2340	1958	-455.9444	0	52601.3498	0
2341	1958	-455.9448	0	52601.3482	0
2342	1958	-455.9452	0	52601.3477	0
2343	1958	-455.9456	0	52601.3460	0
2344	1958	-455.9460	0	52601.3411	0
2345	1958	-455.9461	0	52601.3422	0
2346	1958	-455.9463	0	52601.3413	0
2347	1958	-455.9463	0	52601.3394	0
2348	1958	-455.9466	0	52601.3388	0
2349	1958	-455.9465	0	52601.3401	0
2350	1958	-455.9466	0	52601.3392	0
2351	1958	-455.9467	0	52601.3403	0
2352	1958	-455.9467	0	52601.3408	0
2355	1958	-455.9465	0	52601.3430	0
2356	1958	-455.9465	0	52601.3434	0
2357	1958	-455.9465	0	52601.3435	0
2358	1958	-455.9465	0	52601.3436	0
2359	1958	-455.9465	0	52601.3436	0
2360	1958	-455.9465	0	52601.3421	0
2361	1958	-455.9464	0	52601.3430	0
2362	1958	-455.9462	0	52601.3419	0
2363	1958	-455.9460	0	52601.3458	0
2364	1958	-455.9461	0	52601.3473	0
2365	1958	-455.9461	0	52601.3494	0
2366	1958	-455.9462	0	52601.3487	0
2367	1958	-455.9463	0	52601.3484	0
2368	1958	-455.9465	0	52601.3468	0
2369	1958	-455.9469	0	52601.3448	0
2370	1958	-455.9469	0	52601.3440	0
2371	1958	-455.9468	0	52601.3467	0
2372	1958	-455.9469	0	52601.3462	0
2373	1958	-455.9467	0	52601.3460	0
2374	1958	-455.9467	0	52601.3459	0
2375	1958	-455.9467	0	52601.3474	0
2376	1958	-455.9470	0	52601.3480	0
2377	1958	-455.9472	0	52601.3482	0
2378	1958	-455.9473	0	52601.3468	0
2379	1958	-455.9475	0	52601.3463	0
2380	1958	-455.9478	0	52601.3447	0
2381	1958	-455.9479	0	52601.3456	0
2382	1958	-455.9479	0	52601.3444	0
2383	1958	-455.9480	0	52601.3425	0
2384	1958	-455.9480	0	52601.3418	0
2385	1958	-455.9481	0	52601.3386	0
2386	1958	-455.9481	0	52601.3359	0
2387	1958	-455.9480	0	52601.3379	0
2388	1958	-455.9480	0	52601.3387	0
2389	1958	-455.9483	0	52601.3360	0
2390	1958	-455.9487	0	52601.3337	0
2391	1958	-455.9489	0	52601.3327	0
2392	1958	-455.9492	0	52601.3325	0
2393	1958	-455.9495	0	52601.3325	0
2394	1958	-455.9496	0	52601.3310	0
2395	1958	-455.9494	0	52601.3304	0
2396	1958	-455.9495	0	52601.3272	0
2397	1958	-455.9494	0	52601.3244	0
2398	1958	-455.9492	0	52601.3249	0
2399	1958	-455.9491	0	52601.3236	0
2400	1958	-455.9491	0	52601.3216	0
2401	1958	-455.9491	0	52601.3225	0
2402	1958	-455.9493	0	52601.3213	0
2403	1958	-455.9495	0	52601.3179	0
2404	1958	-455.9496	0	52601.3150	0
2405	1958	-455.9496	0	52601.3140	0
2406	1958	-455.9498	0	52601.3137	0
2407	1958	-455.9499	0	52601.3136	0
2408	1958	-455.9499	0	52601.3136	0
2409	1958	-455.9498	0	52601.3089	0
2410	1958	-455.9497	0	52601.3055	0
2411	1958	-455.9496	0	52601.3043	0
2412	1958	-455.9495	0	52601.3023	0
2413	1958	-455.9496	0	52601.3016	0
2414	1958	-455.9496	0	52601.3014	0
2415	1958	-455.9499	0	52601.2999	0
2416	1958	-455.9502	0	52601.2994	0
2417	1958	-455.9504	0	52601.2992	0
2418	1958	-455.9506	0	52601.2977	0
2419	1958	-455.9507	0	52601.2971	0
2420	1958	-455.9505	0	52601.2969	0
2421	1958	-455.9504	0	52601.2969	0
2422	1958	-455.9503	0	52601.2952	0
2423	1958	-455.9503	0	52601.2947	0
2424	1958	-455.9503	0	52601.2929	0
2425	1958	-455.9502	0	52601.2922	0
2426	1958	-455.9504	0	52601.2904	0
2427	1958	-455.9507	0	52601.2881	0
2428	1958	-455.9506	0	52601.2906	0
2429	1958	-455.9506	0	52601.2899	0
2430	1958	-455.9506	0	52601.2914	0
2431	1958	-455.9507	0	52601.2919	0
2432	1958	-455.9506	0	52601.2922	0
2433	1958	-455.9506	0	52601.2906	0
2434	1958	-455.9505	0	52601.2867	0
2435	1958	-455.9504	0	52601.2836	0
2436	1958	-455.9504	0	52601.2824	0
2437	1958	-455.9506	0	52601.2804	0
2438	1958	-455.9506	0	52601.2797	0
2439	1958	-455.9510	0	52601.2761	0
2440	1958	-455.9513	0	52601.2732	0
2441	1958	-455.9512	0	52601.2738	0
2442	1958	-455.9514	0	52601.2741	0
2443	1958	-455.9515	0	52601.2760	0
2444	1958	-455.9515	0	52601.2750	0
2445	1958	-455.9515	0	52601.2730	0
2446	1958	-455.9514	0	52601.2688	0
2447	1958	-455.9516	0	52601.2673	0
2448	1958	-455.9517	0	52601.2668	0
2449	1958	-455.9517	0	52601.2667	0
2450	1958	-455.9519	0	52601.2650	0
2451	1958	-455.9522	0	52601.2644	0
2452	1958	-455.9525	0	52601.2643	0
2453	1958	-455.9531	0	52601.2592	0
2454	1958	-455.9535	0	52601.2573	0
2455	1958	-455.9536	0	52601.2550	0
2456	1958	-455.9540	0	52601.2506	0
2457	1958	-455.9541	0	52601.2490	0
2458	1958	-455.9541	0	52601.2485	0
2459	1958	-455.9541	0	52601.2502	0
