1332	1976	-455.8082	0	52602.1433	0
1333	1976	-455.8080	0	52602.1434	0
1334	1976	-455.8082	0	52602.1433	0
1335	1976	-455.8093	0	52602.1431	0
1336	1976	-455.8101	0	52602.1432	0
1337	1976	-455.8104	0	52602.1427	0
1338	1976	-455.8112	0	52602.1432	0
1339	1976	-455.8118	0	52602.1436	0
1340	1976	-455.8124	0	52602.1431	0
1341	1976	-455.8126	0	52602.1428	0
1342	1976	-455.8127	0	52602.1428	0
1343	1976	-455.8126	0	52602.1428	0
1344	1976	-455.8130	0	52602.1428	0
1345	1976	-455.8128	0	52602.1429	0
1346	1976	-455.8134	0	52602.1429	0
1347	1976	-455.8131	0	52602.1430	0
1348	1976	-455.8124	0	52602.1434	0
1349	1976	-455.8125	0	52602.1436	0
1356	1976	-455.8160	0	52602.1443	0
1357	1976	-455.8156	0	52602.1445	0
1358	1976	-455.8149	0	52602.1450	0
1359	1976	-455.8146	0	52602.1453	0
1360	1976	-455.8157	0	52602.1453	0
1361	1976	-455.8166	0	52602.1453	0
1362	1976	-455.8177	0	52602.1454	0
