1395	2003	-455.9359	0	52602.0059	0
1396	2003	-455.9359	0	52602.0059	0
1397	2003	-455.9359	0	52602.0060	0
1398	2003	-455.9359	0	52602.0059	0
1399	2003	-455.9359	0	52602.0059	0
1400	2003	-455.9359	0	52602.0055	0
1401	2003	-455.9358	0	52602.0050	0
1402	2003	-455.9356	0	52602.0049	0
1404	2003	-455.9352	0	52602.0043	0
1405	2003	-455.9350	0	52602.0041	0
1406	2003	-455.9346	0	52602.0043	0
1407	2003	-455.9346	0	52602.0045	0
1408	2003	-455.9348	0	52602.0044	0
1409	2003	-455.9351	0	52602.0042	0
1410	2003	-455.9351	0	52602.0035	0
1411	2003	-455.9350	0	52602.0029	0
1412	2003	-455.9346	0	52602.0027	0
1413	2003	-455.9345	0	52602.0026	0
1414	2003	-455.9345	0	52602.0024	0
1415	2003	-455.9347	0	52602.0022	0
1416	2003	-455.9350	0	52602.0018	0
1417	2003	-455.9350	0	52602.0012	0
1418	2003	-455.9349	0	52602.0004	0
1419	2003	-455.9349	0	52601.9997	0
1420	2003	-455.9348	0	52601.9990	0
1421	2003	-455.9351	0	52601.9975	0
1422	2003	-455.9353	0	52601.9969	0
1423	2003	-455.9354	0	52601.9963	0
1424	2003	-455.9353	0	52601.9959	0
1425	2003	-455.9354	0	52601.9955	0
1426	2003	-455.9357	0	52601.9944	0
1427	2003	-455.9361	0	52601.9940	0
1428	2003	-455.9364	0	52601.9938	0
1429	2003	-455.9367	0	52601.9936	0
1430	2003	-455.9371	0	52601.9928	0
1431	2003	-455.9372	0	52601.9920	0
1432	2003	-455.9372	0	52601.9914	0
1433	2003	-455.9372	0	52601.9912	0
1434	2003	-455.9372	0	52601.9907	0
1435	2003	-455.9373	0	52601.9904	0
1436	2003	-455.9373	0	52601.9896	0
1437	2003	-455.9373	0	52601.9890	0
1438	2003	-455.9372	0	52601.9887	0
1439	2003	-455.9369	0	52601.9884	0
1440	2003	-455.9368	0	52601.9882	0
1441	2003	-455.9368	0	52601.9867	0
1442	2003	-455.9368	0	52601.9858	0
1449	2003	-455.9366	0	52601.9784	0
1450	2003	-455.9367	0	52601.9780	0
1451	2003	-455.9367	0	52601.9783	0
1452	2003	-455.9369	0	52601.9773	0
1453	2003	-455.9371	0	52601.9768	0
1454	2003	-455.9371	0	52601.9767	0
1455	2003	-455.9371	0	52601.9759	0
1456	2003	-455.9372	0	52601.9750	0
1457	2003	-455.9374	0	52601.9743	0
1458	2003	-455.9375	0	52601.9739	0
1459	2003	-455.9376	0	52601.9737	0
1460	2003	-455.9379	0	52601.9735	0
1461	2003	-455.9383	0	52601.9726	0
1462	2003	-455.9384	0	52601.9721	0
1463	2003	-455.9387	0	52601.9713	0
1464	2003	-455.9389	0	52601.9709	0
1465	2003	-455.9390	0	52601.9704	0
1466	2003	-455.9391	0	52601.9702	0
1467	2003	-455.9393	0	52601.9693	0
1468	2003	-455.9393	0	52601.9693	0
1469	2003	-455.9393	0	52601.9688	0
1470	2003	-455.9394	0	52601.9686	0
1471	2003	-455.9396	0	52601.9682	0
1472	2003	-455.9399	0	52601.9675	0
1473	2003	-455.9402	0	52601.9674	0
1474	2003	-455.9404	0	52601.9667	0
1478	2003	-455.9414	0	52601.9648	0
1479	2003	-455.9416	0	52601.9646	0
1480	2003	-455.9417	0	52601.9640	0
1481	2003	-455.9417	0	52601.9636	0
1487	2003	-455.9416	0	52601.9595	0
1488	2003	-455.9412	0	52601.9595	0
1489	2003	-455.9409	0	52601.9591	0
1490	2003	-455.9407	0	52601.9590	0
1491	2003	-455.9406	0	52601.9590	0
1492	2003	-455.9404	0	52601.9590	0
1493	2003	-455.9402	0	52601.9590	0
1494	2003	-455.9400	0	52601.9581	0
1495	2003	-455.9399	0	52601.9573	0
1496	2003	-455.9397	0	52601.9567	0
1497	2003	-455.9395	0	52601.9565	0
1498	2003	-455.9390	0	52601.9563	0
1499	2003	-455.9388	0	52601.9552	0
1500	2003	-455.9385	0	52601.9544	0
1501	2003	-455.9382	0	52601.9536	0
1502	2003	-455.9380	0	52601.9533	0
1503	2003	-455.9378	0	52601.9532	0
1504	2003	-455.9376	0	52601.9528	0
1505	2003	-455.9374	0	52601.9521	0
1506	2003	-455.9369	0	52601.9509	0
1507	2003	-455.9367	0	52601.9500	0
1508	2003	-455.9365	0	52601.9495	0
1509	2003	-455.9364	0	52601.9484	0
1510	2003	-455.9363	0	52601.9477	0
1511	2003	-455.9363	0	52601.9471	0
1512	2003	-455.9365	0	52601.9471	0
1513	2003	-455.9365	0	52601.9461	0
1514	2003	-455.9366	0	52601.9459	0
1515	2003	-455.9366	0	52601.9453	0
1516	2003	-455.9366	0	52601.9448	0
1517	2003	-455.9366	0	52601.9443	0
1518	2003	-455.9367	0	52601.9437	0
1519	2003	-455.9368	0	52601.9428	0
1520	2003	-455.9370	0	52601.9425	0
1521	2003	-455.9373	0	52601.9428	0
1522	2003	-455.9374	0	52601.9419	0
1523	2003	-455.9375	0	52601.9412	0
1524	2003	-455.9377	0	52601.9405	0
1525	2003	-455.9377	0	52601.9400	0
1526	2003	-455.9377	0	52601.9397	0
1527	2003	-455.9376	0	52601.9391	0
1528	2003	-455.9376	0	52601.9385	0
1529	2003	-455.9374	0	52601.9379	0
1530	2003	-455.9372	0	52601.9372	0
1531	2003	-455.9371	0	52601.9366	0
1532	2003	-455.9368	0	52601.9370	0
1533	2003	-455.9363	0	52601.9366	0
1534	2003	-455.9361	0	52601.9360	0
1535	2003	-455.9360	0	52601.9345	0
1536	2003	-455.9358	0	52601.9337	0
1537	2003	-455.9356	0	52601.9321	0
1538	2003	-455.9356	0	52601.9313	0
1539	2003	-455.9355	0	52601.9310	0
1540	2003	-455.9355	0	52601.9301	0
1541	2003	-455.9354	0	52601.9290	0
1542	2003	-455.9353	0	52601.9287	0
1543	2003	-455.9352	0	52601.9281	0
1544	2003	-455.9352	0	52601.9275	0
1546	2003	-455.9352	0	52601.9267	0
1547	2003	-455.9354	0	52601.9268	0
1549	2003	-455.9357	0	52601.9263	0
1550	2003	-455.9355	0	52601.9264	0
1551	2003	-455.9354	0	52601.9256	0
1552	2003	-455.9354	0	52601.9255	0
1553	2003	-455.9352	0	52601.9253	0
1554	2003	-455.9352	0	52601.9245	0
1555	2003	-455.9352	0	52601.9240	0
1556	2003	-455.9355	0	52601.9241	0
1557	2003	-455.9358	0	52601.9234	0
1558	2003	-455.9362	0	52601.9225	0
1559	2003	-455.9366	0	52601.9216	0
1560	2003	-455.9367	0	52601.9216	0
1561	2003	-455.9371	0	52601.9209	0
1562	2003	-455.9374	0	52601.9204	0
1563	2003	-455.9376	0	52601.9199	0
1564	2003	-455.9380	0	52601.9191	0
1565	2003	-455.9383	0	52601.9188	0
1566	2003	-455.9385	0	52601.9189	0
1567	2003	-455.9387	0	52601.9175	0
1568	2003	-455.9391	0	52601.9161	0
1569	2003	-455.9393	0	52601.9158	0
1570	2003	-455.9395	0	52601.9154	0
1571	2003	-455.9396	0	52601.9148	0
1572	2003	-455.9397	0	52601.9137	0
1573	2003	-455.9398	0	52601.9132	0
1574	2003	-455.9401	0	52601.9131	0
1575	2003	-455.9402	0	52601.9130	0
1576	2003	-455.9402	0	52601.9128	0
1577	2003	-455.9402	0	52601.9130	0
1578	2003	-455.9402	0	52601.9126	0
1579	2003	-455.9400	0	52601.9120	0
1580	2003	-455.9399	0	52601.9115	0
1581	2003	-455.9398	0	52601.9108	0
1582	2003	-455.9398	0	52601.9099	0
1583	2003	-455.9399	0	52601.9093	0
1584	2003	-455.9399	0	52601.9090	0
1585	2003	-455.9400	0	52601.9077	0
1586	2003	-455.9401	0	52601.9070	0
1587	2003	-455.9401	0	52601.9062	0
1588	2003	-455.9400	0	52601.9057	0
1589	2003	-455.9399	0	52601.9055	0
1590	2003	-455.9400	0	52601.9055	0
1591	2003	-455.9401	0	52601.9060	0
1592	2003	-455.9403	0	52601.9062	0
1593	2003	-455.9405	0	52601.9061	0
1594	2003	-455.9407	0	52601.9055	0
1595	2003	-455.9408	0	52601.9050	0
1596	2003	-455.9409	0	52601.9046	0
1597	2003	-455.9411	0	52601.9047	0
1598	2003	-455.9413	0	52601.9048	0
1599	2003	-455.9414	0	52601.9045	0
1600	2003	-455.9416	0	52601.9042	0
1601	2003	-455.9416	0	52601.9041	0
1602	2003	-455.9416	0	52601.9043	0
1603	2003	-455.9417	0	52601.9041	0
1604	2003	-455.9415	0	52601.9041	0
1605	2003	-455.9415	0	52601.9043	0
1606	2003	-455.9414	0	52601.9044	0
1607	2003	-455.9413	0	52601.9047	0
1608	2003	-455.9413	0	52601.9048	0
1609	2003	-455.9413	0	52601.9049	0
1610	2003	-455.9415	0	52601.9039	0
1629	2003	-455.9420	0	52601.9038	0
1630	2003	-455.9426	0	52601.9000	0
1631	2003	-455.9420	0	52601.9030	0
1632	2003	-455.9417	0	52601.9043	0
1639	2003	-455.9416	0	52601.9056	0
1640	2003	-455.9417	0	52601.9060	0
1641	2003	-455.9418	0	52601.9063	0
1642	2003	-455.9417	0	52601.9065	0
1643	2003	-455.9418	0	52601.9060	0
1644	2003	-455.9419	0	52601.9058	0
1645	2003	-455.9419	0	52601.9057	0
1646	2003	-455.9419	0	52601.9060	0
1647	2003	-455.9419	0	52601.9061	0
1648	2003	-455.9419	0	52601.9063	0
1649	2003	-455.9419	0	52601.9070	0
1650	2003	-455.9419	0	52601.9069	0
1654	2003	-455.9427	0	52601.9031	0
1655	2003	-455.9429	0	52601.9021	0
1669	2003	-455.9421	0	52601.9094	0
1701	2003	-455.9416	0	52601.9107	0
1702	2003	-455.9416	0	52601.9109	0
1703	2003	-455.9414	0	52601.9108	0
1704	2003	-455.9414	0	52601.9110	0
1705	2003	-455.9412	0	52601.9113	0
1706	2003	-455.9411	0	52601.9112	0
1707	2003	-455.9410	0	52601.9111	0
1708	2003	-455.9409	0	52601.9113	0
1709	2003	-455.9409	0	52601.9112	0
1710	2003	-455.9407	0	52601.9111	0
1711	2003	-455.9404	0	52601.9119	0
1712	2003	-455.9403	0	52601.9121	0
1713	2003	-455.9401	0	52601.9125	0
1714	2003	-455.9400	0	52601.9129	0
1715	2003	-455.9400	0	52601.9132	0
1716	2003	-455.9401	0	52601.9139	0
1717	2003	-455.9403	0	52601.9143	0
1718	2003	-455.9405	0	52601.9145	0
1719	2003	-455.9408	0	52601.9150	0
1720	2003	-455.9409	0	52601.9154	0
1721	2003	-455.9410	0	52601.9161	0
1722	2003	-455.9410	0	52601.9168	0
1723	2003	-455.9409	0	52601.9170	0
1724	2003	-455.9409	0	52601.9166	0
1725	2003	-455.9409	0	52601.9167	0
1726	2003	-455.9410	0	52601.9174	0
1727	2003	-455.9411	0	52601.9182	0
1728	2003	-455.9412	0	52601.9182	0
1729	2003	-455.9415	0	52601.9177	0
1730	2003	-455.9417	0	52601.9173	0
1731	2003	-455.9418	0	52601.9169	0
1732	2003	-455.9418	0	52601.9167	0
1733	2003	-455.9418	0	52601.9166	0
1734	2003	-455.9418	0	52601.9164	0
1735	2003	-455.9418	0	52601.9163	0
