1450	2017	-456.9584	0	52604.1390	0
1451	2017	-457.0161	0	52604.2520	0
1452	2017	-457.5052	0	52605.1994	0
1453	2017	-457.1502	0	52604.4906	0
1454	2017	-457.0403	0	52604.2936	0
1455	2017	-456.7426	0	52603.7745	0
1456	2017	-456.8219	0	52603.9175	0
1476	2017	-457.0220	0	52604.3520	0
1477	2017	-457.4667	0	52605.1634	0
1478	2017	-457.6717	0	52605.5123	0
1479	2017	-457.2109	0	52604.6661	0
1480	2017	-457.5107	0	52605.1969	0
1481	2017	-457.1137	0	52604.4395	0
1482	2017	-457.0558	0	52604.3554	0
1483	2017	-457.0614	0	52604.3663	0
1485	2017	-456.9980	0	52604.2560	0
1486	2017	-456.9792	0	52604.1797	0
1487	2017	-457.0191	0	52604.2842	0
1488	2017	-465.7441	0	52620.1452	0
1489	2017	-458.7569	0	52607.4425	0
1513	2017	-456.8788	0	52604.0114	0
1514	2017	-456.9153	0	52604.0649	0
1527	2017	-457.7016	0	52605.5364	0
1528	2017	-457.1037	0	52604.4274	0
1531	2017	-457.5966	0	52605.3428	0
1532	2017	-457.1043	0	52604.4043	0
1542	2017	-457.5526	0	52605.2586	0
1548	2017	-457.0104	0	52604.2450	0
