1741	2064	-455.9172	0	52601.4247	0
1742	2064	-455.9174	0	52601.4215	0
1743	2064	-455.9176	0	52601.4175	0
1744	2064	-455.9181	0	52601.4165	0
1745	2064	-455.9188	0	52601.4177	0
1746	2064	-455.9195	0	52601.4224	0
1747	2064	-455.9206	0	52601.4229	0
1748	2064	-455.9221	0	52601.4206	0
1749	2064	-455.9235	0	52601.4187	0
1750	2064	-455.9246	0	52601.4219	0
1751	2064	-455.9252	0	52601.4257	0
1752	2064	-455.9260	0	52601.4259	0
1753	2064	-455.9273	0	52601.4262	0
1754	2064	-455.9284	0	52601.4239	0
1755	2064	-455.9292	0	52601.4256	0
1756	2064	-455.9299	0	52601.4300	0
1757	2064	-455.9308	0	52601.4329	0
1758	2064	-455.9318	0	52601.4342	0
1759	2064	-455.9330	0	52601.4298	0
1760	2064	-455.9342	0	52601.4283	0
1761	2064	-455.9350	0	52601.4314	0
1762	2064	-455.9357	0	52601.4339	0
1763	2064	-455.9363	0	52601.4349	0
1764	2064	-455.9368	0	52601.4352	0
1765	2064	-455.9375	0	52601.4318	0
1766	2064	-455.9381	0	52601.4318	0
1767	2064	-455.9385	0	52601.4354	0
1768	2064	-455.9390	0	52601.4368	0
1769	2064	-455.9396	0	52601.4374	0
1770	2064	-455.9404	0	52601.4365	0
1771	2064	-455.9412	0	52601.4350	0
1772	2064	-455.9417	0	52601.4393	0
1773	2064	-455.9422	0	52601.4422	0
1774	2064	-455.9428	0	52601.4433	0
1775	2064	-455.9431	0	52601.4413	0
1776	2064	-455.9435	0	52601.4382	0
1777	2064	-455.9440	0	52601.4418	0
1778	2064	-455.9443	0	52601.4467	0
1779	2064	-455.9446	0	52601.4486	0
1780	2064	-455.9452	0	52601.4482	0
1781	2064	-455.9460	0	52601.4457	0
1782	2064	-455.9467	0	52601.4460	0
1783	2064	-455.9468	0	52601.4519	0
1784	2064	-455.9470	0	52601.4553	0
1785	2064	-455.9472	0	52601.4577	0
1786	2064	-455.9476	0	52601.4574	0
1787	2064	-455.9480	0	52601.4562	0
1788	2064	-455.9480	0	52601.4591	0
1789	2064	-455.9482	0	52601.4636	0
1790	2064	-455.9485	0	52601.4664	0
1791	2064	-455.9488	0	52601.4674	0
1792	2064	-455.9496	0	52601.4667	0
1793	2064	-455.9499	0	52601.4664	0
1794	2064	-455.9502	0	52601.4708	0
1795	2064	-455.9503	0	52601.4746	0
1796	2064	-455.9505	0	52601.4759	0
1797	2064	-455.9508	0	52601.4743	0
1798	2064	-455.9511	0	52601.4724	0
1799	2064	-455.9512	0	52601.4751	0
1800	2064	-455.9515	0	52601.4750	0
1801	2064	-455.9519	0	52601.4760	0
1802	2064	-455.9523	0	52601.4753	0
1803	2064	-455.9523	0	52601.4761	0
1804	2064	-455.9527	0	52601.4764	0
1805	2064	-455.9528	0	52601.4786	0
1806	2064	-455.9523	0	52601.4848	0
1807	2064	-455.9522	0	52601.4871	0
1808	2064	-455.9523	0	52601.4858	0
1809	2064	-455.9523	0	52601.4863	0
1810	2064	-455.9525	0	52601.4886	0
1811	2064	-455.9522	0	52601.4915	0
1812	2064	-455.9521	0	52601.4915	0
1813	2064	-455.9522	0	52601.4925	0
1814	2064	-455.9524	0	52601.4918	0
1815	2064	-455.9529	0	52601.4916	0
1816	2064	-455.9533	0	52601.4936	0
1817	2064	-455.9532	0	52601.4974	0
1818	2064	-455.9531	0	52601.4998	0
1819	2064	-455.9530	0	52601.5007	0
1820	2064	-455.9532	0	52601.5010	0
1821	2064	-455.9531	0	52601.5031	0
1822	2064	-455.9533	0	52601.5059	0
1823	2064	-455.9536	0	52601.5080	0
1824	2064	-455.9540	0	52601.5077	0
1825	2064	-455.9544	0	52601.5066	0
1826	2064	-455.9544	0	52601.5091	0
1827	2064	-455.9545	0	52601.5111	0
1828	2064	-455.9545	0	52601.5128	0
1829	2064	-455.9547	0	52601.5123	0
1830	2064	-455.9548	0	52601.5132	0
1831	2064	-455.9552	0	52601.5155	0
1832	2064	-455.9553	0	52601.5193	0
1833	2064	-455.9553	0	52601.5226	0
1834	2064	-455.9556	0	52601.5248	0
1835	2064	-455.9561	0	52601.5227	0
1836	2064	-455.9564	0	52601.5219	0
1837	2064	-455.9564	0	52601.5244	0
1838	2064	-455.9563	0	52601.5282	0
1839	2064	-455.9562	0	52601.5315	0
1840	2064	-455.9563	0	52601.5308	0
1841	2064	-455.9568	0	52601.5286	0
1842	2064	-455.9569	0	52601.5287	0
1843	2064	-455.9570	0	52601.5315	0
1844	2064	-455.9571	0	52601.5326	0
1845	2064	-455.9574	0	52601.5320	0
1846	2064	-455.9580	0	52601.5299	0
1847	2064	-455.9584	0	52601.5291	0
1848	2064	-455.9584	0	52601.5307	0
1849	2064	-455.9584	0	52601.5313	0
1850	2064	-455.9583	0	52601.5314	0
1851	2064	-455.9582	0	52601.5305	0
1852	2064	-455.9584	0	52601.5292	0
1853	2064	-455.9585	0	52601.5307	0
1854	2064	-455.9587	0	52601.5312	0
1855	2064	-455.9589	0	52601.5305	0
1856	2064	-455.9595	0	52601.5331	0
1857	2064	-455.9598	0	52601.5332	0
1858	2064	-455.9602	0	52601.5341	0
1859	2064	-455.9602	0	52601.5345	0
1860	2064	-455.9604	0	52601.5355	0
1861	2064	-455.9604	0	52601.5378	0
1862	2064	-455.9606	0	52601.5396	0
1863	2064	-455.9605	0	52601.5421	0
1864	2064	-455.9605	0	52601.5475	0
1865	2064	-455.9607	0	52601.5522	0
1866	2064	-455.9609	0	52601.5558	0
1867	2064	-455.9609	0	52601.5580	0
1868	2064	-455.9611	0	52601.5587	0
1869	2064	-455.9612	0	52601.5581	0
1870	2064	-455.9613	0	52601.5596	0
1871	2064	-455.9611	0	52601.5618	0
1872	2064	-455.9610	0	52601.5635	0
1873	2064	-455.9610	0	52601.5623	0
1874	2064	-455.9612	0	52601.5618	0
1875	2064	-455.9611	0	52601.5677	0
1876	2064	-455.9609	0	52601.5724	0
1877	2064	-455.9608	0	52601.5749	0
1878	2064	-455.9610	0	52601.5741	0
1879	2064	-455.9614	0	52601.5730	0
1880	2064	-455.9617	0	52601.5725	0
1881	2064	-455.9616	0	52601.5756	0
1882	2064	-455.9613	0	52601.5801	0
1883	2064	-455.9611	0	52601.5842	0
1884	2064	-455.9612	0	52601.5824	0
1885	2064	-455.9613	0	52601.5825	0
1886	2064	-455.9611	0	52601.5849	0
1887	2064	-455.9611	0	52601.5874	0
1888	2064	-455.9611	0	52601.5867	0
1889	2064	-455.9611	0	52601.5872	0
1890	2064	-455.9613	0	52601.5848	0
1891	2064	-455.9614	0	52601.5848	0
1892	2064	-455.9611	0	52601.5888	0
1893	2064	-455.9606	0	52601.5934	0
1894	2064	-455.9604	0	52601.5952	0
1895	2064	-455.9605	0	52601.5925	0
1896	2064	-455.9604	0	52601.5923	0
1897	2064	-455.9600	0	52601.5961	0
1898	2064	-455.9597	0	52601.5999	0
1899	2064	-455.9597	0	52601.6013	0
1900	2064	-455.9599	0	52601.6002	0
1901	2064	-455.9601	0	52601.5990	0
1902	2064	-455.9599	0	52601.6008	0
1903	2064	-455.9596	0	52601.6046	0
1904	2064	-455.9592	0	52601.6075	0
1905	2064	-455.9591	0	52601.6077	0
1906	2064	-455.9591	0	52601.6055	0
1907	2064	-455.9590	0	52601.6053	0
1908	2064	-455.9586	0	52601.6083	0
1909	2064	-455.9583	0	52601.6125	0
1910	2064	-455.9581	0	52601.6147	0
1911	2064	-455.9581	0	52601.6140	0
1912	2064	-455.9582	0	52601.6137	0
1913	2064	-455.9578	0	52601.6172	0
1914	2064	-455.9574	0	52601.6208	0
1915	2064	-455.9571	0	52601.6228	0
1916	2064	-455.9568	0	52601.6227	0
1917	2064	-455.9568	0	52601.6227	0
1918	2064	-455.9569	0	52601.6226	0
1919	2064	-455.9567	0	52601.6262	0
1920	2064	-455.9565	0	52601.6297	0
1921	2064	-455.9566	0	52601.6317	0
1922	2064	-455.9569	0	52601.6302	0
1923	2064	-455.9571	0	52601.6296	0
1924	2064	-455.9572	0	52601.6315	0
1925	2064	-455.9573	0	52601.6351	0
1926	2064	-455.9573	0	52601.6378	0
1927	2064	-455.9576	0	52601.6381	0
1928	2064	-455.9581	0	52601.6360	0
1929	2064	-455.9583	0	52601.6373	0
1930	2064	-455.9582	0	52601.6420	0
1931	2064	-455.9583	0	52601.6444	0
1932	2064	-455.9587	0	52601.6453	0
1933	2064	-455.9589	0	52601.6462	0
1934	2064	-455.9590	0	52601.6459	0
1935	2064	-455.9589	0	52601.6484	0
1936	2064	-455.9586	0	52601.6514	0
1937	2064	-455.9584	0	52601.6531	0
1938	2064	-455.9581	0	52601.6523	0
1939	2064	-455.9579	0	52601.6519	0
1940	2064	-455.9577	0	52601.6538	0
1941	2064	-455.9573	0	52601.6564	0
1942	2064	-455.9572	0	52601.6601	0
1943	2064	-455.9576	0	52601.6607	0
1944	2064	-455.9580	0	52601.6596	0
1945	2064	-455.9582	0	52601.6605	0
1946	2064	-455.9583	0	52601.6640	0
1947	2064	-455.9581	0	52601.6686	0
1948	2064	-455.9580	0	52601.6702	0
1949	2064	-455.9582	0	52601.6695	0
1950	2064	-455.9583	0	52601.6692	0
1951	2064	-455.9583	0	52601.6709	0
1952	2064	-455.9582	0	52601.6747	0
1953	2064	-455.9583	0	52601.6767	0
1954	2064	-455.9586	0	52601.6768	0
1955	2064	-455.9587	0	52601.6774	0
1956	2064	-455.9588	0	52601.6788	0
1957	2064	-455.9587	0	52601.6818	0
1958	2064	-455.9584	0	52601.6840	0
1959	2064	-455.9583	0	52601.6848	0
1960	2064	-455.9582	0	52601.6851	0
1961	2064	-455.9581	0	52601.6863	0
1962	2064	-455.9581	0	52601.6886	0
1963	2064	-455.9579	0	52601.6918	0
1964	2064	-455.9580	0	52601.6941	0
1965	2064	-455.9582	0	52601.6932	0
1966	2064	-455.9584	0	52601.6922	0
1967	2064	-455.9584	0	52601.6935	0
1968	2064	-455.9583	0	52601.6969	0
1969	2064	-455.9580	0	52601.6999	0
1970	2064	-455.9580	0	52601.7004	0
1971	2064	-455.9579	0	52601.6999	0
1972	2064	-455.9580	0	52601.7009	0
1973	2064	-455.9577	0	52601.7040	0
1974	2064	-455.9577	0	52601.7063	0
1975	2064	-455.9577	0	52601.7083	0
1976	2064	-455.9580	0	52601.7067	0
1977	2064	-455.9582	0	52601.7066	0
1978	2064	-455.9580	0	52601.7088	0
1979	2064	-455.9578	0	52601.7113	0
1980	2064	-455.9574	0	52601.7133	0
1981	2064	-455.9573	0	52601.7140	0
1982	2064	-455.9573	0	52601.7131	0
1983	2064	-455.9572	0	52601.7138	0
1984	2064	-455.9570	0	52601.7162	0
1985	2064	-455.9567	0	52601.7204	0
1986	2064	-455.9566	0	52601.7213	0
1987	2064	-455.9568	0	52601.7206	0
1988	2064	-455.9569	0	52601.7197	0
1989	2064	-455.9565	0	52601.7220	0
1990	2064	-455.9562	0	52601.7250	0
1991	2064	-455.9558	0	52601.7266	0
1992	2064	-455.9556	0	52601.7282	0
1993	2064	-455.9555	0	52601.7277	0
1994	2064	-455.9553	0	52601.7275	0
1995	2064	-455.9549	0	52601.7310	0
1996	2064	-455.9546	0	52601.7343	0
1997	2064	-455.9545	0	52601.7350	0
1998	2064	-455.9545	0	52601.7337	0
1999	2064	-455.9546	0	52601.7327	0
2000	2064	-455.9542	0	52601.7348	0
2001	2064	-455.9539	0	52601.7371	0
2002	2064	-455.9535	0	52601.7389	0
2003	2064	-455.9532	0	52601.7391	0
2004	2064	-455.9530	0	52601.7401	0
2005	2064	-455.9528	0	52601.7404	0
2006	2064	-455.9525	0	52601.7430	0
2007	2064	-455.9522	0	52601.7454	0
2008	2064	-455.9522	0	52601.7458	0
2009	2064	-455.9523	0	52601.7449	0
2010	2064	-455.9523	0	52601.7431	0
2011	2064	-455.9519	0	52601.7448	0
2012	2064	-455.9516	0	52601.7484	0
2013	2064	-455.9511	0	52601.7517	0
2014	2064	-455.9507	0	52601.7519	0
2015	2064	-455.9503	0	52601.7519	0
2016	2064	-455.9500	0	52601.7523	0
2017	2064	-455.9496	0	52601.7563	0
2018	2064	-455.9492	0	52601.7592	0
2019	2064	-455.9491	0	52601.7588	0
2020	2064	-455.9489	0	52601.7576	0
2021	2064	-455.9487	0	52601.7557	0
2022	2064	-455.9482	0	52601.7573	0
2023	2064	-455.9478	0	52601.7593	0
2024	2064	-455.9472	0	52601.7615	0
2025	2064	-455.9467	0	52601.7627	0
2026	2064	-455.9465	0	52601.7622	0
2027	2064	-455.9464	0	52601.7624	0
2028	2064	-455.9460	0	52601.7657	0
2029	2064	-455.9456	0	52601.7692	0
2030	2064	-455.9455	0	52601.7714	0
2031	2064	-455.9455	0	52601.7717	0
2032	2064	-455.9453	0	52601.7713	0
2033	2064	-455.9450	0	52601.7734	0
2034	2064	-455.9445	0	52601.7768	0
2035	2064	-455.9441	0	52601.7785	0
2036	2064	-455.9436	0	52601.7790	0
2037	2064	-455.9434	0	52601.7774	0
2038	2064	-455.9433	0	52601.7781	0
2039	2064	-455.9431	0	52601.7801	0
2040	2064	-455.9429	0	52601.7830	0
2041	2064	-455.9428	0	52601.7844	0
2042	2064	-455.9429	0	52601.7845	0
2043	2064	-455.9429	0	52601.7837	0
2044	2064	-455.9426	0	52601.7846	0
2045	2064	-455.9421	0	52601.7874	0
2046	2064	-455.9416	0	52601.7889	0
2047	2064	-455.9413	0	52601.7890	0
2048	2064	-455.9411	0	52601.7885	0
2049	2064	-455.9408	0	52601.7896	0
2050	2064	-455.9405	0	52601.7942	0
2051	2064	-455.9402	0	52601.7987	0
2052	2064	-455.9400	0	52601.8012	0
2053	2064	-455.9400	0	52601.8001	0
2054	2064	-455.9398	0	52601.7987	0
2055	2064	-455.9395	0	52601.8014	0
2056	2064	-455.9393	0	52601.8048	0
2057	2064	-455.9390	0	52601.8072	0
2058	2064	-455.9386	0	52601.8089	0
2059	2064	-455.9383	0	52601.8090	0
2060	2064	-455.9381	0	52601.8098	0
2061	2064	-455.9378	0	52601.8132	0
2062	2064	-455.9377	0	52601.8167	0
2063	2064	-455.9377	0	52601.8179	0
2064	2064	-455.9378	0	52601.8168	0
2065	2064	-455.9378	0	52601.8167	0
2066	2064	-455.9377	0	52601.8189	0
2067	2064	-455.9374	0	52601.8216	0
2068	2064	-455.9371	0	52601.8236	0
2069	2064	-455.9370	0	52601.8240	0
2070	2064	-455.9368	0	52601.8233	0
2071	2064	-455.9366	0	52601.8241	0
2072	2064	-455.9365	0	52601.8280	0
2073	2064	-455.9365	0	52601.8306	0
2074	2064	-455.9364	0	52601.8318	0
2075	2064	-455.9365	0	52601.8318	0
2076	2064	-455.9366	0	52601.8315	0
2077	2064	-455.9367	0	52601.8338	0
2078	2064	-455.9369	0	52601.8363	0
2079	2064	-455.9368	0	52601.8383	0
2080	2064	-455.9366	0	52601.8390	0
2081	2064	-455.9367	0	52601.8392	0
2082	2064	-455.9365	0	52601.8406	0
2083	2064	-455.9364	0	52601.8439	0
2084	2064	-455.9363	0	52601.8457	0
2085	2064	-455.9365	0	52601.8470	0
2086	2064	-455.9368	0	52601.8457	0
2087	2064	-455.9369	0	52601.8452	0
2088	2064	-455.9368	0	52601.8483	0
2089	2064	-455.9367	0	52601.8508	0
2090	2064	-455.9365	0	52601.8536	0
2091	2064	-455.9364	0	52601.8540	0
2092	2064	-455.9364	0	52601.8544	0
2093	2064	-455.9362	0	52601.8565	0
2094	2064	-455.9360	0	52601.8601	0
2095	2064	-455.9359	0	52601.8626	0
2096	2064	-455.9359	0	52601.8635	0
2097	2064	-455.9361	0	52601.8635	0
2098	2064	-455.9362	0	52601.8643	0
2099	2064	-455.9362	0	52601.8671	0
2100	2064	-455.9362	0	52601.8705	0
2101	2064	-455.9360	0	52601.8723	0
2102	2064	-455.9359	0	52601.8723	0
2103	2064	-455.9359	0	52601.8717	0
2104	2064	-455.9359	0	52601.8726	0
2105	2064	-455.9357	0	52601.8761	0
2106	2064	-455.9357	0	52601.8795	0
2107	2064	-455.9358	0	52601.8807	0
2108	2064	-455.9359	0	52601.8802	0
2109	2064	-455.9361	0	52601.8808	0
2110	2064	-455.9360	0	52601.8824	0
2111	2064	-455.9358	0	52601.8844	0
2112	2064	-455.9356	0	52601.8876	0
2113	2064	-455.9353	0	52601.8885	0
2114	2064	-455.9352	0	52601.8882	0
2115	2064	-455.9349	0	52601.8900	0
2116	2064	-455.9348	0	52601.8934	0
2117	2064	-455.9347	0	52601.8965	0
2118	2064	-455.9346	0	52601.8976	0
2119	2064	-455.9347	0	52601.8971	0
2120	2064	-455.9346	0	52601.8974	0
2121	2064	-455.9344	0	52601.8999	0
2122	2064	-455.9341	0	52601.9031	0
2123	2064	-455.9338	0	52601.9050	0
2124	2064	-455.9336	0	52601.9060	0
2125	2064	-455.9336	0	52601.9057	0
2126	2064	-455.9335	0	52601.9061	0
2127	2064	-455.9334	0	52601.9092	0
2128	2064	-455.9333	0	52601.9126	0
2129	2064	-455.9334	0	52601.9140	0
2130	2064	-455.9336	0	52601.9145	0
2131	2064	-455.9338	0	52601.9151	0
2132	2064	-455.9339	0	52601.9172	0
2133	2064	-455.9338	0	52601.9206	0
2134	2064	-455.9337	0	52601.9225	0
2135	2064	-455.9336	0	52601.9227	0
2136	2064	-455.9336	0	52601.9225	0
2137	2064	-455.9336	0	52601.9240	0
2138	2064	-455.9336	0	52601.9268	0
2139	2064	-455.9336	0	52601.9298	0
2140	2064	-455.9339	0	52601.9314	0
2141	2064	-455.9343	0	52601.9310	0
2142	2064	-455.9345	0	52601.9317	0
2143	2064	-455.9344	0	52601.9339	0
2144	2064	-455.9342	0	52601.9366	0
2145	2064	-455.9340	0	52601.9380	0
2146	2064	-455.9337	0	52601.9392	0
2147	2064	-455.9338	0	52601.9389	0
2148	2064	-455.9336	0	52601.9400	0
2149	2064	-455.9334	0	52601.9432	0
2150	2064	-455.9332	0	52601.9462	0
2151	2064	-455.9331	0	52601.9477	0
2152	2064	-455.9331	0	52601.9477	0
2153	2064	-455.9331	0	52601.9483	0
2154	2064	-455.9329	0	52601.9499	0
2155	2064	-455.9328	0	52601.9527	0
2156	2064	-455.9324	0	52601.9547	0
2157	2064	-455.9321	0	52601.9552	0
2158	2064	-455.9320	0	52601.9553	0
2159	2064	-455.9320	0	52601.9567	0
2160	2064	-455.9319	0	52601.9593	0
2161	2064	-455.9318	0	52601.9619	0
2162	2064	-455.9319	0	52601.9636	0
2163	2064	-455.9319	0	52601.9636	0
2164	2064	-455.9320	0	52601.9643	0
2165	2064	-455.9319	0	52601.9658	0
2166	2064	-455.9317	0	52601.9680	0
2167	2064	-455.9315	0	52601.9702	0
2168	2064	-455.9314	0	52601.9710	0
2169	2064	-455.9312	0	52601.9709	0
2170	2064	-455.9312	0	52601.9726	0
2171	2064	-455.9310	0	52601.9751	0
2172	2064	-455.9310	0	52601.9783	0
2173	2064	-455.9310	0	52601.9799	0
2174	2064	-455.9311	0	52601.9803	0
2175	2064	-455.9311	0	52601.9806	0
2176	2064	-455.9310	0	52601.9825	0
2177	2064	-455.9309	0	52601.9851	0
2178	2064	-455.9307	0	52601.9877	0
2179	2064	-455.9304	0	52601.9888	0
2180	2064	-455.9303	0	52601.9888	0
2181	2064	-455.9303	0	52601.9899	0
2182	2064	-455.9302	0	52601.9925	0
2183	2064	-455.9304	0	52601.9957	0
2184	2064	-455.9305	0	52601.9973	0
2185	2064	-455.9306	0	52601.9975	0
2186	2064	-455.9307	0	52601.9980	0
2187	2064	-455.9309	0	52602.0002	0
2188	2064	-455.9309	0	52602.0034	0
2189	2064	-455.9309	0	52602.0055	0
2190	2064	-455.9309	0	52602.0061	0
2191	2064	-455.9310	0	52602.0064	0
2192	2064	-455.9311	0	52602.0076	0
2193	2064	-455.9311	0	52602.0100	0
2194	2064	-455.9312	0	52602.0126	0
2195	2064	-455.9315	0	52602.0141	0
2196	2064	-455.9318	0	52602.0145	0
2197	2064	-455.9321	0	52602.0152	0
2198	2064	-455.9322	0	52602.0172	0
2199	2064	-455.9321	0	52602.0201	0
2200	2064	-455.9320	0	52602.0224	0
2201	2064	-455.9319	0	52602.0231	0
2202	2064	-455.9318	0	52602.0233	0
2203	2064	-455.9318	0	52602.0253	0
2204	2064	-455.9317	0	52602.0275	0
2205	2064	-455.9317	0	52602.0303	0
2206	2064	-455.9318	0	52602.0313	0
2207	2064	-455.9319	0	52602.0316	0
2208	2064	-455.9319	0	52602.0323	0
2209	2064	-455.9319	0	52602.0349	0
2210	2064	-455.9317	0	52602.0377	0
2211	2064	-455.9315	0	52602.0396	0
2212	2064	-455.9314	0	52602.0404	0
2213	2064	-455.9313	0	52602.0407	0
2214	2064	-455.9311	0	52602.0427	0
2215	2064	-455.9310	0	52602.0461	0
2216	2064	-455.9311	0	52602.0485	0
2217	2064	-455.9313	0	52602.0498	0
2218	2064	-455.9315	0	52602.0499	0
2219	2064	-455.9314	0	52602.0508	0
2220	2064	-455.9313	0	52602.0531	0
2221	2064	-455.9310	0	52602.0558	0
2222	2064	-455.9309	0	52602.0576	0
2223	2064	-455.9308	0	52602.0586	0
2224	2064	-455.9307	0	52602.0591	0
2225	2064	-455.9305	0	52602.0616	0
2226	2064	-455.9304	0	52602.0642	0
2227	2064	-455.9304	0	52602.0666	0
2228	2064	-455.9305	0	52602.0678	0
2229	2064	-455.9306	0	52602.0682	0
2230	2064	-455.9307	0	52602.0691	0
2231	2064	-455.9306	0	52602.0716	0
2232	2064	-455.9306	0	52602.0743	0
2233	2064	-455.9304	0	52602.0762	0
2234	2064	-455.9303	0	52602.0769	0
2235	2064	-455.9302	0	52602.0776	0
2236	2064	-455.9302	0	52602.0798	0
2237	2064	-455.9301	0	52602.0828	0
2238	2064	-455.9301	0	52602.0850	0
2239	2064	-455.9301	0	52602.0862	0
2240	2064	-455.9302	0	52602.0865	0
2241	2064	-455.9302	0	52602.0876	0
2242	2064	-455.9301	0	52602.0899	0
2243	2064	-455.9299	0	52602.0926	0
2244	2064	-455.9296	0	52602.0944	0
2245	2064	-455.9296	0	52602.0952	0
2246	2064	-455.9294	0	52602.0958	0
2247	2064	-455.9294	0	52602.0979	0
2248	2064	-455.9294	0	52602.1012	0
2249	2064	-455.9294	0	52602.1035	0
2250	2064	-455.9295	0	52602.1048	0
2251	2064	-455.9296	0	52602.1051	0
2252	2064	-455.9297	0	52602.1065	0
2253	2064	-455.9295	0	52602.1080	0
2254	2064	-455.9293	0	52602.1093	0
2255	2064	-455.9290	0	52602.1102	0
2256	2064	-455.9289	0	52602.1105	0
2257	2064	-455.9288	0	52602.1108	0
2258	2064	-455.9286	0	52602.1117	0
2259	2064	-455.9284	0	52602.1131	0
2260	2064	-455.9283	0	52602.1140	0
2261	2064	-455.9284	0	52602.1144	0
2262	2064	-455.9286	0	52602.1146	0
2263	2064	-455.9286	0	52602.1151	0
2264	2064	-455.9285	0	52602.1163	0
2265	2064	-455.9282	0	52602.1174	0
2266	2064	-455.9279	0	52602.1183	0
2267	2064	-455.9278	0	52602.1186	0
2268	2064	-455.9278	0	52602.1189	0
2269	2064	-455.9274	0	52602.1201	0
2270	2064	-455.9271	0	52602.1216	0
2271	2064	-455.9271	0	52602.1225	0
2272	2064	-455.9274	0	52602.1229	0
2273	2064	-455.9278	0	52602.1231	0
2274	2064	-455.9276	0	52602.1240	0
2275	2064	-455.9272	0	52602.1253	0
2276	2064	-455.9267	0	52602.1267	0
2277	2064	-455.9266	0	52602.1277	0
2278	2064	-455.9265	0	52602.1281	0
2279	2064	-455.9265	0	52602.1286	0
2280	2064	-455.9256	0	52602.1302	0
