1933	2107	-455.9071	0	52601.1623	0
1934	2107	-455.9070	0	52601.1584	0
1935	2107	-455.9071	0	52601.1546	0
1936	2107	-455.9074	0	52601.1560	0
1937	2107	-455.9080	0	52601.1520	0
1938	2107	-455.9081	0	52601.1367	0
1940	2107	-455.9111	0	52601.1636	0
1941	2107	-455.9115	0	52601.1571	0
1942	2107	-455.9119	0	52601.1505	0
1943	2107	-455.9123	0	52601.1505	0
1944	2107	-455.9129	0	52601.1443	0
1945	2107	-455.9138	0	52601.1423	0
1946	2107	-455.9142	0	52601.1458	0
1947	2107	-455.9146	0	52601.1538	0
1948	2107	-455.9153	0	52601.1695	0
1949	2107	-455.9163	0	52601.1796	0
1952	2107	-455.9181	0	52601.1545	0
1953	2107	-455.9188	0	52601.1413	0
1954	2107	-455.9186	0	52601.1366	0
1955	2107	-455.9188	0	52601.1282	0
1956	2107	-455.9186	0	52601.1318	0
1957	2107	-455.9193	0	52601.1379	0
1958	2107	-455.9194	0	52601.1379	0
1959	2107	-455.9197	0	52601.1357	0
1960	2107	-455.9201	0	52601.1260	0
1961	2107	-455.9202	0	52601.0994	0
1962	2107	-455.9202	0	52601.0891	0
1963	2107	-455.9202	0	52601.0855	0
1964	2107	-455.9205	0	52601.0847	0
1965	2107	-455.9206	0	52601.0847	0
1966	2107	-455.9205	0	52601.0872	0
1967	2107	-455.9205	0	52601.0882	0
1968	2107	-455.9208	0	52601.0960	0
1972	2107	-455.9233	0	52601.1307	0
1973	2107	-455.9238	0	52601.1327	0
1974	2107	-455.9244	0	52601.1315	0
1975	2107	-455.9242	0	52601.1329	0
1976	2107	-455.9245	0	52601.1292	0
1977	2107	-455.9246	0	52601.1299	0
1978	2107	-455.9249	0	52601.1280	0
1979	2107	-455.9248	0	52601.1272	0
1980	2107	-455.9248	0	52601.1290	0
1981	2107	-455.9249	0	52601.1276	0
1982	2107	-455.9250	0	52601.1248	0
1983	2107	-455.9250	0	52601.1237	0
1984	2107	-455.9250	0	52601.1233	0
1985	2107	-455.9252	0	52601.1210	0
1986	2107	-455.9255	0	52601.1179	0
1987	2107	-455.9256	0	52601.1167	0
1988	2107	-455.9257	0	52601.1163	0
1989	2107	-455.9258	0	52601.1185	0
1990	2107	-455.9254	0	52601.1192	0
1991	2107	-455.9253	0	52601.1194	0
1992	2107	-455.9255	0	52601.1219	0
1993	2107	-455.9256	0	52601.1183	0
1994	2107	-455.9257	0	52601.1170	0
1995	2107	-455.9257	0	52601.1164	0
1996	2107	-455.9256	0	52601.1163	0
1997	2107	-455.9256	0	52601.1162	0
1998	2107	-455.9256	0	52601.1117	0
1999	2107	-455.9258	0	52601.1077	0
2000	2107	-455.9256	0	52601.1084	0
2001	2107	-455.9258	0	52601.1066	0
2002	2107	-455.9255	0	52601.1035	0
2003	2107	-455.9254	0	52601.1001	0
2004	2107	-455.9253	0	52601.0988	0
2005	2107	-455.9250	0	52601.0983	0
2006	2107	-455.9249	0	52601.0981	0
2007	2107	-455.9248	0	52601.0981	0
2008	2107	-455.9248	0	52601.0958	0
2009	2107	-455.9245	0	52601.0926	0
2010	2107	-455.9246	0	52601.0867	0
2011	2107	-455.9246	0	52601.0845	0
2012	2107	-455.9244	0	52601.0813	0
2013	2107	-455.9245	0	52601.0803	0
2014	2107	-455.9243	0	52601.0750	0
2015	2107	-455.9239	0	52601.0730	0
2016	2107	-455.9239	0	52601.0773	0
2017	2107	-455.9237	0	52601.0788	0
2018	2107	-455.9232	0	52601.0769	0
2019	2107	-455.9230	0	52601.0739	0
2020	2107	-455.9231	0	52601.0728	0
2021	2107	-455.9231	0	52601.0700	0
2022	2107	-455.9231	0	52601.0690	0
2023	2107	-455.9231	0	52601.0687	0
2024	2107	-455.9229	0	52601.0710	0
2025	2107	-455.9229	0	52601.0744	0
2026	2107	-455.9226	0	52601.0731	0
2027	2107	-455.9225	0	52601.0678	0
2028	2107	-455.9225	0	52601.0683	0
2029	2107	-455.9225	0	52601.0661	0
2030	2107	-455.9222	0	52601.0677	0
2031	2107	-455.9220	0	52601.0707	0
2032	2107	-455.9221	0	52601.0694	0
2033	2107	-455.9220	0	52601.0665	0
2034	2107	-455.9217	0	52601.0628	0
2035	2107	-455.9216	0	52601.0640	0
2036	2107	-455.9213	0	52601.0619	0
2037	2107	-455.9208	0	52601.0585	0
2038	2107	-455.9206	0	52601.0547	0
2039	2107	-455.9204	0	52601.0508	0
2040	2107	-455.9204	0	52601.0494	0
2041	2107	-455.9206	0	52601.0439	0
2042	2107	-455.9206	0	52601.0444	0
2043	2107	-455.9204	0	52601.0447	0
2044	2107	-455.9202	0	52601.0473	0
2045	2107	-455.9201	0	52601.0535	0
2046	2107	-455.9201	0	52601.0558	0
2047	2107	-455.9202	0	52601.0542	0
2048	2107	-455.9200	0	52601.0510	0
2049	2107	-455.9199	0	52601.0523	0
2050	2107	-455.9198	0	52601.0528	0
2051	2107	-455.9196	0	52601.0529	0
2052	2107	-455.9197	0	52601.0531	0
2053	2107	-455.9196	0	52601.0455	0
2054	2107	-455.9196	0	52601.0452	0
2055	2107	-455.9195	0	52601.0475	0
2056	2107	-455.9195	0	52601.0485	0
2057	2107	-455.9195	0	52601.0464	0
2058	2107	-455.9196	0	52601.0456	0
2059	2107	-455.9194	0	52601.0478	0
2060	2107	-455.9193	0	52601.0512	0
2061	2107	-455.9190	0	52601.0523	0
2062	2107	-455.9188	0	52601.0552	0
2063	2107	-455.9188	0	52601.0589	0
2091	2107	-455.9194	0	52601.0416	0
2092	2107	-455.9197	0	52601.0414	0
2093	2107	-455.9200	0	52601.0415	0
2099	2107	-455.9201	0	52601.0417	0
2104	2107	-455.9209	0	52601.0350	0
2117	2107	-455.9227	0	52601.0572	0
2118	2107	-455.9228	0	52601.0554	0
2127	2107	-455.9213	0	52601.0575	0
2128	2107	-455.9213	0	52601.0575	0
2129	2107	-455.9214	0	52601.0601	0
2130	2107	-455.9216	0	52601.0586	0
2131	2107	-455.9217	0	52601.0581	0
2151	2107	-455.9229	0	52601.0391	0
2179	2107	-455.9218	0	52601.0687	0
2180	2107	-455.9221	0	52601.0664	0
