50	22	-456.0046	0	52601.2821	1
51	22	-456.0020	0	52601.2818	1
53	22	-455.9938	0	52601.2862	1
54	22	-455.9908	0	52601.2750	1
55	22	-455.9871	0	52601.2822	1
56	22	-455.9845	0	52601.2803	1
57	22	-455.9810	0	52601.2836	1
58	22	-455.9773	0	52601.2866	1
59	22	-455.9741	0	52601.2854	1
60	22	-455.9711	0	52601.2848	1
61	22	-455.9678	0	52601.2822	1
62	22	-455.9648	0	52601.2831	1
64	22	-455.9590	0	52601.2732	1
65	22	-455.9562	0	52601.2707	1
67	22	-455.9590	0	52601.2209	0
68	22	-455.9608	0	52601.2144	0
69	22	-455.9615	0	52601.2075	0
70	22	-455.9620	0	52601.2005	0
71	22	-455.9625	0	52601.2004	0
72	22	-455.9626	0	52601.2054	0
73	22	-455.9627	0	52601.2075	0
74	22	-455.9628	0	52601.2085	0
75	22	-455.9634	0	52601.2068	0
76	22	-455.9641	0	52601.2087	0
77	22	-455.9654	0	52601.2051	0
78	22	-455.9660	0	52601.2084	0
79	22	-455.9664	0	52601.2099	0
80	22	-455.9668	0	52601.2128	0
81	22	-455.9676	0	52601.2119	0
82	22	-455.9687	0	52601.2117	0
83	22	-455.9696	0	52601.2117	0
84	22	-455.9699	0	52601.2164	0
85	22	-455.9700	0	52601.2205	0
86	22	-455.9707	0	52601.2266	0
87	22	-455.9719	0	52601.2291	0
88	22	-455.9731	0	52601.2232	0
89	22	-455.9741	0	52601.2257	0
90	22	-455.9750	0	52601.2311	0
91	22	-455.9751	0	52601.2398	0
92	22	-455.9759	0	52601.2409	0
93	22	-455.9772	0	52601.2369	0
94	22	-455.9787	0	52601.2333	0
95	22	-455.9790	0	52601.2362	0
96	22	-455.9794	0	52601.2374	0
97	22	-455.9803	0	52601.2334	0
98	22	-455.9821	0	52601.2254	0
99	22	-455.9833	0	52601.2224	0
100	22	-455.9842	0	52601.2258	0
101	22	-455.9857	0	52601.2228	0
102	22	-455.9866	0	52601.2240	0
103	22	-455.9871	0	52601.2245	0
104	22	-455.9876	0	52601.2225	0
105	22	-455.9884	0	52601.2219	0
106	22	-455.9895	0	52601.2217	0
107	22	-455.9908	0	52601.2241	0
108	22	-455.9909	0	52601.2272	0
109	22	-455.9910	0	52601.2329	0
110	22	-455.9911	0	52601.2350	0
111	22	-455.9922	0	52601.2269	0
112	22	-455.9932	0	52601.2147	0
117	22	-455.9969	0	52601.2210	0
118	22	-455.9975	0	52601.2267	0
119	22	-455.9981	0	52601.2285	0
120	22	-455.9982	0	52601.2314	0
121	22	-455.9986	0	52601.2326	0
122	22	-455.9987	0	52601.2353	0
123	22	-455.9999	0	52601.2298	0
124	22	-456.0005	0	52601.2299	0
125	22	-456.0011	0	52601.2323	0
126	22	-456.0017	0	52601.2332	0
127	22	-456.0018	0	52601.2379	0
128	22	-456.0020	0	52601.2419	0
129	22	-456.0030	0	52601.2414	0
130	22	-456.0037	0	52601.2412	0
131	22	-456.0047	0	52601.2390	0
132	22	-456.0048	0	52601.2446	0
133	22	-456.0050	0	52601.2468	0
134	22	-456.0052	0	52601.2476	0
135	22	-456.0056	0	52601.2435	0
136	22	-456.0060	0	52601.2420	0
137	22	-456.0060	0	52601.2457	0
138	22	-456.0068	0	52601.2450	0
139	22	-456.0071	0	52601.2491	0
140	22	-456.0074	0	52601.2506	0
141	22	-456.0080	0	52601.2491	0
142	22	-456.0087	0	52601.2485	0
143	22	-456.0094	0	52601.2441	0
144	22	-456.0093	0	52601.2487	0
145	22	-456.0094	0	52601.2527	0
146	22	-456.0096	0	52601.2563	0
147	22	-456.0105	0	52601.2556	0
148	22	-456.0112	0	52601.2553	0
149	22	-456.0116	0	52601.2573	0
150	22	-456.0121	0	52601.2581	0
151	22	-456.0121	0	52601.2646	0
152	22	-456.0128	0	52601.2629	0
153	22	-456.0136	0	52601.2602	0
154	22	-456.0143	0	52601.2570	0
155	22	-456.0148	0	52601.2580	0
156	22	-456.0150	0	52601.2625	0
157	22	-456.0157	0	52601.2622	0
158	22	-456.0164	0	52601.2600	0
159	22	-456.0171	0	52601.2592	0
160	22	-456.0175	0	52601.2610	0
161	22	-456.0169	0	52601.2678	0
162	22	-456.0169	0	52601.2704	0
163	22	-456.0169	0	52601.2755	0
164	22	-456.0167	0	52601.2813	0
165	22	-456.0173	0	52601.2815	0
166	22	-456.0184	0	52601.2735	0
167	22	-456.0187	0	52601.2744	0
168	22	-456.0200	0	52601.2668	0
169	22	-456.0198	0	52601.2678	0
170	22	-456.0184	0	52601.2761	0
171	22	-456.0188	0	52601.2774	0
172	22	-456.0198	0	52601.2739	0
173	22	-456.0192	0	52601.2825	0
174	22	-456.0187	0	52601.2877	0
175	22	-456.0194	0	52601.2857	0
176	22	-456.0194	0	52601.2909	0
177	22	-456.0195	0	52601.2948	0
178	22	-456.0199	0	52601.2962	0
179	22	-456.0200	0	52601.2986	0
180	22	-456.0204	0	52601.2975	0
181	22	-456.0208	0	52601.2971	0
182	22	-456.0213	0	52601.2949	0
183	22	-456.0223	0	52601.2921	0
184	22	-456.0227	0	52601.2950	0
185	22	-456.0229	0	52601.3000	0
186	22	-456.0237	0	52601.3000	0
187	22	-456.0241	0	52601.3019	0
188	22	-456.0240	0	52601.3045	0
189	22	-456.0253	0	52601.2997	0
190	22	-456.0261	0	52601.2979	0
191	22	-456.0270	0	52601.2934	0
192	22	-456.0259	0	52601.3030	0
193	22	-456.0256	0	52601.3068	0
194	22	-456.0256	0	52601.3101	0
195	22	-456.0257	0	52601.3131	0
196	22	-456.0259	0	52601.3162	0
197	22	-456.0269	0	52601.3136	0
198	22	-456.0275	0	52601.3107	0
199	22	-456.0266	0	52601.3188	0
200	22	-456.0261	0	52601.3274	0
201	22	-456.0255	0	52601.3360	0
202	22	-456.0257	0	52601.3373	0
203	22	-456.0261	0	52601.3377	0
204	22	-456.0265	0	52601.3360	0
205	22	-456.0272	0	52601.3317	0
206	22	-456.0277	0	52601.3300	0
207	22	-456.0283	0	52601.3257	0
208	22	-456.0291	0	52601.3222	0
209	22	-456.0299	0	52601.3209	0
210	22	-456.0305	0	52601.3205	0
211	22	-456.0308	0	52601.3221	0
212	22	-456.0310	0	52601.3246	0
213	22	-456.0308	0	52601.3328	0
214	22	-456.0301	0	52601.3413	0
215	22	-456.0301	0	52601.3426	0
216	22	-456.0314	0	52601.3359	0
217	22	-456.0311	0	52601.3422	0
218	22	-456.0307	0	52601.3481	0
219	22	-456.0305	0	52601.3573	0
220	22	-456.0304	0	52601.3641	0
221	22	-456.0314	0	52601.3648	0
222	22	-456.0323	0	52601.3650	0
223	22	-456.0327	0	52601.3718	0
224	22	-456.0330	0	52601.3759	0
225	22	-456.0326	0	52601.3839	0
226	22	-456.0335	0	52601.3819	0
227	22	-456.0344	0	52601.3811	0
228	22	-456.0353	0	52601.3807	0
229	22	-456.0352	0	52601.3901	0
230	22	-456.0336	0	52601.4062	0
231	22	-456.0338	0	52601.4088	0
232	22	-456.0344	0	52601.4128	0
233	22	-456.0351	0	52601.4187	0
234	22	-456.0352	0	52601.4283	0
237	22	-456.0346	0	52601.4510	0
238	22	-456.0353	0	52601.4510	0
239	22	-456.0356	0	52601.4565	0
240	22	-456.0383	0	52601.4475	0
241	22	-456.0369	0	52601.4614	0
242	22	-456.0367	0	52601.4668	0
243	22	-456.0377	0	52601.4687	0
244	22	-456.0382	0	52601.4733	0
245	22	-456.0393	0	52601.4749	0
246	22	-456.0392	0	52601.4805	0
247	22	-456.0398	0	52601.4826	0
248	22	-456.0403	0	52601.4845	0
249	22	-456.0405	0	52601.4877	0
250	22	-456.0412	0	52601.4888	0
251	22	-456.0422	0	52601.4891	0
252	22	-456.0421	0	52601.4929	0
253	22	-456.0420	0	52601.4954	0
