2331	2203	-455.9990	0	52601.2536	0
2352	2203	-455.9948	0	52601.2803	0
2353	2203	-455.9942	0	52601.2823	0
2354	2203	-455.9942	0	52601.2796	0
2355	2203	-455.9946	0	52601.2704	0
2356	2203	-455.9944	0	52601.2700	0
2357	2203	-455.9943	0	52601.2715	0
2358	2203	-455.9941	0	52601.2704	0
2359	2203	-455.9942	0	52601.2631	0
2360	2203	-455.9943	0	52601.2585	0
2361	2203	-455.9944	0	52601.2568	0
2362	2203	-455.9944	0	52601.2527	0
2363	2203	-455.9947	0	52601.2494	0
2364	2203	-455.9944	0	52601.2482	0
2365	2203	-455.9945	0	52601.2479	0
