2374	2217	-456.0132	0	52601.4358	1
2375	2217	-456.0120	0	52601.4380	1
2376	2217	-456.0109	0	52601.4387	1
2377	2217	-456.0099	0	52601.4322	1
2378	2217	-456.0094	0	52601.4338	1
2379	2217	-456.0086	0	52601.4291	1
2380	2217	-456.0080	0	52601.4194	1
2381	2217	-456.0080	0	52601.4106	1
2382	2217	-456.0067	0	52601.4061	1
2383	2217	-456.0053	0	52601.4058	1
2384	2217	-456.0047	0	52601.4018	1
2385	2217	-456.0042	0	52601.3977	1
2386	2217	-456.0036	0	52601.3936	1
2387	2217	-456.0027	0	52601.3880	1
2388	2217	-456.0018	0	52601.3845	1
2389	2217	-456.0013	0	52601.3764	1
2390	2217	-456.0007	0	52601.3720	1
2391	2217	-456.0003	0	52601.3677	1
2392	2217	-455.9998	0	52601.3634	1
2393	2217	-455.9992	0	52601.3618	1
2394	2217	-455.9992	0	52601.3571	1
2395	2217	-455.9992	0	52601.3511	1
2396	2217	-455.9989	0	52601.3430	1
2399	2217	-455.9970	0	52601.3463	0
2400	2217	-455.9970	0	52601.3358	0
2401	2217	-455.9970	0	52601.3195	0
2402	2217	-455.9969	0	52601.3132	0
2403	2217	-455.9969	0	52601.3111	0
2404	2217	-455.9969	0	52601.3105	0
2405	2217	-455.9976	0	52601.2995	0
2406	2217	-455.9978	0	52601.3019	0
2407	2217	-455.9981	0	52601.2966	0
2408	2217	-455.9985	0	52601.2898	0
2409	2217	-455.9984	0	52601.2924	0
2410	2217	-455.9986	0	52601.2870	0
