960	239	-455.9356	0	52601.3451	0
961	239	-455.9359	0	52601.3422	0
962	239	-455.9359	0	52601.3453	0
963	239	-455.9361	0	52601.3485	0
964	239	-455.9363	0	52601.3476	0
965	239	-455.9369	0	52601.3529	0
968	239	-455.9382	0	52601.3564	0
969	239	-455.9391	0	52601.3568	0
970	239	-455.9395	0	52601.3551	0
971	239	-455.9398	0	52601.3561	0
972	239	-455.9402	0	52601.3618	0
973	239	-455.9403	0	52601.3672	0
986	239	-455.9430	0	52601.3717	0
987	239	-455.9432	0	52601.3681	0
988	239	-455.9430	0	52601.3633	0
989	239	-455.9431	0	52601.3563	0
990	239	-455.9432	0	52601.3500	0
991	239	-455.9436	0	52601.3478	0
992	239	-455.9438	0	52601.3471	0
993	239	-455.9439	0	52601.3451	0
994	239	-455.9441	0	52601.3444	0
995	239	-455.9443	0	52601.3406	0
996	239	-455.9445	0	52601.3392	0
997	239	-455.9445	0	52601.3388	0
998	239	-455.9445	0	52601.3405	0
999	239	-455.9447	0	52601.3394	0
1000	239	-455.9449	0	52601.3372	0
1001	239	-455.9451	0	52601.3347	0
1002	239	-455.9453	0	52601.3337	0
1003	239	-455.9453	0	52601.3334	0
1004	239	-455.9455	0	52601.3316	0
1005	239	-455.9459	0	52601.3309	0
1006	239	-455.9460	0	52601.3289	0
1007	239	-455.9465	0	52601.3319	0
1008	239	-455.9466	0	52601.3367	0
1025	239	-455.9482	0	52601.3505	0
1026	239	-455.9484	0	52601.3473	0
1027	239	-455.9484	0	52601.3479	0
1028	239	-455.9480	0	52601.3569	0
1029	239	-455.9480	0	52601.3602	0
1030	239	-455.9481	0	52601.3614	0
1031	239	-455.9485	0	52601.3601	0
1032	239	-455.9488	0	52601.3613	0
1033	239	-455.9488	0	52601.3634	0
1034	239	-455.9490	0	52601.3642	0
1035	239	-455.9492	0	52601.3661	0
1036	239	-455.9493	0	52601.3668	0
1037	239	-455.9495	0	52601.3704	0
1038	239	-455.9497	0	52601.3735	0
1039	239	-455.9496	0	52601.3762	0
1040	239	-455.9495	0	52601.3772	0
1041	239	-455.9495	0	52601.3791	0
1042	239	-455.9494	0	52601.3815	0
1043	239	-455.9494	0	52601.3839	0
1044	239	-455.9495	0	52601.3864	0
1045	239	-455.9497	0	52601.3873	0
1046	239	-455.9499	0	52601.3876	0
1047	239	-455.9502	0	52601.3893	0
1048	239	-455.9502	0	52601.3914	0
1049	239	-455.9501	0	52601.3954	0
1050	239	-455.9500	0	52601.3984	0
1051	239	-455.9499	0	52601.3995	0
1052	239	-455.9499	0	52601.4014	0
1053	239	-455.9501	0	52601.4021	0
1054	239	-455.9500	0	52601.4054	0
1055	239	-455.9502	0	52601.4066	0
1056	239	-455.9501	0	52601.4085	0
1057	239	-455.9503	0	52601.4108	0
1058	239	-455.9505	0	52601.4115	0
1059	239	-455.9504	0	52601.4133	0
1060	239	-455.9502	0	52601.4154	0
1061	239	-455.9499	0	52601.4176	0
1062	239	-455.9497	0	52601.4200	0
1063	239	-455.9497	0	52601.4208	0
1064	239	-455.9498	0	52601.4210	0
1065	239	-455.9499	0	52601.4210	0
1066	239	-455.9499	0	52601.4210	0
1067	239	-455.9500	0	52601.4209	0
1068	239	-455.9502	0	52601.4194	0
1069	239	-455.9502	0	52601.4202	0
1070	239	-455.9501	0	52601.4205	0
1071	239	-455.9499	0	52601.4206	0
1072	239	-455.9502	0	52601.4191	0
1073	239	-455.9502	0	52601.4170	0
1074	239	-455.9512	0	52601.3993	0
1075	239	-455.9522	0	52601.3940	0
1076	239	-455.9516	0	52601.4057	0
1077	239	-455.9506	0	52601.4182	0
1078	239	-455.9503	0	52601.4198	0
1079	239	-455.9503	0	52601.4218	0
1080	239	-455.9504	0	52601.4226	0
1081	239	-455.9504	0	52601.4228	0
1082	239	-455.9504	0	52601.4229	0
1083	239	-455.9504	0	52601.4229	0
1084	239	-455.9503	0	52601.4229	0
1085	239	-455.9503	0	52601.4213	0
1086	239	-455.9502	0	52601.4207	0
1087	239	-455.9502	0	52601.4204	0
1088	239	-455.9502	0	52601.4203	0
1089	239	-455.9497	0	52601.4203	0
1090	239	-455.9496	0	52601.4172	0
1091	239	-455.9499	0	52601.4145	0
1092	239	-455.9498	0	52601.4135	0
1093	239	-455.9500	0	52601.4177	0
1094	239	-455.9500	0	52601.4194	0
1095	239	-455.9497	0	52601.4215	0
1096	239	-455.9497	0	52601.4238	0
1097	239	-455.9498	0	52601.4246	0
1098	239	-455.9496	0	52601.4249	0
1099	239	-455.9489	0	52601.4081	0
1100	239	-455.9491	0	52601.4210	0
1101	239	-455.9492	0	52601.4266	0
1102	239	-455.9492	0	52601.4286	0
1103	239	-455.9490	0	52601.4293	0
1104	239	-455.9490	0	52601.4310	0
1105	239	-455.9489	0	52601.4316	0
1106	239	-455.9486	0	52601.4333	0
1107	239	-455.9485	0	52601.4324	0
1108	239	-455.9485	0	52601.4305	0
1109	239	-455.9483	0	52601.4328	0
1110	239	-455.9482	0	52601.4336	0
1111	239	-455.9482	0	52601.4339	0
1112	239	-455.9482	0	52601.4340	0
1113	239	-455.9482	0	52601.4354	0
1114	239	-455.9481	0	52601.4360	0
1115	239	-455.9481	0	52601.4376	0
1116	239	-455.9479	0	52601.4382	0
1117	239	-455.9477	0	52601.4398	0
1118	239	-455.9476	0	52601.4404	0
1119	239	-455.9476	0	52601.4406	0
1120	239	-455.9476	0	52601.4421	0
1121	239	-455.9477	0	52601.4426	0
1122	239	-455.9477	0	52601.4428	0
1123	239	-455.9477	0	52601.4429	0
1124	239	-455.9476	0	52601.4443	0
1125	239	-455.9476	0	52601.4448	0
1126	239	-455.9477	0	52601.4435	0
1127	239	-455.9477	0	52601.4430	0
1128	239	-455.9478	0	52601.4443	0
1129	239	-455.9478	0	52601.4447	0
1130	239	-455.9480	0	52601.4448	0
1131	239	-455.9479	0	52601.4449	0
1132	239	-455.9479	0	52601.4449	0
1133	239	-455.9479	0	52601.4449	0
1134	239	-455.9481	0	52601.4449	0
1135	239	-455.9480	0	52601.4463	0
1136	239	-455.9480	0	52601.4468	0
1137	239	-455.9482	0	52601.4470	0
1138	239	-455.9482	0	52601.4471	0
1139	239	-455.9484	0	52601.4457	0
1140	239	-455.9477	0	52601.4465	0
1141	239	-455.9482	0	52601.4439	0
1142	239	-455.9491	0	52601.4300	0
1143	239	-455.9486	0	52601.4403	0
1144	239	-455.9487	0	52601.4417	0
1145	239	-455.9487	0	52601.4422	0
1146	239	-455.9487	0	52601.4424	0
1147	239	-455.9487	0	52601.4425	0
1148	239	-455.9486	0	52601.4425	0
1149	239	-455.9486	0	52601.4425	0
1150	239	-455.9486	0	52601.4425	0
1151	239	-455.9486	0	52601.4425	0
1152	239	-455.9486	0	52601.4425	0
1153	239	-455.9486	0	52601.4425	0
1154	239	-455.9485	0	52601.4425	0
1155	239	-455.9485	0	52601.4425	0
1156	239	-455.9485	0	52601.4426	0
1157	239	-455.9487	0	52601.4426	0
1158	239	-455.9486	0	52601.4440	0
1159	239	-455.9485	0	52601.4446	0
1160	239	-455.9484	0	52601.4447	0
1161	239	-455.9484	0	52601.4433	0
1162	239	-455.9483	0	52601.4442	0
1163	239	-455.9482	0	52601.4446	0
1164	239	-455.9482	0	52601.4447	0
1165	239	-455.9482	0	52601.4448	0
1166	239	-455.9482	0	52601.4462	0
1167	239	-455.9480	0	52601.4467	0
1168	239	-455.9480	0	52601.4469	0
1169	239	-455.9482	0	52601.4442	0
1170	239	-455.9482	0	52601.4445	0
1171	239	-455.9482	0	52601.4432	0
1172	239	-455.9483	0	52601.4427	0
1173	239	-455.9483	0	52601.4426	0
1174	239	-455.9483	0	52601.4425	0
1175	239	-455.9481	0	52601.4425	0
1176	239	-455.9479	0	52601.4439	0
1177	239	-455.9479	0	52601.4444	0
1178	239	-455.9479	0	52601.4461	0
1179	239	-455.9479	0	52601.4452	0
1180	239	-455.9479	0	52601.4449	0
1181	239	-455.9479	0	52601.4448	0
1182	239	-455.9479	0	52601.4447	0
1183	239	-455.9479	0	52601.4447	0
1184	239	-455.9479	0	52601.4447	0
1185	239	-455.9479	0	52601.4447	0
1186	239	-455.9479	0	52601.4447	0
1187	239	-455.9480	0	52601.4447	0
1188	239	-455.9480	0	52601.4447	0
1189	239	-455.9479	0	52601.4433	0
1190	239	-455.9479	0	52601.4427	0
1191	239	-455.9482	0	52601.4411	0
1192	239	-455.9483	0	52601.4405	0
1193	239	-455.9483	0	52601.4403	0
1194	239	-455.9482	0	52601.4387	0
1195	239	-455.9482	0	52601.4396	0
1196	239	-455.9482	0	52601.4400	0
1197	239	-455.9482	0	52601.4387	0
1198	239	-455.9482	0	52601.4382	0
1199	239	-455.9482	0	52601.4380	0
1200	239	-455.9481	0	52601.4380	0
1201	239	-455.9476	0	52601.4335	0
1202	239	-455.9481	0	52601.4362	0
1203	239	-455.9484	0	52601.4359	0
1204	239	-455.9485	0	52601.4343	0
1205	239	-455.9485	0	52601.4352	0
1206	239	-455.9485	0	52601.4341	0
1207	239	-455.9485	0	52601.4337	0
1208	239	-455.9485	0	52601.4335	0
1209	239	-455.9483	0	52601.4335	0
1210	239	-455.9483	0	52601.4350	0
1211	239	-455.9484	0	52601.4356	0
1212	239	-455.9484	0	52601.4343	0
1213	239	-455.9483	0	52601.4353	0
1214	239	-455.9485	0	52601.4342	0
1215	239	-455.9485	0	52601.4338	0
1216	239	-455.9484	0	52601.4336	0
1217	239	-455.9483	0	52601.4336	0
1218	239	-455.9483	0	52601.4291	0
1219	239	-455.9483	0	52601.4289	0
1220	239	-455.9485	0	52601.4274	0
1221	239	-455.9485	0	52601.4254	0
1222	239	-455.9484	0	52601.4246	0
1223	239	-455.9484	0	52601.4274	0
1224	239	-455.9485	0	52601.4270	0
1225	239	-455.9483	0	52601.4298	0
1226	239	-455.9483	0	52601.4309	0
1227	239	-455.9484	0	52601.4283	0
1228	239	-455.9485	0	52601.4273	0
1229	239	-455.9484	0	52601.4240	0
1230	239	-455.9483	0	52601.4242	0
1231	239	-455.9481	0	52601.4243	0
1232	239	-455.9479	0	52601.4244	0
1233	239	-455.9477	0	52601.4244	0
1234	239	-455.9475	0	52601.4289	0
1235	239	-455.9472	0	52601.4306	0
1236	239	-455.9471	0	52601.4327	0
1237	239	-455.9468	0	52601.4380	0
1238	239	-455.9466	0	52601.4369	0
1239	239	-455.9470	0	52601.4350	0
1240	239	-455.9473	0	52601.4343	0
1241	239	-455.9479	0	52601.4325	0
1242	239	-455.9482	0	52601.4290	0
1243	239	-455.9481	0	52601.4334	0
1244	239	-455.9484	0	52601.4337	0
1245	239	-455.9485	0	52601.4368	0
1246	239	-455.9483	0	52601.4393	0
1247	239	-455.9482	0	52601.4388	0
1248	239	-455.9482	0	52601.4400	0
1249	239	-455.9481	0	52601.4390	0
1250	239	-455.9482	0	52601.4386	0
1251	239	-455.9481	0	52601.4399	0
1252	239	-455.9480	0	52601.4418	0
1253	239	-455.9477	0	52601.4425	0
1254	239	-455.9479	0	52601.4442	0
1255	239	-455.9481	0	52601.4448	0
1256	239	-455.9482	0	52601.4478	0
1257	239	-455.9483	0	52601.4490	0
1258	239	-455.9482	0	52601.4522	0
1259	239	-455.9483	0	52601.4575	0
1260	239	-455.9481	0	52601.4581	0
1261	239	-455.9480	0	52601.4583	0
1262	239	-455.9479	0	52601.4611	0
1263	239	-455.9477	0	52601.4648	0
1264	239	-455.9476	0	52601.4675	0
1265	239	-455.9478	0	52601.4685	0
1266	239	-455.9478	0	52601.4715	0
1267	239	-455.9478	0	52601.4738	0
1268	239	-455.9475	0	52601.4760	0
1269	239	-455.9473	0	52601.4794	0
1270	239	-455.9473	0	52601.4806	0
1271	239	-455.9471	0	52601.4810	0
1272	239	-455.9470	0	52601.4824	0
1273	239	-455.9469	0	52601.4841	0
1274	239	-455.9467	0	52601.4860	0
1275	239	-455.9465	0	52601.4892	0
1276	239	-455.9466	0	52601.4904	0
1277	239	-455.9467	0	52601.4908	0
1278	239	-455.9467	0	52601.4921	0
1279	239	-455.9466	0	52601.4926	0
1280	239	-455.9464	0	52601.4939	0
1281	239	-455.9462	0	52601.4944	0
1282	239	-455.9461	0	52601.4945	0
1283	239	-455.9460	0	52601.4945	0
1284	239	-455.9458	0	52601.4983	0
1285	239	-455.9457	0	52601.4996	0
1286	239	-455.9456	0	52601.5026	0
1287	239	-455.9456	0	52601.5024	0
1288	239	-455.9456	0	52601.5048	0
1289	239	-455.9454	0	52601.5056	0
1290	239	-455.9454	0	52601.5072	0
1291	239	-455.9451	0	52601.5089	0
1292	239	-455.9449	0	52601.5095	0
1293	239	-455.9449	0	52601.5097	0
1294	239	-455.9448	0	52601.5109	0
1295	239	-455.9446	0	52601.5113	0
1296	239	-455.9444	0	52601.5127	0
1297	239	-455.9446	0	52601.5143	0
1298	239	-455.9446	0	52601.5149	0
1299	239	-455.9447	0	52601.5151	0
1300	239	-455.9446	0	52601.5187	0
1301	239	-455.9447	0	52601.5213	0
1302	239	-455.9446	0	52601.5234	0
1303	239	-455.9444	0	52601.5241	0
1304	239	-455.9443	0	52601.5243	0
1305	239	-455.9442	0	52601.5267	0
1306	239	-455.9442	0	52601.5287	0
1307	239	-455.9440	0	52601.5294	0
1308	239	-455.9442	0	52601.5308	0
1309	239	-455.9443	0	52601.5313	0
1310	239	-455.9443	0	52601.5314	0
1311	239	-455.9442	0	52601.5314	0
1312	239	-455.9443	0	52601.5337	0
1313	239	-455.9442	0	52601.5357	0
1314	239	-455.9441	0	52601.5352	0
1315	239	-455.9441	0	52601.5362	0
1316	239	-455.9442	0	52601.5376	0
1317	239	-455.9440	0	52601.5427	0
1318	239	-455.9441	0	52601.5457	0
1319	239	-455.9441	0	52601.5467	0
1320	239	-455.9441	0	52601.5482	0
1321	239	-455.9442	0	52601.5487	0
1322	239	-455.9441	0	52601.5510	0
1323	239	-455.9439	0	52601.5541	0
1324	239	-455.9437	0	52601.5551	0
1325	239	-455.9436	0	52601.5555	0
1326	239	-455.9434	0	52601.5555	0
1327	239	-455.9433	0	52601.5577	0
1328	239	-455.9432	0	52601.5595	0
1329	239	-455.9434	0	52601.5613	0
1330	239	-455.9435	0	52601.5597	0
1331	239	-455.9436	0	52601.5602	0
1332	239	-455.9435	0	52601.5603	0
1333	239	-455.9433	0	52601.5646	0
1334	239	-455.9432	0	52601.5661	0
1335	239	-455.9432	0	52601.5667	0
1336	239	-455.9432	0	52601.5679	0
1337	239	-455.9430	0	52601.5694	0
1338	239	-455.9429	0	52601.5719	0
1339	239	-455.9429	0	52601.5739	0
1340	239	-455.9431	0	52601.5757	0
1341	239	-455.9432	0	52601.5752	0
1342	239	-455.9432	0	52601.5761	0
1343	239	-455.9429	0	52601.5804	0
1344	239	-455.9426	0	52601.5830	0
1345	239	-455.9425	0	52601.5840	0
1346	239	-455.9426	0	52601.5832	0
1347	239	-455.9425	0	52601.5829	0
1348	239	-455.9420	0	52601.5837	0
1349	239	-455.9419	0	52601.5870	0
1350	239	-455.9418	0	52601.5872	0
1351	239	-455.9421	0	52601.5862	0
1352	239	-455.9421	0	52601.5858	0
1353	239	-455.9418	0	52601.5856	0
1354	239	-455.9417	0	52601.5885	0
1355	239	-455.9418	0	52601.5866	0
1356	239	-455.9418	0	52601.5878	0
1357	239	-455.9420	0	52601.5893	0
1358	239	-455.9419	0	52601.5908	0
1359	239	-455.9417	0	52601.5953	0
1360	239	-455.9417	0	52601.5959	0
1361	239	-455.9416	0	52601.5971	0
1362	239	-455.9416	0	52601.5975	0
1363	239	-455.9415	0	52601.5996	0
1364	239	-455.9415	0	52601.6003	0
1365	239	-455.9412	0	52601.6044	0
1366	239	-455.9411	0	52601.6069	0
1367	239	-455.9410	0	52601.6077	0
1368	239	-455.9410	0	52601.6080	0
1369	239	-455.9409	0	52601.6099	0
1370	239	-455.9409	0	52601.6125	0
1371	239	-455.9408	0	52601.6143	0
1372	239	-455.9408	0	52601.6140	0
1373	239	-455.9407	0	52601.6157	0
1374	239	-455.9405	0	52601.6145	0
1375	239	-455.9405	0	52601.6139	0
1376	239	-455.9403	0	52601.6146	0
1377	239	-455.9402	0	52601.6148	0
1378	239	-455.9400	0	52601.6158	0
1379	239	-455.9399	0	52601.6162	0
1380	239	-455.9399	0	52601.6172	0
1381	239	-455.9398	0	52601.6185	0
1382	239	-455.9397	0	52601.6189	0
1383	239	-455.9397	0	52601.6200	0
1384	239	-455.9396	0	52601.6212	0
1385	239	-455.9394	0	52601.6217	0
1386	239	-455.9395	0	52601.6218	0
1387	239	-455.9394	0	52601.6218	0
1388	239	-455.9392	0	52601.6218	0
1389	239	-455.9394	0	52601.6218	0
1390	239	-455.9393	0	52601.6208	0
1391	239	-455.9392	0	52601.6205	0
1392	239	-455.9390	0	52601.6203	0
1393	239	-455.9390	0	52601.6184	0
1394	239	-455.9388	0	52601.6149	0
1395	239	-455.9390	0	52601.6089	0
1396	239	-455.9393	0	52601.6029	0
1397	239	-455.9395	0	52601.6005	0
1398	239	-455.9397	0	52601.6006	0
1399	239	-455.9398	0	52601.6017	0
1400	239	-455.9396	0	52601.6050	0
1401	239	-455.9395	0	52601.6082	0
1402	239	-455.9394	0	52601.6104	0
1403	239	-455.9393	0	52601.6122	0
1404	239	-455.9396	0	52601.6090	0
1405	239	-455.9395	0	52601.6088	0
1406	239	-455.9394	0	52601.6078	0
1407	239	-455.9394	0	52601.6074	0
1408	239	-455.9395	0	52601.6063	0
1409	239	-455.9395	0	52601.6059	0
1410	239	-455.9398	0	52601.6000	0
1411	239	-455.9406	0	52601.5862	0
1412	239	-455.9400	0	52601.5931	0
1413	239	-455.9399	0	52601.5962	0
1414	239	-455.9397	0	52601.6004	0
1415	239	-455.9397	0	52601.6029	0
1416	239	-455.9398	0	52601.6019	0
1417	239	-455.9399	0	52601.6016	0
1418	239	-455.9398	0	52601.6015	0
1419	239	-455.9402	0	52601.5975	0
1420	239	-455.9411	0	52601.5842	0
1421	239	-455.9413	0	52601.5801	0
1422	239	-455.9406	0	52601.5884	0
1423	239	-455.9405	0	52601.5878	0
1424	239	-455.9406	0	52601.5866	0
1425	239	-455.9403	0	52601.5861	0
1426	239	-455.9404	0	52601.5840	0
1427	239	-455.9399	0	52601.5873	0
1428	239	-455.9394	0	52601.5926	0
1429	239	-455.9391	0	52601.5946	0
1430	239	-455.9388	0	52601.5963	0
1431	239	-455.9386	0	52601.5959	0
1432	239	-455.9386	0	52601.5958	0
1433	239	-455.9386	0	52601.5957	0
1434	239	-455.9386	0	52601.5957	0
1435	239	-455.9386	0	52601.5957	0
1436	239	-455.9384	0	52601.5956	0
1437	239	-455.9384	0	52601.5966	0
1438	239	-455.9385	0	52601.5960	0
1439	239	-455.9386	0	52601.5977	0
1440	239	-455.9386	0	52601.5984	0
1441	239	-455.9388	0	52601.5996	0
1442	239	-455.9390	0	52601.6020	0
1443	239	-455.9392	0	52601.6029	0
1444	239	-455.9394	0	52601.6032	0
1445	239	-455.9396	0	52601.6013	0
1446	239	-455.9400	0	52601.6006	0
1447	239	-455.9401	0	52601.6003	0
1448	239	-455.9401	0	52601.6002	0
1449	239	-455.9401	0	52601.6002	0
1450	239	-455.9399	0	52601.6021	0
1451	239	-455.9397	0	52601.6037	0
1452	239	-455.9395	0	52601.6053	0
1453	239	-455.9395	0	52601.6059	0
1454	239	-455.9394	0	52601.6061	0
1455	239	-455.9393	0	52601.6061	0
1456	239	-455.9392	0	52601.6071	0
1457	239	-455.9391	0	52601.6074	0
1458	239	-455.9391	0	52601.6075	0
1459	239	-455.9391	0	52601.6076	0
1460	239	-455.9391	0	52601.6056	0
1461	239	-455.9391	0	52601.6049	0
1462	239	-455.9390	0	52601.6046	0
1463	239	-455.9390	0	52601.6026	0
1464	239	-455.9389	0	52601.6008	0
1465	239	-455.9390	0	52601.5992	0
1466	239	-455.9390	0	52601.5986	0
1467	239	-455.9391	0	52601.5974	0
1468	239	-455.9390	0	52601.5951	0
1469	239	-455.9390	0	52601.5942	0
1470	239	-455.9391	0	52601.5929	0
1471	239	-455.9391	0	52601.5924	0
1472	239	-455.9391	0	52601.5922	0
1473	239	-455.9391	0	52601.5922	0
1474	239	-455.9389	0	52601.5913	0
1475	239	-455.9390	0	52601.5889	0
1476	239	-455.9390	0	52601.5900	0
1477	239	-455.9393	0	52601.5825	0
1478	239	-455.9389	0	52601.5846	0
1479	239	-455.9386	0	52601.5866	0
1480	239	-455.9384	0	52601.5884	0
1481	239	-455.9384	0	52601.5880	0
1482	239	-455.9386	0	52601.5869	0
1483	239	-455.9386	0	52601.5855	0
1484	239	-455.9387	0	52601.5829	0
1485	239	-455.9390	0	52601.5799	0
1486	239	-455.9392	0	52601.5778	0
1487	239	-455.9392	0	52601.5770	0
1488	239	-455.9393	0	52601.5747	0
1489	239	-455.9393	0	52601.5728	0
1490	239	-455.9392	0	52601.5722	0
1491	239	-455.9393	0	52601.5699	0
1492	239	-455.9391	0	52601.5691	0
1493	239	-455.9389	0	52601.5688	0
1494	239	-455.9388	0	52601.5698	0
1495	239	-455.9387	0	52601.5702	0
1496	239	-455.9387	0	52601.5693	0
1497	239	-455.9386	0	52601.5691	0
1498	239	-455.9385	0	52601.5690	0
1499	239	-455.9385	0	52601.5690	0
1500	239	-455.9385	0	52601.5669	0
1501	239	-455.9385	0	52601.5672	0
1502	239	-455.9385	0	52601.5673	0
1503	239	-455.9385	0	52601.5695	0
1504	239	-455.9384	0	52601.5703	0
1505	239	-455.9384	0	52601.5707	0
1506	239	-455.9384	0	52601.5708	0
1507	239	-455.9384	0	52601.5719	0
1508	239	-455.9384	0	52601.5734	0
1509	239	-455.9384	0	52601.5739	0
1510	239	-455.9385	0	52601.5741	0
1511	239	-455.9385	0	52601.5752	0
1512	239	-455.9385	0	52601.5757	0
1513	239	-455.9385	0	52601.5779	0
1514	239	-455.9385	0	52601.5807	0
1515	239	-455.9385	0	52601.5828	0
1516	239	-455.9385	0	52601.5836	0
1517	239	-455.9385	0	52601.5838	0
1518	239	-455.9385	0	52601.5859	0
1519	239	-455.9385	0	52601.5866	0
1520	239	-455.9385	0	52601.5889	0
1521	239	-455.9386	0	52601.5887	0
1522	239	-455.9386	0	52601.5896	0
1523	239	-455.9386	0	52601.5909	0
1524	239	-455.9386	0	52601.5914	0
1525	239	-455.9386	0	52601.5915	0
1526	239	-455.9386	0	52601.5935	0
1527	239	-455.9386	0	52601.5942	0
1528	239	-455.9386	0	52601.5944	0
1529	239	-455.9385	0	52601.5955	0
1530	239	-455.9385	0	52601.5959	0
1531	239	-455.9385	0	52601.5960	0
1532	239	-455.9385	0	52601.5969	0
1533	239	-455.9385	0	52601.5973	0
1534	239	-455.9385	0	52601.5993	0
1535	239	-455.9385	0	52601.6001	0
1536	239	-455.9386	0	52601.6003	0
1537	239	-455.9387	0	52601.6004	0
1538	239	-455.9386	0	52601.6014	0
1539	239	-455.9387	0	52601.6017	0
1540	239	-455.9388	0	52601.6018	0
1541	239	-455.9388	0	52601.6018	0
1542	239	-455.9389	0	52601.6018	0
1543	239	-455.9389	0	52601.6018	0
1544	239	-455.9390	0	52601.6017	0
1545	239	-455.9389	0	52601.6017	0
1546	239	-455.9389	0	52601.6007	0
1547	239	-455.9389	0	52601.6003	0
1548	239	-455.9389	0	52601.6002	0
1549	239	-455.9390	0	52601.5992	0
1550	239	-455.9390	0	52601.5988	0
1551	239	-455.9390	0	52601.5976	0
1552	239	-455.9390	0	52601.5972	0
1553	239	-455.9391	0	52601.5971	0
1554	239	-455.9391	0	52601.5970	0
1555	239	-455.9392	0	52601.5970	0
1556	239	-455.9390	0	52601.5970	0
1557	239	-455.9391	0	52601.5970	0
1558	239	-455.9392	0	52601.5980	0
1559	239	-455.9391	0	52601.5964	0
1560	239	-455.9391	0	52601.5958	0
1561	239	-455.9390	0	52601.5956	0
1562	239	-455.9391	0	52601.5955	0
1563	239	-455.9391	0	52601.5955	0
1564	239	-455.9391	0	52601.5955	0
1565	239	-455.9391	0	52601.5945	0
1566	239	-455.9390	0	52601.5951	0
1567	239	-455.9390	0	52601.5954	0
1568	239	-455.9390	0	52601.5945	0
1569	239	-455.9390	0	52601.5942	0
1570	239	-455.9392	0	52601.5941	0
1571	239	-455.9392	0	52601.5940	0
1572	239	-455.9392	0	52601.5940	0
1573	239	-455.9393	0	52601.5940	0
1574	239	-455.9394	0	52601.5940	0
1575	239	-455.9395	0	52601.5941	0
1576	239	-455.9394	0	52601.5950	0
1577	239	-455.9394	0	52601.5954	0
1578	239	-455.9394	0	52601.5955	0
1579	239	-455.9395	0	52601.5966	0
1580	239	-455.9396	0	52601.5960	0
1581	239	-455.9394	0	52601.5968	0
1582	239	-455.9395	0	52601.5980	0
1583	239	-455.9394	0	52601.5995	0
1584	239	-455.9394	0	52601.5990	0
1585	239	-455.9394	0	52601.5988	0
1586	239	-455.9395	0	52601.5988	0
1587	239	-455.9396	0	52601.5987	0
1588	239	-455.9396	0	52601.5997	0
1589	239	-455.9397	0	52601.6010	0
1590	239	-455.9398	0	52601.6015	0
1591	239	-455.9399	0	52601.6007	0
1592	239	-455.9399	0	52601.6013	0
1593	239	-455.9399	0	52601.6025	0
1594	239	-455.9398	0	52601.6030	0
1595	239	-455.9399	0	52601.6031	0
1596	239	-455.9399	0	52601.6041	0
1597	239	-455.9399	0	52601.6045	0
1598	239	-455.9400	0	52601.6046	0
1599	239	-455.9401	0	52601.6046	0
1600	239	-455.9401	0	52601.6046	0
1601	239	-455.9401	0	52601.6056	0
1602	239	-455.9400	0	52601.6059	0
1603	239	-455.9401	0	52601.6060	0
1604	239	-455.9401	0	52601.6070	0
1605	239	-455.9401	0	52601.6074	0
1606	239	-455.9400	0	52601.6094	0
1607	239	-455.9400	0	52601.6092	0
1608	239	-455.9398	0	52601.6101	0
1609	239	-455.9399	0	52601.6103	0
1610	239	-455.9398	0	52601.6104	0
1611	239	-455.9397	0	52601.6114	0
1612	239	-455.9397	0	52601.6127	0
1613	239	-455.9397	0	52601.6131	0
1614	239	-455.9397	0	52601.6133	0
1615	239	-455.9397	0	52601.6133	0
1616	239	-455.9396	0	52601.6142	0
1617	239	-455.9396	0	52601.6146	0
1618	239	-455.9396	0	52601.6147	0
1619	239	-455.9396	0	52601.6156	0
1620	239	-455.9398	0	52601.6160	0
1621	239	-455.9397	0	52601.6161	0
1622	239	-455.9398	0	52601.6161	0
1623	239	-455.9398	0	52601.6161	0
1624	239	-455.9398	0	52601.6170	0
1625	239	-455.9398	0	52601.6164	0
1626	239	-455.9399	0	52601.6171	0
1627	239	-455.9400	0	52601.6173	0
1628	239	-455.9401	0	52601.6165	0
1629	239	-455.9401	0	52601.6152	0
1630	239	-455.9401	0	52601.6148	0
1631	239	-455.9401	0	52601.6155	0
1632	239	-455.9403	0	52601.6158	0
1633	239	-455.9403	0	52601.6168	0
1634	239	-455.9404	0	52601.6172	0
1635	239	-455.9404	0	52601.6173	0
1636	239	-455.9401	0	52601.6174	0
1637	239	-455.9401	0	52601.6183	0
1638	239	-455.9401	0	52601.6177	0
1639	239	-455.9400	0	52601.6166	0
1640	239	-455.9401	0	52601.6161	0
1641	239	-455.9402	0	52601.6150	0
1642	239	-455.9402	0	52601.6146	0
1643	239	-455.9402	0	52601.6135	0
1644	239	-455.9402	0	52601.6141	0
1645	239	-455.9402	0	52601.6143	0
1646	239	-455.9403	0	52601.6144	0
1647	239	-455.9403	0	52601.6144	0
1648	239	-455.9403	0	52601.6144	0
1649	239	-455.9403	0	52601.6126	0
1650	239	-455.9405	0	52601.6128	0
1651	239	-455.9406	0	52601.6120	0
1652	239	-455.9406	0	52601.6117	0
1653	239	-455.9404	0	52601.6116	0
1654	239	-455.9404	0	52601.6115	0
1655	239	-455.9405	0	52601.6115	0
1656	239	-455.9405	0	52601.6106	0
1657	239	-455.9404	0	52601.6103	0
1658	239	-455.9404	0	52601.6092	0
1659	239	-455.9405	0	52601.6098	0
1660	239	-455.9405	0	52601.6100	0
1661	239	-455.9405	0	52601.6091	0
1662	239	-455.9405	0	52601.6088	0
1663	239	-455.9405	0	52601.6097	0
1664	239	-455.9405	0	52601.6090	0
1665	239	-455.9404	0	52601.6088	0
1666	239	-455.9403	0	52601.6087	0
1667	239	-455.9405	0	52601.6087	0
1668	239	-455.9405	0	52601.6087	0
1669	239	-455.9404	0	52601.6087	0
1670	239	-455.9403	0	52601.6078	0
1671	239	-455.9403	0	52601.6074	0
1672	239	-455.9403	0	52601.6082	0
1673	239	-455.9403	0	52601.6086	0
1674	239	-455.9403	0	52601.6078	0
1675	239	-455.9404	0	52601.6065	0
1676	239	-455.9404	0	52601.6060	0
1677	239	-455.9404	0	52601.6058	0
1678	239	-455.9404	0	52601.6058	0
1679	239	-455.9404	0	52601.6058	0
1680	239	-455.9402	0	52601.6058	0
1681	239	-455.9402	0	52601.6058	0
1682	239	-455.9401	0	52601.6058	0
1683	239	-455.9401	0	52601.6058	0
1684	239	-455.9401	0	52601.6058	0
1685	239	-455.9401	0	52601.6058	0
1686	239	-455.9401	0	52601.6049	0
1687	239	-455.9401	0	52601.6045	0
1688	239	-455.9401	0	52601.6044	0
1689	239	-455.9401	0	52601.6044	0
1690	239	-455.9401	0	52601.6044	0
1691	239	-455.9401	0	52601.6034	0
1692	239	-455.9401	0	52601.6031	0
1693	239	-455.9401	0	52601.6029	0
1694	239	-455.9401	0	52601.6029	0
1695	239	-455.9401	0	52601.6019	0
1696	239	-455.9401	0	52601.6006	0
1697	239	-455.9403	0	52601.6001	0
1698	239	-455.9401	0	52601.6009	0
1699	239	-455.9402	0	52601.6003	0
1700	239	-455.9402	0	52601.6000	0
1701	239	-455.9402	0	52601.6000	0
1702	239	-455.9402	0	52601.5999	0
1703	239	-455.9402	0	52601.5989	0
1704	239	-455.9402	0	52601.5986	0
1705	239	-455.9401	0	52601.5985	0
1706	239	-455.9400	0	52601.5975	0
1707	239	-455.9399	0	52601.5981	0
1708	239	-455.9398	0	52601.5983	0
1709	239	-455.9398	0	52601.5974	0
1710	239	-455.9398	0	52601.5991	0
1711	239	-455.9397	0	52601.5997	0
1712	239	-455.9396	0	52601.5990	0
1713	239	-455.9395	0	52601.5996	0
1714	239	-455.9395	0	52601.5999	0
1715	239	-455.9395	0	52601.6000	0
1716	239	-455.9395	0	52601.5991	0
1717	239	-455.9396	0	52601.5997	0
1718	239	-455.9397	0	52601.6000	0
1719	239	-455.9397	0	52601.5991	0
1720	239	-455.9398	0	52601.5997	0
1721	239	-455.9400	0	52601.5990	0
1722	239	-455.9399	0	52601.5997	0
1723	239	-455.9399	0	52601.5990	0
1724	239	-455.9399	0	52601.5987	0
1725	239	-455.9399	0	52601.5986	0
1726	239	-455.9399	0	52601.5986	0
1727	239	-455.9399	0	52601.5976	0
1728	239	-455.9399	0	52601.5962	0
1729	239	-455.9399	0	52601.5957	0
1730	239	-455.9398	0	52601.5955	0
1731	239	-455.9398	0	52601.5955	0
1732	239	-455.9397	0	52601.5955	0
1733	239	-455.9397	0	52601.5955	0
1734	239	-455.9396	0	52601.5955	0
1735	239	-455.9396	0	52601.5955	0
1736	239	-455.9396	0	52601.5955	0
1737	239	-455.9396	0	52601.5955	0
1738	239	-455.9396	0	52601.5955	0
1739	239	-455.9396	0	52601.5955	0
1740	239	-455.9396	0	52601.5956	0
1741	239	-455.9396	0	52601.5946	0
1742	239	-455.9396	0	52601.5942	0
1743	239	-455.9397	0	52601.5941	0
1744	239	-455.9397	0	52601.5940	0
1745	239	-455.9397	0	52601.5940	0
1746	239	-455.9396	0	52601.5940	0
1747	239	-455.9396	0	52601.5950	0
1748	239	-455.9396	0	52601.5954	0
1749	239	-455.9396	0	52601.5956	0
1750	239	-455.9395	0	52601.5966	0
1751	239	-455.9393	0	52601.5970	0
1752	239	-455.9394	0	52601.5971	0
1753	239	-455.9395	0	52601.5972	0
1754	239	-455.9395	0	52601.5982	0
1755	239	-455.9395	0	52601.5985	0
1756	239	-455.9395	0	52601.5986	0
1757	239	-455.9396	0	52601.5987	0
1758	239	-455.9395	0	52601.6006	0
1759	239	-455.9395	0	52601.6014	0
1760	239	-455.9396	0	52601.6016	0
1761	239	-455.9396	0	52601.6017	0
1762	239	-455.9396	0	52601.6017	0
1763	239	-455.9396	0	52601.6017	0
1764	239	-455.9396	0	52601.6017	0
1765	239	-455.9396	0	52601.6017	0
1766	239	-455.9396	0	52601.6036	0
1767	239	-455.9396	0	52601.6043	0
1768	239	-455.9396	0	52601.6055	0
1769	239	-455.9396	0	52601.6050	0
1770	239	-455.9396	0	52601.6057	0
1771	239	-455.9395	0	52601.6060	0
1772	239	-455.9394	0	52601.6061	0
1773	239	-455.9394	0	52601.6051	0
1774	239	-455.9392	0	52601.6057	0
1775	239	-455.9391	0	52601.6059	0
1776	239	-455.9389	0	52601.6070	0
1777	239	-455.9389	0	52601.6073	0
1778	239	-455.9389	0	52601.6075	0
1779	239	-455.9388	0	52601.6094	0
1780	239	-455.9388	0	52601.6101	0
1781	239	-455.9389	0	52601.6113	0
1782	239	-455.9390	0	52601.6136	0
1783	239	-455.9391	0	52601.6144	0
1784	239	-455.9392	0	52601.6147	0
1785	239	-455.9394	0	52601.6148	0
1786	239	-455.9395	0	52601.6157	0
1787	239	-455.9394	0	52601.6161	0
1788	239	-455.9393	0	52601.6171	0
1789	239	-455.9391	0	52601.6193	0
1790	239	-455.9389	0	52601.6201	0
1791	239	-455.9389	0	52601.6213	0
1792	239	-455.9388	0	52601.6217	0
1793	239	-455.9386	0	52601.6218	0
1794	239	-455.9385	0	52601.6237	0
1795	239	-455.9384	0	52601.6270	0
1796	239	-455.9384	0	52601.6273	0
1797	239	-455.9385	0	52601.6274	0
1798	239	-455.9384	0	52601.6274	0
1799	239	-455.9383	0	52601.6301	0
1800	239	-455.9381	0	52601.6319	0
1801	239	-455.9379	0	52601.6343	0
1802	239	-455.9378	0	52601.6335	0
1803	239	-455.9378	0	52601.6331	0
1804	239	-455.9376	0	52601.6346	0
1805	239	-455.9375	0	52601.6387	0
1806	239	-455.9375	0	52601.6402	0
1807	239	-455.9375	0	52601.6390	0
1808	239	-455.9374	0	52601.6384	0
1809	239	-455.9374	0	52601.6391	0
1810	239	-455.9376	0	52601.6419	0
1811	239	-455.9375	0	52601.6429	0
1812	239	-455.9373	0	52601.6433	0
1813	239	-455.9371	0	52601.6433	0
1814	239	-455.9371	0	52601.6442	0
1815	239	-455.9370	0	52601.6462	0
1816	239	-455.9369	0	52601.6503	0
1817	239	-455.9370	0	52601.6518	0
1818	239	-455.9370	0	52601.6523	0
1819	239	-455.9371	0	52601.6525	0
1820	239	-455.9370	0	52601.6541	0
1821	239	-455.9371	0	52601.6564	0
1822	239	-455.9370	0	52601.6580	0
1823	239	-455.9370	0	52601.6594	0
1824	239	-455.9370	0	52601.6590	0
1825	239	-455.9370	0	52601.6597	0
1826	239	-455.9370	0	52601.6623	0
1827	239	-455.9371	0	52601.6632	0
1828	239	-455.9373	0	52601.6644	0
1829	239	-455.9374	0	52601.6648	0
1830	239	-455.9375	0	52601.6664	0
1831	239	-455.9374	0	52601.6694	0
1832	239	-455.9373	0	52601.6729	0
1833	239	-455.9371	0	52601.6741	0
1834	239	-455.9370	0	52601.6737	0
1835	239	-455.9369	0	52601.6743	0
1836	239	-455.9367	0	52601.6776	0
1837	239	-455.9366	0	52601.6788	0
1838	239	-455.9365	0	52601.6807	0
1839	239	-455.9364	0	52601.6814	0
1840	239	-455.9363	0	52601.6823	0
1841	239	-455.9360	0	52601.6849	0
1842	239	-455.9355	0	52601.6873	0
1843	239	-455.9353	0	52601.6889	0
1844	239	-455.9350	0	52601.6895	0
1845	239	-455.9349	0	52601.6896	0
1846	239	-455.9349	0	52601.6919	0
1847	239	-455.9347	0	52601.6941	0
1848	239	-455.9346	0	52601.6942	0
1849	239	-455.9345	0	52601.6949	0
1850	239	-455.9346	0	52601.6951	0
1851	239	-455.9345	0	52601.6973	0
1852	239	-455.9343	0	52601.7010	0
1853	239	-455.9340	0	52601.7031	0
1854	239	-455.9337	0	52601.7031	0
1855	239	-455.9335	0	52601.7037	0
1856	239	-455.9334	0	52601.7053	0
1857	239	-455.9333	0	52601.7080	0
1858	239	-455.9332	0	52601.7103	0
1859	239	-455.9332	0	52601.7098	0
1860	239	-455.9333	0	52601.7102	0
1861	239	-455.9333	0	52601.7131	0
1862	239	-455.9333	0	52601.7162	0
1863	239	-455.9331	0	52601.7187	0
1864	239	-455.9331	0	52601.7202	0
1865	239	-455.9328	0	52601.7201	0
1866	239	-455.9324	0	52601.7226	0
1867	239	-455.9324	0	52601.7262	0
1868	239	-455.9325	0	52601.7281	0
1869	239	-455.9327	0	52601.7294	0
1870	239	-455.9329	0	52601.7292	0
1871	239	-455.9330	0	52601.7304	0
1872	239	-455.9331	0	52601.7333	0
1873	239	-455.9331	0	52601.7357	0
1874	239	-455.9329	0	52601.7371	0
1875	239	-455.9327	0	52601.7370	0
1876	239	-455.9325	0	52601.7381	0
1877	239	-455.9326	0	52601.7404	0
1878	239	-455.9326	0	52601.7431	0
1879	239	-455.9327	0	52601.7440	0
1880	239	-455.9328	0	52601.7443	0
1881	239	-455.9332	0	52601.7456	0
1882	239	-455.9335	0	52601.7479	0
1883	239	-455.9335	0	52601.7511	0
1884	239	-455.9334	0	52601.7523	0
1885	239	-455.9333	0	52601.7520	0
1886	239	-455.9332	0	52601.7513	0
1887	239	-455.9331	0	52601.7534	0
1888	239	-455.9331	0	52601.7559	0
1889	239	-455.9333	0	52601.7574	0
1890	239	-455.9336	0	52601.7573	0
1891	239	-455.9338	0	52601.7584	0
1892	239	-455.9339	0	52601.7600	0
1893	239	-455.9340	0	52601.7628	0
1894	239	-455.9340	0	52601.7639	0
1895	239	-455.9339	0	52601.7648	0
1896	239	-455.9337	0	52601.7656	0
1897	239	-455.9336	0	52601.7671	0
1898	239	-455.9335	0	52601.7698	0
1899	239	-455.9335	0	52601.7719	0
1900	239	-455.9335	0	52601.7727	0
1901	239	-455.9337	0	52601.7729	0
1902	239	-455.9338	0	52601.7735	0
1903	239	-455.9337	0	52601.7764	0
1904	239	-455.9336	0	52601.7792	0
1905	239	-455.9333	0	52601.7790	0
1906	239	-455.9330	0	52601.7789	0
1907	239	-455.9328	0	52601.7805	0
1908	239	-455.9327	0	52601.7837	0
1909	239	-455.9327	0	52601.7876	0
1910	239	-455.9327	0	52601.7884	0
1911	239	-455.9328	0	52601.7887	0
1912	239	-455.9329	0	52601.7887	0
1913	239	-455.9330	0	52601.7913	0
1914	239	-455.9329	0	52601.7954	0
1915	239	-455.9326	0	52601.7948	0
1916	239	-455.9325	0	52601.7939	0
1917	239	-455.9323	0	52601.7957	0
1918	239	-455.9323	0	52601.7978	0
1919	239	-455.9323	0	52601.8011	0
1920	239	-455.9324	0	52601.8023	0
1921	239	-455.9325	0	52601.8031	0
1922	239	-455.9327	0	52601.8039	0
1923	239	-455.9330	0	52601.8061	0
1924	239	-455.9330	0	52601.8094	0
1925	239	-455.9330	0	52601.8110	0
1926	239	-455.9328	0	52601.8116	0
1927	239	-455.9328	0	52601.8122	0
1928	239	-455.9328	0	52601.8153	0
1929	239	-455.9328	0	52601.8178	0
1930	239	-455.9329	0	52601.8196	0
1931	239	-455.9330	0	52601.8202	0
1932	239	-455.9332	0	52601.8208	0
1933	239	-455.9334	0	52601.8229	0
1934	239	-455.9334	0	52601.8259	0
1935	239	-455.9333	0	52601.8283	0
1936	239	-455.9333	0	52601.8292	0
1937	239	-455.9333	0	52601.8299	0
1938	239	-455.9334	0	52601.8319	0
1939	239	-455.9336	0	52601.8352	0
1940	239	-455.9338	0	52601.8372	0
1941	239	-455.9336	0	52601.8384	0
1942	239	-455.9335	0	52601.8388	0
1943	239	-455.9335	0	52601.8401	0
1944	239	-455.9334	0	52601.8427	0
1945	239	-455.9333	0	52601.8449	0
1946	239	-455.9332	0	52601.8465	0
1947	239	-455.9331	0	52601.8471	0
1948	239	-455.9330	0	52601.8476	0
1949	239	-455.9329	0	52601.8503	0
1950	239	-455.9330	0	52601.8529	0
1951	239	-455.9331	0	52601.8542	0
1952	239	-455.9332	0	52601.8550	0
1953	239	-455.9331	0	52601.8573	0
1954	239	-455.9331	0	52601.8600	0
1955	239	-455.9330	0	52601.8630	0
1956	239	-455.9326	0	52601.8640	0
1957	239	-455.9324	0	52601.8644	0
1958	239	-455.9320	0	52601.8652	0
1959	239	-455.9318	0	52601.8689	0
1960	239	-455.9316	0	52601.8714	0
1961	239	-455.9315	0	52601.8726	0
1962	239	-455.9314	0	52601.8727	0
1963	239	-455.9313	0	52601.8730	0
1964	239	-455.9314	0	52601.8760	0
1965	239	-455.9312	0	52601.8786	0
1966	239	-455.9310	0	52601.8791	0
1967	239	-455.9307	0	52601.8800	0
1968	239	-455.9304	0	52601.8799	0
1969	239	-455.9302	0	52601.8827	0
1970	239	-455.9300	0	52601.8851	0
1971	239	-455.9301	0	52601.8863	0
1972	239	-455.9302	0	52601.8867	0
1973	239	-455.9303	0	52601.8882	0
1974	239	-455.9304	0	52601.8901	0
1975	239	-455.9304	0	52601.8928	0
1976	239	-455.9303	0	52601.8935	0
1977	239	-455.9300	0	52601.8937	0
1978	239	-455.9298	0	52601.8944	0
1979	239	-455.9297	0	52601.8969	0
1980	239	-455.9297	0	52601.8998	0
1981	239	-455.9297	0	52601.9012	0
1982	239	-455.9297	0	52601.9017	0
1983	239	-455.9297	0	52601.9024	0
1984	239	-455.9298	0	52601.9040	0
1985	239	-455.9298	0	52601.9054	0
1986	239	-455.9296	0	52601.9066	0
1987	239	-455.9294	0	52601.9073	0
1988	239	-455.9292	0	52601.9082	0
1989	239	-455.9291	0	52601.9110	0
1990	239	-455.9289	0	52601.9132	0
1991	239	-455.9287	0	52601.9149	0
1992	239	-455.9287	0	52601.9149	0
1993	239	-455.9286	0	52601.9158	0
1994	239	-455.9285	0	52601.9170	0
1995	239	-455.9283	0	52601.9183	0
1996	239	-455.9279	0	52601.9203	0
1997	239	-455.9274	0	52601.9213	0
1998	239	-455.9270	0	52601.9219	0
1999	239	-455.9273	0	52601.9349	0
2000	239	-455.9266	0	52601.9360	0
2001	239	-455.9253	0	52601.9258	0
2002	239	-455.9241	0	52601.9177	0
2003	239	-455.9231	0	52601.9125	0
2004	239	-455.9223	0	52601.9098	0
2008	239	-455.9181	0	52601.8780	0
2009	239	-455.9172	0	52601.8683	0
2010	239	-455.9170	0	52601.8630	0
2011	239	-455.9178	0	52601.8650	0
2012	239	-455.9184	0	52601.8657	0
2013	239	-455.9187	0	52601.8672	0
2014	239	-455.9196	0	52601.8790	0
2015	239	-455.9200	0	52601.8881	0
2016	239	-455.9197	0	52601.8890	0
2017	239	-455.9192	0	52601.8876	0
2018	239	-455.9193	0	52601.8866	0
2019	239	-455.9192	0	52601.8863	0
2020	239	-455.9190	0	52601.8866	0
2021	239	-455.9189	0	52601.8867	0
2022	239	-455.9187	0	52601.8854	0
2023	239	-455.9189	0	52601.8850	0
2024	239	-455.9190	0	52601.8830	0
2025	239	-455.9192	0	52601.8816	0
2026	239	-455.9191	0	52601.8815	0
2027	239	-455.9190	0	52601.8807	0
2028	239	-455.9190	0	52601.8801	0
2029	239	-455.9189	0	52601.8785	0
2030	239	-455.9189	0	52601.8772	0
2031	239	-455.9185	0	52601.8756	0
2032	239	-455.9182	0	52601.8743	0
2033	239	-455.9181	0	52601.8735	0
2034	239	-455.9181	0	52601.8728	0
2035	239	-455.9181	0	52601.8715	0
2036	239	-455.9182	0	52601.8691	0
2037	239	-455.9184	0	52601.8671	0
2038	239	-455.9185	0	52601.8671	0
2039	239	-455.9184	0	52601.8676	0
2040	239	-455.9183	0	52601.8663	0
2041	239	-455.9182	0	52601.8647	0
2042	239	-455.9182	0	52601.8633	0
2043	239	-455.9179	0	52601.8613	0
2044	239	-455.9178	0	52601.8597	0
2045	239	-455.9178	0	52601.8584	0
2046	239	-455.9179	0	52601.8571	0
2047	239	-455.9181	0	52601.8555	0
2048	239	-455.9182	0	52601.8533	0
2049	239	-455.9182	0	52601.8521	0
2050	239	-455.9183	0	52601.8512	0
2051	239	-455.9182	0	52601.8514	0
2052	239	-455.9183	0	52601.8499	0
2053	239	-455.9181	0	52601.8485	0
2054	239	-455.9180	0	52601.8472	0
2055	239	-455.9180	0	52601.8455	0
2056	239	-455.9181	0	52601.8449	0
2057	239	-455.9182	0	52601.8447	0
2058	239	-455.9184	0	52601.8434	0
2059	239	-455.9186	0	52601.8416	0
2060	239	-455.9186	0	52601.8397	0
2061	239	-455.9188	0	52601.8395	0
2062	239	-455.9189	0	52601.8390	0
2063	239	-455.9189	0	52601.8389	0
2064	239	-455.9190	0	52601.8388	0
2065	239	-455.9190	0	52601.8367	0
2066	239	-455.9191	0	52601.8350	0
2067	239	-455.9192	0	52601.8344	0
2068	239	-455.9193	0	52601.8333	0
2069	239	-455.9197	0	52601.8334	0
2070	239	-455.9200	0	52601.8322	0
2071	239	-455.9201	0	52601.8290	0
2072	239	-455.9204	0	52601.8274	0
2073	239	-455.9205	0	52601.8263	0
2074	239	-455.9205	0	52601.8251	0
2075	239	-455.9206	0	52601.8242	0
2076	239	-455.9205	0	52601.8225	0
2077	239	-455.9204	0	52601.8210	0
2078	239	-455.9203	0	52601.8190	0
2079	239	-455.9202	0	52601.8179	0
2080	239	-455.9201	0	52601.8175	0
2081	239	-455.9202	0	52601.8169	0
2082	239	-455.9202	0	52601.8153	0
2083	239	-455.9202	0	52601.8133	0
2084	239	-455.9202	0	52601.8116	0
2085	239	-455.9202	0	52601.8111	0
2086	239	-455.9201	0	52601.8109	0
2087	239	-455.9199	0	52601.8099	0
2088	239	-455.9196	0	52601.8071	0
2089	239	-455.9194	0	52601.8056	0
2090	239	-455.9193	0	52601.8036	0
2091	239	-455.9192	0	52601.8029	0
2092	239	-455.9191	0	52601.8017	0
2093	239	-455.9192	0	52601.8013	0
2094	239	-455.9192	0	52601.8006	0
2095	239	-455.9193	0	52601.7984	0
2096	239	-455.9195	0	52601.7971	0
2097	239	-455.9196	0	52601.7961	0
2098	239	-455.9196	0	52601.7958	0
2099	239	-455.9195	0	52601.7952	0
2100	239	-455.9193	0	52601.7935	0
2101	239	-455.9193	0	52601.7924	0
2102	239	-455.9192	0	52601.7915	0
2103	239	-455.9191	0	52601.7901	0
2104	239	-455.9191	0	52601.7896	0
2105	239	-455.9193	0	52601.7906	0
2106	239	-455.9195	0	52601.7877	0
2107	239	-455.9197	0	52601.7856	0
2108	239	-455.9197	0	52601.7860	0
2109	239	-455.9199	0	52601.7851	0
2110	239	-455.9200	0	52601.7859	0
2111	239	-455.9200	0	52601.7851	0
2112	239	-455.9200	0	52601.7838	0
2113	239	-455.9200	0	52601.7811	0
2114	239	-455.9199	0	52601.7796	0
2115	239	-455.9200	0	52601.7791	0
2116	239	-455.9203	0	52601.7800	0
2117	239	-455.9206	0	52601.7798	0
2118	239	-455.9208	0	52601.7787	0
2119	239	-455.9212	0	52601.7777	0
2120	239	-455.9217	0	52601.7774	0
2121	239	-455.9219	0	52601.7762	0
2122	239	-455.9221	0	52601.7758	0
2123	239	-455.9222	0	52601.7745	0
2124	239	-455.9223	0	52601.7718	0
2125	239	-455.9223	0	52601.7686	0
2126	239	-455.9224	0	52601.7679	0
2127	239	-455.9224	0	52601.7677	0
2128	239	-455.9225	0	52601.7671	0
2129	239	-455.9228	0	52601.7675	0
2130	239	-455.9230	0	52601.7654	0
2131	239	-455.9233	0	52601.7641	0
2132	239	-455.9237	0	52601.7653	0
2133	239	-455.9239	0	52601.7681	0
2134	239	-455.9238	0	52601.7697	0
2135	239	-455.9236	0	52601.7670	0
2136	239	-455.9236	0	52601.7671	0
2137	239	-455.9229	0	52601.7555	0
2138	239	-455.9224	0	52601.7464	0
2139	239	-455.9224	0	52601.7438	0
2140	239	-455.9226	0	52601.7437	0
2141	239	-455.9229	0	52601.7424	0
2142	239	-455.9230	0	52601.7388	0
2143	239	-455.9233	0	52601.7376	0
2144	239	-455.9234	0	52601.7365	0
2145	239	-455.9235	0	52601.7350	0
2146	239	-455.9234	0	52601.7351	0
2147	239	-455.9234	0	52601.7359	0
2148	239	-455.9236	0	52601.7375	0
2149	239	-455.9237	0	52601.7375	0
2150	239	-455.9237	0	52601.7369	0
2151	239	-455.9237	0	52601.7374	0
2152	239	-455.9238	0	52601.7382	0
2153	239	-455.9241	0	52601.7373	0
2154	239	-455.9243	0	52601.7357	0
2155	239	-455.9244	0	52601.7332	0
2156	239	-455.9246	0	52601.7322	0
2157	239	-455.9249	0	52601.7351	0
2158	239	-455.9250	0	52601.7375	0
2159	239	-455.9249	0	52601.7378	0
2160	239	-455.9246	0	52601.7341	0
2161	239	-455.9245	0	52601.7321	0
2162	239	-455.9242	0	52601.7293	0
2163	239	-455.9242	0	52601.7277	0
2164	239	-455.9242	0	52601.7277	0
2165	239	-455.9244	0	52601.7278	0
2166	239	-455.9245	0	52601.7259	0
2167	239	-455.9246	0	52601.7245	0
2168	239	-455.9246	0	52601.7227	0
2169	239	-455.9247	0	52601.7234	0
2170	239	-455.9247	0	52601.7230	0
2171	239	-455.9247	0	52601.7216	0
2172	239	-455.9247	0	52601.7190	0
2173	239	-455.9246	0	52601.7167	0
2174	239	-455.9245	0	52601.7152	0
2175	239	-455.9244	0	52601.7147	0
2176	239	-455.9244	0	52601.7145	0
2177	239	-455.9245	0	52601.7138	0
2178	239	-455.9245	0	52601.7108	0
2179	239	-455.9247	0	52601.7083	0
2180	239	-455.9246	0	52601.7074	0
2181	239	-455.9247	0	52601.7064	0
2182	239	-455.9246	0	52601.7075	0
2183	239	-455.9245	0	52601.7066	0
2184	239	-455.9245	0	52601.7034	0
2185	239	-455.9244	0	52601.7015	0
2186	239	-455.9244	0	52601.7001	0
2187	239	-455.9243	0	52601.6997	0
2188	239	-455.9243	0	52601.6995	0
2189	239	-455.9245	0	52601.6988	0
2190	239	-455.9246	0	52601.6964	0
2191	239	-455.9247	0	52601.6948	0
2192	239	-455.9248	0	52601.6935	0
2193	239	-455.9250	0	52601.6930	0
2194	239	-455.9251	0	52601.6929	0
2195	239	-455.9251	0	52601.6914	0
2196	239	-455.9251	0	52601.6894	0
2197	239	-455.9251	0	52601.6887	0
2198	239	-455.9252	0	52601.6877	0
2199	239	-455.9253	0	52601.6874	0
2200	239	-455.9255	0	52601.6881	0
2201	239	-455.9259	0	52601.6876	0
2202	239	-455.9262	0	52601.6860	0
2203	239	-455.9264	0	52601.6824	0
2204	239	-455.9267	0	52601.6810	0
2205	239	-455.9268	0	52601.6790	0
2206	239	-455.9269	0	52601.6791	0
2207	239	-455.9270	0	52601.6768	0
2208	239	-455.9270	0	52601.6744	0
2209	239	-455.9271	0	52601.6728	0
2210	239	-455.9271	0	52601.6707	0
2211	239	-455.9271	0	52601.6699	0
2212	239	-455.9274	0	52601.6697	0
2213	239	-455.9278	0	52601.6689	0
2214	239	-455.9281	0	52601.6670	0
2215	239	-455.9283	0	52601.6655	0
2216	239	-455.9284	0	52601.6634	0
2217	239	-455.9284	0	52601.6627	0
2218	239	-455.9283	0	52601.6616	0
2219	239	-455.9282	0	52601.6613	0
2220	239	-455.9281	0	52601.6596	0
2221	239	-455.9280	0	52601.6573	0
2222	239	-455.9279	0	52601.6557	0
2223	239	-455.9278	0	52601.6551	0
2224	239	-455.9278	0	52601.6550	0
2225	239	-455.9279	0	52601.6533	0
2226	239	-455.9279	0	52601.6510	0
2227	239	-455.9280	0	52601.6494	0
2228	239	-455.9280	0	52601.6480	0
2229	239	-455.9279	0	52601.6466	0
2230	239	-455.9276	0	52601.6470	0
2231	239	-455.9273	0	52601.6464	0
2232	239	-455.9270	0	52601.6445	0
2233	239	-455.9269	0	52601.6421	0
2234	239	-455.9267	0	52601.6421	0
2235	239	-455.9266	0	52601.6413	0
2236	239	-455.9266	0	52601.6410	0
2237	239	-455.9267	0	52601.6401	0
2238	239	-455.9269	0	52601.6363	0
2239	239	-455.9269	0	52601.6349	0
2240	239	-455.9270	0	52601.6335	0
2241	239	-455.9270	0	52601.6339	0
2242	239	-455.9269	0	52601.6341	0
2243	239	-455.9269	0	52601.6334	0
2244	239	-455.9268	0	52601.6322	0
2245	239	-455.9267	0	52601.6301	0
2246	239	-455.9266	0	52601.6302	0
2247	239	-455.9266	0	52601.6294	0
2248	239	-455.9266	0	52601.6282	0
2249	239	-455.9266	0	52601.6260	0
2250	239	-455.9266	0	52601.6252	0
2251	239	-455.9267	0	52601.6249	0
2252	239	-455.9267	0	52601.6240	0
2253	239	-455.9264	0	52601.6236	0
2254	239	-455.9263	0	52601.6235	0
2255	239	-455.9263	0	52601.6217	0
2256	239	-455.9262	0	52601.6183	0
2257	239	-455.9260	0	52601.6170	0
2258	239	-455.9259	0	52601.6157	0
2259	239	-455.9261	0	52601.6152	0
2260	239	-455.9264	0	52601.6132	0
2261	239	-455.9268	0	52601.6096	0
2262	239	-455.9269	0	52601.6065	0
2263	239	-455.9272	0	52601.6043	0
2264	239	-455.9274	0	52601.6036	0
2265	239	-455.9276	0	52601.6034	0
2266	239	-455.9275	0	52601.6005	0
2267	239	-455.9276	0	52601.5994	0
2268	239	-455.9277	0	52601.5971	0
2269	239	-455.9278	0	52601.5963	0
2270	239	-455.9278	0	52601.5941	0
2271	239	-455.9281	0	52601.5934	0
2272	239	-455.9282	0	52601.5911	0
2273	239	-455.9285	0	52601.5894	0
2274	239	-455.9286	0	52601.5867	0
2275	239	-455.9287	0	52601.5848	0
2276	239	-455.9287	0	52601.5841	0
2277	239	-455.9286	0	52601.5839	0
2278	239	-455.9286	0	52601.5819	0
2279	239	-455.9286	0	52601.5802	0
2280	239	-455.9287	0	52601.5796	0
2281	239	-455.9286	0	52601.5784	0
2282	239	-455.9286	0	52601.5780	0
2283	239	-455.9286	0	52601.5779	0
2284	239	-455.9289	0	52601.5748	0
2285	239	-455.9290	0	52601.5726	0
2286	239	-455.9292	0	52601.5708	0
2287	239	-455.9294	0	52601.5712	0
2288	239	-455.9295	0	52601.5714	0
2289	239	-455.9293	0	52601.5705	0
2290	239	-455.9293	0	52601.5691	0
2291	239	-455.9293	0	52601.5665	0
2292	239	-455.9294	0	52601.5656	0
2293	239	-455.9295	0	52601.5653	0
2294	239	-455.9295	0	52601.5652	0
2295	239	-455.9298	0	52601.5642	0
2296	239	-455.9302	0	52601.5595	0
2297	239	-455.9305	0	52601.5567	0
2298	239	-455.9307	0	52601.5557	0
2299	239	-455.9310	0	52601.5543	0
2300	239	-455.9311	0	52601.5538	0
2301	239	-455.9310	0	52601.5537	0
2302	239	-455.9310	0	52601.5515	0
2303	239	-455.9310	0	52601.5496	0
2304	239	-455.9311	0	52601.5489	0
2305	239	-455.9311	0	52601.5498	0
2306	239	-455.9314	0	52601.5491	0
2307	239	-455.9316	0	52601.5467	0
2308	239	-455.9319	0	52601.5458	0
2309	239	-455.9322	0	52601.5444	0
2310	239	-455.9324	0	52601.5439	0
2311	239	-455.9325	0	52601.5426	0
2312	239	-455.9325	0	52601.5422	0
2313	239	-455.9325	0	52601.5398	0
2314	239	-455.9325	0	52601.5378	0
2315	239	-455.9326	0	52601.5370	0
2316	239	-455.9326	0	52601.5380	0
2317	239	-455.9326	0	52601.5395	0
2318	239	-455.9327	0	52601.5402	0
2319	239	-455.9330	0	52601.5381	0
2320	239	-455.9332	0	52601.5339	0
2321	239	-455.9334	0	52601.5335	0
2322	239	-455.9336	0	52601.5311	0
2323	239	-455.9338	0	52601.5302	0
2324	239	-455.9339	0	52601.5287	0
2325	239	-455.9338	0	52601.5259	0
2326	239	-455.9339	0	52601.5212	0
2327	239	-455.9341	0	52601.5195	0
2328	239	-455.9342	0	52601.5190	0
2329	239	-455.9344	0	52601.5189	0
2330	239	-455.9346	0	52601.5201	0
2331	239	-455.9349	0	52601.5182	0
2332	239	-455.9353	0	52601.5139	0
2333	239	-455.9356	0	52601.5111	0
2334	239	-455.9358	0	52601.5113	0
2335	239	-455.9359	0	52601.5115	0
2336	239	-455.9359	0	52601.5104	0
2337	239	-455.9360	0	52601.5100	0
2338	239	-455.9359	0	52601.5074	0
2339	239	-455.9358	0	52601.5065	0
2340	239	-455.9357	0	52601.5074	0
2341	239	-455.9360	0	52601.5079	0
2342	239	-455.9362	0	52601.5081	0
2343	239	-455.9366	0	52601.5057	0
2344	239	-455.9368	0	52601.5036	0
2345	239	-455.9369	0	52601.5028	0
2346	239	-455.9371	0	52601.5013	0
2347	239	-455.9372	0	52601.5008	0
2348	239	-455.9372	0	52601.4994	0
2349	239	-455.9371	0	52601.4976	0
2350	239	-455.9372	0	52601.4970	0
2351	239	-455.9373	0	52601.4968	0
2352	239	-455.9373	0	52601.4968	0
2353	239	-455.9374	0	52601.4981	0
2354	239	-455.9376	0	52601.4999	0
2355	239	-455.9380	0	52601.4968	0
2356	239	-455.9383	0	52601.4944	0
2357	239	-455.9385	0	52601.4935	0
2358	239	-455.9387	0	52601.4932	0
2359	239	-455.9387	0	52601.4918	0
2360	239	-455.9385	0	52601.4913	0
2361	239	-455.9385	0	52601.4899	0
2362	239	-455.9384	0	52601.4881	0
2363	239	-455.9384	0	52601.4874	0
2364	239	-455.9384	0	52601.4872	0
2365	239	-455.9386	0	52601.4872	0
2366	239	-455.9390	0	52601.4846	0
2367	239	-455.9393	0	52601.4797	0
2368	239	-455.9396	0	52601.4792	0
2369	239	-455.9399	0	52601.4778	0
2370	239	-455.9399	0	52601.4773	0
2371	239	-455.9398	0	52601.4799	0
2372	239	-455.9400	0	52601.4768	0
2373	239	-455.9400	0	52601.4744	0
2374	239	-455.9399	0	52601.4748	0
2375	239	-455.9398	0	52601.4751	0
2376	239	-455.9399	0	52601.4725	0
2377	239	-455.9400	0	52601.4702	0
2378	239	-455.9399	0	52601.4694	0
2379	239	-455.9399	0	52601.4691	0
2380	239	-455.9400	0	52601.4691	0
2381	239	-455.9401	0	52601.4705	0
2382	239	-455.9398	0	52601.4723	0
2383	239	-455.9395	0	52601.4731	0
2384	239	-455.9395	0	52601.4706	0
2385	239	-455.9395	0	52601.4684	0
2386	239	-455.9397	0	52601.4689	0
2387	239	-455.9401	0	52601.4692	0
2388	239	-455.9405	0	52601.4693	0
2389	239	-455.9408	0	52601.4680	0
2390	239	-455.9409	0	52601.4634	0
2391	239	-455.9413	0	52601.4645	0
2392	239	-455.9413	0	52601.4649	0
2393	239	-455.9414	0	52601.4624	0
2394	239	-455.9415	0	52601.4600	0
2395	239	-455.9416	0	52601.4578	0
2396	239	-455.9421	0	52601.4486	0
2397	239	-455.9433	0	52601.4321	0
2398	239	-455.9435	0	52601.4287	0
2399	239	-455.9439	0	52601.4246	0
2400	239	-455.9441	0	52601.4186	0
2401	239	-455.9443	0	52601.4195	0
2402	239	-455.9442	0	52601.4214	0
2403	239	-455.9439	0	52601.4253	0
2404	239	-455.9438	0	52601.4283	0
2405	239	-455.9437	0	52601.4281	0
2406	239	-455.9432	0	52601.4295	0
2407	239	-455.9429	0	52601.4271	0
2408	239	-455.9423	0	52601.4292	0
2409	239	-455.9421	0	52601.4301	0
2410	239	-455.9418	0	52601.4304	0
2411	239	-455.9417	0	52601.4276	0
2412	239	-455.9416	0	52601.4280	0
2413	239	-455.9414	0	52601.4297	0
2414	239	-455.9412	0	52601.4334	0
2415	239	-455.9410	0	52601.4377	0
2416	239	-455.9411	0	52601.4438	0
2417	239	-455.9412	0	52601.4460	0
2418	239	-455.9413	0	52601.4452	0
2419	239	-455.9416	0	52601.4449	0
2420	239	-455.9417	0	52601.4433	0
2421	239	-455.9418	0	52601.4413	0
2422	239	-455.9415	0	52601.4404	0
2423	239	-455.9416	0	52601.4416	0
2424	239	-455.9416	0	52601.4405	0
2425	239	-455.9413	0	52601.4387	0
2426	239	-455.9412	0	52601.4380	0
2427	239	-455.9414	0	52601.4362	0
2428	239	-455.9413	0	52601.4370	0
2429	239	-455.9412	0	52601.4374	0
2430	239	-455.9410	0	52601.4330	0
2431	239	-455.9409	0	52601.4314	0
2432	239	-455.9409	0	52601.4308	0
2433	239	-455.9411	0	52601.4307	0
2434	239	-455.9414	0	52601.4306	0
2435	239	-455.9418	0	52601.4292	0
2436	239	-455.9421	0	52601.4257	0
2437	239	-455.9426	0	52601.4244	0
2438	239	-455.9430	0	52601.4240	0
2439	239	-455.9433	0	52601.4224	0
2440	239	-455.9432	0	52601.4202	0
2441	239	-455.9434	0	52601.4180	0
2442	239	-455.9436	0	52601.4141	0
2443	239	-455.9438	0	52601.4111	0
2444	239	-455.9440	0	52601.4101	0
2445	239	-455.9442	0	52601.4113	0
2446	239	-455.9444	0	52601.4103	0
2447	239	-455.9446	0	52601.4068	0
2448	239	-455.9450	0	52601.4024	0
2449	239	-455.9452	0	52601.4009	0
2450	239	-455.9455	0	52601.3972	0
2451	239	-455.9455	0	52601.3958	0
2452	239	-455.9456	0	52601.3938	0
2453	239	-455.9457	0	52601.3898	0
2454	239	-455.9458	0	52601.3885	0
2455	239	-455.9459	0	52601.3897	0
2456	239	-455.9461	0	52601.3886	0
2457	239	-455.9461	0	52601.3866	0
2458	239	-455.9461	0	52601.3859	0
2459	239	-455.9462	0	52601.3825	0
2460	239	-455.9462	0	52601.3795	0
2461	239	-455.9460	0	52601.3801	0
2462	239	-455.9456	0	52601.3804	0
2463	239	-455.9454	0	52601.3789	0
2464	239	-455.9451	0	52601.3750	0
2465	239	-455.9447	0	52601.3719	0
2466	239	-455.9438	0	52601.3690	0
2467	239	-455.9432	0	52601.3680	0
2468	239	-455.9428	0	52601.3677	0
2469	239	-455.9427	0	52601.3642	0
2470	239	-455.9432	0	52601.3595	0
2471	239	-455.9433	0	52601.3578	0
2472	239	-455.9431	0	52601.3607	0
