1185	332	-455.8384	0	52602.1619	0
1186	332	-455.8391	0	52602.1618	0
1187	332	-455.8397	0	52602.1617	0
1188	332	-455.8399	0	52602.1619	0
1189	332	-455.8400	0	52602.1621	0
1190	332	-455.8400	0	52602.1622	0
1191	332	-455.8401	0	52602.1622	0
1192	332	-455.8402	0	52602.1622	0
1193	332	-455.8404	0	52602.1623	0
1194	332	-455.8406	0	52602.1622	0
1195	332	-455.8408	0	52602.1622	0
1196	332	-455.8410	0	52602.1621	0
1197	332	-455.8414	0	52602.1621	0
1198	332	-455.8418	0	52602.1619	0
1199	332	-455.8425	0	52602.1616	0
1200	332	-455.8434	0	52602.1614	0
1201	332	-455.8440	0	52602.1612	0
1202	332	-455.8446	0	52602.1612	0
1203	332	-455.8452	0	52602.1612	0
1204	332	-455.8457	0	52602.1613	0
1205	332	-455.8462	0	52602.1613	0
1206	332	-455.8465	0	52602.1615	0
1207	332	-455.8470	0	52602.1617	0
1208	332	-455.8476	0	52602.1618	0
1209	332	-455.8481	0	52602.1620	0
1210	332	-455.8484	0	52602.1619	0
1211	332	-455.8487	0	52602.1618	0
1212	332	-455.8491	0	52602.1618	0
1213	332	-455.8497	0	52602.1616	0
1214	332	-455.8507	0	52602.1614	0
1215	332	-455.8515	0	52602.1609	0
1216	332	-455.8521	0	52602.1605	0
1217	332	-455.8527	0	52602.1602	0
1218	332	-455.8530	0	52602.1600	0
1219	332	-455.8531	0	52602.1599	0
1220	332	-455.8533	0	52602.1600	0
1221	332	-455.8536	0	52602.1600	0
1222	332	-455.8537	0	52602.1600	0
1223	332	-455.8538	0	52602.1600	0
1224	332	-455.8537	0	52602.1601	0
1225	332	-455.8537	0	52602.1601	0
1226	332	-455.8537	0	52602.1602	0
1227	332	-455.8537	0	52602.1603	0
1228	332	-455.8537	0	52602.1603	0
1229	332	-455.8537	0	52602.1603	0
1230	332	-455.8538	0	52602.1604	0
1231	332	-455.8538	0	52602.1604	0
1232	332	-455.8537	0	52602.1603	0
1233	332	-455.8536	0	52602.1603	0
1234	332	-455.8536	0	52602.1603	0
1235	332	-455.8537	0	52602.1603	0
1236	332	-455.8537	0	52602.1602	0
1237	332	-455.8538	0	52602.1601	0
1238	332	-455.8539	0	52602.1600	0
1239	332	-455.8540	0	52602.1599	0
1240	332	-455.8542	0	52602.1599	0
1241	332	-455.8545	0	52602.1599	0
1242	332	-455.8550	0	52602.1600	0
1243	332	-455.8556	0	52602.1600	0
1244	332	-455.8563	0	52602.1601	0
1245	332	-455.8568	0	52602.1601	0
1246	332	-455.8573	0	52602.1601	0
1247	332	-455.8579	0	52602.1600	0
1248	332	-455.8584	0	52602.1600	0
1249	332	-455.8592	0	52602.1600	0
1250	332	-455.8601	0	52602.1599	0
1251	332	-455.8612	0	52602.1596	0
1252	332	-455.8622	0	52602.1590	0
1253	332	-455.8628	0	52602.1586	0
1254	332	-455.8632	0	52602.1582	0
1255	332	-455.8634	0	52602.1580	0
1256	332	-455.8637	0	52602.1580	0
1257	332	-455.8639	0	52602.1579	0
1258	332	-455.8640	0	52602.1579	0
1259	332	-455.8641	0	52602.1579	0
1260	332	-455.8642	0	52602.1579	0
1261	332	-455.8643	0	52602.1580	0
1262	332	-455.8644	0	52602.1580	0
1263	332	-455.8645	0	52602.1581	0
1264	332	-455.8645	0	52602.1582	0
1265	332	-455.8646	0	52602.1583	0
1266	332	-455.8646	0	52602.1583	0
1267	332	-455.8646	0	52602.1583	0
1268	332	-455.8646	0	52602.1583	0
1269	332	-455.8645	0	52602.1583	0
1270	332	-455.8644	0	52602.1583	0
1271	332	-455.8643	0	52602.1584	0
1272	332	-455.8642	0	52602.1584	0
1273	332	-455.8642	0	52602.1584	0
1274	332	-455.8641	0	52602.1585	0
1275	332	-455.8641	0	52602.1585	0
1276	332	-455.8641	0	52602.1585	0
1277	332	-455.8640	0	52602.1585	0
1278	332	-455.8640	0	52602.1585	0
1279	332	-455.8640	0	52602.1585	0
1280	332	-455.8639	0	52602.1585	0
1281	332	-455.8639	0	52602.1585	0
1282	332	-455.8638	0	52602.1585	0
1283	332	-455.8638	0	52602.1586	0
1284	332	-455.8638	0	52602.1586	0
1285	332	-455.8637	0	52602.1586	0
1286	332	-455.8637	0	52602.1587	0
1287	332	-455.8637	0	52602.1587	0
1288	332	-455.8638	0	52602.1588	0
1289	332	-455.8638	0	52602.1588	0
1290	332	-455.8638	0	52602.1588	0
1291	332	-455.8639	0	52602.1588	0
1292	332	-455.8638	0	52602.1588	0
1293	332	-455.8638	0	52602.1587	0
1294	332	-455.8638	0	52602.1587	0
1295	332	-455.8638	0	52602.1587	0
1296	332	-455.8638	0	52602.1587	0
1297	332	-455.8638	0	52602.1586	0
1298	332	-455.8638	0	52602.1586	0
1299	332	-455.8638	0	52602.1586	0
1300	332	-455.8638	0	52602.1586	0
1301	332	-455.8638	0	52602.1586	0
1302	332	-455.8638	0	52602.1586	0
1303	332	-455.8639	0	52602.1586	0
1304	332	-455.8638	0	52602.1586	0
1305	332	-455.8638	0	52602.1587	0
1306	332	-455.8638	0	52602.1587	0
1307	332	-455.8638	0	52602.1587	0
1308	332	-455.8638	0	52602.1587	0
1309	332	-455.8638	0	52602.1586	0
1310	332	-455.8638	0	52602.1585	0
1311	332	-455.8638	0	52602.1585	0
1312	332	-455.8638	0	52602.1584	0
1313	332	-455.8637	0	52602.1583	0
1314	332	-455.8637	0	52602.1582	0
1315	332	-455.8638	0	52602.1580	0
1316	332	-455.8638	0	52602.1580	0
1317	332	-455.8639	0	52602.1579	0
1318	332	-455.8641	0	52602.1577	0
1319	332	-455.8645	0	52602.1577	0
1320	332	-455.8649	0	52602.1577	0
1321	332	-455.8656	0	52602.1577	0
1322	332	-455.8662	0	52602.1577	0
1323	332	-455.8667	0	52602.1575	0
1324	332	-455.8672	0	52602.1573	0
1325	332	-455.8675	0	52602.1572	0
1326	332	-455.8676	0	52602.1571	0
1327	332	-455.8678	0	52602.1571	0
1328	332	-455.8679	0	52602.1570	0
1329	332	-455.8680	0	52602.1569	0
1330	332	-455.8681	0	52602.1567	0
1331	332	-455.8681	0	52602.1566	0
1332	332	-455.8681	0	52602.1565	0
1333	332	-455.8681	0	52602.1565	0
1334	332	-455.8680	0	52602.1565	0
1335	332	-455.8679	0	52602.1565	0
1336	332	-455.8672	0	52602.1565	0
1337	332	-455.8677	0	52602.1564	0
1338	332	-455.8680	0	52602.1564	0
1339	332	-455.8680	0	52602.1563	0
1340	332	-455.8681	0	52602.1564	0
1341	332	-455.8681	0	52602.1564	0
1342	332	-455.8680	0	52602.1564	0
1343	332	-455.8680	0	52602.1564	0
1344	332	-455.8678	0	52602.1563	0
1345	332	-455.8678	0	52602.1564	0
1346	332	-455.8678	0	52602.1564	0
1347	332	-455.8678	0	52602.1564	0
1348	332	-455.8678	0	52602.1564	0
1349	332	-455.8678	0	52602.1563	0
1350	332	-455.8678	0	52602.1563	0
1351	332	-455.8678	0	52602.1563	0
1352	332	-455.8678	0	52602.1564	0
1353	332	-455.8677	0	52602.1564	0
1354	332	-455.8677	0	52602.1564	0
1355	332	-455.8677	0	52602.1564	0
1356	332	-455.8677	0	52602.1564	0
1357	332	-455.8677	0	52602.1564	0
1358	332	-455.8677	0	52602.1564	0
1359	332	-455.8677	0	52602.1564	0
1360	332	-455.8677	0	52602.1564	0
1361	332	-455.8677	0	52602.1564	0
1362	332	-455.8677	0	52602.1564	0
1363	332	-455.8677	0	52602.1563	0
1364	332	-455.8677	0	52602.1563	0
1365	332	-455.8676	0	52602.1563	0
1366	332	-455.8676	0	52602.1563	0
1367	332	-455.8676	0	52602.1563	0
1368	332	-455.8677	0	52602.1563	0
1369	332	-455.8677	0	52602.1563	0
1370	332	-455.8677	0	52602.1563	0
1371	332	-455.8677	0	52602.1563	0
1372	332	-455.8677	0	52602.1563	0
1373	332	-455.8677	0	52602.1563	0
1374	332	-455.8677	0	52602.1563	0
1375	332	-455.8676	0	52602.1562	0
1376	332	-455.8676	0	52602.1562	0
1377	332	-455.8676	0	52602.1562	0
1378	332	-455.8675	0	52602.1563	0
1379	332	-455.8675	0	52602.1563	0
1380	332	-455.8674	0	52602.1563	0
1381	332	-455.8674	0	52602.1563	0
1382	332	-455.8674	0	52602.1563	0
1383	332	-455.8674	0	52602.1563	0
1384	332	-455.8673	0	52602.1563	0
1385	332	-455.8673	0	52602.1563	0
1386	332	-455.8673	0	52602.1563	0
1387	332	-455.8672	0	52602.1563	0
1388	332	-455.8673	0	52602.1564	0
1389	332	-455.8672	0	52602.1563	0
1390	332	-455.8672	0	52602.1564	0
1391	332	-455.8672	0	52602.1564	0
1392	332	-455.8671	0	52602.1564	0
1393	332	-455.8671	0	52602.1564	0
1394	332	-455.8671	0	52602.1564	0
1395	332	-455.8671	0	52602.1564	0
1396	332	-455.8671	0	52602.1564	0
1397	332	-455.8670	0	52602.1564	0
1398	332	-455.8670	0	52602.1564	0
1399	332	-455.8670	0	52602.1564	0
1400	332	-455.8669	0	52602.1565	0
1401	332	-455.8669	0	52602.1565	0
1402	332	-455.8669	0	52602.1565	0
1403	332	-455.8669	0	52602.1565	0
1404	332	-455.8669	0	52602.1565	0
1405	332	-455.8669	0	52602.1565	0
1406	332	-455.8668	0	52602.1565	0
1407	332	-455.8668	0	52602.1566	0
1408	332	-455.8668	0	52602.1565	0
1409	332	-455.8668	0	52602.1565	0
1410	332	-455.8667	0	52602.1565	0
1411	332	-455.8667	0	52602.1565	0
1412	332	-455.8667	0	52602.1565	0
1413	332	-455.8667	0	52602.1565	0
1414	332	-455.8667	0	52602.1565	0
1415	332	-455.8667	0	52602.1566	0
1416	332	-455.8667	0	52602.1566	0
1417	332	-455.8667	0	52602.1566	0
1418	332	-455.8667	0	52602.1566	0
1419	332	-455.8667	0	52602.1566	0
1420	332	-455.8666	0	52602.1566	0
1421	332	-455.8666	0	52602.1566	0
1422	332	-455.8666	0	52602.1566	0
1423	332	-455.8665	0	52602.1565	0
1424	332	-455.8665	0	52602.1564	0
1425	332	-455.8665	0	52602.1564	0
1426	332	-455.8665	0	52602.1564	0
1427	332	-455.8665	0	52602.1564	0
1428	332	-455.8665	0	52602.1564	0
1429	332	-455.8664	0	52602.1564	0
1430	332	-455.8664	0	52602.1565	0
1431	332	-455.8664	0	52602.1565	0
1432	332	-455.8663	0	52602.1564	0
1433	332	-455.8663	0	52602.1565	0
1434	332	-455.8663	0	52602.1565	0
1435	332	-455.8662	0	52602.1565	0
1436	332	-455.8662	0	52602.1565	0
1437	332	-455.8662	0	52602.1565	0
1438	332	-455.8662	0	52602.1565	0
1439	332	-455.8661	0	52602.1566	0
1440	332	-455.8661	0	52602.1566	0
1441	332	-455.8661	0	52602.1566	0
1442	332	-455.8661	0	52602.1567	0
1443	332	-455.8661	0	52602.1567	0
1444	332	-455.8660	0	52602.1567	0
1445	332	-455.8660	0	52602.1567	0
1446	332	-455.8658	0	52602.1567	0
1447	332	-455.8657	0	52602.1567	0
1448	332	-455.8656	0	52602.1566	0
1449	332	-455.8656	0	52602.1566	0
1450	332	-455.8654	0	52602.1566	0
1451	332	-455.8655	0	52602.1566	0
1452	332	-455.8657	0	52602.1565	0
1453	332	-455.8657	0	52602.1565	0
1454	332	-455.8657	0	52602.1566	0
1455	332	-455.8658	0	52602.1566	0
1456	332	-455.8660	0	52602.1566	0
1457	332	-455.8661	0	52602.1566	0
1458	332	-455.8661	0	52602.1566	0
1459	332	-455.8660	0	52602.1567	0
1460	332	-455.8658	0	52602.1567	0
1461	332	-455.8654	0	52602.1570	0
1462	332	-455.8649	0	52602.1572	0
1463	332	-455.8642	0	52602.1574	0
1464	332	-455.8635	0	52602.1576	0
1465	332	-455.8630	0	52602.1577	0
1466	332	-455.8626	0	52602.1578	0
1467	332	-455.8623	0	52602.1580	0
1468	332	-455.8622	0	52602.1581	0
1469	332	-455.8622	0	52602.1581	0
1470	332	-455.8622	0	52602.1580	0
1471	332	-455.8623	0	52602.1579	0
1472	332	-455.8624	0	52602.1578	0
1473	332	-455.8624	0	52602.1577	0
1474	332	-455.8625	0	52602.1577	0
1475	332	-455.8625	0	52602.1577	0
1476	332	-455.8625	0	52602.1576	0
1477	332	-455.8624	0	52602.1576	0
1478	332	-455.8624	0	52602.1576	0
1479	332	-455.8624	0	52602.1576	0
1480	332	-455.8624	0	52602.1576	0
1481	332	-455.8623	0	52602.1576	0
1482	332	-455.8622	0	52602.1575	0
1483	332	-455.8622	0	52602.1575	0
1484	332	-455.8621	0	52602.1575	0
1485	332	-455.8621	0	52602.1576	0
1486	332	-455.8621	0	52602.1576	0
1487	332	-455.8620	0	52602.1577	0
1488	332	-455.8620	0	52602.1577	0
1489	332	-455.8621	0	52602.1576	0
1490	332	-455.8620	0	52602.1577	0
1491	332	-455.8620	0	52602.1577	0
1492	332	-455.8620	0	52602.1577	0
1493	332	-455.8620	0	52602.1577	0
1494	332	-455.8615	0	52602.1578	0
1495	332	-455.8618	0	52602.1577	0
1496	332	-455.8618	0	52602.1577	0
1497	332	-455.8619	0	52602.1577	0
1498	332	-455.8619	0	52602.1576	0
1499	332	-455.8619	0	52602.1576	0
1500	332	-455.8618	0	52602.1576	0
1501	332	-455.8618	0	52602.1576	0
1502	332	-455.8618	0	52602.1575	0
1503	332	-455.8619	0	52602.1575	0
1504	332	-455.8619	0	52602.1575	0
1505	332	-455.8619	0	52602.1574	0
1506	332	-455.8620	0	52602.1574	0
1507	332	-455.8620	0	52602.1574	0
1508	332	-455.8621	0	52602.1574	0
1509	332	-455.8621	0	52602.1574	0
1510	332	-455.8622	0	52602.1574	0
1511	332	-455.8623	0	52602.1574	0
1512	332	-455.8624	0	52602.1574	0
1513	332	-455.8624	0	52602.1573	0
1514	332	-455.8625	0	52602.1573	0
1515	332	-455.8626	0	52602.1573	0
1516	332	-455.8627	0	52602.1572	0
1517	332	-455.8626	0	52602.1572	0
1518	332	-455.8626	0	52602.1572	0
1519	332	-455.8625	0	52602.1571	0
1520	332	-455.8625	0	52602.1572	0
1521	332	-455.8625	0	52602.1572	0
1522	332	-455.8625	0	52602.1573	0
1523	332	-455.8626	0	52602.1572	0
1524	332	-455.8628	0	52602.1571	0
1525	332	-455.8630	0	52602.1570	0
1526	332	-455.8632	0	52602.1569	0
1527	332	-455.8633	0	52602.1569	0
1528	332	-455.8634	0	52602.1569	0
1529	332	-455.8635	0	52602.1569	0
1530	332	-455.8635	0	52602.1568	0
1531	332	-455.8636	0	52602.1568	0
1532	332	-455.8637	0	52602.1567	0
1533	332	-455.8637	0	52602.1567	0
1534	332	-455.8637	0	52602.1568	0
1535	332	-455.8637	0	52602.1568	0
1536	332	-455.8637	0	52602.1568	0
1537	332	-455.8637	0	52602.1568	0
1538	332	-455.8637	0	52602.1569	0
1539	332	-455.8637	0	52602.1569	0
1540	332	-455.8637	0	52602.1569	0
1541	332	-455.8637	0	52602.1569	0
1542	332	-455.8638	0	52602.1569	0
1543	332	-455.8638	0	52602.1569	0
1544	332	-455.8639	0	52602.1569	0
1545	332	-455.8639	0	52602.1569	0
1546	332	-455.8639	0	52602.1569	0
1547	332	-455.8639	0	52602.1568	0
1548	332	-455.8638	0	52602.1568	0
1549	332	-455.8638	0	52602.1568	0
1550	332	-455.8638	0	52602.1568	0
1551	332	-455.8638	0	52602.1568	0
1552	332	-455.8638	0	52602.1568	0
1553	332	-455.8638	0	52602.1568	0
1554	332	-455.8638	0	52602.1568	0
1555	332	-455.8638	0	52602.1568	0
1556	332	-455.8638	0	52602.1569	0
1557	332	-455.8637	0	52602.1569	0
1558	332	-455.8637	0	52602.1569	0
1559	332	-455.8637	0	52602.1569	0
1560	332	-455.8637	0	52602.1569	0
1561	332	-455.8637	0	52602.1569	0
1562	332	-455.8637	0	52602.1570	0
1563	332	-455.8636	0	52602.1570	0
1564	332	-455.8636	0	52602.1571	0
1565	332	-455.8636	0	52602.1571	0
1566	332	-455.8636	0	52602.1571	0
1567	332	-455.8636	0	52602.1571	0
1568	332	-455.8636	0	52602.1571	0
1569	332	-455.8637	0	52602.1570	0
1570	332	-455.8637	0	52602.1570	0
1571	332	-455.8637	0	52602.1570	0
1572	332	-455.8637	0	52602.1569	0
1573	332	-455.8638	0	52602.1569	0
1574	332	-455.8638	0	52602.1569	0
1575	332	-455.8639	0	52602.1569	0
1576	332	-455.8639	0	52602.1569	0
1577	332	-455.8639	0	52602.1569	0
1578	332	-455.8639	0	52602.1568	0
1579	332	-455.8639	0	52602.1568	0
1580	332	-455.8638	0	52602.1568	0
1581	332	-455.8637	0	52602.1569	0
1582	332	-455.8635	0	52602.1570	0
1583	332	-455.8634	0	52602.1572	0
1584	332	-455.8632	0	52602.1573	0
1585	332	-455.8630	0	52602.1575	0
1586	332	-455.8627	0	52602.1577	0
1587	332	-455.8626	0	52602.1578	0
1588	332	-455.8624	0	52602.1579	0
1589	332	-455.8624	0	52602.1580	0
1590	332	-455.8622	0	52602.1579	0
1591	332	-455.8621	0	52602.1579	0
1592	332	-455.8620	0	52602.1579	0
1593	332	-455.8619	0	52602.1578	0
1594	332	-455.8617	0	52602.1576	0
1595	332	-455.8613	0	52602.1576	0
1596	332	-455.8611	0	52602.1576	0
1597	332	-455.8607	0	52602.1576	0
1598	332	-455.8602	0	52602.1576	0
1599	332	-455.8598	0	52602.1577	0
1600	332	-455.8595	0	52602.1577	0
1601	332	-455.8593	0	52602.1577	0
1602	332	-455.8591	0	52602.1577	0
1603	332	-455.8588	0	52602.1577	0
1604	332	-455.8585	0	52602.1577	0
1605	332	-455.8583	0	52602.1579	0
1606	332	-455.8582	0	52602.1580	0
1607	332	-455.8580	0	52602.1580	0
1608	332	-455.8579	0	52602.1580	0
1609	332	-455.8576	0	52602.1580	0
1610	332	-455.8568	0	52602.1581	0
1611	332	-455.8560	0	52602.1582	0
1612	332	-455.8557	0	52602.1583	0
1613	332	-455.8558	0	52602.1583	0
1614	332	-455.8561	0	52602.1582	0
1615	332	-455.8564	0	52602.1582	0
1616	332	-455.8566	0	52602.1581	0
1617	332	-455.8568	0	52602.1581	0
1618	332	-455.8570	0	52602.1581	0
1619	332	-455.8571	0	52602.1581	0
1620	332	-455.8575	0	52602.1580	0
1621	332	-455.8580	0	52602.1579	0
1622	332	-455.8581	0	52602.1579	0
1623	332	-455.8580	0	52602.1579	0
1624	332	-455.8579	0	52602.1580	0
1625	332	-455.8578	0	52602.1580	0
1626	332	-455.8578	0	52602.1580	0
1627	332	-455.8579	0	52602.1581	0
1628	332	-455.8580	0	52602.1581	0
1629	332	-455.8584	0	52602.1580	0
1630	332	-455.8586	0	52602.1580	0
1631	332	-455.8587	0	52602.1580	0
1632	332	-455.8586	0	52602.1581	0
1633	332	-455.8585	0	52602.1581	0
1634	332	-455.8583	0	52602.1582	0
1635	332	-455.8583	0	52602.1582	0
1636	332	-455.8584	0	52602.1582	0
1637	332	-455.8585	0	52602.1581	0
1638	332	-455.8590	0	52602.1582	0
1639	332	-455.8593	0	52602.1582	0
1640	332	-455.8594	0	52602.1582	0
1641	332	-455.8596	0	52602.1581	0
1642	332	-455.8597	0	52602.1581	0
1643	332	-455.8598	0	52602.1582	0
1644	332	-455.8600	0	52602.1582	0
1645	332	-455.8600	0	52602.1582	0
1646	332	-455.8601	0	52602.1582	0
1647	332	-455.8601	0	52602.1582	0
1648	332	-455.8600	0	52602.1582	0
1649	332	-455.8599	0	52602.1582	0
1650	332	-455.8598	0	52602.1582	0
1651	332	-455.8597	0	52602.1582	0
1652	332	-455.8596	0	52602.1582	0
1653	332	-455.8596	0	52602.1582	0
1654	332	-455.8595	0	52602.1582	0
1655	332	-455.8594	0	52602.1582	0
1656	332	-455.8593	0	52602.1582	0
1657	332	-455.8592	0	52602.1582	0
1658	332	-455.8591	0	52602.1582	0
1659	332	-455.8591	0	52602.1582	0
1660	332	-455.8590	0	52602.1582	0
1661	332	-455.8590	0	52602.1582	0
1662	332	-455.8589	0	52602.1582	0
1663	332	-455.8588	0	52602.1582	0
1664	332	-455.8588	0	52602.1581	0
1665	332	-455.8588	0	52602.1582	0
1666	332	-455.8588	0	52602.1582	0
1667	332	-455.8587	0	52602.1582	0
1668	332	-455.8586	0	52602.1582	0
1669	332	-455.8586	0	52602.1583	0
1670	332	-455.8585	0	52602.1582	0
1671	332	-455.8585	0	52602.1582	0
1672	332	-455.8585	0	52602.1582	0
1673	332	-455.8584	0	52602.1582	0
1674	332	-455.8583	0	52602.1582	0
1675	332	-455.8583	0	52602.1581	0
1676	332	-455.8582	0	52602.1581	0
1677	332	-455.8582	0	52602.1581	0
1678	332	-455.8582	0	52602.1581	0
1679	332	-455.8582	0	52602.1581	0
1680	332	-455.8581	0	52602.1580	0
1681	332	-455.8582	0	52602.1580	0
1682	332	-455.8581	0	52602.1580	0
1683	332	-455.8581	0	52602.1580	0
1684	332	-455.8581	0	52602.1580	0
1685	332	-455.8581	0	52602.1579	0
1686	332	-455.8581	0	52602.1580	0
1687	332	-455.8581	0	52602.1579	0
1688	332	-455.8581	0	52602.1579	0
1689	332	-455.8581	0	52602.1579	0
1690	332	-455.8581	0	52602.1579	0
1691	332	-455.8581	0	52602.1579	0
1692	332	-455.8581	0	52602.1579	0
1693	332	-455.8581	0	52602.1579	0
1694	332	-455.8581	0	52602.1579	0
1695	332	-455.8581	0	52602.1579	0
1696	332	-455.8580	0	52602.1578	0
1697	332	-455.8580	0	52602.1578	0
1698	332	-455.8580	0	52602.1578	0
1699	332	-455.8579	0	52602.1578	0
1700	332	-455.8579	0	52602.1578	0
1701	332	-455.8578	0	52602.1578	0
1702	332	-455.8578	0	52602.1578	0
1703	332	-455.8577	0	52602.1578	0
1704	332	-455.8577	0	52602.1579	0
1705	332	-455.8577	0	52602.1579	0
1706	332	-455.8577	0	52602.1579	0
1707	332	-455.8577	0	52602.1579	0
1708	332	-455.8576	0	52602.1580	0
1709	332	-455.8576	0	52602.1580	0
1710	332	-455.8576	0	52602.1580	0
1711	332	-455.8576	0	52602.1580	0
1712	332	-455.8576	0	52602.1579	0
1713	332	-455.8575	0	52602.1580	0
1714	332	-455.8575	0	52602.1580	0
1715	332	-455.8576	0	52602.1580	0
1716	332	-455.8576	0	52602.1580	0
1717	332	-455.8576	0	52602.1580	0
1718	332	-455.8576	0	52602.1580	0
1719	332	-455.8577	0	52602.1579	0
1720	332	-455.8578	0	52602.1579	0
1721	332	-455.8578	0	52602.1579	0
1722	332	-455.8578	0	52602.1579	0
1723	332	-455.8578	0	52602.1579	0
1724	332	-455.8579	0	52602.1579	0
1725	332	-455.8578	0	52602.1579	0
1726	332	-455.8578	0	52602.1578	0
1727	332	-455.8578	0	52602.1578	0
1728	332	-455.8578	0	52602.1578	0
1729	332	-455.8577	0	52602.1577	0
1730	332	-455.8577	0	52602.1577	0
1731	332	-455.8577	0	52602.1577	0
1732	332	-455.8577	0	52602.1577	0
1733	332	-455.8577	0	52602.1578	0
1734	332	-455.8577	0	52602.1578	0
1735	332	-455.8577	0	52602.1578	0
1736	332	-455.8577	0	52602.1578	0
1737	332	-455.8577	0	52602.1578	0
1738	332	-455.8577	0	52602.1578	0
1739	332	-455.8577	0	52602.1579	0
1740	332	-455.8576	0	52602.1579	0
1741	332	-455.8576	0	52602.1579	0
1742	332	-455.8576	0	52602.1579	0
1743	332	-455.8575	0	52602.1579	0
1744	332	-455.8575	0	52602.1579	0
1745	332	-455.8575	0	52602.1578	0
1746	332	-455.8575	0	52602.1579	0
1747	332	-455.8576	0	52602.1579	0
1748	332	-455.8576	0	52602.1579	0
1749	332	-455.8577	0	52602.1579	0
1750	332	-455.8579	0	52602.1580	0
1751	332	-455.8580	0	52602.1579	0
1752	332	-455.8573	0	52602.1580	0
1753	332	-455.8577	0	52602.1578	0
1754	332	-455.8578	0	52602.1578	0
1755	332	-455.8578	0	52602.1579	0
1756	332	-455.8578	0	52602.1580	0
1757	332	-455.8577	0	52602.1581	0
1758	332	-455.8576	0	52602.1583	0
1759	332	-455.8573	0	52602.1586	0
1760	332	-455.8569	0	52602.1588	0
1761	332	-455.8564	0	52602.1591	0
1762	332	-455.8558	0	52602.1593	0
1763	332	-455.8552	0	52602.1593	0
1764	332	-455.8546	0	52602.1593	0
1765	332	-455.8541	0	52602.1594	0
1766	332	-455.8539	0	52602.1594	0
1767	332	-455.8538	0	52602.1595	0
1768	332	-455.8538	0	52602.1596	0
1769	332	-455.8538	0	52602.1596	0
1770	332	-455.8540	0	52602.1595	0
1771	332	-455.8541	0	52602.1596	0
1772	332	-455.8543	0	52602.1597	0
1773	332	-455.8545	0	52602.1597	0
1774	332	-455.8546	0	52602.1598	0
1775	332	-455.8546	0	52602.1599	0
1776	332	-455.8546	0	52602.1600	0
1777	332	-455.8546	0	52602.1601	0
1778	332	-455.8546	0	52602.1602	0
1779	332	-455.8546	0	52602.1602	0
1780	332	-455.8545	0	52602.1602	0
1781	332	-455.8544	0	52602.1602	0
1782	332	-455.8544	0	52602.1602	0
1783	332	-455.8544	0	52602.1603	0
1784	332	-455.8542	0	52602.1603	0
1785	332	-455.8542	0	52602.1603	0
1786	332	-455.8542	0	52602.1603	0
1787	332	-455.8542	0	52602.1602	0
1788	332	-455.8541	0	52602.1602	0
1789	332	-455.8541	0	52602.1601	0
1790	332	-455.8541	0	52602.1601	0
1791	332	-455.8540	0	52602.1601	0
1792	332	-455.8541	0	52602.1601	0
1793	332	-455.8541	0	52602.1601	0
1794	332	-455.8541	0	52602.1602	0
1795	332	-455.8542	0	52602.1602	0
1796	332	-455.8542	0	52602.1602	0
1797	332	-455.8542	0	52602.1602	0
1798	332	-455.8541	0	52602.1602	0
1799	332	-455.8542	0	52602.1602	0
1800	332	-455.8542	0	52602.1602	0
1801	332	-455.8541	0	52602.1601	0
1802	332	-455.8542	0	52602.1601	0
1803	332	-455.8541	0	52602.1601	0
1804	332	-455.8540	0	52602.1601	0
1805	332	-455.8540	0	52602.1601	0
1806	332	-455.8540	0	52602.1601	0
1807	332	-455.8540	0	52602.1601	0
1808	332	-455.8540	0	52602.1601	0
1809	332	-455.8541	0	52602.1601	0
1810	332	-455.8542	0	52602.1600	0
1811	332	-455.8545	0	52602.1599	0
1812	332	-455.8545	0	52602.1598	0
1813	332	-455.8544	0	52602.1597	0
1814	332	-455.8542	0	52602.1597	0
1815	332	-455.8540	0	52602.1597	0
1816	332	-455.8539	0	52602.1598	0
1817	332	-455.8538	0	52602.1598	0
1818	332	-455.8538	0	52602.1599	0
1819	332	-455.8539	0	52602.1600	0
1820	332	-455.8540	0	52602.1600	0
1821	332	-455.8541	0	52602.1600	0
1822	332	-455.8542	0	52602.1599	0
1823	332	-455.8543	0	52602.1599	0
1824	332	-455.8544	0	52602.1600	0
1825	332	-455.8546	0	52602.1599	0
1826	332	-455.8548	0	52602.1599	0
1827	332	-455.8552	0	52602.1599	0
1828	332	-455.8554	0	52602.1599	0
1829	332	-455.8555	0	52602.1599	0
1830	332	-455.8556	0	52602.1600	0
1831	332	-455.8556	0	52602.1601	0
1832	332	-455.8558	0	52602.1601	0
1833	332	-455.8558	0	52602.1601	0
1834	332	-455.8558	0	52602.1602	0
1835	332	-455.8558	0	52602.1603	0
1836	332	-455.8558	0	52602.1604	0
1837	332	-455.8558	0	52602.1605	0
1838	332	-455.8559	0	52602.1605	0
1839	332	-455.8558	0	52602.1606	0
1840	332	-455.8558	0	52602.1606	0
1841	332	-455.8557	0	52602.1607	0
1842	332	-455.8556	0	52602.1607	0
1843	332	-455.8555	0	52602.1607	0
1844	332	-455.8555	0	52602.1607	0
1845	332	-455.8555	0	52602.1608	0
1846	332	-455.8555	0	52602.1607	0
1847	332	-455.8555	0	52602.1607	0
1848	332	-455.8554	0	52602.1607	0
1849	332	-455.8554	0	52602.1607	0
1850	332	-455.8553	0	52602.1607	0
1851	332	-455.8552	0	52602.1607	0
1852	332	-455.8551	0	52602.1608	0
1853	332	-455.8551	0	52602.1608	0
1854	332	-455.8551	0	52602.1608	0
1855	332	-455.8550	0	52602.1608	0
1856	332	-455.8551	0	52602.1608	0
1857	332	-455.8550	0	52602.1607	0
1858	332	-455.8550	0	52602.1607	0
1859	332	-455.8551	0	52602.1606	0
1860	332	-455.8551	0	52602.1606	0
1861	332	-455.8553	0	52602.1606	0
1862	332	-455.8556	0	52602.1605	0
1863	332	-455.8542	0	52602.1597	0
1864	332	-455.8545	0	52602.1604	0
1865	332	-455.8545	0	52602.1606	0
1866	332	-455.8545	0	52602.1606	0
1867	332	-455.8545	0	52602.1607	0
1868	332	-455.8545	0	52602.1607	0
1869	332	-455.8545	0	52602.1607	0
1870	332	-455.8545	0	52602.1606	0
1871	332	-455.8544	0	52602.1607	0
1872	332	-455.8544	0	52602.1607	0
1873	332	-455.8543	0	52602.1605	0
1874	332	-455.8542	0	52602.1605	0
1875	332	-455.8541	0	52602.1606	0
1876	332	-455.8540	0	52602.1607	0
1877	332	-455.8540	0	52602.1607	0
1878	332	-455.8542	0	52602.1606	0
1879	332	-455.8545	0	52602.1605	0
1880	332	-455.8551	0	52602.1605	0
1881	332	-455.8556	0	52602.1604	0
1882	332	-455.8561	0	52602.1605	0
1883	332	-455.8563	0	52602.1604	0
1884	332	-455.8564	0	52602.1605	0
1885	332	-455.8562	0	52602.1605	0
1886	332	-455.8560	0	52602.1606	0
1887	332	-455.8558	0	52602.1607	0
1888	332	-455.8558	0	52602.1608	0
1889	332	-455.8559	0	52602.1608	0
1890	332	-455.8560	0	52602.1609	0
1891	332	-455.8561	0	52602.1608	0
1892	332	-455.8562	0	52602.1608	0
1893	332	-455.8562	0	52602.1609	0
1894	332	-455.8562	0	52602.1609	0
1895	332	-455.8563	0	52602.1609	0
1896	332	-455.8564	0	52602.1608	0
1897	332	-455.8564	0	52602.1607	0
1898	332	-455.8565	0	52602.1607	0
1899	332	-455.8565	0	52602.1607	0
1900	332	-455.8564	0	52602.1607	0
1901	332	-455.8564	0	52602.1607	0
1902	332	-455.8564	0	52602.1607	0
1903	332	-455.8564	0	52602.1607	0
1904	332	-455.8564	0	52602.1607	0
1905	332	-455.8564	0	52602.1607	0
1906	332	-455.8564	0	52602.1607	0
1907	332	-455.8563	0	52602.1608	0
1908	332	-455.8563	0	52602.1608	0
1909	332	-455.8564	0	52602.1607	0
1910	332	-455.8564	0	52602.1608	0
1911	332	-455.8565	0	52602.1609	0
1912	332	-455.8566	0	52602.1610	0
1913	332	-455.8567	0	52602.1611	0
1914	332	-455.8568	0	52602.1613	0
1915	332	-455.8568	0	52602.1614	0
1916	332	-455.8569	0	52602.1615	0
1917	332	-455.8568	0	52602.1617	0
1918	332	-455.8566	0	52602.1618	0
1919	332	-455.8561	0	52602.1619	0
1920	332	-455.8554	0	52602.1619	0
1921	332	-455.8549	0	52602.1622	0
1922	332	-455.8545	0	52602.1624	0
1923	332	-455.8544	0	52602.1625	0
1924	332	-455.8545	0	52602.1626	0
1925	332	-455.8547	0	52602.1629	0
1926	332	-455.8548	0	52602.1632	0
1927	332	-455.8548	0	52602.1636	0
1928	332	-455.8546	0	52602.1639	0
1929	332	-455.8545	0	52602.1642	0
1930	332	-455.8543	0	52602.1644	0
1931	332	-455.8542	0	52602.1645	0
1932	332	-455.8542	0	52602.1645	0
1933	332	-455.8541	0	52602.1643	0
1934	332	-455.8540	0	52602.1642	0
1935	332	-455.8538	0	52602.1641	0
1936	332	-455.8537	0	52602.1639	0
1937	332	-455.8535	0	52602.1637	0
1938	332	-455.8533	0	52602.1635	0
1939	332	-455.8530	0	52602.1633	0
1940	332	-455.8525	0	52602.1631	0
1941	332	-455.8520	0	52602.1631	0
1942	332	-455.8513	0	52602.1634	0
1943	332	-455.8504	0	52602.1637	0
1944	332	-455.8494	0	52602.1638	0
1945	332	-455.8485	0	52602.1637	0
1946	332	-455.8478	0	52602.1636	0
1947	332	-455.8472	0	52602.1635	0
1948	332	-455.8468	0	52602.1634	0
1949	332	-455.8466	0	52602.1633	0
1950	332	-455.8465	0	52602.1631	0
1951	332	-455.8465	0	52602.1629	0
1952	332	-455.8465	0	52602.1628	0
1953	332	-455.8464	0	52602.1627	0
1954	332	-455.8463	0	52602.1626	0
1955	332	-455.8463	0	52602.1626	0
1956	332	-455.8462	0	52602.1626	0
1957	332	-455.8462	0	52602.1627	0
1958	332	-455.8461	0	52602.1627	0
1959	332	-455.8461	0	52602.1629	0
1960	332	-455.8460	0	52602.1630	0
1961	332	-455.8460	0	52602.1632	0
1962	332	-455.8459	0	52602.1633	0
1963	332	-455.8455	0	52602.1634	0
1964	332	-455.8452	0	52602.1635	0
1965	332	-455.8450	0	52602.1636	0
1966	332	-455.8449	0	52602.1635	0
1967	332	-455.8449	0	52602.1636	0
1968	332	-455.8450	0	52602.1636	0
1969	332	-455.8452	0	52602.1636	0
1970	332	-455.8453	0	52602.1637	0
1971	332	-455.8455	0	52602.1637	0
1972	332	-455.8456	0	52602.1636	0
1973	332	-455.8456	0	52602.1637	0
1974	332	-455.8456	0	52602.1636	0
1975	332	-455.8456	0	52602.1636	0
1976	332	-455.8454	0	52602.1636	0
1977	332	-455.8452	0	52602.1636	0
1978	332	-455.8452	0	52602.1632	0
1979	332	-455.8449	0	52602.1628	0
1980	332	-455.8445	0	52602.1626	0
1981	332	-455.8443	0	52602.1624	0
1982	332	-455.8440	0	52602.1624	0
1983	332	-455.8437	0	52602.1625	0
1984	332	-455.8434	0	52602.1625	0
1985	332	-455.8432	0	52602.1625	0
1986	332	-455.8428	0	52602.1625	0
1987	332	-455.8426	0	52602.1626	0
1988	332	-455.8425	0	52602.1625	0
1989	332	-455.8427	0	52602.1623	0
1990	332	-455.8428	0	52602.1620	0
1991	332	-455.8429	0	52602.1617	0
1992	332	-455.8429	0	52602.1619	0
1993	332	-455.8427	0	52602.1623	0
1994	332	-455.8421	0	52602.1626	0
1995	332	-455.8417	0	52602.1631	0
1996	332	-455.8413	0	52602.1633	0
1997	332	-455.8410	0	52602.1634	0
1998	332	-455.8408	0	52602.1632	0
1999	332	-455.8406	0	52602.1631	0
2000	332	-455.8405	0	52602.1630	0
2001	332	-455.8404	0	52602.1627	0
2002	332	-455.8405	0	52602.1624	0
2003	332	-455.8407	0	52602.1622	0
2004	332	-455.8407	0	52602.1619	0
2005	332	-455.8412	0	52602.1614	0
2006	332	-455.8416	0	52602.1608	0
2007	332	-455.8421	0	52602.1603	0
2008	332	-455.8420	0	52602.1599	0
2009	332	-455.8419	0	52602.1596	0
2010	332	-455.8422	0	52602.1595	0
2011	332	-455.8422	0	52602.1594	0
2012	332	-455.8420	0	52602.1591	0
2013	332	-455.8417	0	52602.1588	0
2014	332	-455.8414	0	52602.1585	0
2015	332	-455.8411	0	52602.1582	0
2016	332	-455.8406	0	52602.1577	0
2017	332	-455.8400	0	52602.1576	0
2018	332	-455.8400	0	52602.1576	0
