1185	333	-456.0285	0	52601.1163	0
1186	333	-456.0290	0	52601.1053	0
1187	333	-456.0301	0	52601.0884	0
1188	333	-456.0305	0	52601.0836	0
1189	333	-456.0294	0	52601.0956	0
1190	333	-456.0298	0	52601.0935	0
1191	333	-456.0299	0	52601.0929	0
1192	333	-456.0303	0	52601.0899	0
1195	333	-456.0323	0	52601.0702	0
1196	333	-456.0326	0	52601.0644	0
1199	333	-456.0322	0	52601.0691	0
1200	333	-456.0321	0	52601.0703	0
1201	333	-456.0333	0	52601.0589	0
1219	333	-456.0428	0	52600.9989	0
1220	333	-456.0448	0	52600.9837	0
