1486	439	-456.0343	0	52601.4619	0
1487	439	-456.0375	0	52601.4407	0
1488	439	-456.0380	0	52601.4327	0
1489	439	-456.0374	0	52601.4256	0
1490	439	-456.0360	0	52601.4220	0
1491	439	-456.0350	0	52601.4209	0
1492	439	-456.0337	0	52601.4193	0
1493	439	-456.0330	0	52601.4129	0
1494	439	-456.0318	0	52601.4122	0
1495	439	-456.0302	0	52601.4136	0
1496	439	-456.0308	0	52601.4004	0
1497	439	-456.0299	0	52601.3939	0
1498	439	-456.0292	0	52601.3915	0
1499	439	-456.0284	0	52601.3892	0
1500	439	-456.0284	0	52601.3821	0
1501	439	-456.0297	0	52601.3698	0
1502	439	-456.0262	0	52601.3810	0
1503	439	-456.0236	0	52601.3891	0
1504	439	-456.0210	0	52601.3986	0
1505	439	-456.0194	0	52601.4021	0
1506	439	-456.0186	0	52601.4002	0
1507	439	-456.0180	0	52601.3979	0
1508	439	-456.0169	0	52601.3986	0
1509	439	-456.0151	0	52601.4035	0
1510	439	-456.0150	0	52601.4007	0
1511	439	-456.0140	0	52601.4012	0
1512	439	-456.0128	0	52601.4013	0
1513	439	-456.0112	0	52601.4045	0
1514	439	-456.0098	0	52601.4087	0
1515	439	-456.0090	0	52601.4103	0
1516	439	-456.0088	0	52601.4062	0
1517	439	-456.0083	0	52601.4030	0
1518	439	-456.0068	0	52601.4032	0
1519	439	-456.0044	0	52601.4110	0
1520	439	-456.0034	0	52601.4123	0
1521	439	-456.0033	0	52601.4097	0
1522	439	-456.0038	0	52601.3898	0
1523	439	-456.0026	0	52601.3945	0
1524	439	-456.0030	0	52601.3888	0
1525	439	-456.0019	0	52601.3912	0
1526	439	-455.9995	0	52601.4015	0
1527	439	-455.9980	0	52601.4039	0
1528	439	-455.9965	0	52601.4079	0
1529	439	-455.9952	0	52601.4109	0
1530	439	-455.9946	0	52601.4103	0
1531	439	-455.9941	0	52601.4054	0
1532	439	-455.9927	0	52601.4065	0
1533	439	-455.9919	0	52601.4054	0
1534	439	-455.9912	0	52601.4049	0
1535	439	-455.9907	0	52601.4000	0
1536	439	-455.9899	0	52601.3981	0
1537	439	-455.9890	0	52601.3989	0
1538	439	-455.9877	0	52601.4008	0
1539	439	-455.9870	0	52601.3999	0
1540	439	-455.9865	0	52601.3948	0
1541	439	-455.9859	0	52601.3928	0
1542	439	-455.9852	0	52601.3920	0
1543	439	-455.9840	0	52601.3950	0
1544	439	-455.9831	0	52601.3961	0
1545	439	-455.9830	0	52601.3883	0
1546	439	-455.9825	0	52601.3854	0
1547	439	-455.9817	0	52601.3843	0
1548	439	-455.9808	0	52601.3839	0
1549	439	-455.9804	0	52601.3805	0
1550	439	-455.9800	0	52601.3759	0
1554	439	-455.9786	0	52601.3528	0
1555	439	-455.9778	0	52601.3503	0
1556	439	-455.9764	0	52601.3546	0
1557	439	-455.9748	0	52601.3597	0
1558	439	-455.9743	0	52601.3600	0
1559	439	-455.9736	0	52601.3583	0
1560	439	-455.9727	0	52601.3560	0
1561	439	-455.9719	0	52601.3516	0
1562	439	-455.9709	0	52601.3517	0
1563	439	-455.9702	0	52601.3535	0
1564	439	-455.9696	0	52601.3507	0
1565	439	-455.9694	0	52601.3443	0
1566	439	-455.9681	0	52601.3455	0
1567	439	-455.9673	0	52601.3441	0
1568	439	-455.9668	0	52601.3437	0
1569	439	-455.9664	0	52601.3382	0
1570	439	-455.9660	0	52601.3361	0
1571	439	-455.9653	0	52601.3372	0
1572	439	-455.9645	0	52601.3394	0
1573	439	-455.9644	0	52601.3403	0
1574	439	-455.9642	0	52601.3389	0
1575	439	-455.9639	0	52601.3402	0
1576	439	-455.9638	0	52601.3407	0
1577	439	-455.9636	0	52601.3445	0
1578	439	-455.9637	0	52601.3513	0
1579	439	-455.9636	0	52601.3592	0
1580	439	-455.9633	0	52601.3638	0
1581	439	-455.9626	0	52601.3739	0
1582	439	-455.9621	0	52601.3811	0
1583	439	-455.9628	0	52601.3798	0
1584	439	-455.9633	0	52601.3744	0
1585	439	-455.9639	0	52601.3723	0
1586	439	-455.9647	0	52601.3682	0
1587	439	-455.9658	0	52601.3616	0
1588	439	-455.9667	0	52601.3557	0
1589	439	-455.9671	0	52601.3516	0
1590	439	-455.9671	0	52601.3465	0
1591	439	-455.9669	0	52601.3410	0
1592	439	-455.9665	0	52601.3390	0
1593	439	-455.9657	0	52601.3399	0
1594	439	-455.9645	0	52601.3438	0
1595	439	-455.9637	0	52601.3471	0
1596	439	-455.9633	0	52601.3466	0
1597	439	-455.9629	0	52601.3429	0
1598	439	-455.9622	0	52601.3414	0
1599	439	-455.9615	0	52601.3426	0
1600	439	-455.9607	0	52601.3431	0
1601	439	-455.9599	0	52601.3450	0
1602	439	-455.9591	0	52601.3457	0
1603	439	-455.9585	0	52601.3406	0
1604	439	-455.9576	0	52601.3422	0
1605	439	-455.9562	0	52601.3445	0
1606	439	-455.9553	0	52601.3471	0
1607	439	-455.9546	0	52601.3463	0
1608	439	-455.9540	0	52601.3424	0
1609	439	-455.9531	0	52601.3408	0
1610	439	-455.9522	0	52601.3420	0
1611	439	-455.9515	0	52601.3424	0
1612	439	-455.9507	0	52601.3425	0
1613	439	-455.9502	0	52601.3390	0
1614	439	-455.9492	0	52601.3393	0
1615	439	-455.9482	0	52601.3431	0
1616	439	-455.9476	0	52601.3444	0
1617	439	-455.9470	0	52601.3449	0
1618	439	-455.9464	0	52601.3415	0
1619	439	-455.9456	0	52601.3401	0
1620	439	-455.9448	0	52601.3432	0
1621	439	-455.9443	0	52601.3443	0
1622	439	-455.9440	0	52601.3411	0
1623	439	-455.9434	0	52601.3363	0
1624	439	-455.9427	0	52601.3380	0
1625	439	-455.9418	0	52601.3423	0
1626	439	-455.9414	0	52601.3384	0
1627	439	-455.9407	0	52601.3387	0
1628	439	-455.9402	0	52601.3388	0
1629	439	-455.9395	0	52601.3407	0
1630	439	-455.9386	0	52601.3395	0
1631	439	-455.9382	0	52601.3462	0
1632	439	-455.9378	0	52601.3486	0
1633	439	-455.9374	0	52601.3496	0
1635	439	-455.9357	0	52601.3397	0
