1544	457	-455.9701	0	52600.9786	0
1546	457	-455.9711	0	52601.0024	0
1548	457	-455.9738	0	52600.9788	0
1549	457	-455.9753	0	52600.9701	0
1550	457	-455.9761	0	52600.9639	0
1551	457	-455.9778	0	52600.9623	0
1552	457	-455.9794	0	52600.9656	0
1553	457	-455.9807	0	52600.9743	0
1554	457	-455.9818	0	52600.9712	0
1555	457	-455.9831	0	52600.9668	0
1556	457	-455.9846	0	52600.9586	0
1557	457	-455.9855	0	52600.9628	0
1558	457	-455.9865	0	52600.9611	0
1559	457	-455.9874	0	52600.9607	0
1560	457	-455.9880	0	52600.9608	0
1563	457	-455.9926	0	52600.9666	0
1564	457	-455.9927	0	52600.9778	0
1565	457	-455.9936	0	52600.9756	0
1568	457	-455.9963	0	52600.9967	0
1585	457	-456.0147	0	52600.9946	0
1586	457	-456.0160	0	52600.9903	0
1587	457	-456.0160	0	52600.9961	0
1588	457	-456.0169	0	52600.9913	0
1589	457	-456.0176	0	52600.9898	0
1591	457	-456.0185	0	52600.9846	0
1592	457	-456.0189	0	52600.9908	0
1593	457	-456.0199	0	52600.9928	0
1603	457	-456.0242	0	52601.0372	0
1604	457	-456.0241	0	52601.0483	0
1612	457	-456.0292	0	52601.0725	0
1614	457	-456.0305	0	52601.0738	0
1615	457	-456.0307	0	52601.0768	0
1616	457	-456.0316	0	52601.0779	0
1624	457	-456.0402	0	52601.1001	0
1628	457	-456.0391	0	52601.1452	0
1630	457	-456.0370	0	52601.1659	0
1631	457	-456.0378	0	52601.1563	0
