159	49	-456.0004	0	52600.7972	0
160	49	-455.9993	0	52600.8042	0
161	49	-455.9986	0	52600.8013	0
173	49	-455.9884	0	52600.7973	0
174	49	-455.9872	0	52600.7925	0
175	49	-455.9868	0	52600.7773	0
176	49	-455.9865	0	52600.7670	0
177	49	-455.9852	0	52600.7719	0
178	49	-455.9842	0	52600.7692	0
179	49	-455.9839	0	52600.7635	0
180	49	-455.9841	0	52600.7524	0
181	49	-455.9841	0	52600.7576	0
182	49	-455.9832	0	52600.7593	0
184	49	-455.9831	0	52600.7438	0
185	49	-455.9838	0	52600.7308	0
186	49	-455.9834	0	52600.7355	0
187	49	-455.9833	0	52600.7376	0
188	49	-455.9829	0	52600.7336	0
189	49	-455.9824	0	52600.7370	0
190	49	-455.9826	0	52600.7288	0
191	49	-455.9828	0	52600.7210	0
192	49	-455.9832	0	52600.7183	0
193	49	-455.9834	0	52600.7223	0
194	49	-455.9840	0	52600.7289	0
195	49	-455.9842	0	52600.7315	0
196	49	-455.9849	0	52600.7278	0
197	49	-455.9855	0	52600.7266	0
198	49	-455.9854	0	52600.7356	0
199	49	-455.9851	0	52600.7389	0
200	49	-455.9856	0	52600.7357	0
201	49	-455.9861	0	52600.7392	0
203	49	-455.9872	0	52600.7356	0
204	49	-455.9881	0	52600.7349	0
