1812	516	-456.0379	0	52601.0168	0
1813	516	-456.0379	0	52601.0176	0
1814	516	-456.0371	0	52601.0214	0
1815	516	-456.0359	0	52601.0295	0
1816	516	-456.0348	0	52601.0354	0
1817	516	-456.0342	0	52601.0372	0
1818	516	-456.0335	0	52601.0407	0
1819	516	-456.0327	0	52601.0482	0
1820	516	-456.0328	0	52601.0475	0
1823	516	-456.0325	0	52601.0464	0
1824	516	-456.0331	0	52601.0364	0
1831	516	-456.0336	0	52601.0317	0
1832	516	-456.0339	0	52601.0314	0
1833	516	-456.0337	0	52601.0345	0
1843	516	-456.0347	0	52601.0321	0
1844	516	-456.0355	0	52601.0227	0
1845	516	-456.0361	0	52601.0161	0
1846	516	-456.0357	0	52601.0166	0
