1982	558	-455.9491	0	52601.0185	0
1983	558	-455.9486	0	52601.0236	0
1984	558	-455.9486	0	52601.0216	0
1985	558	-455.9484	0	52601.0244	0
1986	558	-455.9488	0	52601.0183	0
1987	558	-455.9489	0	52601.0162	0
1988	558	-455.9494	0	52601.0122	0
1990	558	-455.9496	0	52601.0107	0
1991	558	-455.9495	0	52601.0139	0
1993	558	-455.9496	0	52601.0075	0
1994	558	-455.9498	0	52601.0027	0
1995	558	-455.9499	0	52601.0010	0
1996	558	-455.9501	0	52600.9972	0
1997	558	-455.9502	0	52600.9990	0
1998	558	-455.9500	0	52600.9998	0
2007	558	-455.9492	0	52601.0286	0
2008	558	-455.9490	0	52601.0235	0
2009	558	-455.9490	0	52601.0218	0
2024	558	-455.9494	0	52601.0622	0
2026	558	-455.9496	0	52601.0745	0
2033	558	-455.9492	0	52600.9764	0
2034	558	-455.9494	0	52600.9628	0
2035	558	-455.9491	0	52600.9593	0
2036	558	-455.9494	0	52600.9621	0
2037	558	-455.9495	0	52600.9596	0
2038	558	-455.9498	0	52600.9552	0
2048	558	-455.9512	0	52600.9476	0
2049	558	-455.9512	0	52600.9515	0
2050	558	-455.9514	0	52600.9564	0
2051	558	-455.9512	0	52600.9649	0
