2610	667	-455.9720	0	52601.2015	2
2611	667	-455.9649	0	52601.1983	2
2612	667	-455.9639	0	52601.2001	2
2613	667	-455.9673	0	52601.2040	2
2614	667	-455.9701	0	52601.2054	2
2615	667	-455.9733	0	52601.2087	2
2616	667	-455.9765	0	52601.2101	2
2617	667	-455.9798	0	52601.2132	2
2618	667	-455.9837	0	52601.2170	2
2619	667	-455.9865	0	52601.2231	2
2624	667	-456.0056	0	52601.2528	2
2625	667	-456.0056	0	52601.2571	2
2626	667	-456.0118	0	52601.2614	2
2627	667	-456.0145	0	52601.2587	2
2628	667	-456.0154	0	52601.2596	2
2629	667	-456.0178	0	52601.2622	2
2630	667	-456.0210	0	52601.2633	2
2631	667	-456.0235	0	52601.2680	2
2632	667	-456.0250	0	52601.2676	2
2633	667	-456.0263	0	52601.2695	2
2634	667	-456.0272	0	52601.2681	2
2635	667	-456.0279	0	52601.2676	2
2636	667	-456.0293	0	52601.2674	2
2637	667	-456.0307	0	52601.2674	2
2638	667	-456.0321	0	52601.2695	2
2639	667	-456.0336	0	52601.2683	2
2640	667	-456.0355	0	52601.2679	2
2641	667	-456.0369	0	52601.2658	2
2642	667	-456.0386	0	52601.2651	2
2643	667	-456.0403	0	52601.2650	2
2644	667	-456.0426	0	52601.2630	2
2645	667	-456.0440	0	52601.2643	2
2646	667	-456.0455	0	52601.2650	2
2647	667	-456.0474	0	52601.2654	2
2648	667	-456.0503	0	52601.2637	2
2649	667	-456.0520	0	52601.2631	2
2650	667	-456.0538	0	52601.2610	2
2651	667	-456.0551	0	52601.2602	2
2652	667	-456.0585	0	52601.2582	2
2653	667	-456.0594	0	52601.2617	2
2654	667	-456.0623	0	52601.2612	2
2655	667	-456.0647	0	52601.2612	2
2656	667	-456.0675	0	52601.2636	2
2657	667	-456.0703	0	52601.2605	2
2658	667	-456.0730	0	52601.2616	2
2659	667	-456.0751	0	52601.2580	2
2660	667	-456.0778	0	52601.2589	2
2661	667	-456.0801	0	52601.2595	2
2662	667	-456.0825	0	52601.2599	2
2663	667	-456.0851	0	52601.2519	2
2664	667	-456.0878	0	52601.2490	2
2665	667	-456.0900	0	52601.2459	2
2666	667	-456.0932	0	52601.2452	2
2667	667	-456.0953	0	52601.2407	2
2668	667	-456.0964	0	52601.2347	2
2669	667	-456.0995	0	52601.2306	2
2670	667	-456.1029	0	52601.2318	2
2671	667	-456.1042	0	52601.2301	2
2672	667	-456.1049	0	52601.2295	2
