274	69	-456.0481	0	52601.4664	0
275	69	-456.0485	0	52601.4646	0
276	69	-456.0479	0	52601.4687	0
277	69	-456.0485	0	52601.4670	0
280	69	-456.0491	0	52601.4642	0
295	69	-456.0492	0	52601.4680	0
296	69	-456.0489	0	52601.4681	0
304	69	-456.0509	0	52601.4605	0
305	69	-456.0516	0	52601.4559	0
306	69	-456.0527	0	52601.4487	0
317	69	-456.0493	0	52601.4695	0
324	69	-456.0501	0	52601.4722	0
325	69	-456.0501	0	52601.4737	0
326	69	-456.0505	0	52601.4701	0
327	69	-456.0504	0	52601.4688	0
328	69	-456.0493	0	52601.4749	0
329	69	-456.0490	0	52601.4773	0
330	69	-456.0496	0	52601.4728	0
331	69	-456.0503	0	52601.4698	0
332	69	-456.0507	0	52601.4687	0
335	69	-456.0516	0	52601.4631	0
336	69	-456.0515	0	52601.4637	0
337	69	-456.0514	0	52601.4639	0
338	69	-456.0514	0	52601.4626	0
339	69	-456.0510	0	52601.4635	0
340	69	-456.0514	0	52601.4625	0
341	69	-456.0510	0	52601.4661	0
342	69	-456.0510	0	52601.4662	0
344	69	-456.0501	0	52601.4741	0
345	69	-456.0499	0	52601.4746	0
346	69	-456.0498	0	52601.4748	0
347	69	-456.0496	0	52601.4747	0
348	69	-456.0495	0	52601.4747	0
349	69	-456.0496	0	52601.4733	0
350	69	-456.0495	0	52601.4741	0
351	69	-456.0493	0	52601.4743	0
352	69	-456.0493	0	52601.4731	0
353	69	-456.0492	0	52601.4726	0
354	69	-456.0489	0	52601.4737	0
355	69	-456.0484	0	52601.4768	0
356	69	-456.0474	0	52601.4844	0
357	69	-456.0458	0	52601.4947	0
358	69	-456.0446	0	52601.5034	0
359	69	-456.0439	0	52601.5090	0
360	69	-456.0434	0	52601.5122	0
361	69	-456.0433	0	52601.5132	0
362	69	-456.0430	0	52601.5159	0
363	69	-456.0430	0	52601.5168	0
364	69	-456.0432	0	52601.5158	0
365	69	-456.0432	0	52601.5154	0
366	69	-456.0432	0	52601.5151	0
367	69	-456.0433	0	52601.5137	0
368	69	-456.0434	0	52601.5131	0
369	69	-456.0435	0	52601.5129	0
370	69	-456.0437	0	52601.5115	0
371	69	-456.0437	0	52601.5110	0
372	69	-456.0439	0	52601.5108	0
373	69	-456.0444	0	52601.5095	0
374	69	-456.0445	0	52601.5090	0
375	69	-456.0446	0	52601.5087	0
376	69	-456.0444	0	52601.5099	0
377	69	-456.0438	0	52601.5102	0
378	69	-456.0434	0	52601.5104	0
379	69	-456.0424	0	52601.5128	0
380	69	-456.0419	0	52601.5137	0
382	69	-456.0409	0	52601.5182	0
383	69	-456.0413	0	52601.5166	0
384	69	-456.0421	0	52601.5112	0
385	69	-456.0426	0	52601.5080	0
386	69	-456.0423	0	52601.5092	0
387	69	-456.0420	0	52601.5097	0
388	69	-456.0421	0	52601.5086	0
389	69	-456.0412	0	52601.5143	0
390	69	-456.0409	0	52601.5152	0
391	69	-456.0412	0	52601.5120	0
392	69	-456.0406	0	52601.5144	0
393	69	-456.0401	0	52601.5176	0
394	69	-456.0405	0	52601.5153	0
395	69	-456.0406	0	52601.5144	0
396	69	-456.0405	0	52601.5152	0
397	69	-456.0407	0	52601.5143	0
398	69	-456.0406	0	52601.5152	0
399	69	-456.0403	0	52601.5167	0
400	69	-456.0406	0	52601.5161	0
401	69	-456.0404	0	52601.5170	0
402	69	-456.0402	0	52601.5173	0
403	69	-456.0401	0	52601.5175	0
404	69	-456.0400	0	52601.5187	0
405	69	-456.0399	0	52601.5191	0
406	69	-456.0396	0	52601.5205	0
407	69	-456.0395	0	52601.5197	0
408	69	-456.0396	0	52601.5183	0
409	69	-456.0398	0	52601.5177	0
410	69	-456.0398	0	52601.5175	0
412	69	-456.0390	0	52601.5228	0
413	69	-456.0401	0	52601.5189	0
