2712	694	-455.8113	0	52602.1645	0
2713	694	-455.8113	0	52602.1644	0
2714	694	-455.8110	0	52602.1638	0
2715	694	-455.8104	0	52602.1626	0
2716	694	-455.8090	0	52602.1598	0
2717	694	-455.8087	0	52602.1593	0
2718	694	-455.8086	0	52602.1592	0
2719	694	-455.8085	0	52602.1592	0
2720	694	-455.8085	0	52602.1592	0
2721	694	-455.8086	0	52602.1596	0
2722	694	-455.8083	0	52602.1593	0
2724	694	-455.8088	0	52602.1605	0
2725	694	-455.8091	0	52602.1612	0
2728	694	-455.8102	0	52602.1636	0
2729	694	-455.8103	0	52602.1638	0
2730	694	-455.8103	0	52602.1638	0
