2800	725	-455.8435	0	52602.1735	0
2801	725	-455.8440	0	52602.1732	0
2802	725	-455.8440	0	52602.1730	0
2803	725	-455.8435	0	52602.1730	0
2804	725	-455.8428	0	52602.1732	0
2805	725	-455.8417	0	52602.1736	0
2806	725	-455.8403	0	52602.1741	0
2807	725	-455.8386	0	52602.1746	0
2808	725	-455.8380	0	52602.1747	0
2809	725	-455.8380	0	52602.1746	0
2810	725	-455.8375	0	52602.1745	0
2811	725	-455.8380	0	52602.1742	0
2812	725	-455.8382	0	52602.1740	0
2813	725	-455.8380	0	52602.1737	0
2814	725	-455.8380	0	52602.1732	0
2815	725	-455.8375	0	52602.1727	0
2816	725	-455.8371	0	52602.1724	0
2817	725	-455.8368	0	52602.1723	0
2818	725	-455.8358	0	52602.1724	0
2819	725	-455.8350	0	52602.1725	0
2820	725	-455.8338	0	52602.1727	0
2821	725	-455.8332	0	52602.1729	0
2822	725	-455.8325	0	52602.1731	0
2823	725	-455.8318	0	52602.1731	0
2824	725	-455.8316	0	52602.1731	0
2825	725	-455.8317	0	52602.1730	0
2826	725	-455.8318	0	52602.1730	0
2827	725	-455.8319	0	52602.1729	0
2828	725	-455.8325	0	52602.1727	0
2829	725	-455.8333	0	52602.1724	0
2830	725	-455.8336	0	52602.1722	0
2831	725	-455.8341	0	52602.1719	0
2832	725	-455.8347	0	52602.1717	0
2833	725	-455.8350	0	52602.1714	0
2834	725	-455.8351	0	52602.1712	0
2835	725	-455.8349	0	52602.1711	0
2836	725	-455.8347	0	52602.1710	0
2837	725	-455.8343	0	52602.1709	0
2838	725	-455.8338	0	52602.1708	0
2839	725	-455.8330	0	52602.1708	0
2840	725	-455.8320	0	52602.1708	0
2841	725	-455.8313	0	52602.1708	0
2842	725	-455.8305	0	52602.1707	0
2843	725	-455.8301	0	52602.1707	0
2844	725	-455.8301	0	52602.1706	0
2845	725	-455.8305	0	52602.1702	0
2846	725	-455.8310	0	52602.1698	0
2847	725	-455.8318	0	52602.1694	0
2848	725	-455.8326	0	52602.1690	0
2849	725	-455.8332	0	52602.1687	0
2850	725	-455.8332	0	52602.1686	0
2851	725	-455.8326	0	52602.1688	0
2852	725	-455.8317	0	52602.1689	0
2853	725	-455.8311	0	52602.1689	0
2854	725	-455.8311	0	52602.1688	0
2855	725	-455.8309	0	52602.1687	0
2856	725	-455.8306	0	52602.1686	0
2857	725	-455.8301	0	52602.1682	0
2858	725	-455.8296	0	52602.1680	0
2859	725	-455.8291	0	52602.1677	0
2860	725	-455.8283	0	52602.1677	0
2861	725	-455.8273	0	52602.1681	0
2862	725	-455.8259	0	52602.1685	0
2863	725	-455.8248	0	52602.1687	0
2864	725	-455.8236	0	52602.1687	0
2866	725	-455.8216	0	52602.1683	0
2874	725	-455.8204	0	52602.1722	0
2875	725	-455.8203	0	52602.1724	0
2876	725	-455.8201	0	52602.1724	0
2877	725	-455.8201	0	52602.1724	0
2878	725	-455.8201	0	52602.1724	0
2879	725	-455.8201	0	52602.1724	0
2880	725	-455.8200	0	52602.1724	0
2881	725	-455.8200	0	52602.1723	0
2882	725	-455.8200	0	52602.1722	0
2883	725	-455.8200	0	52602.1722	0
2884	725	-455.8200	0	52602.1721	0
2885	725	-455.8201	0	52602.1721	0
2886	725	-455.8201	0	52602.1720	0
2887	725	-455.8200	0	52602.1719	0
2888	725	-455.8200	0	52602.1719	0
2889	725	-455.8201	0	52602.1719	0
2890	725	-455.8201	0	52602.1719	0
2891	725	-455.8201	0	52602.1719	0
2892	725	-455.8201	0	52602.1719	0
2893	725	-455.8201	0	52602.1718	0
2894	725	-455.8201	0	52602.1718	0
2895	725	-455.8200	0	52602.1717	0
2896	725	-455.8201	0	52602.1717	0
2897	725	-455.8202	0	52602.1717	0
2898	725	-455.8202	0	52602.1717	0
2899	725	-455.8202	0	52602.1717	0
2900	725	-455.8202	0	52602.1717	0
2901	725	-455.8203	0	52602.1718	0
2902	725	-455.8203	0	52602.1717	0
2903	725	-455.8204	0	52602.1718	0
2904	725	-455.8204	0	52602.1717	0
2905	725	-455.8204	0	52602.1718	0
2906	725	-455.8204	0	52602.1718	0
2907	725	-455.8204	0	52602.1719	0
2908	725	-455.8204	0	52602.1719	0
2909	725	-455.8205	0	52602.1718	0
2910	725	-455.8205	0	52602.1718	0
2911	725	-455.8205	0	52602.1719	0
2912	725	-455.8205	0	52602.1719	0
2913	725	-455.8205	0	52602.1719	0
2914	725	-455.8204	0	52602.1719	0
2915	725	-455.8204	0	52602.1719	0
2916	725	-455.8204	0	52602.1718	0
2917	725	-455.8204	0	52602.1718	0
2918	725	-455.8203	0	52602.1719	0
2919	725	-455.8201	0	52602.1720	0
2920	725	-455.8200	0	52602.1722	0
2921	725	-455.8199	0	52602.1723	0
2922	725	-455.8198	0	52602.1726	0
2923	725	-455.8197	0	52602.1730	0
2926	725	-455.8192	0	52602.1738	0
2927	725	-455.8190	0	52602.1742	0
2928	725	-455.8188	0	52602.1741	0
2942	725	-455.8187	0	52602.1748	0
2943	725	-455.8185	0	52602.1746	0
2944	725	-455.8184	0	52602.1748	0
2949	725	-455.8184	0	52602.1745	0
2951	725	-455.8184	0	52602.1737	0
2952	725	-455.8184	0	52602.1733	0
2953	725	-455.8184	0	52602.1731	0
2954	725	-455.8181	0	52602.1706	0
2955	725	-455.8182	0	52602.1719	0
2956	725	-455.8184	0	52602.1726	0
2957	725	-455.8184	0	52602.1726	0
2958	725	-455.8184	0	52602.1724	0
2959	725	-455.8176	0	52602.1687	0
2960	725	-455.8171	0	52602.1671	0
2961	725	-455.8167	0	52602.1661	0
2962	725	-455.8164	0	52602.1657	0
2963	725	-455.8162	0	52602.1653	0
2964	725	-455.8158	0	52602.1647	0
2965	725	-455.8153	0	52602.1639	0
2966	725	-455.8146	0	52602.1631	0
2967	725	-455.8144	0	52602.1629	0
2968	725	-455.8145	0	52602.1628	0
2971	725	-455.8147	0	52602.1638	0
2972	725	-455.8145	0	52602.1639	0
2975	725	-455.8143	0	52602.1650	0
2976	725	-455.8147	0	52602.1671	0
2984	725	-455.8114	0	52602.1618	0
