2813	731	-455.9628	0	52601.0474	0
2814	731	-455.9636	0	52601.0504	0
2815	731	-455.9644	0	52601.0481	0
2816	731	-455.9652	0	52601.0472	0
2817	731	-455.9657	0	52601.0405	0
2818	731	-455.9667	0	52601.0349	0
2819	731	-455.9680	0	52601.0267	0
2820	731	-455.9693	0	52601.0142	0
2821	731	-455.9698	0	52601.0095	0
2822	731	-455.9703	0	52601.0080	0
2825	731	-455.9720	0	52601.0044	0
2826	731	-455.9720	0	52601.0045	0
2827	731	-455.9722	0	52601.0046	0
2828	731	-455.9725	0	52601.0014	0
2829	731	-455.9745	0	52600.9973	0
2830	731	-455.9763	0	52600.9892	0
2832	731	-455.9774	0	52600.9854	0
2833	731	-455.9788	0	52600.9816	0
2835	731	-455.9810	0	52600.9842	0
2836	731	-455.9815	0	52600.9818	0
2837	731	-455.9817	0	52600.9877	0
2838	731	-455.9835	0	52600.9870	0
2839	731	-455.9845	0	52600.9836	0
2840	731	-455.9844	0	52600.9855	0
2842	731	-455.9870	0	52600.9710	0
2843	731	-455.9878	0	52600.9679	0
2844	731	-455.9886	0	52600.9670	0
2845	731	-455.9894	0	52600.9668	0
2846	731	-455.9895	0	52600.9737	0
2847	731	-455.9898	0	52600.9730	0
2848	731	-455.9905	0	52600.9694	0
2849	731	-455.9912	0	52600.9648	0
2850	731	-455.9915	0	52600.9631	0
2851	731	-455.9916	0	52600.9625	0
2852	731	-455.9921	0	52600.9659	0
2853	731	-455.9931	0	52600.9639	0
2855	731	-455.9938	0	52600.9673	0
2856	731	-455.9941	0	52600.9646	0
2857	731	-455.9948	0	52600.9604	0
2858	731	-455.9953	0	52600.9589	0
2859	731	-455.9956	0	52600.9689	0
2860	731	-455.9959	0	52600.9692	0
2861	731	-455.9956	0	52600.9760	0
2862	731	-455.9960	0	52600.9754	0
2863	731	-455.9967	0	52600.9685	0
2864	731	-455.9977	0	52600.9553	0
2865	731	-455.9980	0	52600.9539	0
2866	731	-455.9984	0	52600.9535	0
2867	731	-455.9988	0	52600.9534	0
2868	731	-455.9987	0	52600.9534	0
2869	731	-455.9987	0	52600.9535	0
2870	731	-455.9993	0	52600.9500	0
2871	731	-455.9997	0	52600.9524	0
2872	731	-456.0002	0	52600.9464	0
2877	731	-456.0012	0	52600.9483	0
2878	731	-456.0016	0	52600.9451	0
2879	731	-456.0014	0	52600.9475	0
2880	731	-456.0017	0	52600.9449	0
2881	731	-456.0015	0	52600.9439	0
2882	731	-456.0014	0	52600.9436	0
2883	731	-456.0017	0	52600.9435	0
2891	731	-456.0025	0	52600.9490	0
2892	731	-456.0019	0	52600.9568	0
2893	731	-456.0020	0	52600.9593	0
