2919	760	-456.2539	0	52603.0651	0
2920	760	-456.2533	0	52603.0952	0
2922	760	-456.2502	0	52603.0626	0
2923	760	-456.2485	0	52603.0761	0
2924	760	-456.2480	0	52603.0899	0
2926	760	-456.2428	0	52603.0834	0
2929	760	-456.3105	0	52603.1950	0
2930	760	-456.3297	0	52603.2283	0
2931	760	-456.3290	0	52603.2185	0
2932	760	-456.3310	0	52603.2215	0
2933	760	-456.2842	0	52603.1157	0
2934	760	-456.2685	0	52603.0801	0
2935	760	-456.2608	0	52603.0661	0
2936	760	-456.2566	0	52603.0755	0
2937	760	-456.2598	0	52603.0693	0
2944	760	-456.2470	0	52603.0657	0
2945	760	-456.2566	0	52603.0903	0
2948	760	-456.2644	0	52603.0793	0
2950	760	-456.2612	0	52603.0822	0
2951	760	-456.3368	0	52603.2220	0
2952	760	-456.3715	0	52603.2933	0
2953	760	-456.3614	0	52603.2790	0
2954	760	-456.4890	0	52603.5561	0
2972	760	-456.3387	0	52603.2355	0
2976	760	-456.3429	0	52603.2445	0
2977	760	-456.2804	0	52603.1075	0
2978	760	-456.2695	0	52603.0812	0
2979	760	-456.3085	0	52603.1703	0
2980	760	-456.2787	0	52603.1284	0
2981	760	-456.2653	0	52603.1098	0
2983	760	-456.2559	0	52603.0949	0
2984	760	-456.2619	0	52603.0970	0
2985	760	-456.2965	0	52603.1923	0
2990	760	-456.2735	0	52603.1171	0
2991	760	-456.2634	0	52603.0915	0
2993	760	-456.2654	0	52603.0905	0
2997	760	-456.2660	0	52603.0912	0
2999	760	-456.2610	0	52603.0848	0
3015	760	-456.2901	0	52603.0895	0
3016	760	-456.2745	0	52603.0704	0
3019	760	-456.2740	0	52603.0756	0
3020	760	-456.2687	0	52603.0937	0
3021	760	-456.3177	0	52603.1893	0
