1	8	-455.9260	0	52601.1995	0
2	8	-455.9260	0	52601.1995	0
3	8	-455.9260	0	52601.1995	0
4	8	-455.9263	0	52601.1996	0
5	8	-455.9266	0	52601.1996	0
6	8	-455.9266	0	52601.1970	0
7	8	-455.9266	0	52601.1961	0
8	8	-455.9269	0	52601.1959	0
9	8	-455.9269	0	52601.1958	0
10	8	-455.9269	0	52601.1958	0
11	8	-455.9269	0	52601.1958	0
12	8	-455.9270	0	52601.1934	0
13	8	-455.9269	0	52601.1925	0
14	8	-455.9269	0	52601.1923	0
15	8	-455.9269	0	52601.1922	0
16	8	-455.9269	0	52601.1922	0
17	8	-455.9270	0	52601.1897	0
18	8	-455.9270	0	52601.1889	0
19	8	-455.9268	0	52601.1885	0
20	8	-455.9268	0	52601.1861	0
21	8	-455.9267	0	52601.1851	0
22	8	-455.9269	0	52601.1824	0
23	8	-455.9270	0	52601.1814	0
24	8	-455.9270	0	52601.1811	0
25	8	-455.9270	0	52601.1761	0
26	8	-455.9270	0	52601.1743	0
27	8	-455.9272	0	52601.1761	0
28	8	-455.9271	0	52601.1743	0
29	8	-455.9269	0	52601.1737	0
30	8	-455.9269	0	52601.1760	0
31	8	-455.9267	0	52601.1744	0
32	8	-455.9266	0	52601.1738	0
33	8	-455.9265	0	52601.1711	0
34	8	-455.9269	0	52601.1702	0
35	8	-455.9272	0	52601.1699	0
36	8	-455.9272	0	52601.1723	0
37	8	-455.9273	0	52601.1708	0
38	8	-455.9274	0	52601.1702	0
39	8	-455.9274	0	52601.1701	0
40	8	-455.9273	0	52601.1700	0
41	8	-455.9273	0	52601.1700	0
42	8	-455.9276	0	52601.1676	0
43	8	-455.9280	0	52601.1667	0
44	8	-455.9284	0	52601.1640	0
45	8	-455.9290	0	52601.1630	0
46	8	-455.9293	0	52601.1652	0
47	8	-455.9300	0	52601.1611	0
48	8	-455.9308	0	52601.1622	0
49	8	-455.9313	0	52601.1727	0
50	8	-455.9314	0	52601.1813	0
51	8	-455.9318	0	52601.1894	0
52	8	-455.9321	0	52601.1878	0
53	8	-455.9327	0	52601.1872	0
54	8	-455.9328	0	52601.1916	0
55	8	-455.9324	0	52601.1462	0
57	8	-455.9353	0	52601.1496	1
58	8	-455.9346	0	52601.1582	1
67	8	-455.9364	0	52601.0929	0
68	8	-455.9374	0	52601.1197	0
73	8	-455.9406	0	52601.1349	0
84	8	-455.9465	0	52601.1690	0
85	8	-455.9459	0	52601.1624	0
86	8	-455.9465	0	52601.1652	0
87	8	-455.9470	0	52601.1662	0
88	8	-455.9476	0	52601.1666	0
89	8	-455.9476	0	52601.1716	0
90	8	-455.9476	0	52601.1733	0
91	8	-455.9477	0	52601.1715	0
92	8	-455.9479	0	52601.1683	0
93	8	-455.9480	0	52601.1695	0
94	8	-455.9483	0	52601.1749	0
95	8	-455.9488	0	52601.1720	0
96	8	-455.9491	0	52601.1709	0
97	8	-455.9491	0	52601.1704	0
98	8	-455.9490	0	52601.1677	0
99	8	-455.9498	0	52601.1692	0
100	8	-455.9505	0	52601.1698	0
101	8	-455.9508	0	52601.1676	0
102	8	-455.9515	0	52601.1668	0
103	8	-455.9525	0	52601.1640	0
104	8	-455.9531	0	52601.1631	0
105	8	-455.9537	0	52601.1602	0
106	8	-455.9543	0	52601.1592	0
107	8	-455.9547	0	52601.1614	0
108	8	-455.9550	0	52601.1598	0
109	8	-455.9553	0	52601.1617	0
110	8	-455.9554	0	52601.1650	0
111	8	-455.9557	0	52601.1637	0
112	8	-455.9560	0	52601.1633	0
113	8	-455.9561	0	52601.1631	0
114	8	-455.9563	0	52601.1605	0
115	8	-455.9567	0	52601.1545	0
116	8	-455.9573	0	52601.1549	0
117	8	-455.9577	0	52601.1551	0
118	8	-455.9577	0	52601.1552	0
119	8	-455.9580	0	52601.1578	0
120	8	-455.9581	0	52601.1589	0
121	8	-455.9584	0	52601.1593	0
122	8	-455.9590	0	52601.1596	0
123	8	-455.9598	0	52601.1572	0
124	8	-455.9606	0	52601.1512	0
125	8	-455.9609	0	52601.1490	0
148	8	-455.9686	0	52601.1647	0
149	8	-455.9694	0	52601.1597	0
150	8	-455.9698	0	52601.1557	0
151	8	-455.9700	0	52601.1567	0
152	8	-455.9701	0	52601.1597	0
153	8	-455.9701	0	52601.1609	0
154	8	-455.9700	0	52601.1638	0
155	8	-455.9704	0	52601.1623	0
156	8	-455.9705	0	52601.1669	0
157	8	-455.9710	0	52601.1661	0
158	8	-455.9712	0	52601.1633	0
159	8	-455.9713	0	52601.1647	0
160	8	-455.9713	0	52601.1652	0
161	8	-455.9713	0	52601.1654	0
162	8	-455.9712	0	52601.1655	0
163	8	-455.9712	0	52601.1629	0
164	8	-455.9710	0	52601.1645	0
165	8	-455.9710	0	52601.1651	0
166	8	-455.9710	0	52601.1602	0
167	8	-455.9710	0	52601.1584	0
168	8	-455.9712	0	52601.1577	0
169	8	-455.9714	0	52601.1600	0
178	8	-455.9728	0	52601.1724	0
179	8	-455.9726	0	52601.1730	0
180	8	-455.9726	0	52601.1757	0
181	8	-455.9727	0	52601.1743	0
182	8	-455.9730	0	52601.1737	0
183	8	-455.9729	0	52601.1759	0
184	8	-455.9730	0	52601.1743	0
185	8	-455.9733	0	52601.1737	0
186	8	-455.9732	0	52601.1709	0
187	8	-455.9734	0	52601.1699	0
188	8	-455.9735	0	52601.1696	0
189	8	-455.9735	0	52601.1694	0
190	8	-455.9735	0	52601.1694	0
191	8	-455.9739	0	52601.1669	0
192	8	-455.9739	0	52601.1659	0
193	8	-455.9737	0	52601.1681	0
194	8	-455.9740	0	52601.1690	0
195	8	-455.9741	0	52601.1693	0
196	8	-455.9744	0	52601.1719	0
197	8	-455.9743	0	52601.1729	0
198	8	-455.9742	0	52601.1757	0
199	8	-455.9744	0	52601.1768	0
200	8	-455.9745	0	52601.1772	0
201	8	-455.9748	0	52601.1773	0
202	8	-455.9751	0	52601.1749	0
203	8	-455.9757	0	52601.1692	0
204	8	-455.9757	0	52601.1694	0
205	8	-455.9757	0	52601.1695	0
206	8	-455.9759	0	52601.1696	0
207	8	-455.9764	0	52601.1647	0
208	8	-455.9766	0	52601.1628	0
209	8	-455.9771	0	52601.1622	0
210	8	-455.9770	0	52601.1645	0
211	8	-455.9770	0	52601.1654	0
212	8	-455.9773	0	52601.1633	0
213	8	-455.9773	0	52601.1625	0
214	8	-455.9772	0	52601.1622	0
215	8	-455.9772	0	52601.1621	0
216	8	-455.9770	0	52601.1621	0
217	8	-455.9771	0	52601.1646	0
218	8	-455.9777	0	52601.1555	0
219	8	-455.9780	0	52601.1547	0
220	8	-455.9778	0	52601.1820	0
227	8	-455.9764	0	52601.1967	0
228	8	-455.9775	0	52601.1970	0
229	8	-455.9779	0	52601.2068	0
230	8	-455.9778	0	52601.2149	0
231	8	-455.9781	0	52601.2132	0
232	8	-455.9779	0	52601.2215	0
233	8	-455.9774	0	52601.2334	0
234	8	-455.9772	0	52601.2399	0
235	8	-455.9774	0	52601.2421	0
236	8	-455.9778	0	52601.2450	0
237	8	-455.9777	0	52601.2480	0
238	8	-455.9777	0	52601.2533	0
239	8	-455.9774	0	52601.2593	0
240	8	-455.9776	0	52601.2614	0
241	8	-455.9774	0	52601.2662	0
242	8	-455.9781	0	52601.2638	0
243	8	-455.9785	0	52601.2627	0
244	8	-455.9788	0	52601.2623	0
245	8	-455.9786	0	52601.2681	0
246	8	-455.9783	0	52601.2743	0
247	8	-455.9782	0	52601.2806	0
248	8	-455.9780	0	52601.2829	0
249	8	-455.9780	0	52601.2875	0
250	8	-455.9782	0	52601.2892	0
251	8	-455.9786	0	52601.2877	0
252	8	-455.9788	0	52601.2870	0
253	8	-455.9791	0	52601.2867	0
254	8	-455.9792	0	52601.2865	0
255	8	-455.9796	0	52601.2843	0
256	8	-455.9798	0	52601.2835	0
257	8	-455.9800	0	52601.2832	0
258	8	-455.9801	0	52601.2850	0
259	8	-455.9805	0	52601.2837	0
260	8	-455.9807	0	52601.2831	0
261	8	-455.9808	0	52601.2830	0
262	8	-455.9812	0	52601.2788	0
263	8	-455.9814	0	52601.2793	0
264	8	-455.9816	0	52601.2774	0
265	8	-455.9820	0	52601.2726	0
266	8	-455.9819	0	52601.2749	0
267	8	-455.9822	0	52601.2738	0
268	8	-455.9823	0	52601.2734	0
269	8	-455.9827	0	52601.2692	0
270	8	-455.9828	0	52601.2697	0
271	8	-455.9830	0	52601.2720	0
272	8	-455.9831	0	52601.2728	0
273	8	-455.9834	0	52601.2712	0
274	8	-455.9837	0	52601.2705	0
275	8	-455.9842	0	52601.2724	0
276	8	-455.9844	0	52601.2711	0
277	8	-455.9848	0	52601.2706	0
278	8	-455.9848	0	52601.2705	0
279	8	-455.9849	0	52601.2725	0
281	8	-455.9849	0	52601.2784	0
282	8	-455.9847	0	52601.2818	0
283	8	-455.9847	0	52601.2830	0
284	8	-455.9844	0	52601.2854	0
285	8	-455.9846	0	52601.2863	0
286	8	-455.9847	0	52601.2866	0
287	8	-455.9846	0	52601.2886	0
288	8	-455.9848	0	52601.2894	0
289	8	-455.9852	0	52601.2876	0
290	8	-455.9854	0	52601.2869	0
291	8	-455.9853	0	52601.2886	0
292	8	-455.9854	0	52601.2892	0
293	8	-455.9856	0	52601.2874	0
294	8	-455.9857	0	52601.2887	0
295	8	-455.9857	0	52601.2872	0
296	8	-455.9859	0	52601.2866	0
297	8	-455.9860	0	52601.2864	0
298	8	-455.9860	0	52601.2863	0
299	8	-455.9860	0	52601.2842	0
300	8	-455.9864	0	52601.2835	0
301	8	-455.9867	0	52601.2832	0
302	8	-455.9868	0	52601.2811	0
303	8	-455.9868	0	52601.2823	0
304	8	-455.9871	0	52601.2808	0
305	8	-455.9870	0	52601.2802	0
306	8	-455.9868	0	52601.2820	0
307	8	-455.9872	0	52601.2767	0
308	8	-455.9875	0	52601.2726	0
309	8	-455.9878	0	52601.2691	0
310	8	-455.9876	0	52601.2740	0
311	8	-455.9876	0	52601.2737	0
319	8	-455.9871	0	52601.2825	0
320	8	-455.9873	0	52601.2749	0
321	8	-455.9873	0	52601.2741	0
322	8	-455.9874	0	52601.2760	0
323	8	-455.9874	0	52601.2767	0
336	8	-455.9871	0	52601.2861	0
337	8	-455.9869	0	52601.2842	0
338	8	-455.9869	0	52601.2836	0
339	8	-455.9871	0	52601.2835	0
340	8	-455.9870	0	52601.2854	0
341	8	-455.9871	0	52601.2861	0
342	8	-455.9871	0	52601.2864	0
343	8	-455.9871	0	52601.2884	0
344	8	-455.9871	0	52601.2892	0
345	8	-455.9867	0	52601.2914	0
346	8	-455.9866	0	52601.2922	0
347	8	-455.9867	0	52601.2925	0
348	8	-455.9866	0	52601.2925	0
349	8	-455.9869	0	52601.2906	0
350	8	-455.9871	0	52601.2859	0
351	8	-455.9872	0	52601.2861	0
352	8	-455.9873	0	52601.2861	0
353	8	-455.9872	0	52601.2862	0
354	8	-455.9874	0	52601.2842	0
355	8	-455.9867	0	52601.2873	0
356	8	-455.9851	0	52601.3041	0
357	8	-455.9845	0	52601.3162	0
358	8	-455.9831	0	52601.3387	0
359	8	-455.9829	0	52601.3415	0
360	8	-455.9830	0	52601.3495	0
361	8	-455.9831	0	52601.3471	0
362	8	-455.9836	0	52601.3424	0
363	8	-455.9838	0	52601.3405	0
364	8	-455.9832	0	52601.3467	0
365	8	-455.9821	0	52601.3594	0
366	8	-455.9828	0	52601.3551	0
367	8	-455.9831	0	52601.3483	0
368	8	-455.9840	0	52601.3369	0
370	8	-455.9846	0	52601.3297	0
371	8	-455.9845	0	52601.3318	0
372	8	-455.9845	0	52601.3326	0
373	8	-455.9843	0	52601.3328	0
374	8	-455.9842	0	52601.3346	0
375	8	-455.9843	0	52601.3335	0
376	8	-455.9843	0	52601.3330	0
377	8	-455.9843	0	52601.3328	0
378	8	-455.9845	0	52601.3327	0
379	8	-455.9845	0	52601.3327	0
380	8	-455.9847	0	52601.3308	0
381	8	-455.9847	0	52601.3319	0
382	8	-455.9846	0	52601.3323	0
383	8	-455.9844	0	52601.3342	0
384	8	-455.9845	0	52601.3332	0
385	8	-455.9845	0	52601.3327	0
386	8	-455.9845	0	52601.3326	0
387	8	-455.9845	0	52601.3325	0
388	8	-455.9845	0	52601.3324	0
389	8	-455.9844	0	52601.3324	0
390	8	-455.9844	0	52601.3324	0
391	8	-455.9844	0	52601.3324	0
392	8	-455.9844	0	52601.3342	0
395	8	-455.9844	0	52601.3374	0
396	8	-455.9843	0	52601.3397	0
397	8	-455.9843	0	52601.3387	0
398	8	-455.9843	0	52601.3401	0
399	8	-455.9842	0	52601.3406	0
400	8	-455.9842	0	52601.3390	0
401	8	-455.9844	0	52601.3365	0
402	8	-455.9844	0	52601.3356	0
403	8	-455.9843	0	52601.3371	0
404	8	-455.9842	0	52601.3376	0
405	8	-455.9840	0	52601.3378	0
406	8	-455.9841	0	52601.3360	0
407	8	-455.9841	0	52601.3354	0
408	8	-455.9841	0	52601.3352	0
409	8	-455.9839	0	52601.3368	0
410	8	-455.9840	0	52601.3357	0
411	8	-455.9840	0	52601.3353	0
412	8	-455.9840	0	52601.3351	0
413	8	-455.9840	0	52601.3332	0
414	8	-455.9840	0	52601.3343	0
415	8	-455.9838	0	52601.3347	0
416	8	-455.9837	0	52601.3367	0
417	8	-455.9838	0	52601.3339	0
418	8	-455.9835	0	52601.3345	0
419	8	-455.9834	0	52601.3366	0
420	8	-455.9833	0	52601.3374	0
421	8	-455.9830	0	52601.3413	0
422	8	-455.9826	0	52601.3409	0
423	8	-455.9823	0	52601.3425	0
424	8	-455.9822	0	52601.3413	0
425	8	-455.9823	0	52601.3390	0
426	8	-455.9823	0	52601.3381	0
427	8	-455.9825	0	52601.3360	0
428	8	-455.9827	0	52601.3352	0
429	8	-455.9824	0	52601.3367	0
430	8	-455.9824	0	52601.3373	0
431	8	-455.9824	0	52601.3357	0
432	8	-455.9825	0	52601.3333	0
433	8	-455.9825	0	52601.3305	0
434	8	-455.9825	0	52601.3296	0
435	8	-455.9826	0	52601.3292	0
436	8	-455.9824	0	52601.3309	0
437	8	-455.9824	0	52601.3297	0
438	8	-455.9822	0	52601.3330	0
439	8	-455.9822	0	52601.3342	0
440	8	-455.9821	0	52601.3347	0
441	8	-455.9821	0	52601.3366	0
442	8	-455.9819	0	52601.3392	0
443	8	-455.9818	0	52601.3401	0
444	8	-455.9818	0	52601.3405	0
445	8	-455.9820	0	52601.3406	0
446	8	-455.9821	0	52601.3406	0
447	8	-455.9821	0	52601.3406	0
448	8	-455.9823	0	52601.3406	0
449	8	-455.9824	0	52601.3406	0
450	8	-455.9827	0	52601.3388	0
451	8	-455.9828	0	52601.3363	0
452	8	-455.9829	0	52601.3353	0
453	8	-455.9829	0	52601.3350	0
454	8	-455.9830	0	52601.3331	0
455	8	-455.9833	0	52601.3305	0
456	8	-455.9832	0	52601.3295	0
457	8	-455.9832	0	52601.3293	0
458	8	-455.9832	0	52601.3292	0
459	8	-455.9831	0	52601.3272	0
460	8	-455.9827	0	52601.3284	0
461	8	-455.9824	0	52601.3288	0
462	8	-455.9821	0	52601.3290	0
463	8	-455.9822	0	52601.3272	0
464	8	-455.9822	0	52601.3266	0
465	8	-455.9825	0	52601.3246	0
466	8	-455.9824	0	52601.3256	0
467	8	-455.9829	0	52601.3224	0
468	8	-455.9831	0	52601.3212	0
469	8	-455.9836	0	52601.3190	0
470	8	-455.9842	0	52601.3163	0
471	8	-455.9844	0	52601.3153	0
472	8	-455.9844	0	52601.3188	0
473	8	-455.9845	0	52601.3201	0
474	8	-455.9850	0	52601.3188	0
475	8	-455.9854	0	52601.3165	0
476	8	-455.9854	0	52601.3156	0
477	8	-455.9855	0	52601.3153	0
478	8	-455.9856	0	52601.3152	0
479	8	-455.9856	0	52601.3152	0
480	8	-455.9856	0	52601.3152	0
481	8	-455.9857	0	52601.3134	0
482	8	-455.9857	0	52601.3089	0
483	8	-455.9858	0	52601.3092	0
484	8	-455.9856	0	52601.3112	0
485	8	-455.9856	0	52601.3120	0
486	8	-455.9857	0	52601.3123	0
487	8	-455.9859	0	52601.3125	0
488	8	-455.9860	0	52601.3125	0
489	8	-455.9862	0	52601.3126	0
490	8	-455.9864	0	52601.3145	0
491	8	-455.9869	0	52601.3135	0
492	8	-455.9868	0	52601.3167	0
493	8	-455.9870	0	52601.3162	0
494	8	-455.9871	0	52601.3159	0
495	8	-455.9869	0	52601.3177	0
496	8	-455.9869	0	52601.3184	0
497	8	-455.9869	0	52601.3186	0
498	8	-455.9867	0	52601.3205	0
499	8	-455.9869	0	52601.3194	0
500	8	-455.9865	0	52601.3208	0
501	8	-455.9865	0	52601.3213	0
502	8	-455.9867	0	52601.3196	0
503	8	-455.9868	0	52601.3171	0
504	8	-455.9867	0	52601.3218	0
505	8	-455.9865	0	52601.3235	0
506	8	-455.9870	0	52601.3205	0
516	8	-455.9882	0	52601.2992	0
517	8	-455.9876	0	52601.3088	0
518	8	-455.9874	0	52601.3134	0
519	8	-455.9874	0	52601.3151	0
520	8	-455.9876	0	52601.3138	0
521	8	-455.9877	0	52601.3133	0
522	8	-455.9875	0	52601.3150	0
523	8	-455.9875	0	52601.3138	0
524	8	-455.9874	0	52601.3133	0
525	8	-455.9874	0	52601.3131	0
526	8	-455.9874	0	52601.3111	0
527	8	-455.9875	0	52601.3084	0
528	8	-455.9877	0	52601.3055	0
529	8	-455.9879	0	52601.3044	0
530	8	-455.9879	0	52601.3040	0
531	8	-455.9877	0	52601.3039	0
532	8	-455.9878	0	52601.3020	0
533	8	-455.9879	0	52601.3013	0
534	8	-455.9879	0	52601.3010	0
535	8	-455.9881	0	52601.2971	0
536	8	-455.9885	0	52601.2917	0
537	8	-455.9883	0	52601.2936	0
538	8	-455.9881	0	52601.2963	0
539	8	-455.9879	0	52601.2974	0
540	8	-455.9879	0	52601.2978	0
541	8	-455.9880	0	52601.2961	0
542	8	-455.9876	0	52601.2973	0
543	8	-455.9875	0	52601.2959	0
544	8	-455.9874	0	52601.2953	0
545	8	-455.9872	0	52601.2951	0
546	8	-455.9869	0	52601.2970	0
547	8	-455.9866	0	52601.2997	0
548	8	-455.9867	0	52601.3007	0
549	8	-455.9869	0	52601.2991	0
550	8	-455.9871	0	52601.2947	0
551	8	-455.9871	0	52601.2929	0
552	8	-455.9873	0	52601.2923	0
553	8	-455.9872	0	52601.2921	0
554	8	-455.9871	0	52601.2920	0
555	8	-455.9868	0	52601.2940	0
556	8	-455.9866	0	52601.2947	0
557	8	-455.9863	0	52601.2989	0
558	8	-455.9857	0	52601.3024	0
559	8	-455.9855	0	52601.3017	0
560	8	-455.9854	0	52601.3034	0
561	8	-455.9852	0	52601.3040	0
562	8	-455.9851	0	52601.3042	0
563	8	-455.9846	0	52601.3118	0
564	8	-455.9846	0	52601.3166	0
565	8	-455.9846	0	52601.3183	0
566	8	-455.9846	0	52601.3208	0
567	8	-455.9845	0	52601.3235	0
568	8	-455.9845	0	52601.3263	0
569	8	-455.9845	0	52601.3273	0
570	8	-455.9842	0	52601.3294	0
571	8	-455.9837	0	52601.3337	0
572	8	-455.9836	0	52601.3353	0
573	8	-455.9835	0	52601.3340	0
574	8	-455.9835	0	52601.3334	0
575	8	-455.9836	0	52601.3368	0
576	8	-455.9833	0	52601.3416	0
580	8	-455.9842	0	52601.3394	0
581	8	-455.9843	0	52601.3425	0
582	8	-455.9840	0	52601.3489	0
583	8	-455.9838	0	52601.3512	0
584	8	-455.9837	0	52601.3519	0
585	8	-455.9836	0	52601.3522	0
586	8	-455.9832	0	52601.3557	0
587	8	-455.9831	0	52601.3569	0
588	8	-455.9831	0	52601.3573	0
589	8	-455.9829	0	52601.3608	0
590	8	-455.9829	0	52601.3620	0
591	8	-455.9831	0	52601.3642	0
592	8	-455.9833	0	52601.3649	0
593	8	-455.9835	0	52601.3686	0
594	8	-455.9836	0	52601.3716	0
595	8	-455.9837	0	52601.3726	0
596	8	-455.9837	0	52601.3746	0
597	8	-455.9837	0	52601.3769	0
598	8	-455.9835	0	52601.3811	0
599	8	-455.9835	0	52601.3825	0
600	8	-455.9833	0	52601.3830	0
601	8	-455.9833	0	52601.3831	0
602	8	-455.9833	0	52601.3830	0
603	8	-455.9831	0	52601.3846	0
604	8	-455.9833	0	52601.3868	0
605	8	-455.9834	0	52601.3875	0
606	8	-455.9835	0	52601.3878	0
607	8	-455.9835	0	52601.3927	0
608	8	-455.9840	0	52601.3913	0
609	8	-455.9841	0	52601.3939	0
610	8	-455.9841	0	52601.3964	0
611	8	-455.9843	0	52601.3973	0
612	8	-455.9845	0	52601.3992	0
613	8	-455.9845	0	52601.3999	0
614	8	-455.9845	0	52601.4016	0
615	8	-455.9844	0	52601.4022	0
616	8	-455.9845	0	52601.4008	0
617	8	-455.9844	0	52601.4003	0
618	8	-455.9846	0	52601.4000	0
619	8	-455.9846	0	52601.4015	0
620	8	-455.9846	0	52601.4051	0
621	8	-455.9846	0	52601.4080	0
622	8	-455.9849	0	52601.4075	0
623	8	-455.9849	0	52601.4088	0
624	8	-455.9851	0	52601.4077	0
625	8	-455.9854	0	52601.4073	0
626	8	-455.9859	0	52601.4040	0
627	8	-455.9866	0	52601.4012	0
628	8	-455.9868	0	52601.4033	0
629	8	-455.9875	0	52601.4041	0
630	8	-455.9876	0	52601.4013	0
631	8	-455.9871	0	52601.4001	0
632	8	-455.9868	0	52601.3965	0
654	8	-455.9877	0	52601.4137	0
655	8	-455.9868	0	52601.4171	0
656	8	-455.9862	0	52601.4198	0
657	8	-455.9854	0	52601.4222	0
658	8	-455.9849	0	52601.4169	0
659	8	-455.9842	0	52601.4148	0
660	8	-455.9831	0	52601.4155	0
661	8	-455.9822	0	52601.4142	0
662	8	-455.9818	0	52601.4137	0
663	8	-455.9816	0	52601.4135	0
664	8	-455.9814	0	52601.4118	0
665	8	-455.9810	0	52601.4096	0
666	8	-455.9802	0	52601.4088	0
667	8	-455.9794	0	52601.4069	0
668	8	-455.9787	0	52601.4062	0
669	8	-455.9786	0	52601.4043	0
670	8	-455.9787	0	52601.4021	0
671	8	-455.9787	0	52601.3966	0
672	8	-455.9780	0	52601.3976	0
673	8	-455.9768	0	52601.3996	0
674	8	-455.9754	0	52601.4002	0
675	8	-455.9747	0	52601.4005	0
676	8	-455.9742	0	52601.4006	0
677	8	-455.9742	0	52601.3975	0
678	8	-455.9738	0	52601.3947	0
679	8	-455.9733	0	52601.3921	0
680	8	-455.9728	0	52601.3910	0
681	8	-455.9720	0	52601.3923	0
682	8	-455.9711	0	52601.3944	0
683	8	-455.9709	0	52601.3903	0
684	8	-455.9708	0	52601.3856	0
685	8	-455.9703	0	52601.3838	0
686	8	-455.9695	0	52601.3831	0
687	8	-455.9682	0	52601.3828	0
688	8	-455.9669	0	52601.3826	0
689	8	-455.9664	0	52601.3826	0
690	8	-455.9663	0	52601.3827	0
691	8	-455.9660	0	52601.3811	0
692	8	-455.9653	0	52601.3804	0
693	8	-455.9641	0	52601.3834	0
694	8	-455.9628	0	52601.3878	0
695	8	-455.9622	0	52601.3911	0
696	8	-455.9618	0	52601.3907	0
697	8	-455.9606	0	52601.3838	0
698	8	-455.9603	0	52601.3812	0
699	8	-455.9600	0	52601.3803	0
700	8	-455.9588	0	52601.3815	0
701	8	-455.9577	0	52601.3853	0
702	8	-455.9572	0	52601.3834	0
703	8	-455.9565	0	52601.3810	0
704	8	-455.9555	0	52601.3766	0
705	8	-455.9546	0	52601.3767	0
706	8	-455.9534	0	52601.3800	0
707	8	-455.9528	0	52601.3796	0
708	8	-455.9529	0	52601.3572	0
709	8	-455.9527	0	52601.3472	0
710	8	-455.9526	0	52601.3449	0
711	8	-455.9519	0	52601.3458	0
712	8	-455.9506	0	52601.3547	0
713	8	-455.9484	0	52601.3814	0
714	8	-455.9474	0	52601.3919	0
715	8	-455.9467	0	52601.3971	0
716	8	-455.9455	0	52601.3988	0
717	8	-455.9446	0	52601.3911	0
718	8	-455.9441	0	52601.3851	0
719	8	-455.9439	0	52601.3810	0
720	8	-455.9433	0	52601.3810	0
721	8	-455.9422	0	52601.3810	0
722	8	-455.9409	0	52601.3842	0
723	8	-455.9391	0	52601.3934	0
724	8	-455.9382	0	52601.4001	0
725	8	-455.9377	0	52601.4025	0
726	8	-455.9371	0	52601.4017	0
727	8	-455.9366	0	52601.4029	0
