24	871	-455.9528	0	52601.2844	0
25	871	-455.9521	0	52601.2863	0
26	871	-455.9514	0	52601.2867	0
27	871	-455.9514	0	52601.2828	0
28	871	-455.9514	0	52601.2835	0
29	871	-455.9514	0	52601.2799	0
30	871	-455.9512	0	52601.2805	0
31	871	-455.9510	0	52601.2918	0
32	871	-455.9508	0	52601.2887	0
33	871	-455.9508	0	52601.2963	0
34	871	-455.9500	0	52601.3005	0
35	871	-455.9492	0	52601.3020	0
36	871	-455.9490	0	52601.2991	0
37	871	-455.9484	0	52601.2977	0
38	871	-455.9478	0	52601.3004	0
39	871	-455.9471	0	52601.3013	0
40	871	-455.9466	0	52601.3015	0
41	871	-455.9464	0	52601.2998	0
42	871	-455.9460	0	52601.3042	0
43	871	-455.9458	0	52601.3057	0
44	871	-455.9454	0	52601.3045	0
45	871	-455.9452	0	52601.3005	0
46	871	-455.9447	0	52601.2971	0
47	871	-455.9443	0	52601.2957	0
48	871	-455.9440	0	52601.2951	0
49	871	-455.9437	0	52601.2966	0
50	871	-455.9433	0	52601.2954	0
51	871	-455.9430	0	52601.2965	0
52	871	-455.9427	0	52601.2952	0
53	871	-455.9424	0	52601.2929	0
54	871	-455.9421	0	52601.2920	0
55	871	-455.9418	0	52601.2933	0
56	871	-455.9414	0	52601.2937	0
57	871	-455.9414	0	52601.2940	0
58	871	-455.9412	0	52601.2923	0
59	871	-455.9412	0	52601.2881	0
60	871	-455.9412	0	52601.2865	0
61	871	-455.9411	0	52601.2841	0
62	871	-455.9410	0	52601.2850	0
63	871	-455.9408	0	52601.2853	0
64	871	-455.9405	0	52601.2854	0
65	871	-455.9405	0	52601.2855	0
66	871	-455.9402	0	52601.2854	0
67	871	-455.9401	0	52601.2819	0
68	871	-455.9397	0	52601.2857	0
69	871	-455.9394	0	52601.2837	0
70	871	-455.9395	0	52601.2847	0
71	871	-455.9393	0	52601.2833	0
72	871	-455.9392	0	52601.2828	0
73	871	-455.9392	0	52601.2826	0
74	871	-455.9392	0	52601.2825	0
75	871	-455.9391	0	52601.2807	0
76	871	-455.9391	0	52601.2818	0
77	871	-455.9388	0	52601.2821	0
78	871	-455.9383	0	52601.2822	0
79	871	-455.9379	0	52601.2803	0
80	871	-455.9376	0	52601.2778	0
81	871	-455.9370	0	52601.2767	0
82	871	-455.9362	0	52601.2779	0
83	871	-455.9358	0	52601.2802	0
84	871	-455.9353	0	52601.2827	0
85	871	-455.9352	0	52601.2855	0
86	871	-455.9352	0	52601.2830	0
87	871	-455.9352	0	52601.2820	0
88	871	-455.9347	0	52601.2832	0
89	871	-455.9343	0	52601.2854	0
90	871	-455.9334	0	52601.2877	0
91	871	-455.9329	0	52601.2903	0
92	871	-455.9323	0	52601.2911	0
93	871	-455.9318	0	52601.2948	0
94	871	-455.9313	0	52601.2961	0
95	871	-455.9309	0	52601.2982	0
96	871	-455.9305	0	52601.2972	0
97	871	-455.9301	0	52601.3018	0
98	871	-455.9297	0	52601.3051	0
99	871	-455.9295	0	52601.3046	0
100	871	-455.9293	0	52601.3060	0
101	871	-455.9290	0	52601.3064	0
102	871	-455.9287	0	52601.3064	0
103	871	-455.9285	0	52601.3081	0
104	871	-455.9281	0	52601.3103	0
105	871	-455.9277	0	52601.3126	0
106	871	-455.9274	0	52601.3134	0
107	871	-455.9270	0	52601.3152	0
108	871	-455.9265	0	52601.3191	0
109	871	-455.9260	0	52601.3204	0
110	871	-455.9256	0	52601.3208	0
111	871	-455.9254	0	52601.3209	0
112	871	-455.9251	0	52601.3241	0
113	871	-455.9250	0	52601.3236	0
114	871	-455.9248	0	52601.3249	0
115	871	-455.9245	0	52601.3253	0
116	871	-455.9244	0	52601.3254	0
117	871	-455.9239	0	52601.3269	0
118	871	-455.9237	0	52601.3291	0
119	871	-455.9235	0	52601.3298	0
120	871	-455.9231	0	52601.3315	0
121	871	-455.9230	0	52601.3321	0
122	871	-455.9231	0	52601.3307	0
123	871	-455.9230	0	52601.3301	0
124	871	-455.9228	0	52601.3314	0
125	871	-455.9228	0	52601.3303	0
126	871	-455.9227	0	52601.3314	0
127	871	-455.9229	0	52601.3319	0
128	871	-455.9234	0	52601.3322	0
129	871	-455.9240	0	52601.3340	0
130	871	-455.9243	0	52601.3363	0
131	871	-455.9248	0	52601.3357	0
132	871	-455.9253	0	52601.3354	0
133	871	-455.9256	0	52601.3386	0
134	871	-455.9260	0	52601.3398	0
135	871	-455.9263	0	52601.3403	0
136	871	-455.9265	0	52601.3437	0
137	871	-455.9265	0	52601.3417	0
138	871	-455.9266	0	52601.3410	0
139	871	-455.9268	0	52601.3423	0
140	871	-455.9276	0	52601.3539	0
141	871	-455.9282	0	52601.3582	0
142	871	-455.9284	0	52601.3598	0
143	871	-455.9283	0	52601.3604	0
144	871	-455.9282	0	52601.3605	0
145	871	-455.9280	0	52601.3619	0
146	871	-455.9277	0	52601.3638	0
