396	89	-456.0154	0	52601.4033	0
397	89	-456.0144	0	52601.4058	0
398	89	-456.0138	0	52601.4029	0
399	89	-456.0125	0	52601.4071	0
401	89	-456.0105	0	52601.4068	0
402	89	-456.0098	0	52601.4083	0
403	89	-456.0091	0	52601.4072	0
404	89	-456.0075	0	52601.4082	0
405	89	-456.0063	0	52601.4069	0
406	89	-456.0057	0	52601.4080	0
407	89	-456.0048	0	52601.4052	0
408	89	-456.0041	0	52601.4008	0
409	89	-456.0036	0	52601.3893	0
410	89	-456.0033	0	52601.3692	0
411	89	-456.0024	0	52601.3599	0
412	89	-456.0019	0	52601.3533	0
413	89	-456.0009	0	52601.3597	0
414	89	-456.0002	0	52601.3615	0
415	89	-455.9999	0	52601.3622	0
