181	913	-455.9660	0	52601.3769	0
182	913	-455.9659	0	52601.3734	0
183	913	-455.9656	0	52601.3704	0
184	913	-455.9654	0	52601.3661	0
185	913	-455.9632	0	52601.3625	0
186	913	-455.9621	0	52601.3629	0
187	913	-455.9610	0	52601.3630	0
188	913	-455.9602	0	52601.3599	0
189	913	-455.9596	0	52601.3618	0
190	913	-455.9587	0	52601.3624	0
191	913	-455.9577	0	52601.3641	0
192	913	-455.9568	0	52601.3646	0
193	913	-455.9563	0	52601.3617	0
197	913	-455.9562	0	52601.3417	0
198	913	-455.9562	0	52601.3378	0
199	913	-455.9568	0	52601.3350	0
201	913	-455.9539	0	52601.3589	0
202	913	-455.9527	0	52601.3682	0
