398	960	-455.9028	0	52602.0495	0
399	960	-455.9027	0	52602.0481	0
400	960	-455.9026	0	52602.0457	0
401	960	-455.9024	0	52602.0419	0
402	960	-455.9024	0	52602.0393	0
403	960	-455.9028	0	52602.0382	0
404	960	-455.9032	0	52602.0376	0
405	960	-455.9038	0	52602.0359	0
406	960	-455.9040	0	52602.0328	0
407	960	-455.9041	0	52602.0304	0
408	960	-455.9042	0	52602.0294	0
409	960	-455.9041	0	52602.0291	0
410	960	-455.9040	0	52602.0286	0
411	960	-455.9040	0	52602.0263	0
412	960	-455.9041	0	52602.0230	0
413	960	-455.9045	0	52602.0209	0
414	960	-455.9049	0	52602.0203	0
415	960	-455.9052	0	52602.0197	0
416	960	-455.9057	0	52602.0180	0
417	960	-455.9059	0	52602.0143	0
418	960	-455.9059	0	52602.0121	0
419	960	-455.9060	0	52602.0114	0
420	960	-455.9059	0	52602.0111	0
421	960	-455.9059	0	52602.0102	0
422	960	-455.9057	0	52602.0072	0
423	960	-455.9058	0	52602.0041	0
424	960	-455.9060	0	52602.0025	0
425	960	-455.9064	0	52602.0021	0
426	960	-455.9069	0	52602.0013	0
427	960	-455.9072	0	52601.9985	0
428	960	-455.9074	0	52601.9956	0
429	960	-455.9076	0	52601.9936	0
430	960	-455.9076	0	52601.9933	0
431	960	-455.9075	0	52601.9930	0
432	960	-455.9075	0	52601.9911	0
433	960	-455.9074	0	52601.9884	0
434	960	-455.9076	0	52601.9864	0
435	960	-455.9077	0	52601.9855	0
436	960	-455.9077	0	52601.9850	0
437	960	-455.9078	0	52601.9838	0
438	960	-455.9079	0	52601.9811	0
439	960	-455.9078	0	52601.9774	0
440	960	-455.9076	0	52601.9755	0
441	960	-455.9074	0	52601.9748	0
442	960	-455.9072	0	52601.9741	0
443	960	-455.9070	0	52601.9718	0
444	960	-455.9068	0	52601.9688	0
445	960	-455.9069	0	52601.9669	0
446	960	-455.9070	0	52601.9660	0
447	960	-455.9072	0	52601.9654	0
448	960	-455.9074	0	52601.9641	0
449	960	-455.9075	0	52601.9612	0
450	960	-455.9074	0	52601.9584	0
451	960	-455.9072	0	52601.9574	0
452	960	-455.9072	0	52601.9575	0
453	960	-455.9070	0	52601.9563	0
454	960	-455.9069	0	52601.9537	0
455	960	-455.9068	0	52601.9510	0
456	960	-455.9068	0	52601.9493	0
457	960	-455.9070	0	52601.9492	0
458	960	-455.9073	0	52601.9483	0
459	960	-455.9077	0	52601.9467	0
460	960	-455.9078	0	52601.9428	0
461	960	-455.9077	0	52601.9409	0
462	960	-455.9076	0	52601.9403	0
463	960	-455.9074	0	52601.9401	0
464	960	-455.9072	0	52601.9384	0
465	960	-455.9070	0	52601.9354	0
466	960	-455.9069	0	52601.9331	0
467	960	-455.9071	0	52601.9322	0
468	960	-455.9072	0	52601.9313	0
469	960	-455.9074	0	52601.9294	0
470	960	-455.9076	0	52601.9265	0
471	960	-455.9077	0	52601.9231	0
472	960	-455.9077	0	52601.9216	0
473	960	-455.9076	0	52601.9214	0
474	960	-455.9076	0	52601.9206	0
475	960	-455.9075	0	52601.9182	0
476	960	-455.9075	0	52601.9149	0
477	960	-455.9078	0	52601.9123	0
478	960	-455.9081	0	52601.9117	0
479	960	-455.9085	0	52601.9116	0
480	960	-455.9091	0	52601.9102	0
481	960	-455.9094	0	52601.9072	0
482	960	-455.9097	0	52601.9047	0
483	960	-455.9099	0	52601.9029	0
484	960	-455.9100	0	52601.9023	0
485	960	-455.9102	0	52601.9010	0
486	960	-455.9104	0	52601.8973	0
487	960	-455.9108	0	52601.8942	0
488	960	-455.9110	0	52601.8928	0
489	960	-455.9109	0	52601.8926	0
490	960	-455.9108	0	52601.8908	0
491	960	-455.9113	0	52601.8887	0
492	960	-455.9102	0	52601.8809	0
493	960	-455.9099	0	52601.8787	0
494	960	-455.9093	0	52601.8733	0
495	960	-455.9087	0	52601.8690	0
496	960	-455.9084	0	52601.8672	0
497	960	-455.9083	0	52601.8667	0
498	960	-455.9080	0	52601.8652	0
499	960	-455.9079	0	52601.8616	0
500	960	-455.9082	0	52601.8600	0
501	960	-455.9085	0	52601.8592	0
502	960	-455.9086	0	52601.8579	0
503	960	-455.9088	0	52601.8557	0
504	960	-455.9085	0	52601.8524	0
505	960	-455.9087	0	52601.8517	0
506	960	-455.9088	0	52601.8511	0
507	960	-455.9091	0	52601.8506	0
508	960	-455.9093	0	52601.8475	0
509	960	-455.9098	0	52601.8449	0
510	960	-455.9102	0	52601.8444	0
511	960	-455.9108	0	52601.8440	0
512	960	-455.9109	0	52601.8420	0
513	960	-455.9108	0	52601.8393	0
514	960	-455.9108	0	52601.8377	0
515	960	-455.9111	0	52601.8359	0
516	960	-455.9113	0	52601.8350	0
517	960	-455.9116	0	52601.8323	0
518	960	-455.9121	0	52601.8294	0
519	960	-455.9124	0	52601.8280	0
520	960	-455.9128	0	52601.8283	0
521	960	-455.9127	0	52601.8245	0
522	960	-455.9126	0	52601.8214	0
523	960	-455.9124	0	52601.8199	0
524	960	-455.9126	0	52601.8195	0
525	960	-455.9127	0	52601.8173	0
526	960	-455.9127	0	52601.8152	0
527	960	-455.9131	0	52601.8124	0
528	960	-455.9137	0	52601.8119	0
529	960	-455.9139	0	52601.8118	0
530	960	-455.9141	0	52601.8105	0
531	960	-455.9140	0	52601.8075	0
532	960	-455.9139	0	52601.8051	0
533	960	-455.9139	0	52601.8042	0
534	960	-455.9142	0	52601.8036	0
535	960	-455.9140	0	52601.7998	0
536	960	-455.9144	0	52601.7971	0
537	960	-455.9148	0	52601.7961	0
538	960	-455.9151	0	52601.7954	0
539	960	-455.9154	0	52601.7952	0
540	960	-455.9155	0	52601.7920	0
541	960	-455.9156	0	52601.7904	0
542	960	-455.9154	0	52601.7889	0
543	960	-455.9154	0	52601.7879	0
544	960	-455.9152	0	52601.7857	0
545	960	-455.9154	0	52601.7816	0
546	960	-455.9156	0	52601.7792	0
547	960	-455.9159	0	52601.7779	0
548	960	-455.9160	0	52601.7770	0
549	960	-455.9161	0	52601.7747	0
550	960	-455.9158	0	52601.7715	0
551	960	-455.9154	0	52601.7698	0
552	960	-455.9151	0	52601.7692	0
553	960	-455.9149	0	52601.7686	0
554	960	-455.9148	0	52601.7653	0
555	960	-455.9150	0	52601.7637	0
556	960	-455.9150	0	52601.7631	0
557	960	-455.9151	0	52601.7620	0
558	960	-455.9151	0	52601.7590	0
559	960	-455.9150	0	52601.7563	0
560	960	-455.9147	0	52601.7549	0
561	960	-455.9142	0	52601.7554	0
562	960	-455.9137	0	52601.7546	0
563	960	-455.9138	0	52601.7512	0
564	960	-455.9138	0	52601.7489	0
565	960	-455.9137	0	52601.7480	0
566	960	-455.9137	0	52601.7467	0
567	960	-455.9136	0	52601.7441	0
568	960	-455.9136	0	52601.7415	0
569	960	-455.9135	0	52601.7389	0
570	960	-455.9130	0	52601.7385	0
571	960	-455.9127	0	52601.7373	0
572	960	-455.9128	0	52601.7335	0
573	960	-455.9133	0	52601.7287	0
574	960	-455.9134	0	52601.7282	0
575	960	-455.9136	0	52601.7275	0
576	960	-455.9137	0	52601.7255	0
577	960	-455.9141	0	52601.7225	0
578	960	-455.9141	0	52601.7209	0
579	960	-455.9141	0	52601.7209	0
580	960	-455.9141	0	52601.7204	0
581	960	-455.9142	0	52601.7179	0
582	960	-455.9141	0	52601.7146	0
583	960	-455.9141	0	52601.7140	0
584	960	-455.9140	0	52601.7133	0
585	960	-455.9141	0	52601.7125	0
586	960	-455.9141	0	52601.7110	0
587	960	-455.9141	0	52601.7080	0
588	960	-455.9139	0	52601.7063	0
589	960	-455.9136	0	52601.7057	0
590	960	-455.9136	0	52601.7018	0
591	960	-455.9136	0	52601.6978	0
592	960	-455.9137	0	52601.6963	0
593	960	-455.9137	0	52601.6965	0
594	960	-455.9135	0	52601.6934	0
595	960	-455.9135	0	52601.6897	0
596	960	-455.9132	0	52601.6870	0
597	960	-455.9127	0	52601.6853	0
598	960	-455.9123	0	52601.6855	0
599	960	-455.9124	0	52601.6836	0
600	960	-455.9125	0	52601.6803	0
601	960	-455.9125	0	52601.6791	0
602	960	-455.9124	0	52601.6780	0
603	960	-455.9124	0	52601.6770	0
604	960	-455.9126	0	52601.6747	0
605	960	-455.9124	0	52601.6717	0
606	960	-455.9123	0	52601.6721	0
607	960	-455.9122	0	52601.6716	0
608	960	-455.9120	0	52601.6686	0
609	960	-455.9121	0	52601.6647	0
610	960	-455.9121	0	52601.6626	0
611	960	-455.9122	0	52601.6619	0
612	960	-455.9122	0	52601.6595	0
613	960	-455.9122	0	52601.6573	0
614	960	-455.9121	0	52601.6535	0
615	960	-455.9120	0	52601.6529	0
616	960	-455.9118	0	52601.6535	0
617	960	-455.9118	0	52601.6516	0
618	960	-455.9122	0	52601.6480	0
619	960	-455.9125	0	52601.6437	0
620	960	-455.9126	0	52601.6414	0
621	960	-455.9129	0	52601.6406	0
622	960	-455.9131	0	52601.6381	0
623	960	-455.9130	0	52601.6341	0
624	960	-455.9128	0	52601.6327	0
625	960	-455.9128	0	52601.6330	0
626	960	-455.9127	0	52601.6317	0
627	960	-455.9130	0	52601.6289	0
628	960	-455.9135	0	52601.6264	0
629	960	-455.9141	0	52601.6247	0
630	960	-455.9145	0	52601.6234	0
631	960	-455.9147	0	52601.6230	0
632	960	-455.9146	0	52601.6213	0
633	960	-455.9142	0	52601.6191	0
634	960	-455.9139	0	52601.6182	0
635	960	-455.9139	0	52601.6172	0
636	960	-455.9141	0	52601.6161	0
637	960	-455.9148	0	52601.6125	0
638	960	-455.9152	0	52601.6121	0
639	960	-455.9157	0	52601.6112	0
640	960	-455.9160	0	52601.6093	0
641	960	-455.9161	0	52601.6069	0
642	960	-455.9158	0	52601.6052	0
643	960	-455.9154	0	52601.6046	0
644	960	-455.9149	0	52601.6044	0
645	960	-455.9150	0	52601.6001	0
646	960	-455.9155	0	52601.5960	0
647	960	-455.9159	0	52601.5937	0
648	960	-455.9162	0	52601.5920	0
649	960	-455.9163	0	52601.5897	0
650	960	-455.9166	0	52601.5872	0
651	960	-455.9167	0	52601.5845	0
652	960	-455.9164	0	52601.5844	0
653	960	-455.9163	0	52601.5845	0
654	960	-455.9166	0	52601.5819	0
655	960	-455.9167	0	52601.5792	0
656	960	-455.9166	0	52601.5782	0
657	960	-455.9165	0	52601.5779	0
658	960	-455.9164	0	52601.5760	0
659	960	-455.9163	0	52601.5735	0
660	960	-455.9160	0	52601.5708	0
661	960	-455.9157	0	52601.5707	0
662	960	-455.9151	0	52601.5706	0
663	960	-455.9151	0	52601.5660	0
664	960	-455.9154	0	52601.5635	0
665	960	-455.9157	0	52601.5626	0
666	960	-455.9158	0	52601.5623	0
667	960	-455.9158	0	52601.5613	0
668	960	-455.9154	0	52601.5581	0
669	960	-455.9151	0	52601.5549	0
670	960	-455.9146	0	52601.5547	0
671	960	-455.9145	0	52601.5548	0
672	960	-455.9145	0	52601.5509	0
673	960	-455.9150	0	52601.5486	0
674	960	-455.9155	0	52601.5469	0
675	960	-455.9159	0	52601.5473	0
676	960	-455.9161	0	52601.5476	0
677	960	-455.9162	0	52601.5458	0
678	960	-455.9160	0	52601.5431	0
679	960	-455.9157	0	52601.5411	0
680	960	-455.9156	0	52601.5404	0
681	960	-455.9157	0	52601.5372	0
682	960	-455.9164	0	52601.5331	0
683	960	-455.9169	0	52601.5326	0
684	960	-455.9172	0	52601.5326	0
685	960	-455.9176	0	52601.5316	0
686	960	-455.9176	0	52601.5303	0
687	960	-455.9174	0	52601.5278	0
688	960	-455.9172	0	52601.5258	0
689	960	-455.9172	0	52601.5240	0
690	960	-455.9172	0	52601.5224	0
691	960	-455.9178	0	52601.5198	0
692	960	-455.9183	0	52601.5201	0
693	960	-455.9187	0	52601.5203	0
694	960	-455.9192	0	52601.5194	0
695	960	-455.9194	0	52601.5159	0
696	960	-455.9193	0	52601.5146	0
697	960	-455.9193	0	52601.5120	0
698	960	-455.9194	0	52601.5078	0
699	960	-455.9196	0	52601.5019	0
700	960	-455.9202	0	52601.4954	0
701	960	-455.9207	0	52601.4931	0
702	960	-455.9212	0	52601.4924	0
703	960	-455.9216	0	52601.4911	0
704	960	-455.9217	0	52601.4873	0
705	960	-455.9216	0	52601.4848	0
706	960	-455.9216	0	52601.4827	0
707	960	-455.9214	0	52601.4809	0
708	960	-455.9216	0	52601.4780	0
709	960	-455.9223	0	52601.4735	0
710	960	-455.9227	0	52601.4720	0
711	960	-455.9231	0	52601.4704	0
712	960	-455.9231	0	52601.4687	0
713	960	-455.9231	0	52601.4669	0
714	960	-455.9230	0	52601.4651	0
715	960	-455.9227	0	52601.4620	0
716	960	-455.9226	0	52601.4610	0
717	960	-455.9227	0	52601.4619	0
718	960	-455.9230	0	52601.4624	0
719	960	-455.9232	0	52601.4664	0
720	960	-455.9235	0	52601.4716	0
721	960	-455.9236	0	52601.4760	0
722	960	-455.9238	0	52601.4776	0
723	960	-455.9238	0	52601.4746	0
724	960	-455.9237	0	52601.4711	0
725	960	-455.9236	0	52601.4709	0
726	960	-455.9237	0	52601.4685	0
727	960	-455.9239	0	52601.4652	0
728	960	-455.9244	0	52601.4592	0
729	960	-455.9246	0	52601.4582	0
730	960	-455.9252	0	52601.4568	0
731	960	-455.9253	0	52601.4525	0
732	960	-455.9260	0	52601.4473	0
733	960	-455.9259	0	52601.4466	0
734	960	-455.9259	0	52601.4477	0
735	960	-455.9260	0	52601.4470	0
736	960	-455.9262	0	52601.4429	0
737	960	-455.9260	0	52601.4414	0
738	960	-455.9260	0	52601.4409	0
739	960	-455.9263	0	52601.4409	0
740	960	-455.9263	0	52601.4409	0
741	960	-455.9263	0	52601.4384	0
743	960	-455.9261	0	52601.4357	0
744	960	-455.9263	0	52601.4381	0
745	960	-455.9260	0	52601.4388	0
746	960	-455.9257	0	52601.4390	0
