432	971	-455.9205	0	52601.3301	0
433	971	-455.9210	0	52601.3329	0
434	971	-455.9218	0	52601.3302	0
436	971	-455.9230	0	52601.3503	0
437	971	-455.9243	0	52601.3602	0
438	971	-455.9252	0	52601.3668	0
439	971	-455.9265	0	52601.3651	0
440	971	-455.9277	0	52601.3643	0
441	971	-455.9285	0	52601.3639	0
442	971	-455.9293	0	52601.3623	0
443	971	-455.9295	0	52601.3630	0
444	971	-455.9305	0	52601.3604	0
445	971	-455.9316	0	52601.3596	0
446	971	-455.9321	0	52601.3577	0
447	971	-455.9322	0	52601.3584	0
448	971	-455.9326	0	52601.3588	0
449	971	-455.9335	0	52601.3560	0
450	971	-455.9341	0	52601.3534	0
451	971	-455.9346	0	52601.3478	0
453	971	-455.9345	0	52601.3490	0
