1	10	-465.7374	0	52445.6430	2
2	10	-465.7391	0	52445.6442	2
3	10	-465.7393	0	52445.6444	2
4	10	-465.7439	0	52445.6017	2
9	10	-465.7482	0	52445.5271	2
10	10	-465.7478	0	52445.5216	2
11	10	-465.7494	0	52445.4778	2
12	10	-465.7484	0	52445.5046	2
13	10	-465.7460	0	52445.4700	2
14	10	-465.7457	0	52445.5037	2
15	10	-465.7483	0	52445.4520	2
21	10	-465.7550	0	52445.2280	2
22	10	-465.7514	0	52445.2081	2
23	10	-465.7506	0	52445.2289	2
24	10	-465.7510	0	52445.2109	2
25	10	-465.7492	0	52445.2037	2
29	10	-465.7484	0	52445.1654	2
30	10	-465.7480	0	52445.1631	2
31	10	-465.7430	0	52445.2851	2
32	10	-465.7387	0	52445.3498	2
33	10	-465.7385	0	52445.3757	2
34	10	-465.7384	0	52445.3621	2
35	10	-465.7410	0	52445.2348	2
36	10	-465.7421	0	52445.1854	2
37	10	-465.7408	0	52445.2192	2
38	10	-465.7435	0	52445.2083	2
39	10	-465.7421	0	52445.2284	2
40	10	-465.7439	0	52445.2128	2
41	10	-465.7446	0	52445.2067	2
42	10	-465.7468	0	52445.1550	2
43	10	-465.7477	0	52445.1354	2
44	10	-465.7487	0	52445.1286	2
45	10	-465.7483	0	52445.0992	2
46	10	-465.7487	0	52445.1167	2
64	10	-465.7554	0	52444.9689	2
65	10	-465.7551	0	52444.9667	2
83	10	-465.7471	0	52445.1284	2
84	10	-465.7480	0	52445.0732	2
85	10	-465.7491	0	52445.0584	2
87	10	-465.7464	0	52445.0818	2
