672	1015	-465.6745	0	52447.6413	2
673	1015	-465.6751	0	52447.6433	2
674	1015	-465.6753	0	52447.6495	2
675	1015	-465.6763	0	52447.6547	2
676	1015	-465.6768	0	52447.6589	2
677	1015	-465.6773	0	52447.6654	2
678	1015	-465.6770	0	52447.6626	2
679	1015	-465.6781	0	52447.6618	2
680	1015	-465.6780	0	52447.6612	2
681	1015	-465.6784	0	52447.6730	2
682	1015	-465.6792	0	52447.6776	2
683	1015	-465.6800	0	52447.6839	2
684	1015	-465.6816	0	52447.6890	2
685	1015	-465.6848	0	52447.6941	2
686	1015	-465.6889	0	52447.6970	2
687	1015	-465.6925	0	52447.7009	2
688	1015	-465.6946	0	52447.7026	2
689	1015	-465.6978	0	52447.7063	2
690	1015	-465.7013	0	52447.7106	2
691	1015	-465.7046	0	52447.7129	2
692	1015	-465.7075	0	52447.7165	2
693	1015	-465.7106	0	52447.7207	2
694	1015	-465.7130	0	52447.7248	2
695	1015	-465.7156	0	52447.7269	2
696	1015	-465.7180	0	52447.7324	2
697	1015	-465.7204	0	52447.7349	2
698	1015	-465.7233	0	52447.7386	2
699	1015	-465.7260	0	52447.7384	2
700	1015	-465.7283	0	52447.7387	2
701	1015	-465.7308	0	52447.7393	2
702	1015	-465.7331	0	52447.7380	2
703	1015	-465.7362	0	52447.7382	2
704	1015	-465.7392	0	52447.7410	2
705	1015	-465.7425	0	52447.7450	2
706	1015	-465.7458	0	52447.7430	2
707	1015	-465.7493	0	52447.7473	2
708	1015	-465.7529	0	52447.7477	2
709	1015	-465.7558	0	52447.7483	2
710	1015	-465.7584	0	52447.7512	2
711	1015	-465.7607	0	52447.7528	2
712	1015	-465.7632	0	52447.7540	2
713	1015	-465.7663	0	52447.7551	2
714	1015	-465.7680	0	52447.7578	2
715	1015	-465.7706	0	52447.7596	2
716	1015	-465.7734	0	52447.7609	2
717	1015	-465.7755	0	52447.7658	2
718	1015	-465.7781	0	52447.7682	2
719	1015	-465.7809	0	52447.7758	2
720	1015	-465.7825	0	52447.7807	2
721	1015	-465.7842	0	52447.7848	2
722	1015	-465.7874	0	52447.7852	2
723	1015	-465.7892	0	52447.7894	2
724	1015	-465.7923	0	52447.7880	2
725	1015	-465.7947	0	52447.7878	2
726	1015	-465.7967	0	52447.7861	2
727	1015	-465.7995	0	52447.7862	2
728	1015	-465.8019	0	52447.7867	2
729	1015	-465.8039	0	52447.7853	2
730	1015	-465.8061	0	52447.7872	2
731	1015	-465.8087	0	52447.7866	2
732	1015	-465.8113	0	52447.7851	2
733	1015	-465.8137	0	52447.7870	2
734	1015	-465.8168	0	52447.7905	2
735	1015	-465.8180	0	52447.7898	2
736	1015	-465.8208	0	52447.7924	2
737	1015	-465.8227	0	52447.7936	2
738	1015	-465.8242	0	52447.7944	2
739	1015	-465.8256	0	52447.7969	2
740	1015	-465.8276	0	52447.7945	2
741	1015	-465.8281	0	52447.7935	2
742	1015	-465.8284	0	52447.7951	2
743	1015	-465.8299	0	52447.7942	2
744	1015	-465.8313	0	52447.7923	2
