688	1016	-448.9681	0	52538.8232	0
689	1016	-448.9410	0	52538.7091	0
690	1016	-448.8989	0	52538.8387	0
691	1016	-448.9261	0	52538.8957	0
692	1016	-448.9440	0	52538.5872	0
693	1016	-448.9499	0	52538.4794	0
694	1016	-448.9398	0	52538.1177	0
695	1016	-448.9268	0	52537.8291	0
696	1016	-448.9175	0	52537.0983	0
697	1016	-448.9070	0	52537.1400	0
698	1016	-448.8889	0	52536.6900	0
699	1016	-448.9030	0	52536.5315	0
700	1016	-448.9263	0	52536.0104	0
701	1016	-448.9248	0	52535.6578	0
702	1016	-448.9445	0	52536.0159	0
703	1016	-448.9476	0	52536.0010	0
704	1016	-448.9483	0	52536.0006	0
705	1016	-448.9009	0	52535.6795	0
706	1016	-448.8720	0	52535.4008	0
707	1016	-448.8567	0	52535.2978	0
708	1016	-448.8215	0	52534.1263	0
709	1016	-448.8144	0	52533.8402	0
710	1016	-448.8013	0	52533.2368	0
711	1016	-448.8029	0	52533.1918	0
712	1016	-448.7969	0	52532.3289	0
713	1016	-448.7986	0	52532.3601	0
714	1016	-448.7896	0	52531.8670	0
715	1016	-448.7890	0	52531.6918	0
716	1016	-448.7441	0	52532.1468	0
717	1016	-448.7066	0	52532.6543	0
718	1016	-448.6752	0	52533.5219	0
719	1016	-448.6367	0	52533.3481	0
720	1016	-448.6064	0	52532.5931	0
721	1016	-448.5736	0	52531.9440	0
722	1016	-448.5623	0	52531.5339	0
723	1016	-448.5756	0	52532.4866	0
724	1016	-448.5584	0	52533.4806	0
725	1016	-448.5589	0	52533.6910	0
726	1016	-448.5448	0	52533.2743	0
727	1016	-448.5510	0	52533.6086	0
728	1016	-448.5512	0	52535.1916	0
729	1016	-448.5070	0	52535.1467	0
730	1016	-448.4436	0	52534.9377	0
731	1016	-448.4083	0	52534.1975	0
732	1016	-448.3805	0	52534.2292	0
733	1016	-448.3386	0	52534.3958	0
734	1016	-448.3306	0	52534.6216	0
735	1016	-448.3120	0	52534.7004	0
736	1016	-448.3054	0	52534.2287	0
737	1016	-448.3173	0	52534.5491	0
738	1016	-448.3154	0	52534.5034	0
739	1016	-448.2881	0	52534.8019	0
740	1016	-448.2764	0	52535.2360	0
741	1016	-448.2714	0	52535.3980	0
742	1016	-448.2687	0	52535.4539	0
743	1016	-448.2805	0	52535.4726	0
744	1016	-448.2904	0	52535.6342	0
745	1016	-448.2960	0	52536.0128	0
746	1016	-448.2939	0	52536.3121	0
747	1016	-448.3177	0	52536.4236	0
748	1016	-448.3752	0	52536.3126	0
749	1016	-448.4405	0	52536.4380	0
750	1016	-448.4862	0	52536.4889	0
751	1016	-448.5135	0	52536.1888	0
752	1016	-448.5551	0	52536.3979	0
753	1016	-448.5589	0	52536.3089	0
754	1016	-448.5950	0	52536.6055	0
755	1016	-448.6306	0	52537.0299	0
757	1016	-448.7058	0	52537.4235	0
758	1016	-448.7406	0	52537.5030	0
759	1016	-448.7863	0	52537.3834	0
760	1016	-448.8242	0	52537.3403	0
761	1016	-448.8155	0	52536.0606	0
763	1016	-448.7850	0	52535.6204	0
764	1016	-448.8183	0	52535.1893	0
765	1016	-448.8694	0	52535.0593	0
781	1016	-449.1398	0	52532.1141	0
782	1016	-449.2215	0	52531.5171	0
783	1016	-449.2505	0	52531.5297	0
784	1016	-449.2548	0	52531.1835	0
785	1016	-449.2422	0	52531.0626	0
786	1016	-449.2255	0	52531.2098	0
787	1016	-449.2013	0	52531.2674	0
788	1016	-449.1902	0	52531.2913	0
789	1016	-449.1998	0	52531.1353	0
790	1016	-449.2123	0	52531.4288	0
791	1016	-449.2164	0	52531.7161	0
792	1016	-449.1985	0	52531.1336	0
793	1016	-449.2056	0	52530.7326	0
794	1016	-449.2052	0	52529.8613	0
795	1016	-449.2185	0	52529.3629	0
796	1016	-449.2192	0	52528.9969	0
797	1016	-449.1850	0	52529.0454	0
798	1016	-449.1735	0	52529.0775	0
799	1016	-449.1833	0	52528.9144	0
800	1016	-449.1725	0	52528.2997	0
801	1016	-449.1635	0	52527.8822	0
802	1016	-449.1409	0	52527.5416	0
803	1016	-449.1433	0	52527.6226	0
804	1016	-449.1574	0	52527.2810	0
805	1016	-449.1913	0	52526.7909	0
806	1016	-449.2216	0	52526.4277	0
807	1016	-449.2338	0	52526.3049	0
808	1016	-449.2636	0	52526.4676	0
809	1016	-449.2588	0	52526.7227	0
810	1016	-449.2511	0	52526.6342	0
811	1016	-449.2433	0	52526.4167	0
812	1016	-449.2500	0	52525.9570	0
813	1016	-449.2451	0	52525.5914	0
814	1016	-449.2483	0	52525.6623	0
815	1016	-449.2631	0	52525.5023	0
816	1016	-449.2717	0	52525.6446	0
817	1016	-449.2678	0	52525.5125	0
818	1016	-449.2736	0	52525.0740	0
819	1016	-449.2745	0	52524.9115	0
820	1016	-449.2687	0	52524.6564	0
821	1016	-449.2567	0	52524.1604	0
822	1016	-449.2256	0	52524.5874	0
823	1016	-449.2238	0	52524.3516	0
825	1016	-449.2258	0	52524.4683	0
828	1016	-449.1965	0	52524.2632	0
829	1016	-449.1912	0	52524.2607	0
830	1016	-449.2229	0	52524.6781	0
831	1016	-449.2474	0	52524.6366	0
832	1016	-449.2363	0	52524.6145	0
835	1016	-449.2386	0	52524.8381	0
836	1016	-449.2326	0	52524.6704	0
837	1016	-449.2388	0	52524.8152	0
838	1016	-449.2284	0	52525.0593	0
839	1016	-449.2537	0	52525.3648	0
840	1016	-449.3012	0	52525.4872	0
841	1016	-449.3067	0	52525.1437	0
842	1016	-449.3313	0	52525.2127	0
843	1016	-449.3190	0	52525.2313	0
844	1016	-449.3364	0	52525.4417	0
845	1016	-449.3276	0	52525.9050	0
846	1016	-449.3253	0	52525.4997	0
847	1016	-449.2939	0	52524.9362	0
848	1016	-449.2787	0	52524.5103	0
849	1016	-449.2992	0	52524.5681	0
855	1016	-449.3209	0	52526.5312	0
856	1016	-449.3205	0	52527.0566	0
857	1016	-449.3276	0	52528.1648	0
858	1016	-449.2983	0	52528.3977	0
859	1016	-449.3008	0	52528.4910	0
860	1016	-449.2813	0	52528.5115	0
861	1016	-449.3029	0	52528.5152	0
862	1016	-449.2929	0	52528.6933	0
863	1016	-449.3057	0	52528.7538	0
864	1016	-449.3244	0	52528.7783	0
865	1016	-449.3371	0	52528.6028	0
866	1016	-449.3619	0	52528.1659	0
867	1016	-449.3501	0	52528.1757	0
868	1016	-449.3198	0	52528.5326	0
869	1016	-449.2943	0	52528.8467	0
870	1016	-449.2469	0	52529.4964	0
871	1016	-449.2174	0	52529.9145	0
872	1016	-449.2257	0	52529.7017	0
873	1016	-449.2373	0	52529.4358	0
874	1016	-449.2330	0	52529.6904	0
875	1016	-449.2382	0	52529.9680	0
876	1016	-449.2379	0	52530.0637	0
877	1016	-449.2416	0	52530.2769	0
878	1016	-449.2530	0	52530.1763	0
879	1016	-449.2559	0	52530.1359	0
880	1016	-449.2453	0	52530.2898	0
881	1016	-449.2243	0	52530.5170	0
882	1016	-449.2409	0	52530.2478	0
883	1016	-449.2258	0	52530.1388	0
884	1016	-449.2217	0	52530.2714	0
885	1016	-449.2326	0	52530.1464	0
886	1016	-449.2209	0	52530.0906	0
887	1016	-449.2268	0	52530.2527	0
888	1016	-449.2485	0	52529.7712	0
889	1016	-449.2973	0	52529.0601	0
890	1016	-449.3459	0	52528.4360	0
891	1016	-449.3600	0	52528.5659	0
892	1016	-449.3693	0	52528.2520	0
894	1016	-449.3718	0	52527.8865	0
895	1016	-449.3831	0	52527.8270	0
896	1016	-449.3854	0	52527.8052	0
897	1016	-449.3878	0	52527.8032	0
898	1016	-449.4062	0	52527.6259	0
899	1016	-449.4289	0	52527.3834	0
900	1016	-449.4693	0	52527.1128	0
901	1016	-449.5204	0	52526.2620	0
905	1016	-449.5940	0	52525.3269	0
906	1016	-449.6208	0	52525.0588	0
908	1016	-449.6419	0	52525.1771	0
909	1016	-449.6625	0	52525.0455	0
910	1016	-449.6721	0	52525.1970	0
911	1016	-449.7301	0	52524.6891	0
912	1016	-449.7750	0	52524.5093	0
913	1016	-449.8555	0	52523.4557	0
914	1016	-449.8945	0	52522.8607	0
915	1016	-449.9345	0	52523.7067	0
916	1016	-449.9691	0	52524.0140	0
917	1016	-449.9902	0	52523.5426	0
918	1016	-450.0112	0	52523.1621	0
919	1016	-450.0411	0	52523.0375	0
920	1016	-450.0397	0	52523.4000	0
921	1016	-450.0730	0	52523.3517	0
922	1016	-450.0877	0	52523.1340	0
923	1016	-450.1496	0	52522.8712	0
924	1016	-450.2035	0	52522.3798	0
925	1016	-450.2322	0	52521.7821	0
927	1016	-450.2450	0	52521.7514	0
928	1016	-450.2441	0	52521.3359	0
929	1016	-450.2600	0	52520.9810	0
930	1016	-450.2704	0	52521.0793	0
931	1016	-450.2836	0	52521.3402	0
932	1016	-450.3135	0	52521.2400	0
933	1016	-450.3412	0	52521.4361	0
934	1016	-450.3662	0	52520.8845	0
935	1016	-450.4136	0	52520.4771	0
936	1016	-450.4293	0	52520.1130	0
937	1016	-450.4209	0	52520.1934	0
938	1016	-450.4309	0	52520.0177	0
939	1016	-450.4346	0	52519.5227	0
940	1016	-450.4358	0	52519.3470	0
941	1016	-450.4676	0	52518.8561	0
942	1016	-450.4638	0	52518.8943	0
943	1016	-450.4481	0	52518.9124	0
944	1016	-450.4669	0	52519.1655	0
945	1016	-450.4880	0	52519.0470	0
946	1016	-450.4888	0	52518.5632	0
947	1016	-450.5076	0	52518.3905	0
948	1016	-450.4999	0	52518.1019	0
949	1016	-450.5059	0	52517.5521	0
950	1016	-450.5102	0	52516.8895	0
951	1016	-450.5080	0	52515.9353	0
952	1016	-450.5392	0	52518.2169	0
954	1016	-450.6095	0	52517.6192	0
955	1016	-450.6302	0	52517.7151	0
956	1016	-450.6539	0	52517.7534	0
957	1016	-450.6935	0	52517.3367	0
958	1016	-450.7590	0	52516.0673	0
959	1016	-450.8211	0	52514.4146	0
963	1016	-450.8057	0	52513.8680	0
964	1016	-450.8233	0	52513.3523	0
965	1016	-450.8430	0	52513.1914	0
966	1016	-450.8218	0	52513.8571	0
967	1016	-450.7967	0	52514.1140	0
968	1016	-450.8070	0	52514.2207	0
969	1016	-450.8686	0	52513.5650	0
970	1016	-450.9077	0	52513.0845	0
971	1016	-450.9158	0	52512.9042	0
972	1016	-450.9054	0	52512.5929	0
973	1016	-450.8831	0	52511.9736	0
974	1016	-450.8742	0	52511.2438	0
975	1016	-450.8589	0	52510.7197	0
976	1016	-450.9017	0	52511.0801	0
977	1016	-450.9126	0	52511.2109	0
978	1016	-450.8754	0	52511.7502	0
979	1016	-450.8738	0	52511.9728	0
980	1016	-450.8717	0	52512.0572	0
981	1016	-450.8498	0	52511.8359	0
982	1016	-450.8495	0	52511.5050	0
984	1016	-450.8178	0	52511.0466	0
985	1016	-450.8217	0	52510.9537	0
986	1016	-450.7814	0	52510.9089	0
987	1016	-450.7402	0	52510.6319	0
988	1016	-450.7411	0	52510.2823	0
989	1016	-450.6896	0	52510.1323	0
990	1016	-450.6662	0	52509.8278	0
991	1016	-450.6598	0	52510.2352	0
992	1016	-450.6662	0	52509.6257	0
993	1016	-450.6656	0	52509.6557	0
994	1016	-450.6445	0	52509.9139	0
995	1016	-450.6296	0	52509.7647	0
998	1016	-450.5599	0	52509.6763	0
999	1016	-450.5507	0	52509.4123	0
1000	1016	-450.5177	0	52509.8334	0
1001	1016	-450.5034	0	52509.7250	0
1002	1016	-450.5015	0	52509.1743	0
1003	1016	-450.5031	0	52509.2264	0
1004	1016	-450.5013	0	52509.2465	0
1005	1016	-450.5371	0	52509.0135	0
1009	1016	-450.5667	0	52508.8963	0
1010	1016	-450.5767	0	52508.0694	0
1011	1016	-450.5802	0	52507.5356	0
1015	1016	-450.6180	0	52507.6259	0
1016	1016	-450.6371	0	52507.3986	0
1017	1016	-450.6367	0	52506.7818	0
1024	1016	-450.6459	0	52504.1393	0
1025	1016	-450.6359	0	52503.9830	0
1026	1016	-450.6522	0	52503.9396	0
1027	1016	-450.6774	0	52503.0782	0
1028	1016	-450.7049	0	52502.7732	0
1046	1016	-450.6006	0	52499.1126	0
1048	1016	-450.6219	0	52499.7894	0
1049	1016	-450.6101	0	52499.9327	0
