782	1034	-465.6814	0	52447.9514	0
783	1034	-465.6814	0	52447.9530	0
784	1034	-465.6816	0	52447.9520	0
785	1034	-465.6812	0	52447.9484	0
786	1034	-465.6806	0	52447.9456	0
787	1034	-465.6805	0	52447.9401	0
788	1034	-465.6800	0	52447.9368	0
789	1034	-465.6796	0	52447.9370	0
790	1034	-465.6792	0	52447.9372	0
791	1034	-465.6786	0	52447.9343	0
792	1034	-465.6783	0	52447.9333	0
793	1034	-465.6785	0	52447.9316	0
794	1034	-465.6783	0	52447.9324	0
795	1034	-465.6781	0	52447.9313	0
796	1034	-465.6780	0	52447.9295	0
797	1034	-465.6777	0	52447.9259	0
798	1034	-465.6772	0	52447.9216	0
799	1034	-465.6765	0	52447.9214	0
800	1034	-465.6760	0	52447.9213	0
801	1034	-465.6758	0	52447.9154	0
802	1034	-465.6757	0	52447.9132	0
803	1034	-465.6750	0	52447.9138	0
804	1034	-465.6746	0	52447.9170	0
805	1034	-465.6741	0	52447.9182	0
806	1034	-465.6741	0	52447.9143	0
807	1034	-465.6742	0	52447.9114	0
808	1034	-465.6740	0	52447.9118	0
809	1034	-465.6734	0	52447.9118	0
810	1034	-465.6730	0	52447.9119	0
811	1034	-465.6729	0	52447.9104	0
812	1034	-465.6726	0	52447.9068	0
813	1034	-465.6722	0	52447.9070	0
814	1034	-465.6717	0	52447.9100	0
815	1034	-465.6712	0	52447.9080	0
816	1034	-465.6708	0	52447.9073	0
817	1034	-465.6701	0	52447.9069	0
818	1034	-465.6690	0	52447.9096	0
819	1034	-465.6686	0	52447.9106	0
820	1034	-465.6686	0	52447.9095	0
821	1034	-465.6688	0	52447.9076	0
