458	104	-460.4960	0	52552.8166	0
459	104	-460.4871	0	52552.7001	0
460	104	-460.4399	0	52552.9509	0
461	104	-460.4237	0	52552.8907	0
462	104	-460.4295	0	52552.7341	0
463	104	-460.4354	0	52552.6796	0
464	104	-460.5044	0	52552.2799	0
465	104	-460.5708	0	52551.8821	0
466	104	-460.5873	0	52551.8657	0
467	104	-460.5941	0	52551.8671	0
468	104	-460.5706	0	52551.9960	0
469	104	-460.5618	0	52552.0490	0
470	104	-460.5701	0	52551.9469	0
471	104	-460.5613	0	52552.0355	0
472	104	-460.5996	0	52551.8232	0
473	104	-460.6003	0	52551.8713	0
474	104	-460.5941	0	52552.0147	0
475	104	-460.5802	0	52552.1894	0
476	104	-460.5758	0	52552.2605	0
477	104	-460.5819	0	52552.2903	0
478	104	-460.5743	0	52552.4193	0
479	104	-460.5413	0	52552.5899	0
480	104	-460.5524	0	52552.5341	0
481	104	-460.5537	0	52552.5110	0
482	104	-460.5577	0	52552.5010	0
483	104	-460.5671	0	52552.3740	0
484	104	-460.5700	0	52552.3242	0
485	104	-460.6080	0	52552.0607	0
486	104	-460.6355	0	52551.8376	0
487	104	-460.6173	0	52551.8782	0
488	104	-460.6388	0	52551.6482	0
489	104	-460.6096	0	52551.8135	0
490	104	-460.6244	0	52551.7517	0
491	104	-460.6210	0	52551.8525	0
492	104	-460.6072	0	52552.0201	0
493	104	-460.6245	0	52551.8342	0
494	104	-460.6700	0	52551.5132	0
495	104	-460.6492	0	52551.5176	0
496	104	-460.6085	0	52551.6469	0
497	104	-460.5721	0	52551.9521	0
498	104	-460.5389	0	52552.1866	0
499	104	-460.5447	0	52552.2731	0
500	104	-460.5351	0	52552.4296	0
501	104	-460.5711	0	52552.2377	0
502	104	-460.5996	0	52552.1674	0
503	104	-460.5963	0	52552.1384	0
504	104	-460.6205	0	52552.0023	0
505	104	-460.6671	0	52551.8314	0
506	104	-460.6932	0	52551.6421	0
507	104	-460.6755	0	52551.6906	0
508	104	-460.6410	0	52551.8344	0
509	104	-460.6291	0	52551.8892	0
510	104	-460.6231	0	52551.9119	0
511	104	-460.5962	0	52552.0429	0
512	104	-460.6103	0	52551.8451	0
513	104	-460.6170	0	52551.7723	0
514	104	-460.6350	0	52551.7448	0
515	104	-460.6798	0	52551.4876	0
516	104	-460.6585	0	52551.6390	0
517	104	-460.7141	0	52551.3232	0
518	104	-460.6803	0	52551.4548	0
519	104	-460.6806	0	52551.5082	0
520	104	-460.7008	0	52551.2766	0
521	104	-460.7427	0	52550.8096	0
522	104	-460.8723	0	52549.8593	0
523	104	-460.8676	0	52549.7606	0
526	104	-460.9063	0	52549.5510	0
528	104	-460.8806	0	52549.5470	0
529	104	-460.7508	0	52550.0938	0
530	104	-460.7911	0	52549.6405	0
531	104	-460.7939	0	52549.4734	0
532	104	-460.8214	0	52549.1508	0
533	104	-460.8307	0	52548.8946	0
534	104	-460.8212	0	52548.9370	0
535	104	-460.7729	0	52549.0836	0
536	104	-460.7373	0	52549.1443	0
537	104	-460.7336	0	52548.8987	0
538	104	-460.7197	0	52548.8105	0
539	104	-460.7016	0	52548.7800	0
540	104	-460.7256	0	52548.6348	0
541	104	-460.7088	0	52548.8574	0
