818	1040	-465.7731	0	52447.5977	0
819	1040	-465.7727	0	52447.6007	0
820	1040	-465.7730	0	52447.5986	0
821	1040	-465.7731	0	52447.5979	0
826	1040	-465.7721	0	52447.6049	0
827	1040	-465.7721	0	52447.6055	0
828	1040	-465.7717	0	52447.6082	0
830	1040	-465.7713	0	52447.6123	0
831	1040	-465.7709	0	52447.6156	0
832	1040	-465.7699	0	52447.6267	0
833	1040	-465.7699	0	52447.6284	0
834	1040	-465.7699	0	52447.6289	0
835	1040	-465.7696	0	52447.6315	0
836	1040	-465.7698	0	52447.6300	0
837	1040	-465.7708	0	52447.6194	0
838	1040	-465.7695	0	52447.6452	0
839	1040	-465.7676	0	52447.6670	0
840	1040	-465.7658	0	52447.6844	0
841	1040	-465.7643	0	52447.6974	0
