460	105	-465.6926	0	52447.9171	0
461	105	-465.6929	0	52447.9199	0
462	105	-465.6949	0	52447.9172	0
463	105	-465.6967	0	52447.9143	0
464	105	-465.6976	0	52447.9153	0
465	105	-465.6983	0	52447.9139	0
466	105	-465.7000	0	52447.9136	0
467	105	-465.7015	0	52447.9101	0
468	105	-465.7027	0	52447.9106	0
469	105	-465.7037	0	52447.9023	0
470	105	-465.7047	0	52447.9112	0
471	105	-465.7065	0	52447.9114	0
472	105	-465.7079	0	52447.9065	0
473	105	-465.7089	0	52447.9047	0
474	105	-465.7094	0	52447.9058	0
475	105	-465.7107	0	52447.9063	0
476	105	-465.7122	0	52447.9014	0
477	105	-465.7135	0	52447.9014	0
478	105	-465.7144	0	52447.9049	0
479	105	-465.7153	0	52447.9081	0
480	105	-465.7166	0	52447.9077	0
481	105	-465.7180	0	52447.9076	0
482	105	-465.7191	0	52447.9077	0
483	105	-465.7199	0	52447.9128	0
484	105	-465.7204	0	52447.9180	0
485	105	-465.7212	0	52447.9167	0
486	105	-465.7222	0	52447.9146	0
487	105	-465.7226	0	52447.9187	0
488	105	-465.7230	0	52447.9236	0
489	105	-465.7233	0	52447.9287	0
490	105	-465.7245	0	52447.9274	0
491	105	-465.7257	0	52447.9253	0
492	105	-465.7263	0	52447.9277	0
493	105	-465.7269	0	52447.9286	0
494	105	-465.7277	0	52447.9290	0
495	105	-465.7289	0	52447.9243	0
496	105	-465.7298	0	52447.9225	0
497	105	-465.7302	0	52447.9267	0
498	105	-465.7304	0	52447.9299	0
499	105	-465.7308	0	52447.9327	0
500	105	-465.7313	0	52447.9354	0
501	105	-465.7317	0	52447.9379	0
502	105	-465.7319	0	52447.9437	0
503	105	-465.7321	0	52447.9489	0
504	105	-465.7327	0	52447.9492	0
505	105	-465.7336	0	52447.9509	0
506	105	-465.7341	0	52447.9530	0
507	105	-465.7346	0	52447.9568	0
508	105	-465.7351	0	52447.9612	0
509	105	-465.7362	0	52447.9568	0
510	105	-465.7371	0	52447.9566	0
511	105	-465.7378	0	52447.9580	0
512	105	-465.7383	0	52447.9585	0
513	105	-465.7387	0	52447.9587	0
514	105	-465.7392	0	52447.9572	0
515	105	-465.7398	0	52447.9582	0
516	105	-465.7397	0	52447.9659	0
517	105	-465.7398	0	52447.9703	0
518	105	-465.7404	0	52447.9734	0
519	105	-465.7413	0	52447.9716	0
520	105	-465.7417	0	52447.9723	0
521	105	-465.7417	0	52447.9755	0
522	105	-465.7423	0	52447.9766	0
523	105	-465.7429	0	52447.9741	0
524	105	-465.7432	0	52447.9760	0
525	105	-465.7436	0	52447.9767	0
526	105	-465.7438	0	52447.9784	0
527	105	-465.7445	0	52447.9776	0
528	105	-465.7449	0	52447.9758	0
529	105	-465.7450	0	52447.9765	0
530	105	-465.7450	0	52447.9782	0
531	105	-465.7452	0	52447.9774	0
532	105	-465.7455	0	52447.9756	0
533	105	-465.7456	0	52447.9764	0
534	105	-465.7457	0	52447.9781	0
535	105	-465.7454	0	52447.9816	0
536	105	-465.7453	0	52447.9829	0
537	105	-465.7456	0	52447.9820	0
538	105	-465.7457	0	52447.9830	0
539	105	-465.7455	0	52447.9848	0
540	105	-465.7453	0	52447.9868	0
541	105	-465.7451	0	52447.9876	0
542	105	-465.7452	0	52447.9878	0
543	105	-465.7451	0	52447.9879	0
544	105	-465.7448	0	52447.9907	0
545	105	-465.7447	0	52447.9931	0
546	105	-465.7448	0	52447.9940	0
547	105	-465.7448	0	52447.9957	0
548	105	-465.7450	0	52447.9977	0
549	105	-465.7446	0	52448.0011	0
550	105	-465.7445	0	52448.0024	0
551	105	-465.7445	0	52448.0014	0
552	105	-465.7446	0	52448.0024	0
553	105	-465.7443	0	52448.0054	0
554	105	-465.7442	0	52448.0092	0
555	105	-465.7443	0	52448.0106	0
556	105	-465.7444	0	52448.0124	0
557	105	-465.7443	0	52448.0157	0
558	105	-465.7440	0	52448.0208	0
559	105	-465.7436	0	52448.0252	0
560	105	-465.7437	0	52448.0255	0
561	105	-465.7435	0	52448.0268	0
562	105	-465.7431	0	52448.0311	0
563	105	-465.7428	0	52448.0364	0
564	105	-465.7428	0	52448.0371	0
565	105	-465.7429	0	52448.0372	0
566	105	-465.7430	0	52448.0397	0
567	105	-465.7427	0	52448.0455	0
568	105	-465.7425	0	52448.0488	0
569	105	-465.7424	0	52448.0500	0
570	105	-465.7423	0	52448.0528	0
571	105	-465.7419	0	52448.0561	0
572	105	-465.7416	0	52448.0597	0
573	105	-465.7417	0	52448.0633	0
574	105	-465.7418	0	52448.0646	0
575	105	-465.7419	0	52448.0673	0
576	105	-465.7418	0	52448.0705	0
577	105	-465.7415	0	52448.0739	0
578	105	-465.7415	0	52448.0740	0
579	105	-465.7415	0	52448.0762	0
580	105	-465.7412	0	52448.0781	0
581	105	-465.7411	0	52448.0798	0
582	105	-465.7412	0	52448.0815	0
583	105	-465.7412	0	52448.0821	0
584	105	-465.7413	0	52448.0834	0
585	105	-465.7413	0	52448.0849	0
586	105	-465.7408	0	52448.0898	0
587	105	-465.7403	0	52448.0926	0
588	105	-465.7403	0	52448.0914	0
589	105	-465.7404	0	52448.0909	0
590	105	-465.7405	0	52448.0906	0
591	105	-465.7415	0	52448.0829	0
592	105	-465.7417	0	52448.0842	0
593	105	-465.7424	0	52448.0825	0
594	105	-465.7429	0	52448.0819	0
595	105	-465.7425	0	52448.0881	0
596	105	-465.7402	0	52448.1033	0
597	105	-465.7396	0	52448.1080	0
598	105	-465.7391	0	52448.1128	0
599	105	-465.7386	0	52448.1185	0
600	105	-465.7385	0	52448.1216	0
601	105	-465.7386	0	52448.1226	0
602	105	-465.7390	0	52448.1229	0
603	105	-465.7390	0	52448.1249	0
604	105	-465.7389	0	52448.1306	0
605	105	-465.7388	0	52448.1326	0
606	105	-465.7388	0	52448.1323	0
607	105	-465.7387	0	52448.1340	0
608	105	-465.7389	0	52448.1346	0
609	105	-465.7389	0	52448.1367	0
610	105	-465.7391	0	52448.1384	0
611	105	-465.7393	0	52448.1409	0
612	105	-465.7402	0	52448.1379	0
613	105	-465.7401	0	52448.1415	0
614	105	-465.7395	0	52448.1475	0
615	105	-465.7401	0	52448.1440	0
616	105	-465.7430	0	52448.1253	0
617	105	-465.7417	0	52448.1368	0
618	105	-465.7408	0	52448.1464	0
619	105	-465.7402	0	52448.1537	0
620	105	-465.7400	0	52448.1573	0
621	105	-465.7401	0	52448.1586	0
622	105	-465.7405	0	52448.1589	0
623	105	-465.7402	0	52448.1626	0
624	105	-465.7398	0	52448.1649	0
625	105	-465.7401	0	52448.1638	0
626	105	-465.7403	0	52448.1652	0
627	105	-465.7402	0	52448.1700	0
628	105	-465.7403	0	52448.1700	0
629	105	-465.7406	0	52448.1709	0
630	105	-465.7409	0	52448.1702	0
631	105	-465.7411	0	52448.1708	0
632	105	-465.7408	0	52448.1736	0
633	105	-465.7407	0	52448.1746	0
634	105	-465.7408	0	52448.1758	0
635	105	-465.7410	0	52448.1762	0
636	105	-465.7409	0	52448.1789	0
637	105	-465.7410	0	52448.1815	0
638	105	-465.7410	0	52448.1825	0
639	105	-465.7413	0	52448.1811	0
640	105	-465.7414	0	52448.1822	0
641	105	-465.7413	0	52448.1843	0
642	105	-465.7411	0	52448.1876	0
643	105	-465.7411	0	52448.1879	0
644	105	-465.7411	0	52448.1880	0
645	105	-465.7411	0	52448.1904	0
646	105	-465.7409	0	52448.1938	0
647	105	-465.7408	0	52448.1958	0
648	105	-465.7413	0	52448.1949	0
649	105	-465.7416	0	52448.1953	0
650	105	-465.7416	0	52448.1971	0
651	105	-465.7415	0	52448.2009	0
652	105	-465.7413	0	52448.2023	0
653	105	-465.7413	0	52448.2028	0
654	105	-465.7414	0	52448.2029	0
655	105	-465.7411	0	52448.2053	0
656	105	-465.7410	0	52448.2085	0
657	105	-465.7413	0	52448.2088	0
658	105	-465.7416	0	52448.2081	0
659	105	-465.7415	0	52448.2109	0
660	105	-465.7413	0	52448.2135	0
661	105	-465.7409	0	52448.2167	0
662	105	-465.7408	0	52448.2179	0
663	105	-465.7409	0	52448.2175	0
664	105	-465.7407	0	52448.2195	0
665	105	-465.7406	0	52448.2225	0
666	105	-465.7408	0	52448.2236	0
667	105	-465.7410	0	52448.2232	0
668	105	-465.7413	0	52448.2237	0
669	105	-465.7412	0	52448.2254	0
670	105	-465.7409	0	52448.2282	0
671	105	-465.7408	0	52448.2299	0
672	105	-465.7408	0	52448.2305	0
673	105	-465.7408	0	52448.2314	0
674	105	-465.7406	0	52448.2339	0
675	105	-465.7404	0	52448.2369	0
676	105	-465.7405	0	52448.2380	0
677	105	-465.7409	0	52448.2376	0
678	105	-465.7410	0	52448.2389	0
679	105	-465.7407	0	52448.2414	0
680	105	-465.7406	0	52448.2437	0
681	105	-465.7404	0	52448.2445	0
682	105	-465.7404	0	52448.2448	0
683	105	-465.7402	0	52448.2469	0
684	105	-465.7400	0	52448.2504	0
685	105	-465.7400	0	52448.2524	0
686	105	-465.7402	0	52448.2524	0
687	105	-465.7405	0	52448.2530	0
688	105	-465.7405	0	52448.2552	0
689	105	-465.7403	0	52448.2580	0
690	105	-465.7403	0	52448.2583	0
691	105	-465.7403	0	52448.2597	0
692	105	-465.7403	0	52448.2615	0
693	105	-465.7401	0	52448.2647	0
694	105	-465.7398	0	52448.2685	0
695	105	-465.7402	0	52448.2692	0
696	105	-465.7406	0	52448.2694	0
697	105	-465.7405	0	52448.2726	0
698	105	-465.7403	0	52448.2769	0
699	105	-465.7402	0	52448.2790	0
700	105	-465.7401	0	52448.2804	0
701	105	-465.7401	0	52448.2809	0
702	105	-465.7398	0	52448.2834	0
703	105	-465.7398	0	52448.2855	0
704	105	-465.7400	0	52448.2856	0
705	105	-465.7402	0	52448.2862	0
706	105	-465.7403	0	52448.2876	0
707	105	-465.7398	0	52448.2928	0
708	105	-465.7395	0	52448.2953	0
709	105	-465.7395	0	52448.2956	0
710	105	-465.7395	0	52448.2962	0
711	105	-465.7392	0	52448.2993	0
712	105	-465.7389	0	52448.3032	0
713	105	-465.7390	0	52448.3041	0
714	105	-465.7393	0	52448.3037	0
715	105	-465.7392	0	52448.3053	0
716	105	-465.7390	0	52448.3080	0
717	105	-465.7387	0	52448.3112	0
718	105	-465.7385	0	52448.3124	0
719	105	-465.7385	0	52448.3127	0
720	105	-465.7381	0	52448.3150	0
721	105	-465.7379	0	52448.3185	0
722	105	-465.7377	0	52448.3203	0
723	105	-465.7379	0	52448.3203	0
724	105	-465.7380	0	52448.3208	0
725	105	-465.7377	0	52448.3252	0
726	105	-465.7373	0	52448.3283	0
727	105	-465.7371	0	52448.3294	0
728	105	-465.7371	0	52448.3293	0
729	105	-465.7370	0	52448.3297	0
730	105	-465.7368	0	52448.3323	0
731	105	-465.7366	0	52448.3353	0
732	105	-465.7366	0	52448.3359	0
733	105	-465.7368	0	52448.3360	0
734	105	-465.7369	0	52448.3375	0
735	105	-465.7366	0	52448.3405	0
736	105	-465.7364	0	52448.3430	0
737	105	-465.7363	0	52448.3435	0
738	105	-465.7362	0	52448.3445	0
739	105	-465.7358	0	52448.3478	0
740	105	-465.7357	0	52448.3499	0
741	105	-465.7357	0	52448.3506	0
742	105	-465.7360	0	52448.3499	0
743	105	-465.7360	0	52448.3519	0
744	105	-465.7358	0	52448.3555	0
745	105	-465.7355	0	52448.3572	0
746	105	-465.7353	0	52448.3583	0
747	105	-465.7354	0	52448.3586	0
748	105	-465.7353	0	52448.3610	0
749	105	-465.7351	0	52448.3636	0
750	105	-465.7352	0	52448.3641	0
751	105	-465.7355	0	52448.3638	0
752	105	-465.7356	0	52448.3649	0
753	105	-465.7352	0	52448.3689	0
754	105	-465.7350	0	52448.3712	0
755	105	-465.7349	0	52448.3712	0
756	105	-465.7347	0	52448.3728	0
757	105	-465.7346	0	52448.3751	0
758	105	-465.7345	0	52448.3781	0
759	105	-465.7345	0	52448.3791	0
760	105	-465.7348	0	52448.3794	0
761	105	-465.7350	0	52448.3803	0
762	105	-465.7349	0	52448.3831	0
763	105	-465.7346	0	52448.3866	0
764	105	-465.7345	0	52448.3883	0
765	105	-465.7344	0	52448.3888	0
766	105	-465.7342	0	52448.3902	0
767	105	-465.7340	0	52448.3927	0
768	105	-465.7340	0	52448.3939	0
769	105	-465.7342	0	52448.3935	0
770	105	-465.7344	0	52448.3949	0
771	105	-465.7344	0	52448.3977	0
772	105	-465.7340	0	52448.4018	0
773	105	-465.7338	0	52448.4033	0
774	105	-465.7336	0	52448.4038	0
775	105	-465.7336	0	52448.4043	0
776	105	-465.7332	0	52448.4082	0
777	105	-465.7330	0	52448.4111	0
778	105	-465.7332	0	52448.4114	0
779	105	-465.7333	0	52448.4118	0
780	105	-465.7332	0	52448.4137	0
781	105	-465.7329	0	52448.4169	0
782	105	-465.7325	0	52448.4181	0
783	105	-465.7324	0	52448.4188	0
784	105	-465.7323	0	52448.4201	0
785	105	-465.7320	0	52448.4229	0
786	105	-465.7319	0	52448.4247	0
787	105	-465.7320	0	52448.4252	0
788	105	-465.7323	0	52448.4261	0
789	105	-465.7323	0	52448.4280	0
790	105	-465.7321	0	52448.4308	0
791	105	-465.7318	0	52448.4324	0
792	105	-465.7316	0	52448.4330	0
793	105	-465.7313	0	52448.4335	0
794	105	-465.7309	0	52448.4363	0
795	105	-465.7307	0	52448.4385	0
796	105	-465.7309	0	52448.4384	0
797	105	-465.7310	0	52448.4386	0
798	105	-465.7309	0	52448.4402	0
799	105	-465.7303	0	52448.4437	0
800	105	-465.7298	0	52448.4459	0
801	105	-465.7295	0	52448.4473	0
802	105	-465.7292	0	52448.4478	0
803	105	-465.7289	0	52448.4503	0
804	105	-465.7286	0	52448.4525	0
805	105	-465.7288	0	52448.4520	0
806	105	-465.7288	0	52448.4524	0
807	105	-465.7285	0	52448.4549	0
808	105	-465.7280	0	52448.4590	0
809	105	-465.7276	0	52448.4608	0
810	105	-465.7273	0	52448.4612	0
811	105	-465.7270	0	52448.4621	0
812	105	-465.7267	0	52448.4636	0
813	105	-465.7264	0	52448.4661	0
814	105	-465.7264	0	52448.4661	0
815	105	-465.7263	0	52448.4672	0
816	105	-465.7263	0	52448.4687	0
817	105	-465.7259	0	52448.4720	0
818	105	-465.7255	0	52448.4740	0
819	105	-465.7252	0	52448.4747	0
820	105	-465.7252	0	52448.4752	0
821	105	-465.7250	0	52448.4764	0
822	105	-465.7247	0	52448.4797	0
823	105	-465.7247	0	52448.4806	0
824	105	-465.7248	0	52448.4807	0
825	105	-465.7248	0	52448.4814	0
826	105	-465.7246	0	52448.4840	0
827	105	-465.7240	0	52448.4885	0
828	105	-465.7236	0	52448.4896	0
829	105	-465.7235	0	52448.4900	0
830	105	-465.7233	0	52448.4911	0
831	105	-465.7230	0	52448.4932	0
832	105	-465.7228	0	52448.4939	0
833	105	-465.7229	0	52448.4943	0
834	105	-465.7229	0	52448.4957	0
835	105	-465.7227	0	52448.4999	0
836	105	-465.7222	0	52448.5033	0
837	105	-465.7218	0	52448.5046	0
838	105	-465.7215	0	52448.5048	0
839	105	-465.7213	0	52448.5051	0
840	105	-465.7209	0	52448.5076	0
841	105	-465.7208	0	52448.5094	0
842	105	-465.7209	0	52448.5098	0
843	105	-465.7209	0	52448.5103	0
844	105	-465.7208	0	52448.5138	0
845	105	-465.7205	0	52448.5165	0
846	105	-465.7201	0	52448.5178	0
847	105	-465.7200	0	52448.5184	0
848	105	-465.7198	0	52448.5192	0
849	105	-465.7195	0	52448.5222	0
850	105	-465.7193	0	52448.5247	0
851	105	-465.7195	0	52448.5253	0
852	105	-465.7197	0	52448.5255	0
853	105	-465.7197	0	52448.5275	0
854	105	-465.7194	0	52448.5306	0
855	105	-465.7192	0	52448.5324	0
856	105	-465.7191	0	52448.5325	0
857	105	-465.7190	0	52448.5335	0
858	105	-465.7188	0	52448.5360	0
859	105	-465.7187	0	52448.5382	0
860	105	-465.7188	0	52448.5389	0
861	105	-465.7190	0	52448.5395	0
862	105	-465.7191	0	52448.5413	0
863	105	-465.7189	0	52448.5443	0
864	105	-465.7187	0	52448.5461	0
865	105	-465.7186	0	52448.5464	0
866	105	-465.7185	0	52448.5473	0
867	105	-465.7183	0	52448.5498	0
868	105	-465.7182	0	52448.5525	0
869	105	-465.7182	0	52448.5538	0
870	105	-465.7184	0	52448.5541	0
871	105	-465.7185	0	52448.5563	0
872	105	-465.7183	0	52448.5592	0
873	105	-465.7180	0	52448.5616	0
874	105	-465.7178	0	52448.5624	0
875	105	-465.7176	0	52448.5631	0
876	105	-465.7174	0	52448.5654	0
877	105	-465.7170	0	52448.5682	0
878	105	-465.7169	0	52448.5697	0
879	105	-465.7171	0	52448.5699	0
880	105	-465.7171	0	52448.5712	0
881	105	-465.7168	0	52448.5739	0
882	105	-465.7165	0	52448.5765	0
883	105	-465.7160	0	52448.5773	0
884	105	-465.7158	0	52448.5783	0
885	105	-465.7154	0	52448.5805	0
886	105	-465.7151	0	52448.5831	0
887	105	-465.7150	0	52448.5845	0
888	105	-465.7151	0	52448.5849	0
889	105	-465.7150	0	52448.5864	0
890	105	-465.7148	0	52448.5886	0
891	105	-465.7144	0	52448.5908	0
892	105	-465.7140	0	52448.5918	0
893	105	-465.7137	0	52448.5927	0
894	105	-465.7134	0	52448.5952	0
895	105	-465.7131	0	52448.5977	0
896	105	-465.7131	0	52448.5989	0
897	105	-465.7132	0	52448.5993	0
898	105	-465.7132	0	52448.6004	0
899	105	-465.7129	0	52448.6014	0
900	105	-465.7125	0	52448.6045	0
901	105	-465.7122	0	52448.6060	0
902	105	-465.7120	0	52448.6069	0
903	105	-465.7116	0	52448.6097	0
904	105	-465.7113	0	52448.6125	0
905	105	-465.7112	0	52448.6142	0
906	105	-465.7112	0	52448.6149	0
907	105	-465.7112	0	52448.6160	0
908	105	-465.7110	0	52448.6186	0
909	105	-465.7107	0	52448.6210	0
910	105	-465.7104	0	52448.6222	0
911	105	-465.7101	0	52448.6229	0
912	105	-465.7097	0	52448.6253	0
913	105	-465.7093	0	52448.6281	0
914	105	-465.7091	0	52448.6298	0
915	105	-465.7091	0	52448.6306	0
916	105	-465.7091	0	52448.6313	0
917	105	-465.7089	0	52448.6340	0
918	105	-465.7086	0	52448.6365	0
919	105	-465.7082	0	52448.6376	0
920	105	-465.7080	0	52448.6382	0
921	105	-465.7076	0	52448.6403	0
922	105	-465.7073	0	52448.6430	0
923	105	-465.7071	0	52448.6442	0
924	105	-465.7072	0	52448.6450	0
925	105	-465.7071	0	52448.6463	0
926	105	-465.7068	0	52448.6489	0
927	105	-465.7064	0	52448.6513	0
928	105	-465.7061	0	52448.6525	0
929	105	-465.7058	0	52448.6532	0
930	105	-465.7054	0	52448.6557	0
931	105	-465.7050	0	52448.6579	0
932	105	-465.7049	0	52448.6595	0
933	105	-465.7050	0	52448.6603	0
934	105	-465.7050	0	52448.6613	0
935	105	-465.7049	0	52448.6637	0
936	105	-465.7045	0	52448.6664	0
937	105	-465.7040	0	52448.6678	0
938	105	-465.7035	0	52448.6686	0
939	105	-465.7033	0	52448.6709	0
940	105	-465.7029	0	52448.6735	0
941	105	-465.7027	0	52448.6752	0
942	105	-465.7026	0	52448.6760	0
943	105	-465.7025	0	52448.6771	0
944	105	-465.7022	0	52448.6797	0
945	105	-465.7018	0	52448.6818	0
946	105	-465.7014	0	52448.6827	0
947	105	-465.7010	0	52448.6833	0
948	105	-465.7005	0	52448.6842	0
949	105	-465.7000	0	52448.6852	0
950	105	-465.6997	0	52448.6861	0
951	105	-465.6996	0	52448.6866	0
952	105	-465.6996	0	52448.6870	0
953	105	-465.6994	0	52448.6880	0
954	105	-465.6989	0	52448.6892	0
955	105	-465.6985	0	52448.6899	0
956	105	-465.6981	0	52448.6902	0
957	105	-465.6976	0	52448.6910	0
958	105	-465.6971	0	52448.6921	0
959	105	-465.6969	0	52448.6930	0
960	105	-465.6969	0	52448.6936	0
961	105	-465.6970	0	52448.6944	0
962	105	-465.6967	0	52448.6956	0
963	105	-465.6960	0	52448.6969	0
964	105	-465.6955	0	52448.6978	0
965	105	-465.6951	0	52448.6983	0
966	105	-465.6944	0	52448.6994	0
967	105	-465.6937	0	52448.7009	0
968	105	-465.6931	0	52448.7021	0
