1099	1065	-448.5934	0	52559.8746	0
1100	1065	-448.5973	0	52560.0132	0
1101	1065	-448.6156	0	52560.1570	0
1102	1065	-448.6284	0	52560.0190	0
1103	1065	-448.6691	0	52560.0590	0
1104	1065	-448.7154	0	52560.0736	0
1105	1065	-448.7379	0	52560.1656	0
1106	1065	-448.7454	0	52560.2847	0
1107	1065	-448.7763	0	52560.1584	0
1108	1065	-448.8144	0	52560.1981	0
1109	1065	-448.8474	0	52560.2127	0
1110	1065	-448.8681	0	52560.0502	0
1111	1065	-448.8882	0	52559.9033	0
1112	1065	-448.8993	0	52559.7623	0
1113	1065	-448.9293	0	52559.6282	0
1114	1065	-448.9540	0	52559.4926	0
1115	1065	-448.9735	0	52559.6190	0
1116	1065	-449.0113	0	52559.6723	0
1117	1065	-449.0270	0	52559.6943	0
1118	1065	-449.0535	0	52559.5312	0
1119	1065	-449.0884	0	52559.3887	0
1120	1065	-449.1211	0	52559.2541	0
1121	1065	-449.1317	0	52559.2043	0
1122	1065	-449.1222	0	52559.1841	0
1123	1065	-449.1032	0	52559.1802	0
1124	1065	-449.0737	0	52559.0034	0
1125	1065	-449.0645	0	52558.9397	0
1126	1065	-449.0742	0	52558.9175	0
1127	1065	-449.0771	0	52558.9123	0
1128	1065	-449.0778	0	52558.9128	0
1129	1065	-449.0798	0	52558.9162	0
1130	1065	-449.0918	0	52558.8311	0
1131	1065	-449.1063	0	52558.8042	0
1132	1065	-449.1184	0	52558.6218	0
1133	1065	-449.1245	0	52558.6405	0
1134	1065	-449.0999	0	52558.6483	0
1135	1065	-449.0766	0	52558.6521	0
1136	1065	-449.0623	0	52558.5661	0
1137	1065	-449.0586	0	52558.5357	0
1138	1065	-449.0565	0	52558.5246	0
1139	1065	-449.0689	0	52558.5250	0
1140	1065	-449.0680	0	52558.6117	0
1141	1065	-449.0879	0	52558.4730	0
1142	1065	-449.1168	0	52558.3346	0
1143	1065	-449.1356	0	52558.1976	0
1144	1065	-449.1330	0	52558.2343	0
1145	1065	-449.1235	0	52558.3394	0
1146	1065	-449.1108	0	52558.2908	0
1147	1065	-449.0897	0	52558.2696	0
1148	1065	-449.0536	0	52558.1736	0
1149	1065	-449.0481	0	52558.0485	0
1150	1065	-449.0448	0	52557.9139	0
1151	1065	-449.0539	0	52557.9569	0
1152	1065	-449.0750	0	52557.9760	0
1153	1065	-449.0849	0	52557.9863	0
1154	1065	-449.1111	0	52557.9040	0
1155	1065	-449.1206	0	52557.8754	0
1156	1065	-449.1314	0	52557.7757	0
1157	1065	-449.1275	0	52557.8277	0
1158	1065	-449.1234	0	52557.8511	0
1159	1065	-449.1041	0	52557.7683	0
1160	1065	-449.0906	0	52557.5561	0
1161	1065	-449.0882	0	52557.4797	0
1162	1065	-449.0983	0	52557.5445	0
1163	1065	-449.1110	0	52557.6629	0
1164	1065	-449.1305	0	52557.7108	0
1165	1065	-449.1334	0	52557.5471	0
1166	1065	-449.1637	0	52557.4901	0
1167	1065	-449.1820	0	52557.3810	0
1168	1065	-449.1883	0	52557.3393	0
1169	1065	-449.1770	0	52557.3257	0
1170	1065	-449.1640	0	52557.2273	0
1171	1065	-449.1657	0	52557.1037	0
1172	1065	-449.1508	0	52556.9666	0
1173	1065	-449.1565	0	52556.8250	0
1174	1065	-449.1577	0	52556.6822	0
1175	1065	-449.1689	0	52556.7251	0
1176	1065	-449.1599	0	52556.7412	0
1177	1065	-449.1713	0	52556.6599	0
1178	1065	-449.1575	0	52556.4437	0
1179	1065	-449.1426	0	52556.3633	0
1180	1065	-449.1384	0	52556.2430	0
1181	1065	-449.1979	0	52556.3017	0
1182	1065	-449.2089	0	52556.1370	0
1183	1065	-449.2026	0	52556.0789	0
1184	1065	-449.2048	0	52556.0595	0
1185	1065	-449.2144	0	52556.1492	0
1186	1065	-449.2357	0	52556.1883	0
1187	1065	-449.2445	0	52556.2049	0
1188	1065	-449.2720	0	52556.2175	0
1189	1065	-449.2758	0	52556.1280	0
1190	1065	-449.2398	0	52555.9958	0
1191	1065	-449.1852	0	52555.9438	0
1192	1065	-449.1733	0	52556.0199	0
1193	1065	-449.1543	0	52555.9551	0
1194	1065	-449.1745	0	52555.9368	0
1195	1065	-449.2013	0	52555.8360	0
1196	1065	-449.2258	0	52555.8035	0
1197	1065	-449.2314	0	52555.6988	0
1198	1065	-449.2223	0	52555.7522	0
1199	1065	-449.2114	0	52555.8694	0
1200	1065	-449.2205	0	52555.9154	0
1201	1065	-449.2312	0	52555.8407	0
1202	1065	-449.2307	0	52555.8114	0
1203	1065	-449.2307	0	52555.8956	0
1204	1065	-449.2075	0	52555.8330	0
1205	1065	-449.1739	0	52555.9004	0
1206	1065	-449.1308	0	52555.9203	0
1207	1065	-449.1145	0	52555.8342	0
1208	1065	-449.1469	0	52555.7133	0
1209	1065	-449.1744	0	52555.6697	0
1210	1065	-449.1843	0	52555.6543	0
1211	1065	-449.2034	0	52555.6495	0
1212	1065	-449.2159	0	52555.5560	0
1213	1065	-449.2207	0	52555.3314	0
1214	1065	-449.1786	0	52555.3374	0
1215	1065	-449.1569	0	52555.5287	0
1216	1065	-449.1420	0	52555.5106	0
1217	1065	-449.1324	0	52555.5015	0
1218	1065	-449.0999	0	52555.5919	0
1219	1065	-449.0765	0	52555.5291	0
1220	1065	-449.0563	0	52555.4092	0
1221	1065	-449.0336	0	52555.1723	0
1222	1065	-448.9955	0	52555.1749	0
1223	1065	-448.9840	0	52554.9865	0
1224	1065	-448.9584	0	52555.1056	0
1225	1065	-448.9551	0	52555.0573	0
1226	1065	-448.9530	0	52554.7518	0
1227	1065	-448.9535	0	52554.6372	0
1228	1065	-448.9572	0	52554.6928	0
1229	1065	-448.9527	0	52554.6193	0
1230	1065	-448.9359	0	52554.5925	0
1231	1065	-448.9192	0	52554.6787	0
1232	1065	-448.9182	0	52554.5201	0
1233	1065	-448.9297	0	52554.3655	0
1234	1065	-448.9384	0	52554.1136	0
1235	1065	-448.9401	0	52554.2178	0
1236	1065	-448.9561	0	52554.2630	0
1237	1065	-448.9619	0	52554.2801	0
1238	1065	-448.9966	0	52554.0967	0
1239	1065	-448.9929	0	52554.0275	0
1240	1065	-448.9847	0	52553.9036	0
1241	1065	-448.9698	0	52553.9568	0
1242	1065	-448.9383	0	52553.8760	0
1243	1065	-448.9049	0	52553.6463	0
1244	1065	-448.8983	0	52553.4609	0
1245	1065	-448.8784	0	52553.3928	0
1246	1065	-448.8530	0	52553.2674	0
1247	1065	-448.8445	0	52553.2255	0
1248	1065	-448.8460	0	52553.3122	0
1249	1065	-448.8495	0	52553.3501	0
1250	1065	-448.8571	0	52553.1666	0
1251	1065	-448.8632	0	52552.8940	0
1252	1065	-448.8474	0	52552.9959	0
1253	1065	-448.8321	0	52553.0377	0
1254	1065	-448.8207	0	52553.0543	0
1255	1065	-448.7938	0	52552.9576	0
1256	1065	-448.8017	0	52552.5163	0
1257	1065	-448.8082	0	52552.2500	0
1258	1065	-448.7853	0	52552.4549	0
1259	1065	-448.7664	0	52552.6417	0
1260	1065	-448.7675	0	52552.6115	0
1261	1065	-448.7658	0	52552.5000	0
1262	1065	-448.7942	0	52552.0456	0
1263	1065	-448.8018	0	52551.8790	0
1265	1065	-448.9295	0	52550.4562	0
1266	1065	-448.9522	0	52550.1456	0
1267	1065	-448.9455	0	52549.9223	0
1268	1065	-448.9124	0	52549.7315	0
1269	1065	-448.8827	0	52549.6639	0
1270	1065	-448.8333	0	52550.1809	0
1271	1065	-448.7998	0	52550.7136	0
1272	1065	-448.7731	0	52551.1342	0
1273	1065	-448.8206	0	52551.0779	0
1274	1065	-448.8327	0	52550.9499	0
1275	1065	-448.8297	0	52551.0070	0
1276	1065	-448.8225	0	52551.1387	0
1277	1065	-448.8300	0	52550.7557	0
1278	1065	-448.8658	0	52549.6494	0
1279	1065	-448.8750	0	52549.9676	0
1280	1065	-448.8721	0	52550.2209	0
1281	1065	-448.8571	0	52550.6458	0
1282	1065	-448.8585	0	52550.6954	0
1283	1065	-448.8668	0	52550.5003	0
1284	1065	-448.8401	0	52550.5309	0
1285	1065	-448.8169	0	52550.9722	0
1286	1065	-448.8074	0	52550.8176	0
1287	1065	-448.7627	0	52551.0697	0
1288	1065	-448.7321	0	52551.1653	0
1289	1065	-448.6968	0	52550.9840	0
1290	1065	-448.6662	0	52550.9100	0
1291	1065	-448.6433	0	52550.8807	0
1292	1065	-448.6369	0	52551.1876	0
1293	1065	-448.6323	0	52551.1982	0
1294	1065	-448.6308	0	52551.1999	0
1295	1065	-448.6077	0	52550.6629	0
1296	1065	-448.5871	0	52550.2331	0
1297	1065	-448.5970	0	52550.0775	0
1298	1065	-448.5941	0	52550.2416	0
1299	1065	-448.5462	0	52549.9738	0
1300	1065	-448.5200	0	52549.9816	0
1301	1065	-448.4717	0	52549.7615	0
1302	1065	-448.4081	0	52549.8969	0
1303	1065	-448.3978	0	52549.3939	0
1304	1065	-448.3831	0	52549.0961	0
1305	1065	-448.3515	0	52549.2072	0
1306	1065	-448.2929	0	52549.3606	0
1307	1065	-448.2214	0	52549.7520	0
1308	1065	-448.1550	0	52549.7792	0
1309	1065	-448.1014	0	52549.6773	0
1310	1065	-447.9909	0	52549.3993	0
1311	1065	-447.9326	0	52549.0721	0
1312	1065	-447.8734	0	52549.2812	0
