1002	1085	-465.7721	0	52447.9108	0
1003	1085	-465.7711	0	52447.9070	0
1005	1085	-465.7679	0	52447.9066	1
1006	1085	-465.7670	0	52447.9012	1
1007	1085	-465.7660	0	52447.8977	1
1008	1085	-465.7647	0	52447.9040	1
1009	1085	-465.7649	0	52447.8805	1
1010	1085	-465.7644	0	52447.8722	1
1011	1085	-465.7633	0	52447.8674	1
1012	1085	-465.7623	0	52447.8640	1
1013	1085	-465.7612	0	52447.8576	1
1014	1085	-465.7607	0	52447.8537	1
1016	1085	-465.7606	0	52447.8438	0
1017	1085	-465.7601	0	52447.8367	0
1018	1085	-465.7594	0	52447.8305	0
1019	1085	-465.7588	0	52447.8246	0
1020	1085	-465.7578	0	52447.8206	0
1021	1085	-465.7577	0	52447.8157	0
1022	1085	-465.7569	0	52447.8156	0
1023	1085	-465.7564	0	52447.8103	0
1024	1085	-465.7558	0	52447.8064	0
1025	1085	-465.7552	0	52447.8031	0
1026	1085	-465.7541	0	52447.8017	0
1027	1085	-465.7529	0	52447.8012	0
1028	1085	-465.7525	0	52447.7993	0
1029	1085	-465.7523	0	52447.7949	0
1030	1085	-465.7523	0	52447.7914	0
1031	1085	-465.7525	0	52447.7846	0
1032	1085	-465.7523	0	52447.7801	0
1033	1085	-465.7516	0	52447.7803	0
1036	1085	-465.7525	0	52447.7550	0
1037	1085	-465.7529	0	52447.7496	0
1038	1085	-465.7525	0	52447.7640	0
1039	1085	-465.7538	0	52447.7500	0
1040	1085	-465.7540	0	52447.7380	0
1041	1085	-465.7548	0	52447.7296	0
1042	1085	-465.7551	0	52447.7310	0
1052	1085	-465.7581	0	52447.6954	0
1053	1085	-465.7581	0	52447.7068	0
1061	1085	-465.7606	0	52447.6667	1
1062	1085	-465.7606	0	52447.6566	1
