1211	1096	-456.7941	0	52539.6962	0
1212	1096	-456.7517	0	52539.9071	0
1213	1096	-456.6919	0	52540.1343	0
1214	1096	-456.6775	0	52540.0444	0
1215	1096	-456.6758	0	52539.8606	0
1216	1096	-456.6739	0	52539.6462	0
1217	1096	-456.6771	0	52539.5691	0
1218	1096	-456.6740	0	52539.5436	0
1219	1096	-456.6269	0	52539.8006	0
1220	1096	-456.5889	0	52540.0344	0
1221	1096	-456.5638	0	52539.9841	0
1222	1096	-456.5332	0	52539.9575	0
1223	1096	-456.4851	0	52540.0755	0
1224	1096	-456.4307	0	52540.2515	0
1225	1096	-456.3969	0	52540.3122	0
1226	1096	-456.3726	0	52540.1966	0
1227	1096	-456.3243	0	52540.4136	0
1228	1096	-456.2905	0	52540.4898	0
1229	1096	-456.2665	0	52540.5176	0
1230	1096	-456.2801	0	52540.3903	0
1231	1096	-456.2850	0	52540.3435	0
1232	1096	-456.2880	0	52540.3246	0
1233	1096	-456.2720	0	52540.3114	0
1234	1096	-456.2483	0	52540.3046	0
1235	1096	-456.2219	0	52540.2957	0
1236	1096	-456.1944	0	52540.2901	0
1237	1096	-456.1663	0	52540.2842	0
1238	1096	-456.1357	0	52540.2778	0
1239	1096	-456.0887	0	52540.4039	0
1240	1096	-456.0894	0	52540.3162	0
1241	1096	-456.0553	0	52540.2754	0
1242	1096	-456.0441	0	52540.1242	0
1243	1096	-456.0376	0	52540.0669	0
1244	1096	-456.0280	0	52540.1802	0
1245	1096	-456.0254	0	52540.2255	0
1246	1096	-456.0247	0	52540.2421	0
1247	1096	-456.0062	0	52540.2449	0
1248	1096	-455.9810	0	52540.2409	0
1249	1096	-455.9535	0	52540.2346	0
1250	1096	-455.9555	0	52540.2372	0
1251	1096	-455.9185	0	52540.3650	0
1252	1096	-455.8888	0	52540.4095	0
1253	1096	-455.8764	0	52540.4242	0
1254	1096	-455.8715	0	52540.4314	0
1255	1096	-455.8634	0	52540.5663	0
1256	1096	-455.8780	0	52540.4859	0
1257	1096	-455.8890	0	52540.3195	0
1258	1096	-455.8864	0	52540.3896	0
1259	1096	-455.8845	0	52540.4160	0
1260	1096	-455.8829	0	52540.4246	0
1261	1096	-455.8787	0	52540.4269	0
1262	1096	-455.8934	0	52540.2972	0
1263	1096	-455.8779	0	52540.3777	0
1264	1096	-455.8889	0	52540.2750	0
1265	1096	-455.8907	0	52540.2379	0
1266	1096	-455.8893	0	52540.2252	0
1267	1096	-455.8936	0	52540.0848	0
1268	1096	-455.8946	0	52540.0286	0
1269	1096	-455.8935	0	52540.0122	0
1270	1096	-455.9104	0	52539.8706	0
1271	1096	-455.8976	0	52539.9499	0
1272	1096	-455.9097	0	52539.8514	0
1273	1096	-455.8977	0	52539.8081	0
1274	1096	-455.8903	0	52539.7953	0
1275	1096	-455.8683	0	52539.9244	0
1276	1096	-455.8596	0	52539.9753	0
1277	1096	-455.8741	0	52539.8596	0
1278	1096	-455.8786	0	52539.8174	0
1279	1096	-455.8798	0	52539.8007	0
1280	1096	-455.8818	0	52539.7984	0
1281	1096	-455.8628	0	52539.9293	0
1282	1096	-455.8555	0	52539.9797	0
1283	1096	-455.8823	0	52540.0043	0
1284	1096	-455.8729	0	52540.1482	0
1285	1096	-455.8869	0	52540.0682	0
1286	1096	-455.8911	0	52540.0349	0
1287	1096	-455.8533	0	52540.2882	0
1288	1096	-455.8376	0	52540.3840	0
1289	1096	-455.8305	0	52540.4201	0
1290	1096	-455.7907	0	52540.5585	0
1291	1096	-455.7525	0	52540.7424	0
1292	1096	-455.7264	0	52540.8049	0
1293	1096	-455.7384	0	52540.4223	0
1302	1096	-455.6653	0	52540.7774	0
1303	1096	-455.6950	0	52540.8019	0
1304	1096	-455.7268	0	52540.6829	0
1305	1096	-455.7280	0	52540.3648	0
1306	1096	-455.7030	0	52540.2349	0
1307	1096	-455.6908	0	52540.3273	0
1308	1096	-455.6706	0	52540.3591	0
1309	1096	-455.6406	0	52540.5041	0
1310	1096	-455.6339	0	52540.4224	0
1311	1096	-455.6285	0	52540.5257	0
1312	1096	-455.6267	0	52540.5672	0
1313	1096	-455.6105	0	52540.5764	0
1314	1096	-455.5849	0	52540.7117	0
1315	1096	-455.5818	0	52540.6302	0
1316	1096	-455.5893	0	52540.7325	0
1317	1096	-455.5823	0	52540.6345	0
1318	1096	-455.5720	0	52540.7332	0
1319	1096	-455.5521	0	52540.7623	0
1320	1096	-455.5446	0	52540.7759	0
1321	1096	-455.5034	0	52541.0387	0
1322	1096	-455.4922	0	52541.0033	0
1323	1096	-455.4881	0	52540.9895	0
1324	1096	-455.4718	0	52540.9816	0
1325	1096	-455.4687	0	52540.9759	0
1326	1096	-455.4612	0	52541.1064	0
1327	1096	-455.4590	0	52541.1527	0
1328	1096	-455.4762	0	52541.1745	0
1329	1096	-455.4886	0	52541.0497	0
1330	1096	-455.4944	0	52540.9973	0
1331	1096	-455.4912	0	52541.1120	0
1332	1096	-455.4898	0	52541.1547	0
1333	1096	-455.4893	0	52541.1703	0
1334	1096	-455.4708	0	52541.1720	0
1335	1096	-455.4694	0	52541.0396	0
1336	1096	-455.4695	0	52540.9887	0
1337	1096	-455.4542	0	52540.9667	0
1338	1096	-455.4504	0	52540.9590	0
1339	1096	-455.4510	0	52540.9528	0
1340	1096	-455.4626	0	52540.9551	0
1341	1096	-455.4742	0	52540.8229	0
1342	1096	-455.4769	0	52540.7730	0
1343	1096	-455.4592	0	52540.8860	0
1344	1096	-455.4707	0	52540.7986	0
1345	1096	-455.4689	0	52540.8977	0
1346	1096	-455.4430	0	52541.1998	0
1347	1096	-455.4492	0	52541.1805	0
1348	1096	-455.4717	0	52540.7842	0
1352	1096	-455.4642	0	52540.0478	0
1353	1096	-455.4511	0	52539.9508	0
1354	1096	-455.4956	0	52540.0704	0
1355	1096	-455.4878	0	52540.2511	0
1356	1096	-455.4900	0	52540.1812	0
1357	1096	-455.5022	0	52539.7427	0
1358	1096	-455.5531	0	52538.5979	0
1359	1096	-455.6163	0	52538.1619	0
1360	1096	-455.5904	0	52539.4766	0
1361	1096	-455.5621	0	52539.9106	0
1362	1096	-455.5493	0	52540.0853	0
1363	1096	-455.5378	0	52540.2867	0
1364	1096	-455.5242	0	52540.4895	0
1365	1096	-455.5020	0	52540.5657	0
1366	1096	-455.4814	0	52540.3159	0
1367	1096	-455.4601	0	52540.0785	0
1368	1096	-455.4554	0	52539.8474	0
1369	1096	-455.4071	0	52540.2999	0
1370	1096	-455.3912	0	52540.3357	0
1371	1096	-455.3963	0	52540.3488	0
1372	1096	-455.3841	0	52540.2123	0
1373	1096	-455.3568	0	52540.2929	0
1374	1096	-455.3264	0	52540.4551	0
1375	1096	-455.3324	0	52540.3794	0
1376	1096	-455.3432	0	52539.9401	0
1377	1096	-455.3529	0	52539.4994	0
1378	1096	-455.3543	0	52539.3310	0
1379	1096	-455.3373	0	52539.2644	0
1380	1096	-455.3152	0	52539.1033	0
1381	1096	-455.2901	0	52539.0391	0
1382	1096	-455.2449	0	52539.1526	0
1383	1096	-455.1904	0	52539.3278	0
1384	1096	-455.1682	0	52539.3995	0
1385	1096	-455.1439	0	52539.4212	0
1386	1096	-455.1002	0	52539.5637	0
1387	1096	-455.0988	0	52539.4821	0
1388	1096	-455.0844	0	52539.3103	0
1389	1096	-455.0467	0	52539.0984	0
1390	1096	-455.0148	0	52539.1555	0
1391	1096	-454.9806	0	52539.1749	0
1392	1096	-454.9495	0	52539.1799	0
1393	1096	-454.9227	0	52539.1791	0
1394	1096	-454.8596	0	52539.3054	0
1395	1096	-454.8063	0	52539.3498	0
1396	1096	-454.8074	0	52539.0898	0
1397	1096	-454.7910	0	52538.9921	0
1398	1096	-454.7874	0	52538.9542	0
1399	1096	-454.7884	0	52538.9414	0
1400	1096	-454.7896	0	52538.8000	0
1401	1096	-454.7745	0	52538.7456	0
1402	1096	-454.7698	0	52538.7250	0
1403	1096	-454.7682	0	52538.5777	0
1404	1096	-454.7317	0	52538.5174	0
1405	1096	-454.6951	0	52538.6336	0
1406	1096	-454.6643	0	52538.6767	0
1407	1096	-454.6449	0	52538.2644	0
1408	1096	-454.6200	0	52538.2492	0
1409	1096	-454.5851	0	52538.1001	0
1410	1096	-454.5749	0	52538.0436	0
1411	1096	-454.5384	0	52538.0225	0
1412	1096	-454.5275	0	52538.0163	0
1413	1096	-454.5234	0	52538.0160	0
1414	1096	-454.5144	0	52537.5807	0
1415	1096	-454.5019	0	52537.8599	0
1416	1096	-454.4620	0	52538.5222	0
1417	1096	-454.4106	0	52538.7604	0
1418	1096	-454.3704	0	52538.9867	0
1419	1096	-454.3535	0	52538.9335	0
1420	1096	-454.3203	0	52539.0463	0
1421	1096	-454.2782	0	52539.3481	0
1422	1096	-454.2171	0	52540.3864	0
1423	1096	-454.1094	0	52541.5243	0
1424	1096	-454.1740	0	52539.4417	0
1425	1096	-454.1683	0	52538.7542	0
1426	1096	-454.1610	0	52538.6589	0
1427	1096	-454.1335	0	52538.9029	0
1428	1096	-454.1021	0	52538.9946	0
1429	1096	-454.0538	0	52539.0184	0
1430	1096	-454.0164	0	52539.1622	0
1431	1096	-453.9640	0	52539.2093	0
1432	1096	-453.9089	0	52539.2168	0
1433	1096	-453.8712	0	52539.2124	0
1434	1096	-453.8571	0	52539.2101	0
1435	1096	-453.8312	0	52539.4827	0
1436	1096	-453.8190	0	52539.5814	0
1437	1096	-453.8130	0	52539.6174	0
1438	1096	-453.7936	0	52539.6263	0
1439	1096	-453.8027	0	52539.4929	0
1440	1096	-453.7524	0	52539.7028	0
1441	1096	-453.7004	0	52539.4982	0
1442	1096	-453.6764	0	52539.4187	0
1443	1096	-453.6485	0	52539.3819	0
1444	1096	-453.6054	0	52539.5029	0
1445	1096	-453.5677	0	52539.8188	0
1446	1096	-453.5122	0	52540.0671	0
1447	1096	-453.4553	0	52540.1516	0
1448	1096	-453.4345	0	52540.1775	0
1449	1096	-453.4065	0	52540.4547	0
1450	1096	-453.3826	0	52540.5507	0
1451	1096	-453.3581	0	52540.5832	0
1452	1096	-453.3477	0	52540.4513	0
1453	1096	-453.3423	0	52540.4021	0
1454	1096	-453.3213	0	52540.3761	0
1455	1096	-453.2801	0	52540.6283	0
1456	1096	-453.2272	0	52540.8509	0
1480	1096	-452.6597	0	52537.6840	0
1484	1096	-452.5496	0	52539.1632	0
1506	1096	-451.9564	0	52538.8606	0
1507	1096	-451.9375	0	52538.6787	0
1509	1096	-451.9301	0	52538.1096	0
1510	1096	-451.9165	0	52538.1333	0
1511	1096	-451.9103	0	52537.9955	0
1512	1096	-451.8920	0	52538.3774	0
1513	1096	-451.8827	0	52538.2308	0
1514	1096	-451.8790	0	52538.4614	0
1515	1096	-451.8429	0	52539.1005	0
1516	1096	-451.7988	0	52539.3297	0
1517	1096	-451.7831	0	52539.4177	0
1518	1096	-451.7592	0	52539.5797	0
1519	1096	-451.7343	0	52539.7730	0
1520	1096	-451.7246	0	52539.8421	0
1521	1096	-451.7016	0	52539.8605	0
1522	1096	-451.6899	0	52539.8606	0
1523	1096	-451.6811	0	52539.8563	0
1524	1096	-451.6748	0	52539.8538	0
1525	1096	-451.6697	0	52539.9853	0
1526	1096	-451.6488	0	52540.0281	0
1527	1096	-451.6398	0	52540.0409	0
1528	1096	-451.6192	0	52540.0389	0
1529	1096	-451.5961	0	52539.8948	0
1530	1096	-451.5708	0	52539.8375	0
1531	1096	-451.5483	0	52539.8082	0
1532	1096	-451.5128	0	52540.0723	0
1533	1096	-451.5031	0	52540.1675	0
1534	1096	-451.5003	0	52540.3368	0
1535	1096	-451.4838	0	52540.3975	0
1536	1096	-451.4772	0	52540.4151	0
1537	1096	-451.4755	0	52540.4224	0
1538	1096	-451.4880	0	52540.2883	0
1539	1096	-451.4771	0	52540.3672	0
1540	1096	-451.4548	0	52540.3926	0
1541	1096	-451.4443	0	52540.4002	0
1542	1096	-451.4234	0	52540.4008	0
1543	1096	-451.3856	0	52540.6624	0
1544	1096	-451.3538	0	52540.8885	0
1545	1096	-451.3116	0	52541.2341	0
1546	1096	-451.2748	0	52541.3575	0
1547	1096	-451.2413	0	52541.3966	0
1548	1096	-451.2117	0	52541.4037	0
1549	1096	-451.1641	0	52541.3978	0
1550	1096	-451.1087	0	52541.2489	0
1551	1096	-451.0745	0	52541.3230	0
1552	1096	-451.0748	0	52541.2137	0
1553	1096	-451.0467	0	52541.3011	0
1554	1096	-451.0206	0	52541.4655	0
1555	1096	-451.0097	0	52541.5224	0
1556	1096	-451.0054	0	52541.5429	0
1557	1096	-450.9986	0	52541.5467	0
1558	1096	-450.9746	0	52541.5399	0
1559	1096	-450.9288	0	52541.6644	0
1560	1096	-450.8946	0	52541.7037	0
1561	1096	-450.8368	0	52541.9704	0
1562	1096	-450.7981	0	52542.0687	0
1563	1096	-450.7955	0	52541.8430	0
1564	1096	-450.7818	0	52541.8802	0
1565	1096	-450.7492	0	52542.0191	0
1566	1096	-450.7282	0	52541.8075	0
1567	1096	-450.7353	0	52541.7280	0
1568	1096	-450.7204	0	52541.6919	0
1569	1096	-450.7145	0	52541.6805	0
1570	1096	-450.6949	0	52541.8037	0
1571	1096	-450.6857	0	52541.7155	0
1572	1096	-450.6798	0	52541.6821	0
1573	1096	-450.6762	0	52541.6689	0
1574	1096	-450.6660	0	52541.5301	0
1575	1096	-450.6603	0	52541.4764	0
1576	1096	-450.6219	0	52541.4506	0
1577	1096	-450.5887	0	52541.4382	0
1578	1096	-450.5605	0	52541.4304	0
1579	1096	-450.5313	0	52541.2919	0
1580	1096	-450.5036	0	52541.2354	0
1581	1096	-450.4629	0	52541.2127	0
1582	1096	-450.4474	0	52541.2028	0
1583	1096	-450.4226	0	52541.0617	0
1584	1096	-450.3993	0	52541.0100	0
1585	1096	-450.3916	0	52540.9903	0
1586	1096	-450.3768	0	52540.9815	0
1587	1096	-450.3898	0	52540.9827	0
1588	1096	-450.3957	0	52540.9882	0
1589	1096	-450.3994	0	52540.9898	0
1590	1096	-450.3847	0	52541.1223	0
1591	1096	-450.3717	0	52541.0367	0
1592	1096	-450.3343	0	52540.9980	0
1593	1096	-450.2902	0	52541.1136	0
1594	1096	-450.2563	0	52541.1542	0
1595	1096	-450.2210	0	52541.0301	0
1596	1096	-450.1913	0	52540.9832	0
1597	1096	-450.1826	0	52540.9650	0
1598	1096	-450.2142	0	52540.9640	0
1599	1096	-450.2355	0	52541.2328	0
1600	1096	-450.2617	0	52541.3384	0
1601	1096	-450.2896	0	52541.3832	0
1602	1096	-450.3021	0	52541.3968	0
1603	1096	-450.3053	0	52541.2675	0
1604	1096	-450.3074	0	52541.2206	0
1605	1096	-450.3115	0	52541.3322	0
1606	1096	-450.3103	0	52541.3751	0
1607	1096	-450.2897	0	52541.3874	0
1608	1096	-450.2643	0	52541.5211	0
1609	1096	-450.2509	0	52541.4383	0
1610	1096	-450.2284	0	52541.5353	0
1611	1096	-450.2189	0	52541.5709	0
1612	1096	-450.2302	0	52541.5864	0
1613	1096	-450.2343	0	52541.7232	0
1614	1096	-450.2364	0	52541.7717	0
1615	1096	-450.2535	0	52541.7918	0
1616	1096	-450.2599	0	52541.7977	0
1617	1096	-450.2930	0	52541.8052	0
1618	1096	-450.3040	0	52541.6748	0
1619	1096	-450.3082	0	52541.6244	0
1620	1096	-450.3134	0	52541.6069	0
1621	1096	-450.3314	0	52541.6029	0
1622	1096	-450.3541	0	52541.7348	0
1623	1096	-450.3428	0	52541.7809	0
1624	1096	-450.3337	0	52541.7973	0
1625	1096	-450.3272	0	52541.8018	0
1626	1096	-450.3055	0	52541.8000	0
1627	1096	-450.2641	0	52541.7933	0
1628	1096	-450.2155	0	52541.7808	0
1629	1096	-450.2163	0	52541.7812	0
1630	1096	-450.2348	0	52541.7849	0
1631	1096	-450.2417	0	52541.7863	0
1632	1096	-450.2635	0	52541.7865	0
1633	1096	-450.2851	0	52541.7906	0
1634	1096	-450.2903	0	52541.7916	0
1635	1096	-450.2923	0	52541.7921	0
1636	1096	-450.2920	0	52541.7921	0
1637	1096	-450.2905	0	52541.7919	0
1638	1096	-450.2832	0	52542.0533	0
1639	1096	-450.2915	0	52542.0193	0
1640	1096	-450.2972	0	52542.0101	0
1641	1096	-450.2975	0	52542.2621	0
1642	1096	-450.3282	0	52542.2342	0
1643	1096	-450.3601	0	52542.2276	0
1644	1096	-450.3805	0	52542.2230	0
1645	1096	-450.4443	0	52542.2318	0
1646	1096	-450.4834	0	52542.1041	0
1647	1096	-450.5015	0	52542.1892	0
1648	1096	-450.4992	0	52542.4796	0
1649	1096	-450.4828	0	52542.5813	0
1650	1096	-450.4486	0	52542.7436	0
1651	1096	-450.4458	0	52542.6775	0
1652	1096	-450.4340	0	52542.7772	0
1653	1096	-450.4492	0	52542.8136	0
1654	1096	-450.4570	0	52542.9586	0
1655	1096	-450.4734	0	52542.8808	0
1656	1096	-450.4712	0	52543.1049	0
1657	1096	-450.4788	0	52543.3166	0
1658	1096	-450.4744	0	52543.5220	0
1659	1096	-450.5054	0	52543.4730	0
1660	1096	-450.5661	0	52543.4583	0
1661	1096	-450.5953	0	52543.5805	0
1662	1096	-450.5979	0	52543.7479	0
1663	1096	-450.6290	0	52543.8130	0
1664	1096	-450.6286	0	52543.9566	0
1665	1096	-450.6277	0	52544.0081	0
1666	1096	-450.6159	0	52544.1494	0
1667	1096	-450.6142	0	52544.2003	0
1668	1096	-450.6308	0	52544.2183	0
1669	1096	-450.6387	0	52544.3454	0
1670	1096	-450.6610	0	52544.5175	0
1671	1096	-450.6753	0	52544.7039	0
1672	1096	-450.6998	0	52544.8971	0
1673	1096	-450.7259	0	52544.9717	0
1674	1096	-450.7555	0	52544.9973	0
1675	1096	-450.7865	0	52545.1293	0
1676	1096	-450.8181	0	52545.3001	0
1677	1096	-450.8291	0	52545.3597	0
1678	1096	-450.8331	0	52545.5027	0
1679	1096	-450.8374	0	52545.6701	0
1680	1096	-450.8365	0	52545.7328	0
1681	1096	-450.8378	0	52545.8712	0
1682	1096	-450.8524	0	52545.9213	0
1683	1096	-450.8625	0	52546.0576	0
1684	1096	-450.8683	0	52546.2242	0
1685	1096	-450.8766	0	52546.4025	0
1686	1096	-450.8847	0	52546.4661	0
1687	1096	-450.9117	0	52546.6082	0
1688	1096	-450.9250	0	52546.6568	0
1689	1096	-450.9272	0	52546.7899	0
1690	1096	-450.9754	0	52546.8420	0
1691	1096	-451.0093	0	52546.7450	0
1692	1096	-451.0112	0	52546.8189	0
1693	1096	-451.0240	0	52546.7248	0
1694	1096	-451.0288	0	52546.6896	0
1695	1096	-451.0308	0	52546.6749	0
1696	1096	-451.0467	0	52546.6676	0
1697	1096	-451.0680	0	52546.5482	0
1698	1096	-451.0984	0	52546.6234	0
1699	1096	-451.1263	0	52546.6538	0
1700	1096	-451.1627	0	52546.4342	0
1701	1096	-451.1910	0	52546.2356	0
1702	1096	-451.2202	0	52546.1624	0
1703	1096	-451.2328	0	52546.2532	0
1704	1096	-451.2514	0	52546.1741	0
1705	1096	-451.2611	0	52546.2627	0
1706	1096	-451.2503	0	52546.4128	0
1707	1096	-451.2307	0	52546.5860	0
1708	1096	-451.2065	0	52546.6472	0
1709	1096	-451.1974	0	52546.6687	0
1710	1096	-451.1941	0	52546.6765	0
1711	1096	-451.1956	0	52546.6798	0
1712	1096	-451.2089	0	52546.5654	0
1713	1096	-451.2024	0	52546.7543	0
1714	1096	-451.1993	0	52546.8260	0
1715	1096	-451.1947	0	52546.8513	0
1716	1096	-451.1939	0	52546.8564	0
1717	1096	-451.1929	0	52546.8595	0
1718	1096	-451.1924	0	52546.8596	0
1719	1096	-451.1798	0	52546.9748	0
1720	1096	-451.1731	0	52547.0150	0
1721	1096	-451.1695	0	52547.0307	0
1722	1096	-451.1672	0	52547.0324	0
1723	1096	-451.1655	0	52547.0345	0
1724	1096	-451.1819	0	52547.0340	0
1725	1096	-451.1987	0	52546.9208	0
1726	1096	-451.2033	0	52546.7568	0
1727	1096	-451.2044	0	52546.6937	0
1728	1096	-451.2182	0	52546.5569	0
1729	1096	-451.2104	0	52546.6212	0
1730	1096	-451.2211	0	52546.5307	0
1731	1096	-451.2100	0	52546.4942	0
1732	1096	-451.2216	0	52546.3660	0
1733	1096	-451.2138	0	52546.4355	0
1734	1096	-451.2096	0	52546.4625	0
1735	1096	-451.2077	0	52546.4744	0
1736	1096	-451.2186	0	52546.3621	0
1737	1096	-451.1941	0	52546.3162	0
1738	1096	-451.1875	0	52546.4186	0
1739	1096	-451.1861	0	52546.4612	0
1740	1096	-451.1866	0	52546.4755	0
1741	1096	-451.1892	0	52546.3638	0
1742	1096	-451.1917	0	52546.4402	0
1743	1096	-451.1933	0	52546.4693	0
1744	1096	-451.2077	0	52546.2455	0
1745	1096	-451.2329	0	52546.1638	0
1746	1096	-451.2734	0	52545.9007	0
1747	1096	-451.2906	0	52545.6820	0
1748	1096	-451.3155	0	52545.6047	0
1749	1096	-451.3151	0	52545.8185	0
1750	1096	-451.3312	0	52545.7821	0
1751	1096	-451.3539	0	52545.6539	0
1752	1096	-451.3802	0	52545.4917	0
1753	1096	-451.4206	0	52545.3152	0
1754	1096	-451.4343	0	52545.2477	0
1755	1096	-451.4358	0	52545.2280	0
1756	1096	-451.4367	0	52545.2202	0
1757	1096	-451.4362	0	52545.2203	0
1758	1096	-451.4503	0	52545.2280	0
1759	1096	-451.4565	0	52545.2300	0
1760	1096	-451.4555	0	52545.2344	0
1761	1096	-451.4560	0	52545.2356	0
1762	1096	-451.4574	0	52545.2412	0
1763	1096	-451.4421	0	52545.2396	0
1764	1096	-451.4527	0	52545.1218	0
1765	1096	-451.4686	0	52544.9572	0
1766	1096	-451.4742	0	52544.8977	0
1767	1096	-451.4889	0	52544.7538	0
1768	1096	-451.4895	0	52544.5804	0
1769	1096	-451.4880	0	52544.5146	0
1770	1096	-451.4858	0	52544.4915	0
1771	1096	-451.4833	0	52544.4859	0
1772	1096	-451.4810	0	52544.4868	0
1773	1096	-451.4663	0	52544.6102	0
1774	1096	-451.4731	0	52544.5379	0
1775	1096	-451.4619	0	52544.6320	0
1776	1096	-451.4573	0	52544.6698	0
1777	1096	-451.4708	0	52544.6887	0
1778	1096	-451.4743	0	52544.6958	0
1779	1096	-451.4742	0	52544.6981	0
1780	1096	-451.4756	0	52544.6981	0
1781	1096	-451.4884	0	52544.5811	0
1782	1096	-451.5084	0	52544.5376	0
1783	1096	-451.4961	0	52544.5192	0
1784	1096	-451.4895	0	52544.5129	0
1785	1096	-451.4830	0	52544.5099	0
1786	1096	-451.4621	0	52544.5065	0
1787	1096	-451.4534	0	52544.5047	0
1788	1096	-451.4364	0	52544.6287	0
1789	1096	-451.4310	0	52544.9202	0
1790	1096	-451.4442	0	52545.0352	0
1791	1096	-451.4783	0	52544.7106	0
1792	1096	-451.5398	0	52544.4676	0
1793	1096	-451.5338	0	52544.6232	0
1794	1096	-451.5598	0	52544.5606	0
1795	1096	-451.6037	0	52544.5444	0
1796	1096	-451.6002	0	52544.5367	0
1797	1096	-451.6103	0	52544.5340	0
1798	1096	-451.5760	0	52544.5300	0
1799	1096	-451.5085	0	52544.5186	0
1800	1096	-451.4850	0	52544.5142	0
1808	1096	-451.3409	0	52542.4762	0
1809	1096	-451.3248	0	52542.7922	0
1810	1096	-451.3373	0	52542.2193	0
1811	1096	-451.3334	0	52542.8139	0
1812	1096	-451.3293	0	52543.0209	0
1813	1096	-451.3021	0	52543.6046	0
1814	1096	-451.2912	0	52543.5757	0
1815	1096	-451.2296	0	52544.5576	0
1816	1096	-451.1478	0	52545.3834	0
1817	1096	-451.0704	0	52545.8066	0
1818	1096	-451.0246	0	52545.9571	0
1819	1096	-450.9905	0	52546.0006	0
1820	1096	-450.9822	0	52546.1305	0
1821	1096	-450.9809	0	52546.1717	0
1822	1096	-450.9808	0	52546.0624	0
1823	1096	-450.9828	0	52546.0142	0
1824	1096	-450.9867	0	52546.1082	0
1825	1096	-450.9902	0	52546.2592	0
1826	1096	-450.9916	0	52546.3148	0
1827	1096	-450.9915	0	52546.2093	0
1828	1096	-450.9936	0	52546.1676	0
1829	1096	-450.9689	0	52546.3799	0
1830	1096	-450.9587	0	52546.4588	0
1831	1096	-450.9377	0	52546.4808	0
1832	1096	-450.9154	0	52546.4830	0
1833	1096	-450.8937	0	52546.4776	0
1834	1096	-450.8860	0	52546.4745	0
1835	1096	-450.9012	0	52546.5935	0
1836	1096	-450.9240	0	52546.6367	0
1837	1096	-450.9399	0	52546.6516	0
1838	1096	-450.9671	0	52546.7783	0
1839	1096	-450.9935	0	52546.8231	0
1840	1096	-451.0231	0	52546.8428	0
1841	1096	-451.1250	0	52546.3888	0
1842	1096	-451.1560	0	52546.4506	0
1843	1096	-451.1839	0	52546.3615	0
1844	1096	-451.1969	0	52546.3260	0
1845	1096	-451.2040	0	52546.3141	0
1846	1096	-451.2233	0	52546.3119	0
1847	1096	-451.2310	0	52546.3098	0
1848	1096	-451.2190	0	52546.4289	0
1849	1096	-451.2413	0	52546.3569	0
1850	1096	-451.2352	0	52546.4470	0
1851	1096	-451.2377	0	52546.7191	0
1852	1096	-451.2398	0	52546.8195	0
1853	1096	-451.2433	0	52546.9741	0
1854	1096	-451.2886	0	52546.8012	0
1855	1096	-451.3368	0	52546.6260	0
1856	1096	-451.3705	0	52546.5595	0
1857	1096	-451.3807	0	52546.4155	0
1858	1096	-451.3962	0	52546.3634	0
1859	1096	-451.3986	0	52546.3419	0
1860	1096	-451.4083	0	52546.2184	0
1861	1096	-451.4085	0	52546.1701	0
1862	1096	-451.4078	0	52546.1561	0
1863	1096	-451.3925	0	52546.0281	0
1864	1096	-451.3991	0	52545.9817	0
1865	1096	-451.4038	0	52546.0869	0
1866	1096	-451.4088	0	52546.2471	0
1867	1096	-451.4091	0	52546.1913	0
1868	1096	-451.4117	0	52546.1700	0
1869	1096	-451.4266	0	52546.1660	0
1870	1096	-451.4191	0	52546.3979	0
1871	1096	-451.4148	0	52546.4872	0
1872	1096	-451.4118	0	52546.5211	0
1873	1096	-451.4247	0	52546.5332	0
1874	1096	-451.4120	0	52546.5343	0
1875	1096	-451.3943	0	52546.6490	0
1876	1096	-451.3868	0	52546.5749	0
1877	1096	-451.3545	0	52546.7759	0
1878	1096	-451.3403	0	52546.8517	0
1879	1096	-451.2982	0	52546.7525	0
1880	1096	-451.2484	0	52546.9466	0
1881	1096	-451.1978	0	52547.1276	0
1882	1096	-451.1444	0	52547.1897	0
1883	1096	-451.0803	0	52547.3197	0
1884	1096	-451.0728	0	52547.2494	0
1885	1096	-451.0474	0	52547.4512	0
1886	1096	-451.0421	0	52547.5279	0
1887	1096	-451.0273	0	52547.6665	0
1888	1096	-451.0349	0	52547.5997	0
1889	1096	-451.0358	0	52547.5728	0
1890	1096	-451.0051	0	52547.5546	0
1891	1096	-450.9688	0	52547.7768	0
1892	1096	-450.9550	0	52547.8552	0
1893	1096	-450.9054	0	52547.9892	0
1894	1096	-450.8405	0	52548.1443	0
1895	1096	-450.7844	0	52548.3091	0
1896	1096	-450.7653	0	52548.3664	0
1897	1096	-450.7000	0	52548.4915	0
1898	1096	-450.6781	0	52548.5343	0
1899	1096	-450.6667	0	52548.4304	0
1900	1096	-450.6593	0	52548.3909	0
1901	1096	-450.6384	0	52548.3686	0
1902	1096	-450.6153	0	52548.3560	0
1903	1096	-450.5873	0	52548.3467	0
1904	1096	-450.5763	0	52548.3424	0
1905	1096	-450.5564	0	52548.4497	0
1906	1096	-450.5287	0	52548.3719	0
1907	1096	-450.5028	0	52548.4508	0
1908	1096	-450.4897	0	52548.4809	0
1909	1096	-450.4703	0	52548.5989	0
1910	1096	-450.4107	0	52548.5239	0
1911	1096	-450.3613	0	52548.6028	0
1912	1096	-450.3275	0	52548.5130	0
1913	1096	-450.3186	0	52548.4801	0
1914	1096	-450.3084	0	52548.5784	0
1915	1096	-450.3234	0	52548.7333	0
1916	1096	-450.3461	0	52548.9046	0
1917	1096	-450.3509	0	52548.7406	0
1918	1096	-450.3560	0	52548.7893	0
1919	1096	-450.3686	0	52548.5850	0
1920	1096	-450.3621	0	52548.5023	0
1921	1096	-450.3620	0	52548.4713	0
1922	1096	-450.3362	0	52548.4566	0
1923	1096	-450.3461	0	52548.4562	0
1924	1096	-450.3525	0	52548.4557	0
1925	1096	-450.3810	0	52548.2310	0
1926	1096	-450.4453	0	52548.2686	0
1927	1096	-450.4918	0	52548.5155	0
1928	1096	-450.5375	0	52548.8371	0
1929	1096	-450.7277	0	52548.0822	0
1930	1096	-450.7912	0	52547.7988	0
1931	1096	-450.8981	0	52547.0100	0
1932	1096	-450.9659	0	52546.4761	0
1933	1096	-450.9968	0	52546.4000	0
1934	1096	-450.9842	0	52546.6091	0
1935	1096	-451.0333	0	52546.3471	0
1936	1096	-451.0875	0	52545.9008	0
1937	1096	-451.1171	0	52545.4995	0
1938	1096	-451.1311	0	52545.4754	0
1939	1096	-451.1497	0	52545.4753	0
1940	1096	-451.1589	0	52545.7264	0
1941	1096	-451.1161	0	52546.6456	0
1942	1096	-451.1133	0	52547.8122	0
1943	1096	-451.1294	0	52548.4557	0
1944	1096	-451.1535	0	52548.9244	0
1945	1096	-451.1929	0	52549.1077	0
1946	1096	-451.1823	0	52550.1318	0
1947	1096	-451.1951	0	52550.6333	0
1948	1096	-451.2253	0	52551.1306	0
1949	1096	-451.2765	0	52551.0982	0
1950	1096	-451.3011	0	52551.2867	0
1951	1096	-451.2956	0	52551.4495	0
1952	1096	-451.3027	0	52551.3940	0
1953	1096	-451.2976	0	52551.6835	0
1954	1096	-451.3228	0	52551.7871	0
1955	1096	-451.3493	0	52551.9242	0
1956	1096	-451.3765	0	52551.9713	0
1957	1096	-451.4194	0	52551.9865	0
1958	1096	-451.4798	0	52551.9915	0
1959	1096	-451.5045	0	52551.9886	0
1960	1096	-451.5353	0	52552.1911	0
1961	1096	-451.5625	0	52552.2667	0
1962	1096	-451.6026	0	52552.1908	0
1963	1096	-451.6205	0	52552.2602	0
1964	1096	-451.6290	0	52552.3855	0
1965	1096	-451.6447	0	52552.4292	0
1966	1096	-451.6782	0	52552.3450	0
1967	1096	-451.7173	0	52552.3142	0
1968	1096	-451.7332	0	52552.5025	0
1969	1096	-451.7678	0	52552.6788	0
1970	1096	-451.7799	0	52552.7421	0
1971	1096	-451.8006	0	52552.7652	0
1972	1096	-451.8234	0	52552.7729	0
1973	1096	-451.8469	0	52552.6734	0
1974	1096	-451.8865	0	52552.6363	0
1975	1096	-451.9236	0	52552.6263	0
1976	1096	-451.9701	0	52552.6224	0
1977	1096	-452.0158	0	52552.5221	0
1978	1096	-452.0365	0	52552.6895	0
1979	1096	-452.0208	0	52552.8471	0
1980	1096	-452.0292	0	52552.9107	0
1981	1096	-452.0463	0	52552.9336	0
1982	1096	-452.0694	0	52553.0443	0
1983	1096	-452.0877	0	52552.9843	0
1984	1096	-452.1202	0	52552.8592	0
1985	1096	-452.1439	0	52552.7134	0
1986	1096	-452.1403	0	52552.9575	0
1987	1096	-452.1813	0	52552.8539	0
1988	1096	-452.2240	0	52552.8197	0
1989	1096	-452.2550	0	52552.7075	0
1990	1096	-452.2954	0	52552.6678	0
1991	1096	-452.3209	0	52552.7557	0
1992	1096	-452.3316	0	52552.7879	0
1993	1096	-452.3464	0	52552.8022	0
1994	1096	-452.3489	0	52552.9109	0
1995	1096	-452.3644	0	52552.8502	0
1996	1096	-452.3829	0	52552.9299	0
1997	1096	-452.3871	0	52552.9613	0
1998	1096	-452.3900	0	52552.8710	0
1999	1096	-452.4083	0	52552.7337	0
2000	1096	-452.4396	0	52552.6885	0
2001	1096	-452.4642	0	52552.7735	0
2002	1096	-452.4892	0	52552.8093	0
2003	1096	-452.5170	0	52552.9269	0
2004	1096	-452.5328	0	52553.0703	0
2005	1096	-452.5560	0	52553.1275	0
2006	1096	-452.5955	0	52553.1542	0
2007	1096	-452.6538	0	52552.9656	0
2008	1096	-452.7046	0	52552.7955	0
2009	1096	-452.7424	0	52552.7370	0
2010	1096	-452.7732	0	52552.6115	0
2011	1096	-452.7960	0	52552.4662	0
2012	1096	-452.8196	0	52552.4137	0
2013	1096	-452.8276	0	52552.4987	0
2014	1096	-452.8585	0	52552.4353	0
2015	1096	-452.8691	0	52552.6144	0
2016	1096	-452.9010	0	52552.6879	0
2017	1096	-452.8955	0	52552.7152	0
2018	1096	-452.8940	0	52552.7258	0
2019	1096	-452.8978	0	52552.7291	0
2020	1096	-452.9175	0	52552.7341	0
2021	1096	-452.9292	0	52552.7348	0
2022	1096	-452.9666	0	52552.7421	0
2023	1096	-453.0108	0	52552.6457	0
2024	1096	-453.0892	0	52552.4159	0
2025	1096	-453.1377	0	52552.3281	0
2026	1096	-453.1851	0	52552.3012	0
2027	1096	-453.1903	0	52552.4999	0
2028	1096	-453.1952	0	52552.5743	0
2029	1096	-453.2582	0	52552.5068	0
2030	1096	-453.3340	0	52552.2864	0
2031	1096	-453.3623	0	52552.2025	0
2032	1096	-453.3713	0	52552.1731	0
2033	1096	-453.3895	0	52552.0614	0
2034	1096	-453.3761	0	52552.2239	0
2035	1096	-453.3701	0	52552.1848	0
2036	1096	-453.3675	0	52552.1707	0
2037	1096	-453.3951	0	52552.0671	0
2038	1096	-453.4065	0	52552.0289	0
2039	1096	-453.4246	0	52552.0181	0
2040	1096	-453.4465	0	52552.0157	0
2041	1096	-453.4697	0	52552.0199	0
2042	1096	-453.4779	0	52552.2271	0
2043	1096	-453.4843	0	52552.3085	0
2044	1096	-453.4753	0	52552.6441	0
2045	1096	-453.4763	0	52552.7684	0
2046	1096	-453.4954	0	52552.8181	0
2047	1096	-453.5355	0	52552.8369	0
2048	1096	-453.5380	0	52552.9426	0
2049	1096	-453.5317	0	52552.9813	0
2050	1096	-453.5582	0	52553.0983	0
2051	1096	-453.5813	0	52553.1423	0
2052	1096	-453.6043	0	52553.1569	0
2053	1096	-453.6033	0	52553.1600	0
2054	1096	-453.6292	0	52553.2635	0
2055	1096	-453.6393	0	52553.3001	0
2056	1096	-453.6449	0	52553.4123	0
2057	1096	-453.6904	0	52553.5590	0
2058	1096	-453.7558	0	52553.6167	0
2059	1096	-453.7956	0	52553.8386	0
2060	1096	-453.8092	0	52554.0174	0
2061	1096	-453.8144	0	52554.1786	0
2062	1096	-453.8583	0	52554.1440	0
2063	1096	-453.9016	0	52554.1304	0
2064	1096	-453.9439	0	52554.0274	0
2065	1096	-453.9830	0	52553.9898	0
2066	1096	-453.9803	0	52554.0698	0
2067	1096	-453.9888	0	52554.0978	0
2068	1096	-453.9891	0	52554.1089	0
2069	1096	-454.0019	0	52554.0135	0
2070	1096	-453.9611	0	52554.1646	0
2071	1096	-453.9513	0	52554.1257	0
2072	1096	-453.9387	0	52554.1058	0
2073	1096	-453.9168	0	52554.1944	0
2074	1096	-453.8955	0	52554.2264	0
2075	1096	-453.8739	0	52554.2352	0
2076	1096	-453.8659	0	52554.2351	0
2077	1096	-453.8478	0	52554.2337	0
2078	1096	-453.8416	0	52554.1350	0
2079	1096	-453.8411	0	52554.0941	0
2080	1096	-453.8260	0	52554.2741	0
2081	1096	-453.8378	0	52554.3418	0
2082	1096	-453.8611	0	52554.3723	0
2083	1096	-453.8750	0	52554.2852	0
2084	1096	-453.8826	0	52554.3463	0
2085	1096	-453.8882	0	52554.3722	0
2086	1096	-453.8930	0	52554.3808	0
2087	1096	-453.8949	0	52554.3837	0
2088	1096	-453.8968	0	52554.3815	0
2089	1096	-453.8822	0	52554.4765	0
2090	1096	-453.8906	0	52554.4173	0
2091	1096	-453.8931	0	52554.4902	0
2092	1096	-453.8670	0	52554.7075	0
2093	1096	-453.8890	0	52554.7909	0
2094	1096	-453.9250	0	52554.9231	0
2095	1096	-453.9406	0	52554.9684	0
2096	1096	-453.9518	0	52554.8904	0
2097	1096	-453.9739	0	52554.8607	0
2098	1096	-453.9676	0	52555.0387	0
2099	1096	-453.9778	0	52555.1998	0
2100	1096	-453.9793	0	52555.2594	0
2101	1096	-453.9629	0	52555.2779	0
2102	1096	-453.9555	0	52555.2808	0
2103	1096	-453.9538	0	52555.2813	0
2104	1096	-453.9536	0	52555.2780	0
2105	1096	-453.9644	0	52555.3736	0
2106	1096	-453.9556	0	52555.4995	0
2107	1096	-453.9494	0	52555.7350	0
2108	1096	-453.9486	0	52555.8194	0
2109	1096	-453.9641	0	52555.8516	0
2110	1096	-453.9724	0	52555.8623	0
2111	1096	-453.9859	0	52555.9567	0
2112	1096	-453.9754	0	52556.1732	0
2113	1096	-453.9556	0	52556.2535	0
2114	1096	-453.9456	0	52556.2788	0
2115	1096	-453.9276	0	52556.2831	0
2116	1096	-453.9185	0	52556.2817	0
2117	1096	-453.9005	0	52556.3686	0
2118	1096	-453.8931	0	52556.4917	0
2119	1096	-453.8879	0	52556.6292	0
2120	1096	-453.8772	0	52556.6765	0
2121	1096	-453.8906	0	52556.6930	0
2122	1096	-453.9105	0	52556.7891	0
2123	1096	-453.9345	0	52556.8244	0
2124	1096	-453.9596	0	52556.8374	0
2125	1096	-453.9564	0	52556.9289	0
2126	1096	-453.9693	0	52557.0544	0
2127	1096	-453.9595	0	52557.0969	0
2128	1096	-453.9689	0	52557.1143	0
2129	1096	-453.9455	0	52557.2020	0
2130	1096	-453.9373	0	52557.2361	0
2131	1096	-453.9485	0	52557.2470	0
2132	1096	-453.9477	0	52557.4286	0
2133	1096	-453.9591	0	52557.4958	0
2134	1096	-453.9627	0	52557.6079	0
2135	1096	-453.9664	0	52557.7370	0
2136	1096	-453.9722	0	52557.7832	0
2137	1096	-453.9922	0	52557.7098	0
2138	1096	-454.0032	0	52557.7696	0
2139	1096	-454.0189	0	52557.8798	0
2140	1096	-454.0248	0	52557.9187	0
2141	1096	-454.0112	0	52558.1066	0
2142	1096	-453.9909	0	52558.1739	0
2143	1096	-454.0139	0	52558.0235	0
2144	1096	-454.0048	0	52558.2257	0
2145	1096	-454.0261	0	52558.3037	0
2146	1096	-454.0465	0	52558.3312	0
2147	1096	-454.0375	0	52558.5117	0
2148	1096	-454.0360	0	52558.5780	0
2149	1096	-454.0508	0	52558.5138	0
2150	1096	-454.0613	0	52558.4888	0
2151	1096	-454.0810	0	52558.4790	0
2152	1096	-454.0898	0	52558.4729	0
2153	1096	-454.0786	0	52558.5546	0
2154	1096	-454.0574	0	52558.6703	0
2155	1096	-454.0473	0	52558.7108	0
2156	1096	-454.0297	0	52558.7219	0
2157	1096	-454.0233	0	52558.7241	0
2158	1096	-454.0345	0	52558.6397	0
2159	1096	-454.0100	0	52558.7749	0
2160	1096	-454.0143	0	52558.7403	0
2161	1096	-454.0131	0	52558.8113	0
2162	1096	-453.9983	0	52558.8363	0
2163	1096	-454.0076	0	52558.7588	0
2164	1096	-454.0212	0	52558.7300	0
2165	1096	-454.0055	0	52558.8897	0
2166	1096	-453.9936	0	52558.9469	0
2167	1096	-453.9719	0	52558.9664	0
2168	1096	-453.9330	0	52558.9695	0
2169	1096	-453.8716	0	52559.2201	0
2170	1096	-453.8339	0	52559.0562	0
2171	1096	-453.7653	0	52559.0720	0
2172	1096	-453.7244	0	52559.0752	0
2173	1096	-453.7116	0	52559.0738	0
2174	1096	-453.7088	0	52559.1595	0
2175	1096	-453.6980	0	52559.1895	0
2176	1096	-453.7249	0	52559.1186	0
2177	1096	-453.7347	0	52559.1748	0
2178	1096	-453.7517	0	52559.1979	0
2179	1096	-453.7449	0	52559.2876	0
2180	1096	-453.7403	0	52559.3215	0
2181	1096	-453.7352	0	52559.3326	0
2182	1096	-453.7038	0	52559.4177	0
2183	1096	-453.6769	0	52559.5326	0
2184	1096	-453.6833	0	52559.1482	0
2185	1096	-453.6594	0	52559.0837	0
2186	1096	-453.6806	0	52558.6359	0
2187	1096	-453.6414	0	52559.0532	0
2188	1096	-453.6578	0	52559.3094	0
2189	1096	-453.7029	0	52559.4938	0
2190	1096	-453.7215	0	52559.5624	0
2191	1096	-453.7469	0	52559.5040	0
2192	1096	-453.7724	0	52559.3958	0
2193	1096	-453.7813	0	52559.4401	0
2194	1096	-453.7699	0	52559.5402	0
2195	1096	-453.7639	0	52559.4910	0
2196	1096	-453.7607	0	52559.5571	0
2197	1096	-453.7453	0	52559.7506	0
2198	1096	-453.7673	0	52559.8239	0
2199	1096	-453.7894	0	52559.9357	0
2200	1096	-453.8350	0	52559.9812	0
2201	1096	-453.8896	0	52559.9992	0
2202	1096	-453.9113	0	52559.9211	0
2203	1096	-453.9193	0	52560.0561	0
2204	1096	-453.9325	0	52560.1920	0
2205	1096	-453.9338	0	52560.3227	0
2206	1096	-453.9444	0	52560.3715	0
2207	1096	-453.9318	0	52560.5512	0
2208	1096	-453.8899	0	52560.7767	0
2209	1096	-453.8881	0	52560.7772	0
2210	1096	-453.8814	0	52560.7747	0
2211	1096	-453.8401	0	52560.8486	0
2212	1096	-453.8241	0	52561.0355	0
2213	1096	-453.8201	0	52561.1845	0
2214	1096	-453.8315	0	52561.4015	0
2215	1096	-453.8504	0	52561.4794	0
2216	1096	-453.8614	0	52561.5057	0
2217	1096	-453.8825	0	52561.3514	0
2218	1096	-453.8748	0	52561.5307	0
2219	1096	-453.8708	0	52561.5968	0
2220	1096	-453.8670	0	52561.6969	0
2221	1096	-453.8630	0	52561.8103	0
2222	1096	-453.8593	0	52561.8520	0
2223	1096	-453.8580	0	52561.8639	0
2224	1096	-453.8421	0	52562.0225	0
2225	1096	-453.8359	0	52562.1566	0
2226	1096	-453.8438	0	52562.2063	0
2227	1096	-453.8363	0	52562.2985	0
2228	1096	-453.8598	0	52562.3339	0
2229	1096	-453.8786	0	52562.2677	0
2230	1096	-453.8864	0	52562.3176	0
2231	1096	-453.9156	0	52562.4139	0
2232	1096	-453.9411	0	52562.5273	0
2233	1096	-453.9500	0	52562.6466	0
2234	1096	-453.9656	0	52562.7666	0
2235	1096	-453.9720	0	52562.8091	0
2236	1096	-454.0023	0	52562.8249	0
2237	1096	-454.0033	0	52562.9036	0
2238	1096	-454.0292	0	52562.8553	0
2239	1096	-454.0332	0	52562.9902	0
2240	1096	-454.0615	0	52563.0387	0
2241	1096	-454.0863	0	52563.1350	0
2242	1096	-454.1063	0	52563.2457	0
2243	1096	-454.1185	0	52563.3597	0
2244	1096	-454.1381	0	52563.4018	0
2245	1096	-454.1579	0	52563.4939	0
2246	1096	-454.1674	0	52563.6001	0
2247	1096	-454.1719	0	52563.6379	0
2248	1096	-454.1837	0	52563.7250	0
2249	1096	-454.1992	0	52563.7562	0
2250	1096	-454.2052	0	52563.7659	0
2251	1096	-454.2302	0	52563.7688	0
2252	1096	-454.2279	0	52563.8421	0
2253	1096	-454.2619	0	52563.9438	0
2254	1096	-454.2871	0	52564.0558	0
2255	1096	-454.3061	0	52564.2444	0
2256	1096	-454.3258	0	52564.2425	0
2257	1096	-454.3344	0	52564.2366	0
2258	1096	-454.3227	0	52564.3781	0
2259	1096	-454.3087	0	52564.4290	0
2260	1096	-454.2994	0	52564.5191	0
2261	1096	-454.2866	0	52564.4750	0
2262	1096	-454.2816	0	52564.5309	0
2263	1096	-454.2836	0	52564.5485	0
2264	1096	-454.3147	0	52564.4840	0
2265	1096	-454.3385	0	52564.6046	0
2266	1096	-454.3660	0	52564.5769	0
2267	1096	-454.4044	0	52564.4937	0
2268	1096	-454.4130	0	52564.3857	0
2269	1096	-454.4268	0	52564.1959	0
2270	1096	-454.4405	0	52563.9743	0
2271	1096	-454.4568	0	52564.0460	0
2272	1096	-454.4594	0	52563.9225	0
2273	1096	-454.4585	0	52564.0292	0
2274	1096	-454.4781	0	52563.6152	0
2275	1096	-454.5083	0	52563.3038	0
2276	1096	-454.5340	0	52563.3547	0
2277	1096	-454.5417	0	52563.6057	0
2278	1096	-454.5561	0	52564.3863	0
2279	1096	-454.5779	0	52564.9463	0
2280	1096	-454.5964	0	52565.1630	0
2281	1096	-454.6068	0	52565.3139	0
2282	1096	-454.6236	0	52565.4392	0
2283	1096	-454.6536	0	52565.5548	0
2284	1096	-454.6601	0	52565.7329	0
2285	1096	-454.6696	0	52565.8674	0
2286	1096	-454.6945	0	52565.9146	0
2287	1096	-454.7375	0	52565.9318	0
2288	1096	-454.7573	0	52566.1430	0
2289	1096	-454.7870	0	52566.1515	0
2290	1096	-454.8022	0	52566.2876	0
2291	1096	-454.8283	0	52566.3377	0
2292	1096	-454.8509	0	52566.2846	0
2293	1096	-454.8717	0	52566.2594	0
2294	1096	-454.8884	0	52566.3177	0
2295	1096	-454.8815	0	52566.4752	0
2296	1096	-454.8775	0	52566.5306	0
2297	1096	-454.8759	0	52566.6181	0
2298	1096	-454.8915	0	52566.5808	0
2299	1096	-454.9062	0	52566.6330	0
2300	1096	-454.9304	0	52566.7193	0
2301	1096	-454.9504	0	52566.7511	0
2302	1096	-454.9831	0	52566.7617	0
2303	1096	-455.0177	0	52566.7651	0
2304	1096	-455.0506	0	52566.8343	0
2305	1096	-455.0858	0	52566.8604	0
2306	1096	-455.1346	0	52566.8046	0
2307	1096	-455.1565	0	52566.7791	0
2308	1096	-455.1623	0	52566.8391	0
2309	1096	-455.1568	0	52566.9954	0
2310	1096	-455.1429	0	52567.1192	0
2311	1096	-455.1618	0	52567.1655	0
2312	1096	-455.1936	0	52567.1153	0
2313	1096	-455.2393	0	52567.0283	0
2314	1096	-455.2494	0	52567.1291	0
2315	1096	-455.2367	0	52567.2333	0
2316	1096	-455.2381	0	52567.3393	0
2317	1096	-455.2306	0	52567.5105	0
2318	1096	-455.2317	0	52567.5050	0
2319	1096	-455.2326	0	52567.5023	0
2320	1096	-455.2296	0	52567.5646	0
2321	1096	-455.2281	0	52567.5865	0
2322	1096	-455.2020	0	52567.7239	0
2323	1096	-455.1938	0	52567.7744	0
2324	1096	-455.1888	0	52567.8573	0
2325	1096	-455.1997	0	52567.9533	0
2326	1096	-455.2291	0	52567.9238	0
2327	1096	-455.2600	0	52567.9764	0
2328	1096	-455.2696	0	52568.0609	0
2329	1096	-455.2807	0	52568.2226	0
2330	1096	-455.2941	0	52568.3459	0
2331	1096	-455.3141	0	52568.2610	0
2332	1096	-455.3165	0	52568.2920	0
2333	1096	-455.2990	0	52568.3640	0
2334	1096	-455.2609	0	52568.4525	0
2335	1096	-455.2617	0	52568.3547	0
2336	1096	-455.2344	0	52568.5101	0
2337	1096	-455.2381	0	52568.5667	0
2338	1096	-455.2527	0	52568.5224	0
2339	1096	-455.2539	0	52568.6321	0
2340	1096	-455.2542	0	52568.7368	0
2341	1096	-455.2761	0	52568.8390	0
2342	1096	-455.2841	0	52568.9405	0
2343	1096	-455.2869	0	52568.9764	0
2344	1096	-455.3014	0	52568.8587	0
2345	1096	-455.3006	0	52568.8772	0
2346	1096	-455.2629	0	52569.0691	0
2347	1096	-455.2270	0	52569.1394	0
2348	1096	-455.2199	0	52569.1007	0
2349	1096	-455.1881	0	52569.4007	0
2350	1096	-455.2244	0	52569.4497	0
2351	1096	-455.2516	0	52569.4674	0
2352	1096	-455.2864	0	52569.4724	0
2353	1096	-455.2978	0	52569.5339	0
2354	1096	-455.2976	0	52569.7423	0
2355	1096	-455.2992	0	52569.8182	0
2356	1096	-455.2740	0	52569.9662	0
2357	1096	-455.2420	0	52570.1405	0
2358	1096	-455.2191	0	52570.1416	0
2359	1096	-455.2127	0	52570.1388	0
2360	1096	-455.2140	0	52570.1965	0
2361	1096	-455.2572	0	52570.3406	0
2362	1096	-455.2755	0	52570.5742	0
2363	1096	-455.2784	0	52570.7780	0
2364	1096	-455.2793	0	52570.9724	0
2365	1096	-455.3070	0	52570.9218	0
2366	1096	-455.3273	0	52570.8994	0
2367	1096	-455.3172	0	52571.0068	0
2368	1096	-455.2946	0	52571.1012	0
2369	1096	-455.2992	0	52571.1351	0
2370	1096	-455.3270	0	52571.0277	0
2371	1096	-455.3263	0	52571.0433	0
2372	1096	-455.3325	0	52571.1667	0
2373	1096	-455.3515	0	52571.3297	0
2374	1096	-455.3480	0	52571.6800	0
2375	1096	-455.3490	0	52571.9843	0
2376	1096	-455.3737	0	52572.0370	0
2377	1096	-455.4065	0	52571.9954	0
2378	1096	-455.4359	0	52571.8613	0
2379	1096	-455.4551	0	52571.8660	0
2380	1096	-455.4295	0	52571.9782	0
2381	1096	-455.4218	0	52572.0177	0
2382	1096	-455.4057	0	52572.1448	0
2383	1096	-455.4018	0	52572.1898	0
2384	1096	-455.4156	0	52572.1487	0
2385	1096	-455.4495	0	52572.1888	0
2386	1096	-455.4839	0	52572.2036	0
2387	1096	-455.4956	0	52572.3778	0
2388	1096	-455.5247	0	52572.3860	0
2389	1096	-455.5524	0	52572.3308	0
2390	1096	-455.5626	0	52572.3065	0
2391	1096	-455.5690	0	52572.4678	0
2392	1096	-455.5501	0	52572.6947	0
2393	1096	-455.5349	0	52572.9429	0
2394	1096	-455.5047	0	52573.2521	0
2395	1096	-455.5014	0	52573.3698	0
2396	1096	-455.5283	0	52573.1958	0
2397	1096	-455.5511	0	52572.9599	0
2398	1096	-455.5760	0	52572.8082	0
2399	1096	-455.5830	0	52572.8044	0
2400	1096	-455.6007	0	52572.9177	0
2401	1096	-455.6215	0	52573.0705	0
2402	1096	-455.6693	0	52572.6851	0
2403	1096	-455.7079	0	52572.0066	0
2404	1096	-455.7512	0	52571.5655	0
2405	1096	-455.7589	0	52571.5380	0
2406	1096	-455.7732	0	52571.6543	0
2407	1096	-455.7863	0	52571.8185	0
2408	1096	-455.7898	0	52572.1681	0
2409	1096	-455.7766	0	52572.5786	0
2410	1096	-455.7898	0	52572.7376	0
2411	1096	-455.8142	0	52572.9651	0
2412	1096	-455.8484	0	52573.2694	0
2413	1096	-455.8610	0	52573.4907	0
2414	1096	-455.8749	0	52573.5172	0
2415	1096	-455.8919	0	52573.4704	0
2416	1096	-455.9197	0	52573.4497	0
2417	1096	-455.8976	0	52573.6556	0
2418	1096	-455.8805	0	52573.8380	0
2419	1096	-455.8598	0	52573.8493	0
2420	1096	-455.8897	0	52573.7958	0
2421	1096	-455.8839	0	52573.9346	0
2422	1096	-455.8990	0	52573.9849	0
2423	1096	-455.9202	0	52574.0551	0
2424	1096	-455.9678	0	52574.0813	0
2425	1096	-455.9889	0	52574.1951	0
2426	1096	-456.0213	0	52574.1293	0
2427	1096	-456.0298	0	52574.1556	0
2428	1096	-456.0337	0	52574.1629	0
2429	1096	-455.9990	0	52574.3215	0
2430	1096	-455.9934	0	52574.4338	0
2431	1096	-455.9781	0	52574.5259	0
2432	1096	-455.9889	0	52574.5060	0
2433	1096	-456.0044	0	52574.4437	0
2434	1096	-456.0318	0	52574.4184	0
2435	1096	-456.0450	0	52574.4066	0
2436	1096	-456.0655	0	52574.4561	0
2437	1096	-456.0753	0	52574.6301	0
2438	1096	-456.0714	0	52574.8521	0
2439	1096	-456.1145	0	52574.8299	0
2440	1096	-456.1498	0	52574.8206	0
2441	1096	-456.1925	0	52574.7633	0
2442	1096	-456.1878	0	52574.8447	0
2443	1096	-456.1375	0	52574.9755	0
2444	1096	-456.0843	0	52575.2294	0
2445	1096	-456.0987	0	52575.1686	0
2446	1096	-456.0853	0	52575.2443	0
2447	1096	-456.0777	0	52575.2715	0
2448	1096	-456.0969	0	52575.1776	0
2449	1096	-456.0817	0	52575.1901	0
2450	1096	-456.0745	0	52575.3484	0
2451	1096	-456.0713	0	52575.4053	0
2452	1096	-456.0669	0	52575.4758	0
2453	1096	-456.0498	0	52575.6020	0
2454	1096	-456.0361	0	52575.5972	0
2455	1096	-456.0133	0	52575.7427	0
2456	1096	-456.0109	0	52575.7972	0
2457	1096	-455.9860	0	52575.8647	0
2458	1096	-455.9537	0	52575.9373	0
2459	1096	-455.9431	0	52575.9614	0
