485	112	-454.2750	0	52617.3421	0
486	112	-454.3946	0	52617.2414	0
487	112	-454.5449	0	52617.1082	0
488	112	-454.6017	0	52617.0302	0
489	112	-454.6160	0	52616.9846	0
490	112	-454.6652	0	52616.9117	0
491	112	-454.7480	0	52616.7918	0
492	112	-454.8205	0	52616.6746	0
493	112	-454.8292	0	52616.5935	0
494	112	-454.7775	0	52616.5554	0
495	112	-454.7377	0	52616.4873	0
496	112	-454.7314	0	52616.3828	0
497	112	-454.7284	0	52616.2639	0
498	112	-454.6795	0	52616.1986	0
499	112	-454.5939	0	52616.1731	0
500	112	-454.5434	0	52616.1271	0
501	112	-454.5491	0	52616.0050	0
502	112	-454.5328	0	52615.8879	0
503	112	-454.4569	0	52615.8567	0
504	112	-454.3497	0	52615.8411	0
505	112	-454.2681	0	52615.8107	0
506	112	-454.2141	0	52615.7391	0
507	112	-454.1908	0	52615.6534	0
508	112	-454.1236	0	52615.6126	0
509	112	-454.0495	0	52615.5941	0
510	112	-454.0110	0	52615.5293	0
511	112	-454.0091	0	52615.3105	0
512	112	-454.0053	0	52615.0789	0
513	112	-453.9782	0	52614.9459	0
514	112	-453.9181	0	52614.8740	0
515	112	-453.8862	0	52614.7205	0
516	112	-453.8729	0	52614.5181	0
517	112	-453.8751	0	52614.3056	0
518	112	-453.8636	0	52614.1979	0
519	112	-453.8561	0	52614.1428	0
520	112	-453.8418	0	52614.0673	0
521	112	-453.8825	0	52613.7526	0
522	112	-453.9322	0	52613.4810	0
523	112	-453.9647	0	52613.2195	0
524	112	-453.9720	0	52613.0217	0
525	112	-453.9649	0	52612.8317	0
526	112	-453.9590	0	52612.7559	0
527	112	-453.9966	0	52612.4792	0
528	112	-454.0145	0	52612.3425	0
529	112	-454.0519	0	52612.1710	0
530	112	-454.1076	0	52611.7253	0
531	112	-454.1636	0	52611.4234	0
532	112	-454.1570	0	52612.0535	0
533	112	-454.1608	0	52612.1695	0
534	112	-454.1294	0	52612.3001	0
535	112	-454.1583	0	52612.0210	0
536	112	-454.1902	0	52611.7635	0
537	112	-454.2573	0	52611.3842	0
538	112	-454.3200	0	52611.1290	0
539	112	-454.3514	0	52610.9445	0
540	112	-454.3657	0	52610.8244	0
541	112	-454.3935	0	52610.7835	0
542	112	-454.4202	0	52610.6579	0
543	112	-454.4776	0	52610.4866	0
544	112	-454.5120	0	52610.3573	0
545	112	-454.5433	0	52610.1267	0
546	112	-454.5704	0	52609.9721	0
547	112	-454.6002	0	52609.7544	0
548	112	-454.6494	0	52609.4872	0
549	112	-454.6808	0	52609.3274	0
550	112	-454.6726	0	52609.2773	0
551	112	-454.7091	0	52609.1537	0
552	112	-454.7456	0	52609.0461	0
553	112	-454.8157	0	52608.8741	0
554	112	-454.8265	0	52608.8713	0
555	112	-454.7974	0	52608.8775	0
556	112	-454.8007	0	52608.7865	0
558	112	-454.9828	0	52608.0277	0
559	112	-455.0476	0	52607.7787	0
560	112	-455.0607	0	52607.5737	0
561	112	-455.0775	0	52607.4681	0
562	112	-455.1378	0	52607.4075	0
563	112	-455.2020	0	52607.2858	0
564	112	-455.2235	0	52607.2215	0
565	112	-455.2729	0	52607.1612	0
566	112	-455.2951	0	52607.0814	0
567	112	-455.3307	0	52606.8239	0
568	112	-455.3537	0	52606.5864	0
569	112	-455.4003	0	52606.3660	0
570	112	-455.4265	0	52606.2357	0
571	112	-455.4786	0	52606.1904	0
572	112	-455.5460	0	52606.1209	0
573	112	-455.6112	0	52606.0136	0
574	112	-455.6714	0	52605.9197	0
575	112	-455.6991	0	52605.8880	0
576	112	-455.7056	0	52605.9084	0
577	112	-455.7188	0	52605.8386	0
578	112	-455.7806	0	52605.5879	0
579	112	-455.8382	0	52605.3215	0
580	112	-455.8628	0	52605.2113	0
581	112	-455.8661	0	52605.2054	0
582	112	-455.9073	0	52605.2044	0
583	112	-455.9378	0	52605.1343	0
584	112	-455.9530	0	52605.0242	0
585	112	-456.0224	0	52604.9366	0
586	112	-456.0476	0	52604.9235	0
587	112	-456.0597	0	52604.9223	0
588	112	-456.0640	0	52604.8805	0
589	112	-456.1161	0	52604.6064	0
590	112	-456.1843	0	52604.4083	0
591	112	-456.2190	0	52604.3082	0
592	112	-456.2652	0	52604.2255	0
593	112	-456.2998	0	52604.2130	0
594	112	-456.3876	0	52604.0329	0
595	112	-456.5239	0	52603.7529	0
596	112	-456.6172	0	52603.5670	0
597	112	-456.6703	0	52603.4992	0
598	112	-456.6993	0	52603.4457	0
599	112	-456.7168	0	52603.3808	0
600	112	-456.7774	0	52603.2087	0
601	112	-456.8475	0	52603.0264	0
602	112	-456.9154	0	52602.8915	0
603	112	-456.9552	0	52602.8448	0
604	112	-456.9106	0	52603.0239	0
605	112	-457.1079	0	52602.6276	0
606	112	-457.2705	0	52602.3585	0
607	112	-457.3583	0	52602.2396	0
608	112	-457.3991	0	52602.2162	0
609	112	-457.4235	0	52602.2297	0
610	112	-457.4350	0	52602.2742	0
612	112	-457.5696	0	52601.9494	0
613	112	-457.6341	0	52601.8104	0
614	112	-457.6740	0	52601.6534	0
615	112	-457.6788	0	52601.6543	0
616	112	-457.7207	0	52601.6379	0
617	112	-457.8722	0	52601.3452	0
618	112	-457.9760	0	52601.1612	0
619	112	-458.0215	0	52601.1334	0
620	112	-458.0769	0	52601.0488	0
621	112	-458.0940	0	52601.0398	0
622	112	-458.1073	0	52601.0417	0
623	112	-458.1546	0	52600.9285	0
624	112	-458.2676	0	52600.5920	0
625	112	-458.3571	0	52600.4064	0
626	112	-458.4229	0	52600.2787	0
627	112	-458.4562	0	52600.3327	0
628	112	-458.5221	0	52600.2949	0
629	112	-458.6060	0	52600.1214	0
630	112	-458.6864	0	52599.9757	0
631	112	-458.7237	0	52599.8434	0
632	112	-458.7376	0	52599.7773	0
633	112	-458.7083	0	52599.7393	0
634	112	-458.7074	0	52599.6059	0
635	112	-458.7317	0	52599.4334	0
636	112	-458.7493	0	52599.2675	0
637	112	-458.7218	0	52599.2748	0
638	112	-458.6722	0	52599.3064	0
639	112	-458.6488	0	52599.2811	0
640	112	-458.6800	0	52599.0601	0
641	112	-458.7201	0	52598.8052	0
642	112	-458.7411	0	52598.5607	0
