1180	1135	-457.5651	0	52534.6346	1
1197	1135	-457.6071	0	52534.2979	0
1198	1135	-457.7777	0	52531.9938	0
1199	1135	-457.8470	0	52531.2165	0
1202	1135	-457.6333	0	52528.8642	0
1203	1135	-457.4697	0	52528.3142	0
1208	1135	-457.1820	0	52525.0149	0
1209	1135	-457.1285	0	52524.3832	0
1211	1135	-457.0490	0	52522.8496	0
1212	1135	-457.0972	0	52521.5080	0
1215	1135	-457.0982	0	52518.9006	0
1216	1135	-457.1037	0	52518.4176	0
1217	1135	-456.9980	0	52519.1132	0
1218	1135	-456.9742	0	52518.9535	0
1219	1135	-456.9226	0	52518.6812	0
1220	1135	-456.9632	0	52517.5028	0
1221	1135	-457.0218	0	52517.1032	0
1222	1135	-457.0880	0	52516.2958	0
1223	1135	-457.1282	0	52515.5495	0
1224	1135	-457.1377	0	52515.2925	0
1225	1135	-457.1871	0	52515.0023	0
1226	1135	-457.2095	0	52514.6774	0
1227	1135	-457.2329	0	52514.1091	0
1228	1135	-457.2598	0	52513.4340	0
1229	1135	-457.2730	0	52512.9552	0
1230	1135	-457.2408	0	52513.0269	0
1231	1135	-457.2304	0	52512.8329	0
1232	1135	-457.2522	0	52512.5396	0
1233	1135	-457.2967	0	52511.4687	0
1234	1135	-457.2471	0	52511.5476	0
1235	1135	-457.2482	0	52511.0995	0
1236	1135	-457.2600	0	52510.4403	0
1237	1135	-457.2867	0	52509.4454	0
1238	1135	-457.2806	0	52508.8129	0
1239	1135	-457.2780	0	52508.3290	0
1240	1135	-457.2259	0	52508.1428	0
1241	1135	-457.1867	0	52507.8179	0
1242	1135	-457.1708	0	52507.4400	0
1243	1135	-457.0882	0	52507.8264	0
1259	1135	-457.1511	0	52497.8797	0
