1242	1159	-449.3018	0	52616.5113	0
1243	1159	-449.3891	0	52616.4274	0
1244	1159	-449.4988	0	52616.3267	0
1245	1159	-449.6203	0	52616.2176	0
1246	1159	-449.7083	0	52616.1306	0
1247	1159	-449.8081	0	52616.0394	0
1248	1159	-449.9119	0	52615.9325	0
1249	1159	-450.0168	0	52615.8232	0
1250	1159	-450.0971	0	52615.7306	0
1251	1159	-450.1753	0	52615.6582	0
1252	1159	-450.2639	0	52615.5680	0
1253	1159	-450.3355	0	52615.4731	0
1254	1159	-450.3793	0	52615.3786	0
1255	1159	-450.4020	0	52615.3004	0
1256	1159	-450.4174	0	52615.2390	0
1257	1159	-450.4781	0	52615.1460	0
1258	1159	-450.5289	0	52615.0542	0
1259	1159	-450.5705	0	52614.9631	0
1260	1159	-450.5970	0	52614.8949	0
1261	1159	-450.6071	0	52614.8375	0
1262	1159	-450.6369	0	52614.7531	0
1263	1159	-450.6502	0	52614.6774	0
1264	1159	-450.6563	0	52614.6102	0
1265	1159	-450.6765	0	52614.5329	0
1266	1159	-450.6739	0	52614.4776	0
1267	1159	-450.6560	0	52614.4203	0
1268	1159	-450.6472	0	52614.3311	0
1269	1159	-450.6390	0	52614.2463	0
1270	1159	-450.6264	0	52614.1573	0
1271	1159	-450.6278	0	52614.0401	0
1272	1159	-450.6140	0	52613.7764	0
1273	1159	-450.6303	0	52613.5889	0
1274	1159	-450.6357	0	52613.4953	0
1275	1159	-450.6348	0	52613.3987	0
1276	1159	-450.6159	0	52613.2288	0
1277	1159	-450.5758	0	52612.9673	0
1278	1159	-450.5667	0	52612.7999	0
1279	1159	-450.5716	0	52612.6980	0
1280	1159	-450.5570	0	52612.5812	0
1281	1159	-450.5553	0	52612.4108	0
1282	1159	-450.5471	0	52612.1432	0
1283	1159	-450.5658	0	52611.9993	0
1284	1159	-450.5784	0	52611.9045	0
1285	1159	-450.5722	0	52611.7990	0
1286	1159	-450.5450	0	52611.5241	0
1287	1159	-450.5335	0	52611.3274	0
1288	1159	-450.5335	0	52611.2270	0
1289	1159	-450.5372	0	52611.1459	0
1290	1159	-450.5372	0	52611.0054	0
1291	1159	-450.5353	0	52610.7205	0
1292	1159	-450.5369	0	52610.5490	0
1293	1159	-450.5576	0	52610.4276	0
1294	1159	-450.5767	0	52610.3337	0
1295	1159	-450.5750	0	52610.1901	0
1296	1159	-450.5672	0	52609.9149	0
1297	1159	-450.5648	0	52609.7516	0
1298	1159	-450.5684	0	52609.6588	0
1299	1159	-450.5787	0	52609.5352	0
1300	1159	-450.6000	0	52609.3301	0
1301	1159	-450.6287	0	52609.0797	0
1302	1159	-450.6554	0	52608.9511	0
1303	1159	-450.6648	0	52608.8791	0
1304	1159	-450.6629	0	52608.7792	0
1305	1159	-450.6573	0	52608.5545	0
1306	1159	-450.6882	0	52608.3679	0
1307	1159	-450.7262	0	52608.2387	0
1308	1159	-450.7710	0	52608.1193	0
1309	1159	-450.8134	0	52607.9491	0
1310	1159	-450.8518	0	52607.7254	0
1311	1159	-450.9007	0	52607.6113	0
1312	1159	-450.9249	0	52607.5075	0
1313	1159	-450.9540	0	52607.4171	0
1314	1159	-450.9952	0	52607.2276	0
1315	1159	-451.0581	0	52606.9963	0
1316	1159	-451.1391	0	52606.8393	0
1317	1159	-451.2254	0	52606.6873	0
1318	1159	-451.3012	0	52606.5493	0
1319	1159	-451.3680	0	52606.3430	0
1320	1159	-451.4305	0	52606.1827	0
1321	1159	-451.4631	0	52606.1156	0
1322	1159	-451.4821	0	52606.0712	0
1323	1159	-451.5064	0	52605.9854	0
1324	1159	-451.5623	0	52605.6640	0
1325	1159	-451.6525	0	52605.5038	0
1326	1159	-451.7667	0	52605.3389	0
1327	1159	-451.8515	0	52605.2532	0
1328	1159	-451.9255	0	52605.1189	0
1329	1159	-451.9740	0	52604.9265	0
1330	1159	-452.0038	0	52604.8050	0
1331	1159	-452.0069	0	52604.7519	0
1332	1159	-452.0046	0	52604.7252	0
1333	1159	-452.0499	0	52604.4847	0
1334	1159	-452.1120	0	52604.2418	0
1335	1159	-452.1897	0	52604.0948	0
1336	1159	-452.2350	0	52604.0159	0
1337	1159	-452.2782	0	52603.9620	0
1338	1159	-452.3156	0	52603.7880	0
1339	1159	-452.3520	0	52603.6091	0
1340	1159	-452.3849	0	52603.4728	0
1341	1159	-452.3838	0	52603.3981	0
1342	1159	-452.3831	0	52603.3320	0
1343	1159	-452.4096	0	52603.0704	0
1344	1159	-452.4654	0	52602.8503	0
1345	1159	-452.5214	0	52602.7400	0
1346	1159	-452.5743	0	52602.6401	0
1347	1159	-452.6010	0	52602.5462	0
1348	1159	-452.6271	0	52602.2619	0
1349	1159	-452.6432	0	52602.1117	0
1350	1159	-452.6357	0	52602.0626	0
1351	1159	-452.6289	0	52601.9854	0
1352	1159	-452.6336	0	52601.8312	0
1353	1159	-452.6360	0	52601.5969	0
1354	1159	-452.6869	0	52601.4100	0
1355	1159	-452.7301	0	52601.3102	0
1356	1159	-452.7764	0	52601.1581	0
1357	1159	-452.8077	0	52600.8986	0
1358	1159	-452.8304	0	52600.7186	0
1359	1159	-452.8381	0	52600.6046	0
1360	1159	-452.8372	0	52600.5502	0
1361	1159	-452.8476	0	52600.4653	0
1362	1159	-452.8736	0	52600.1862	0
1363	1159	-452.9059	0	52600.0113	0
1364	1159	-452.9577	0	52599.8579	0
1365	1159	-453.0005	0	52599.7490	0
1366	1159	-453.0398	0	52599.5639	0
1367	1159	-453.0773	0	52599.3276	0
1368	1159	-453.0954	0	52599.1875	0
1369	1159	-453.0969	0	52599.0833	0
1370	1159	-453.0915	0	52599.0127	0
1371	1159	-453.1044	0	52598.8354	0
1372	1159	-453.1133	0	52598.6361	0
1373	1159	-453.1654	0	52598.4846	0
1374	1159	-453.2142	0	52598.3722	0
1375	1159	-453.2702	0	52598.2536	0
1376	1159	-453.3335	0	52598.0086	0
1377	1159	-453.3684	0	52597.8807	0
1378	1159	-453.3830	0	52597.7973	0
1379	1159	-453.3901	0	52597.7721	0
1380	1159	-453.4173	0	52597.6631	0
1381	1159	-453.4754	0	52597.3293	0
1382	1159	-453.5344	0	52597.1412	0
1383	1159	-453.6194	0	52597.0093	0
1384	1159	-453.6637	0	52596.9431	0
1385	1159	-453.7316	0	52596.7919	0
1386	1159	-453.7740	0	52596.5629	0
1387	1159	-453.7867	0	52596.4375	0
1388	1159	-453.7846	0	52596.3519	0
1389	1159	-453.7780	0	52596.2587	0
1390	1159	-453.7818	0	52596.0928	0
1391	1159	-453.8175	0	52595.8966	0
1392	1159	-453.8777	0	52595.7339	0
1393	1159	-453.9328	0	52595.6308	0
1394	1159	-453.9684	0	52595.5276	0
1395	1159	-454.0163	0	52595.2797	0
1396	1159	-454.0614	0	52595.0472	0
1397	1159	-454.0513	0	52595.0391	0
1398	1159	-454.0418	0	52594.9937	0
1399	1159	-454.0367	0	52594.8621	0
1400	1159	-454.0653	0	52594.5957	0
1401	1159	-454.1344	0	52594.3747	0
1402	1159	-454.1852	0	52594.2467	0
1403	1159	-454.2017	0	52594.1797	0
1404	1159	-454.2233	0	52594.0079	0
1405	1159	-454.2376	0	52593.7698	0
1406	1159	-454.2407	0	52593.6601	0
1407	1159	-454.2271	0	52593.6254	0
1408	1159	-454.2213	0	52593.5143	0
1409	1159	-454.2312	0	52593.2410	0
1410	1159	-454.2711	0	52592.9819	0
1411	1159	-454.3091	0	52592.8916	0
1412	1159	-454.3155	0	52592.8356	0
1413	1159	-454.3178	0	52592.7678	0
1414	1159	-454.3340	0	52592.5574	0
1415	1159	-454.3727	0	52592.2611	0
1416	1159	-454.4087	0	52592.1277	0
1417	1159	-454.4086	0	52592.0835	0
1418	1159	-454.4147	0	52591.9614	0
1419	1159	-454.4188	0	52591.8369	0
1420	1159	-454.4332	0	52591.7098	0
1421	1159	-454.4686	0	52591.6393	0
1422	1159	-454.4883	0	52591.5893	0
1423	1159	-454.5207	0	52591.4317	0
1424	1159	-454.5374	0	52591.2321	0
1425	1159	-454.5419	0	52591.0439	0
1426	1159	-454.5410	0	52590.9199	0
1427	1159	-454.5508	0	52590.8190	0
1428	1159	-454.5535	0	52590.7563	0
1429	1159	-454.5740	0	52590.5295	0
1430	1159	-454.5945	0	52590.3871	0
1431	1159	-454.6143	0	52590.2779	0
1432	1159	-454.6345	0	52590.2126	0
1433	1159	-454.6523	0	52589.9775	0
1434	1159	-454.6725	0	52589.7685	0
1435	1159	-454.6740	0	52589.6639	0
1436	1159	-454.6775	0	52589.5677	0
1437	1159	-454.6579	0	52589.5385	0
1438	1159	-454.6683	0	52589.3415	0
1439	1159	-454.6898	0	52589.1441	0
1440	1159	-454.7214	0	52589.0427	0
1441	1159	-454.7521	0	52588.8478	0
1442	1159	-454.7772	0	52588.6485	0
1443	1159	-454.7889	0	52588.4465	0
1444	1159	-454.8050	0	52588.2759	0
1445	1159	-454.7894	0	52588.2848	0
1446	1159	-454.7724	0	52588.1938	0
1447	1159	-454.7733	0	52587.9971	0
1448	1159	-454.8032	0	52587.7232	0
1449	1159	-454.8157	0	52587.6251	0
1450	1159	-454.8198	0	52587.5950	0
1451	1159	-454.8281	0	52587.4857	0
1452	1159	-454.8178	0	52587.3107	0
1453	1159	-454.8378	0	52587.1083	0
1454	1159	-454.8460	0	52587.0385	0
1455	1159	-454.8524	0	52586.9835	0
1456	1159	-454.8710	0	52586.9327	0
1457	1159	-454.8739	0	52586.8117	0
1458	1159	-454.8879	0	52586.5178	0
1459	1159	-454.8900	0	52586.4497	0
1460	1159	-454.8900	0	52586.3556	0
1461	1159	-454.9226	0	52586.1801	0
1462	1159	-454.9689	0	52585.8615	0
1463	1159	-455.0024	0	52585.6328	0
1464	1159	-455.0339	0	52585.5163	0
1465	1159	-455.0565	0	52585.4402	0
1466	1159	-455.0592	0	52585.4187	0
1467	1159	-455.0588	0	52585.2644	0
1468	1159	-455.0871	0	52585.0196	0
1469	1159	-455.1148	0	52584.9329	0
1470	1159	-455.1157	0	52584.9060	0
1471	1159	-455.1295	0	52584.7850	0
1472	1159	-455.1384	0	52584.5497	0
1473	1159	-455.1520	0	52584.4272	0
1474	1159	-455.1610	0	52584.3464	0
1475	1159	-455.1625	0	52584.3215	0
1476	1159	-455.1520	0	52584.2775	0
1477	1159	-455.1872	0	52583.9483	0
1478	1159	-455.2164	0	52583.7459	0
1479	1159	-455.2386	0	52583.6757	0
1480	1159	-455.2698	0	52583.5742	0
1481	1159	-455.2843	0	52583.3756	0
1482	1159	-455.3037	0	52583.2663	0
1483	1159	-455.3169	0	52583.1892	0
1484	1159	-455.3244	0	52583.2066	0
1485	1159	-455.3333	0	52583.1359	0
1486	1159	-455.3556	0	52582.9893	0
1487	1159	-455.3847	0	52582.8118	0
1488	1159	-455.4336	0	52582.7521	0
1489	1159	-455.4534	0	52582.7342	0
1490	1159	-455.5012	0	52582.6492	0
1491	1159	-455.5607	0	52582.4073	0
1492	1159	-455.6079	0	52582.1925	0
1493	1159	-455.6271	0	52582.0731	0
1494	1159	-455.6403	0	52582.0339	0
1495	1159	-455.6590	0	52581.8935	0
1496	1159	-455.6771	0	52581.7584	0
1497	1159	-455.7044	0	52581.5369	0
1498	1159	-455.7149	0	52581.4579	0
1499	1159	-455.7422	0	52581.3893	0
1500	1159	-455.7964	0	52581.2363	0
1501	1159	-455.8400	0	52581.0492	0
1502	1159	-455.8670	0	52581.0297	0
1503	1159	-455.8867	0	52580.9379	0
1504	1159	-455.8764	0	52580.9515	0
1505	1159	-455.9077	0	52580.6912	0
1506	1159	-455.9432	0	52580.5049	0
1507	1159	-455.9423	0	52580.4847	0
1508	1159	-455.9533	0	52580.4370	0
1509	1159	-455.9834	0	52580.4251	0
1510	1159	-456.0404	0	52580.1487	0
1511	1159	-456.0890	0	52579.9069	0
1512	1159	-456.0857	0	52579.9139	0
1513	1159	-456.0801	0	52579.8746	0
1514	1159	-456.0896	0	52579.7225	0
1515	1159	-456.1257	0	52579.5764	0
1516	1159	-456.1530	0	52579.4304	0
1517	1159	-456.1442	0	52579.3777	0
1518	1159	-456.1617	0	52579.3165	0
1519	1159	-456.1997	0	52579.1061	0
1520	1159	-456.2102	0	52578.9328	0
1521	1159	-456.2281	0	52578.7748	0
1522	1159	-456.2201	0	52578.7702	0
1523	1159	-456.2052	0	52578.6723	0
1524	1159	-456.1982	0	52578.4914	0
1525	1159	-456.2532	0	52578.2297	0
1526	1159	-456.2656	0	52578.0855	0
1527	1159	-456.2726	0	52577.9851	0
1528	1159	-456.2746	0	52577.9036	0
1529	1159	-456.3007	0	52577.6231	0
1530	1159	-456.3246	0	52577.4192	0
1531	1159	-456.3213	0	52577.3485	0
1532	1159	-456.3045	0	52577.3788	0
1533	1159	-456.2841	0	52577.2901	0
1534	1159	-456.2955	0	52577.1055	0
1535	1159	-456.3176	0	52576.9381	0
1536	1159	-456.3325	0	52576.8268	0
1537	1159	-456.3759	0	52576.6873	0
1538	1159	-456.4311	0	52576.3735	0
1539	1159	-456.4971	0	52576.1559	0
1540	1159	-456.5066	0	52576.1334	0
1541	1159	-456.5128	0	52576.0775	0
1542	1159	-456.5167	0	52576.0088	0
1543	1159	-456.5404	0	52575.8242	0
1544	1159	-456.6087	0	52575.4330	0
1545	1159	-456.6702	0	52575.1824	0
1546	1159	-456.6914	0	52575.0928	0
1547	1159	-456.6970	0	52575.0670	0
1548	1159	-456.6707	0	52574.9475	0
1549	1159	-456.6722	0	52574.7962	0
1550	1159	-456.6853	0	52574.7462	0
1551	1159	-456.7273	0	52574.6788	0
1552	1159	-456.7588	0	52574.4316	0
1553	1159	-456.8019	0	52574.1726	0
1554	1159	-456.8419	0	52574.0238	0
1555	1159	-456.8563	0	52573.9732	0
1556	1159	-456.8983	0	52573.8465	0
1557	1159	-456.9189	0	52573.6287	0
1558	1159	-456.9358	0	52573.4344	0
1559	1159	-456.9863	0	52573.0093	0
1560	1159	-456.9639	0	52572.9724	0
1561	1159	-456.9088	0	52573.0847	0
1562	1159	-456.8935	0	52572.8900	0
1563	1159	-456.8848	0	52572.7010	0
1564	1159	-456.8562	0	52572.6935	0
1565	1159	-456.8250	0	52572.6963	0
1566	1159	-456.8056	0	52572.6402	0
1567	1159	-456.8642	0	52572.1326	0
1568	1159	-456.9998	0	52571.4565	0
1569	1159	-457.0763	0	52571.0168	0
1570	1159	-457.1149	0	52570.7264	0
1571	1159	-457.0017	0	52570.9844	0
1572	1159	-456.8657	0	52571.2226	0
1573	1159	-456.7815	0	52571.3154	0
1574	1159	-456.7274	0	52571.3541	0
1575	1159	-456.6970	0	52571.3701	0
1576	1159	-456.6813	0	52571.1876	0
1577	1159	-456.7333	0	52570.6700	0
1578	1159	-456.7857	0	52570.2863	0
1579	1159	-456.7973	0	52570.0801	0
1580	1159	-456.7911	0	52570.0743	0
1581	1159	-456.7324	0	52570.0067	0
1582	1159	-456.6917	0	52569.8527	0
1583	1159	-456.6335	0	52569.8650	0
1584	1159	-456.5558	0	52569.9353	0
1585	1159	-456.5330	0	52569.8998	0
1586	1159	-456.5393	0	52569.6905	0
1587	1159	-456.5604	0	52569.3470	0
1588	1159	-456.5632	0	52569.1519	0
1589	1159	-456.6058	0	52568.9490	0
1590	1159	-456.6434	0	52568.6732	0
1591	1159	-456.6200	0	52568.5696	0
1592	1159	-456.5876	0	52568.5337	0
1593	1159	-456.5815	0	52568.4593	0
1594	1159	-456.5603	0	52568.4338	0
1595	1159	-456.5635	0	52568.4310	0
1596	1159	-456.5823	0	52568.1565	0
1597	1159	-456.5870	0	52568.0551	0
1598	1159	-456.6037	0	52567.9527	0
1599	1159	-456.5941	0	52567.9177	0
1600	1159	-456.5672	0	52567.8361	0
1601	1159	-456.5406	0	52567.6623	0
1602	1159	-456.5349	0	52567.5311	0
1603	1159	-456.5227	0	52567.4843	0
1604	1159	-456.5370	0	52567.4003	0
1605	1159	-456.5571	0	52567.1559	0
1606	1159	-456.5931	0	52566.9259	0
1607	1159	-456.6162	0	52566.6977	0
1608	1159	-456.6125	0	52566.6150	0
1609	1159	-456.5704	0	52566.7354	0
1610	1159	-456.5503	0	52566.4861	0
1611	1159	-456.5324	0	52566.3932	0
1612	1159	-456.5165	0	52566.3634	0
1613	1159	-456.5234	0	52566.2084	0
1614	1159	-456.5293	0	52566.1542	0
1615	1159	-456.5476	0	52565.7598	0
1616	1159	-456.5933	0	52565.3886	0
1617	1159	-456.6162	0	52565.3345	0
1618	1159	-456.6345	0	52565.0896	0
1619	1159	-456.6265	0	52565.0003	0
1620	1159	-456.6302	0	52564.8185	0
1621	1159	-456.6208	0	52564.7525	0
1622	1159	-456.6101	0	52564.6560	0
1623	1159	-456.6076	0	52564.6248	0
1624	1159	-456.6392	0	52564.3070	0
1625	1159	-456.6551	0	52564.1114	0
1626	1159	-456.6652	0	52563.9646	0
1627	1159	-456.6578	0	52563.9140	0
1628	1159	-456.6297	0	52563.8991	0
1629	1159	-456.6030	0	52563.8144	0
1630	1159	-456.6522	0	52563.4693	0
1631	1159	-456.6426	0	52563.5031	0
1632	1159	-456.6420	0	52563.5245	0
1633	1159	-456.6601	0	52563.4575	0
1634	1159	-456.6768	0	52563.2736	0
1635	1159	-456.7047	0	52563.0475	0
1636	1159	-456.7031	0	52562.9648	0
1637	1159	-456.6865	0	52563.0189	0
1638	1159	-456.6662	0	52562.8775	0
1639	1159	-456.6968	0	52562.6657	0
1640	1159	-456.7157	0	52562.5077	0
1641	1159	-456.7272	0	52562.4548	0
1642	1159	-456.7449	0	52562.4400	0
1643	1159	-456.7457	0	52562.3543	0
1644	1159	-456.7834	0	52562.1632	0
1645	1159	-456.8084	0	52562.0966	0
1646	1159	-456.8338	0	52561.9952	0
1647	1159	-456.8647	0	52561.7927	0
1648	1159	-456.8474	0	52561.5426	0
1649	1159	-456.8416	0	52561.4552	0
1650	1159	-456.8236	0	52561.5087	0
1651	1159	-456.8541	0	52561.3669	0
1652	1159	-456.9019	0	52561.1510	0
1653	1159	-456.9489	0	52560.8152	0
1654	1159	-456.9444	0	52560.8664	0
1655	1159	-456.9556	0	52560.8930	0
1656	1159	-456.9712	0	52560.7327	0
1657	1159	-457.0388	0	52560.3294	0
1658	1159	-457.0941	0	52559.9201	0
1659	1159	-457.0965	0	52559.8542	0
1660	1159	-457.0973	0	52559.8389	0
1661	1159	-457.0628	0	52560.0133	0
1662	1159	-457.0927	0	52559.8216	0
1663	1159	-457.1067	0	52559.6625	0
1664	1159	-457.1670	0	52559.3438	0
1665	1159	-457.2223	0	52559.0487	0
1666	1159	-457.2555	0	52558.8523	0
1667	1159	-457.2739	0	52558.5999	0
1668	1159	-457.2466	0	52558.5040	0
1669	1159	-457.2275	0	52558.3796	0
1670	1159	-457.2189	0	52558.3383	0
1671	1159	-457.2017	0	52558.3284	0
1672	1159	-457.2038	0	52558.1434	0
1673	1159	-457.2249	0	52557.8917	0
1674	1159	-457.2317	0	52557.7064	0
1675	1159	-457.2236	0	52557.7370	0
1676	1159	-457.2264	0	52557.5628	0
1677	1159	-457.2376	0	52557.2139	0
1678	1159	-457.2076	0	52556.9822	0
1679	1159	-457.1971	0	52556.9019	0
1680	1159	-457.2065	0	52556.8809	0
1681	1159	-457.2167	0	52556.7816	0
1682	1159	-457.2193	0	52556.5536	0
1683	1159	-457.2521	0	52556.1778	0
1684	1159	-457.2300	0	52556.1394	0
1685	1159	-457.2195	0	52556.1294	0
1686	1159	-457.2115	0	52555.9314	0
1687	1159	-457.1754	0	52555.9559	0
1688	1159	-457.1375	0	52555.9675	0
1689	1159	-457.1450	0	52555.8802	0
1690	1159	-457.1327	0	52555.9499	0
1691	1159	-457.1383	0	52555.8803	0
1692	1159	-457.1752	0	52555.7654	0
1693	1159	-457.1744	0	52555.7214	0
1694	1159	-457.1789	0	52555.6077	0
1695	1159	-457.1605	0	52555.6671	0
1696	1159	-457.1650	0	52555.4923	0
1697	1159	-457.1563	0	52555.4241	0
1698	1159	-457.1821	0	52555.4096	0
1699	1159	-457.1987	0	52555.5109	0
1700	1159	-457.2235	0	52555.6551	0
1701	1159	-457.2257	0	52555.5088	0
1702	1159	-457.2301	0	52555.3517	0
1703	1159	-457.2340	0	52555.1935	0
1704	1159	-457.2263	0	52555.0319	0
1705	1159	-457.2094	0	52554.9700	0
1706	1159	-457.1949	0	52554.8435	0
1707	1159	-457.2239	0	52554.7038	0
1708	1159	-457.2165	0	52554.7546	0
1709	1159	-457.1858	0	52554.7707	0
1710	1159	-457.1810	0	52554.6786	0
1711	1159	-457.2051	0	52554.6514	0
1712	1159	-457.2476	0	52554.2309	0
1713	1159	-457.2516	0	52553.9671	0
1714	1159	-457.2370	0	52553.8672	0
1715	1159	-457.2123	0	52553.8296	0
1716	1159	-457.1873	0	52553.8184	0
1717	1159	-457.2020	0	52553.6085	0
1718	1159	-457.2057	0	52553.5324	0
1719	1159	-457.1715	0	52553.6074	0
1720	1159	-457.1659	0	52553.5344	0
1721	1159	-457.2094	0	52553.1970	0
1723	1159	-457.2206	0	52553.1713	0
1724	1159	-457.2183	0	52553.1797	0
1725	1159	-457.2232	0	52552.9706	0
1726	1159	-457.2105	0	52552.8901	0
1727	1159	-457.2162	0	52552.6466	0
1728	1159	-457.2034	0	52552.5579	0
1729	1159	-457.1784	0	52552.6328	0
1730	1159	-457.1667	0	52552.4434	0
1731	1159	-457.1384	0	52552.4818	0
1732	1159	-457.1035	0	52552.6055	0
1733	1159	-457.0526	0	52552.7549	0
1734	1159	-456.9962	0	52552.9164	0
1735	1159	-456.9513	0	52552.8616	0
1736	1159	-456.9388	0	52552.7345	0
1737	1159	-456.9524	0	52552.3632	0
1738	1159	-456.9646	0	52552.1158	0
1739	1159	-456.9491	0	52552.1296	0
1740	1159	-456.9794	0	52551.7003	0
1741	1159	-457.0108	0	52551.4301	0
1742	1159	-457.0347	0	52551.1100	0
1743	1159	-457.0078	0	52551.0977	0
1744	1159	-457.0065	0	52550.8762	0
1745	1159	-456.9748	0	52551.0165	0
1746	1159	-456.9762	0	52550.8517	0
1747	1159	-457.0397	0	52550.4622	0
1748	1159	-457.0628	0	52550.3175	0
1749	1159	-457.1254	0	52550.0486	0
1750	1159	-457.1291	0	52550.0645	0
1751	1159	-457.0968	0	52550.1870	0
1752	1159	-457.1208	0	52550.1300	0
1753	1159	-457.1525	0	52549.9994	0
1754	1159	-457.1300	0	52550.0651	0
1755	1159	-457.1493	0	52549.8667	0
1756	1159	-457.1777	0	52549.6824	0
1757	1159	-457.1888	0	52549.6150	0
1758	1159	-457.1490	0	52549.8207	0
1759	1159	-457.0968	0	52550.0112	0
1760	1159	-457.1241	0	52549.7419	0
1761	1159	-457.1460	0	52549.6475	0
1762	1159	-457.1364	0	52549.6100	0
1763	1159	-457.1343	0	52549.4813	0
1764	1159	-457.3074	0	52548.2746	0
1765	1159	-457.5198	0	52546.7836	0
1770	1159	-457.1113	0	52547.9505	0
1772	1159	-456.9614	0	52548.3881	0
1773	1159	-456.8432	0	52548.8025	0
1774	1159	-456.7887	0	52548.8187	0
1777	1159	-456.7249	0	52548.4688	0
1778	1159	-456.7269	0	52548.2882	0
1779	1159	-456.7770	0	52547.7459	0
1780	1159	-456.8115	0	52547.4289	0
1781	1159	-456.7908	0	52547.3043	0
1782	1159	-456.7717	0	52547.3841	0
1783	1159	-456.7195	0	52547.4094	0
1784	1159	-456.6698	0	52547.2991	0
1785	1159	-456.7252	0	52546.5266	0
1786	1159	-456.6848	0	52546.5935	0
1787	1159	-456.6539	0	52546.6283	0
1788	1159	-456.6104	0	52546.6404	0
1789	1159	-456.6045	0	52546.3996	0
1790	1159	-456.6305	0	52546.0638	0
1791	1159	-456.6298	0	52545.8123	0
1792	1159	-456.5625	0	52545.8357	0
1793	1159	-456.5012	0	52545.9785	0
1794	1159	-456.5444	0	52545.4001	0
1795	1159	-456.5529	0	52545.0537	0
1796	1159	-456.4980	0	52545.3024	0
1797	1159	-456.5281	0	52545.0272	0
1798	1159	-456.5237	0	52544.9249	0
1799	1159	-456.5265	0	52544.7608	0
1800	1159	-456.5351	0	52544.5754	0
1801	1159	-456.5216	0	52544.5072	0
1802	1159	-456.5042	0	52544.3489	0
1803	1159	-456.4642	0	52544.2914	0
1804	1159	-456.4415	0	52544.1337	0
1805	1159	-456.4202	0	52544.0788	0
1806	1159	-456.3902	0	52544.1958	0
1807	1159	-456.3987	0	52543.8432	0
1808	1159	-456.4477	0	52543.4508	0
1809	1159	-456.4703	0	52543.1756	0
1810	1159	-456.4698	0	52542.9349	0
1811	1159	-456.3864	0	52543.2477	0
1812	1159	-456.3787	0	52542.8194	0
1813	1159	-456.3980	0	52542.5313	0
1814	1159	-456.4379	0	52542.0160	0
1815	1159	-456.4576	0	52541.8308	0
1816	1159	-456.5068	0	52541.2079	0
1817	1159	-456.5294	0	52540.8374	0
1818	1159	-456.5199	0	52540.7022	0
1819	1159	-456.4777	0	52540.7977	0
1820	1159	-456.4671	0	52540.6997	0
1821	1159	-456.3830	0	52540.9396	0
1822	1159	-456.3666	0	52540.7510	0
1823	1159	-456.3845	0	52540.5464	0
1824	1159	-456.4019	0	52540.3337	0
1826	1159	-456.4089	0	52540.2293	0
1827	1159	-456.4191	0	52540.0757	0
1828	1159	-456.4401	0	52539.7311	0
1835	1159	-456.4873	0	52539.3588	0
1836	1159	-456.4445	0	52539.6683	0
1837	1159	-456.4402	0	52539.6219	0
1838	1159	-456.4430	0	52539.7624	0
1839	1159	-456.4483	0	52539.6651	0
1840	1159	-456.4166	0	52539.6237	0
1841	1159	-456.4289	0	52539.4692	0
1842	1159	-456.4755	0	52539.2765	0
1852	1159	-456.5088	0	52538.5163	0
