497	116	-444.0240	0	52618.8666	0
498	116	-444.2605	0	52618.7323	0
499	116	-444.5064	0	52618.6074	0
500	116	-444.7631	0	52618.5153	0
501	116	-444.9627	0	52618.4311	0
502	116	-445.2095	0	52618.3172	0
503	116	-445.4577	0	52618.1841	0
504	116	-445.6752	0	52618.0560	0
505	116	-445.8086	0	52617.9849	0
506	116	-445.9513	0	52617.9092	0
507	116	-446.1015	0	52617.8209	0
508	116	-446.2655	0	52617.7017	0
509	116	-446.3923	0	52617.6034	0
510	116	-446.4643	0	52617.5578	0
511	116	-446.5593	0	52617.4939	0
512	116	-446.6574	0	52617.3927	0
513	116	-446.7397	0	52617.2830	0
514	116	-446.7852	0	52617.2033	0
515	116	-446.8122	0	52617.1517	0
516	116	-446.8565	0	52617.0824	0
517	116	-446.9268	0	52616.9925	0
518	116	-447.0007	0	52616.8894	0
519	116	-447.0452	0	52616.8109	0
520	116	-447.0650	0	52616.7709	0
521	116	-447.1047	0	52616.7047	0
522	116	-447.1190	0	52616.6093	0
523	116	-447.1477	0	52616.5264	0
524	116	-447.1738	0	52616.4490	0
525	116	-447.1772	0	52616.4105	0
526	116	-447.2083	0	52616.3659	0
527	116	-447.2334	0	52616.2221	0
528	116	-447.2755	0	52616.0331	0
529	116	-447.3284	0	52615.9333	0
530	116	-447.3759	0	52615.8825	0
531	116	-447.4099	0	52615.7470	0
532	116	-447.4419	0	52615.4937	0
533	116	-447.4483	0	52615.2547	0
534	116	-447.4822	0	52615.1433	0
535	116	-447.5388	0	52615.0668	0
536	116	-447.5966	0	52614.9431	0
537	116	-447.6601	0	52614.7154	0
538	116	-447.7362	0	52614.4767	0
539	116	-447.8034	0	52614.3727	0
540	116	-447.8715	0	52614.3048	0
541	116	-447.9369	0	52614.2215	0
542	116	-447.9726	0	52614.0159	0
543	116	-448.0017	0	52613.7260	0
544	116	-448.0433	0	52613.5789	0
545	116	-448.0853	0	52613.4954	0
546	116	-448.1472	0	52613.3930	0
547	116	-448.2224	0	52613.2011	0
548	116	-448.2952	0	52612.9556	0
549	116	-448.3457	0	52612.8246	0
550	116	-448.3949	0	52612.7697	0
551	116	-448.4460	0	52612.6583	0
552	116	-448.4761	0	52612.4487	0
553	116	-448.4840	0	52612.1897	0
554	116	-448.5031	0	52612.0424	0
555	116	-448.5001	0	52611.9671	0
556	116	-448.5612	0	52611.8471	0
557	116	-448.6097	0	52611.6662	0
558	116	-448.6342	0	52611.3753	0
559	116	-448.6685	0	52611.2404	0
560	116	-448.7057	0	52611.1842	0
561	116	-448.7441	0	52611.0985	0
562	116	-448.7754	0	52610.9229	0
563	116	-448.7808	0	52610.6413	0
564	116	-448.8009	0	52610.4875	0
565	116	-448.8158	0	52610.4355	0
566	116	-448.8669	0	52610.4392	0
567	116	-448.9251	0	52610.3906	0
568	116	-449.0220	0	52610.2224	0
569	116	-449.0852	0	52610.0762	0
570	116	-449.1302	0	52609.9814	0
571	116	-449.1640	0	52609.9167	0
572	116	-449.2093	0	52609.8076	0
573	116	-449.2575	0	52609.5363	0
574	116	-449.3124	0	52609.3672	0
575	116	-449.3402	0	52609.3088	0
576	116	-449.3754	0	52609.3128	0
577	116	-449.4586	0	52609.2441	0
578	116	-449.5435	0	52609.0325	0
579	116	-449.6039	0	52608.9085	0
580	116	-449.6520	0	52608.8285	0
581	116	-449.6946	0	52608.7301	0
582	116	-449.7214	0	52608.5537	0
583	116	-449.7485	0	52608.2343	0
584	116	-449.7691	0	52608.0551	0
585	116	-449.7955	0	52607.9790	0
586	116	-449.8596	0	52607.8630	0
587	116	-449.9338	0	52607.6411	0
588	116	-449.9849	0	52607.4173	0
589	116	-450.0148	0	52607.2988	0
590	116	-450.0257	0	52607.2342	0
591	116	-450.0556	0	52607.1738	0
592	116	-450.0763	0	52606.9141	0
593	116	-450.0898	0	52606.6689	0
594	116	-450.1002	0	52606.5273	0
595	116	-450.1068	0	52606.4797	0
596	116	-450.1444	0	52606.3525	0
597	116	-450.1850	0	52606.1372	0
598	116	-450.2193	0	52605.9290	0
599	116	-450.2255	0	52605.8434	0
600	116	-450.2318	0	52605.8173	0
601	116	-450.2549	0	52605.6936	0
602	116	-450.2646	0	52605.4287	0
603	116	-450.2944	0	52605.1935	0
604	116	-450.2816	0	52605.1142	0
605	116	-450.2707	0	52605.0760	0
606	116	-450.2936	0	52604.9407	0
607	116	-450.3575	0	52604.7011	0
608	116	-450.3983	0	52604.4708	0
609	116	-450.4006	0	52604.3750	0
610	116	-450.4127	0	52604.3446	0
611	116	-450.4377	0	52604.2070	0
612	116	-450.4674	0	52603.9935	0
613	116	-450.4948	0	52603.7495	0
614	116	-450.5318	0	52603.6440	0
615	116	-450.5719	0	52603.5741	0
616	116	-450.6262	0	52603.4824	0
617	116	-450.6946	0	52603.2234	0
618	116	-450.7313	0	52603.0244	0
619	116	-450.7496	0	52602.8845	0
620	116	-450.7825	0	52602.8177	0
621	116	-450.8214	0	52602.7248	0
622	116	-450.8793	0	52602.5651	0
623	116	-450.9274	0	52602.3061	0
624	116	-450.9567	0	52602.1199	0
625	116	-450.9845	0	52602.0924	0
626	116	-451.0339	0	52601.9906	0
627	116	-451.0841	0	52601.7270	0
628	116	-451.1300	0	52601.4752	0
629	116	-451.1538	0	52601.3471	0
630	116	-451.1653	0	52601.2859	0
631	116	-451.1754	0	52601.1898	0
632	116	-451.1903	0	52600.9389	0
633	116	-451.2070	0	52600.7477	0
634	116	-451.2221	0	52600.5990	0
635	116	-451.2309	0	52600.5901	0
636	116	-451.2512	0	52600.4684	0
637	116	-451.2805	0	52600.2811	0
638	116	-451.3099	0	52600.0458	0
639	116	-451.3342	0	52599.8758	0
640	116	-451.3448	0	52599.8402	0
641	116	-451.3494	0	52599.7900	0
642	116	-451.3725	0	52599.6017	0
643	116	-451.3921	0	52599.3592	0
644	116	-451.4071	0	52599.2514	0
645	116	-451.4143	0	52599.2165	0
646	116	-451.4305	0	52599.1411	0
647	116	-451.4443	0	52598.9827	0
648	116	-451.4628	0	52598.7223	0
649	116	-451.4766	0	52598.5131	0
650	116	-451.4803	0	52598.4175	0
651	116	-451.4850	0	52598.2702	0
652	116	-451.5158	0	52598.0041	0
653	116	-451.5819	0	52597.8098	0
654	116	-451.6180	0	52597.6942	0
655	116	-451.6233	0	52597.6816	0
656	116	-451.6301	0	52597.6105	0
657	116	-451.6329	0	52597.3692	0
658	116	-451.6393	0	52597.1573	0
659	116	-451.6244	0	52596.9846	0
660	116	-451.6061	0	52596.9772	0
661	116	-451.5956	0	52596.9052	0
662	116	-451.5908	0	52596.7054	0
663	116	-451.5963	0	52596.5052	0
664	116	-451.5974	0	52596.4101	0
665	116	-451.5853	0	52596.3544	0
666	116	-451.5931	0	52596.2864	0
667	116	-451.6089	0	52596.1600	0
668	116	-451.6197	0	52595.9318	0
669	116	-451.6207	0	52595.7425	0
670	116	-451.6236	0	52595.7038	0
671	116	-451.6248	0	52595.5591	0
672	116	-451.6222	0	52595.3728	0
673	116	-451.6298	0	52595.0573	0
674	116	-451.6279	0	52594.8021	0
675	116	-451.6211	0	52594.7420	0
676	116	-451.6231	0	52594.6985	0
677	116	-451.6341	0	52594.5436	0
678	116	-451.6424	0	52594.3173	0
679	116	-451.6360	0	52594.1796	0
680	116	-451.6124	0	52594.1649	0
681	116	-451.5806	0	52594.1671	0
682	116	-451.5570	0	52594.0570	0
683	116	-451.5655	0	52593.7519	0
684	116	-451.5634	0	52593.5203	0
685	116	-451.5621	0	52593.4701	0
686	116	-451.5603	0	52593.5175	0
687	116	-451.5746	0	52593.4489	0
688	116	-451.5692	0	52593.2459	0
689	116	-451.5614	0	52593.0508	0
690	116	-451.5354	0	52593.0144	0
691	116	-451.5274	0	52592.9744	0
692	116	-451.5013	0	52592.8407	0
693	116	-451.5047	0	52592.5413	0
694	116	-451.5123	0	52592.2721	0
695	116	-451.5238	0	52592.2406	0
696	116	-451.5216	0	52592.2348	0
697	116	-451.5376	0	52592.1076	0
698	116	-451.5512	0	52591.8681	0
699	116	-451.5580	0	52591.6161	0
700	116	-451.5513	0	52591.4612	0
701	116	-451.5329	0	52591.4435	0
702	116	-451.5237	0	52591.3418	0
703	116	-451.5231	0	52591.1734	0
704	116	-451.5438	0	52590.9428	0
705	116	-451.5488	0	52590.8621	0
706	116	-451.5364	0	52590.8033	0
707	116	-451.5289	0	52590.7871	0
708	116	-451.5447	0	52590.5068	0
709	116	-451.5585	0	52590.2632	0
710	116	-451.5633	0	52590.1058	0
711	116	-451.5408	0	52590.0905	0
712	116	-451.5121	0	52590.0190	0
713	116	-451.4844	0	52589.8191	0
714	116	-451.4798	0	52589.7122	0
715	116	-451.4775	0	52589.5304	0
716	116	-451.4691	0	52589.5049	0
717	116	-451.4744	0	52589.5369	0
718	116	-451.4786	0	52589.3336	0
719	116	-451.4911	0	52589.1108	0
720	116	-451.4933	0	52588.9569	0
721	116	-451.4793	0	52588.9421	0
722	116	-451.4711	0	52588.9049	0
723	116	-451.4568	0	52588.7830	0
724	116	-451.4528	0	52588.6268	0
725	116	-451.4472	0	52588.3427	0
726	116	-451.4298	0	52588.3567	0
727	116	-451.4224	0	52588.3666	0
728	116	-451.4006	0	52588.2990	0
729	116	-451.3784	0	52588.0441	0
730	116	-451.3602	0	52587.7546	0
731	116	-451.3465	0	52587.7311	0
732	116	-451.3117	0	52587.7268	0
733	116	-451.2957	0	52587.5720	0
734	116	-451.2759	0	52587.3979	0
735	116	-451.2620	0	52587.1742	0
736	116	-451.2500	0	52587.1772	0
737	116	-451.2274	0	52587.1427	0
738	116	-451.2109	0	52587.0535	0
739	116	-451.2039	0	52586.8603	0
740	116	-451.1835	0	52586.6269	0
741	116	-451.1708	0	52586.6266	0
742	116	-451.1369	0	52586.7143	0
743	116	-451.0969	0	52586.6717	0
744	116	-451.0772	0	52586.4076	0
745	116	-451.0772	0	52586.1406	0
746	116	-451.0723	0	52585.9592	0
747	116	-451.0551	0	52585.8532	0
748	116	-451.0531	0	52585.7764	0
749	116	-451.0606	0	52585.5325	0
750	116	-451.0632	0	52585.3139	0
751	116	-451.0507	0	52585.0158	0
752	116	-451.0478	0	52584.9535	0
753	116	-451.0432	0	52584.8920	0
754	116	-451.0368	0	52584.7844	0
755	116	-451.0455	0	52584.5690	0
756	116	-451.0532	0	52584.3549	0
757	116	-451.0498	0	52584.3256	0
758	116	-451.0463	0	52584.2750	0
759	116	-451.0598	0	52584.0768	0
760	116	-451.0668	0	52583.8193	0
761	116	-451.0778	0	52583.5861	0
762	116	-451.0729	0	52583.6010	0
763	116	-451.0616	0	52583.5639	0
764	116	-451.0637	0	52583.4135	0
765	116	-451.0748	0	52583.2178	0
766	116	-451.0825	0	52583.0527	0
767	116	-451.0676	0	52583.0934	0
768	116	-451.0612	0	52583.0174	0
769	116	-451.0541	0	52582.8964	0
770	116	-451.0733	0	52582.7576	0
771	116	-451.0752	0	52582.5132	0
772	116	-451.0714	0	52582.4755	0
773	116	-451.0596	0	52582.3676	0
774	116	-451.0545	0	52582.3315	0
775	116	-451.0710	0	52582.0731	0
776	116	-451.0711	0	52581.9794	0
777	116	-451.0818	0	52581.9492	0
778	116	-451.0880	0	52581.9918	0
779	116	-451.0967	0	52581.8109	0
780	116	-451.1266	0	52581.5921	0
781	116	-451.1479	0	52581.2046	0
782	116	-451.1721	0	52581.0614	0
783	116	-451.1842	0	52581.0138	0
784	116	-451.1967	0	52580.8959	0
785	116	-451.2120	0	52580.6978	0
786	116	-451.2210	0	52580.4687	0
787	116	-451.2131	0	52580.4958	0
788	116	-451.2183	0	52580.5114	0
789	116	-451.2296	0	52580.3071	0
790	116	-451.2480	0	52580.0736	0
791	116	-451.2704	0	52579.8265	0
792	116	-451.2771	0	52579.8471	0
793	116	-451.2813	0	52579.8608	0
794	116	-451.2766	0	52579.7078	0
795	116	-451.2856	0	52579.3754	0
796	116	-451.2861	0	52579.1436	0
797	116	-451.2762	0	52579.1764	0
798	116	-451.2958	0	52579.1933	0
799	116	-451.2824	0	52579.1480	0
800	116	-451.3001	0	52578.9096	0
801	116	-451.3143	0	52578.6522	0
802	116	-451.3037	0	52578.6204	0
803	116	-451.2955	0	52578.7877	0
804	116	-451.3088	0	52578.6803	0
805	116	-451.3361	0	52578.3544	0
806	116	-451.3544	0	52578.0033	0
807	116	-451.3682	0	52577.8734	0
808	116	-451.3860	0	52577.8900	0
809	116	-451.4122	0	52577.7832	0
810	116	-451.4678	0	52577.5085	0
811	116	-451.5236	0	52577.1703	0
812	116	-451.5579	0	52577.1695	0
813	116	-451.5765	0	52577.1748	0
814	116	-451.6046	0	52577.0621	0
815	116	-451.6413	0	52576.7802	0
816	116	-451.6708	0	52576.4348	0
817	116	-451.6741	0	52576.3081	0
818	116	-451.6846	0	52576.4516	0
819	116	-451.7093	0	52576.3264	0
820	116	-451.7488	0	52576.0973	0
821	116	-451.8042	0	52575.6982	0
822	116	-451.8057	0	52575.6818	0
823	116	-451.8217	0	52575.6192	0
824	116	-451.8449	0	52575.5376	0
825	116	-451.9167	0	52575.1894	0
826	116	-451.9667	0	52574.9990	0
827	116	-451.9887	0	52574.9972	0
828	116	-452.0103	0	52575.0712	0
829	116	-452.0474	0	52574.9076	0
830	116	-452.0976	0	52574.5852	0
831	116	-452.1416	0	52574.2721	0
832	116	-452.1163	0	52574.3586	0
833	116	-452.1155	0	52574.4664	0
834	116	-452.1437	0	52574.3108	0
835	116	-452.1912	0	52573.9895	0
836	116	-452.2063	0	52573.8730	0
837	116	-452.2227	0	52573.8331	0
838	116	-452.2517	0	52573.8231	0
839	116	-452.2919	0	52573.6220	0
840	116	-452.3460	0	52573.2788	0
841	116	-452.3978	0	52573.0142	0
842	116	-452.3770	0	52573.2641	0
843	116	-452.3911	0	52573.1580	0
844	116	-452.4368	0	52572.8434	0
845	116	-452.4955	0	52572.3822	0
846	116	-452.5265	0	52572.2095	0
847	116	-452.5583	0	52572.1514	0
848	116	-452.5768	0	52571.9921	0
849	116	-452.6359	0	52571.6524	0
850	116	-452.6746	0	52571.3103	0
851	116	-452.6763	0	52571.2608	0
852	116	-452.6877	0	52571.1767	0
853	116	-452.7115	0	52571.0055	0
854	116	-452.7276	0	52570.8716	0
855	116	-452.7544	0	52570.5316	0
856	116	-452.7744	0	52570.4077	0
857	116	-452.7686	0	52570.4458	0
858	116	-452.7774	0	52570.3142	0
859	116	-452.8122	0	52569.9668	0
860	116	-452.8095	0	52569.7644	0
861	116	-452.7985	0	52569.7732	0
862	116	-452.7945	0	52569.7833	0
863	116	-452.7841	0	52569.6389	0
864	116	-452.8236	0	52569.2780	0
865	116	-452.8526	0	52568.9926	0
866	116	-452.8689	0	52568.8116	0
867	116	-452.8770	0	52568.8326	0
868	116	-452.9041	0	52568.5260	0
869	116	-452.9341	0	52568.2541	0
870	116	-452.9537	0	52567.9981	0
871	116	-452.9359	0	52567.9903	0
872	116	-452.9052	0	52568.0762	0
873	116	-452.9044	0	52567.9532	0
874	116	-452.9166	0	52567.6675	0
875	116	-452.9371	0	52567.3988	0
876	116	-452.9318	0	52567.3052	0
877	116	-452.9295	0	52567.3597	0
878	116	-452.9127	0	52567.3041	0
879	116	-452.9008	0	52567.1198	0
880	116	-452.8799	0	52567.0576	0
881	116	-452.8696	0	52566.9529	0
882	116	-452.8241	0	52566.8353	0
883	116	-452.7975	0	52566.5424	0
884	116	-452.8004	0	52566.1775	0
885	116	-452.8232	0	52565.9608	0
886	116	-452.7965	0	52565.8872	0
887	116	-452.7859	0	52565.6914	0
888	116	-452.7924	0	52565.3609	0
889	116	-452.8066	0	52565.1534	0
890	116	-452.8105	0	52564.9952	0
891	116	-452.8208	0	52564.7644	0
892	116	-453.2517	0	52560.3346	0
893	116	-452.9465	0	52562.7725	0
894	116	-452.8344	0	52563.6990	0
895	116	-452.7945	0	52563.8493	0
896	116	-452.7802	0	52563.8199	0
897	116	-452.7651	0	52563.8175	0
898	116	-452.7874	0	52563.9189	0
899	116	-452.7917	0	52563.7774	0
900	116	-452.8153	0	52563.4500	0
901	116	-452.8519	0	52563.0562	0
902	116	-452.8531	0	52562.9100	0
903	116	-452.8672	0	52562.6739	0
904	116	-452.8746	0	52562.4989	0
905	116	-452.8935	0	52562.2466	0
906	116	-452.9282	0	52562.1620	0
907	116	-452.9670	0	52561.9427	0
908	116	-453.0066	0	52561.7728	0
909	116	-453.0577	0	52561.4236	0
910	116	-453.0773	0	52561.1984	0
911	116	-453.0727	0	52561.2217	0
912	116	-453.0867	0	52561.0398	0
913	116	-453.1066	0	52560.7797	0
914	116	-453.1547	0	52560.4874	0
915	116	-453.1854	0	52560.3849	0
916	116	-453.2132	0	52560.3559	0
917	116	-453.2364	0	52560.1483	0
918	116	-453.2733	0	52559.8740	0
919	116	-453.2977	0	52559.5730	0
920	116	-453.2933	0	52559.4635	0
921	116	-453.2932	0	52559.4314	0
922	116	-453.2976	0	52559.1163	0
923	116	-453.3167	0	52558.7916	0
924	116	-453.3659	0	52558.5716	0
925	116	-453.3996	0	52558.6048	0
926	116	-453.4398	0	52558.6248	0
927	116	-453.4722	0	52558.4294	0
928	116	-453.4981	0	52558.1461	0
929	116	-453.5215	0	52557.9390	0
930	116	-453.5363	0	52557.7607	0
931	116	-453.5465	0	52557.8079	0
932	116	-453.5952	0	52557.5073	0
933	116	-453.6594	0	52557.0724	0
934	116	-453.7130	0	52556.9154	0
935	116	-453.7636	0	52556.7529	0
936	116	-453.7799	0	52556.8134	0
937	116	-453.8015	0	52556.7327	0
938	116	-453.8375	0	52556.4826	0
939	116	-453.8378	0	52556.2833	0
940	116	-453.8237	0	52556.3257	0
941	116	-453.8324	0	52556.2378	0
942	116	-453.8407	0	52555.9830	0
943	116	-453.8883	0	52555.6649	0
944	116	-453.9224	0	52555.5523	0
945	116	-453.9512	0	52555.5156	0
946	116	-453.9712	0	52555.5122	0
947	116	-453.9651	0	52555.5116	0
948	116	-454.0067	0	52555.1756	0
949	116	-454.0225	0	52554.9349	0
950	116	-454.0277	0	52554.8523	0
951	116	-454.0288	0	52554.8249	0
952	116	-454.0295	0	52554.5861	0
953	116	-454.0432	0	52554.3824	0
954	116	-454.0669	0	52554.1950	0
955	116	-454.0893	0	52554.1283	0
956	116	-454.1096	0	52554.1118	0
957	116	-454.1356	0	52553.7545	0
958	116	-454.1757	0	52553.3811	0
959	116	-454.1932	0	52553.1254	0
960	116	-454.2149	0	52553.0382	0
961	116	-454.2133	0	52552.8860	0
962	116	-454.1994	0	52552.8377	0
963	116	-454.2003	0	52552.8263	0
964	116	-454.2515	0	52552.4563	0
965	116	-454.2023	0	52552.5718	0
966	116	-454.2325	0	52552.2455	0
973	116	-454.5011	0	52549.2722	0
974	116	-454.4880	0	52549.9596	0
975	116	-454.4537	0	52550.5520	0
976	116	-454.4892	0	52550.5328	0
977	116	-454.5500	0	52550.2769	0
978	116	-454.5987	0	52550.1883	0
979	116	-454.6496	0	52549.9026	0
980	116	-454.6676	0	52549.7993	0
981	116	-454.6787	0	52549.6343	0
982	116	-454.7198	0	52549.1820	0
983	116	-454.7581	0	52548.7478	0
984	116	-454.7843	0	52548.3214	0
985	116	-454.8273	0	52548.1663	0
986	116	-454.9043	0	52547.5680	0
987	116	-455.0122	0	52546.6429	0
988	116	-455.0706	0	52546.1611	0
989	116	-455.1109	0	52545.8497	0
990	116	-455.1281	0	52545.6012	0
991	116	-455.1791	0	52544.9360	0
992	116	-455.2227	0	52544.2508	0
993	116	-455.2538	0	52544.0044	0
994	116	-455.2870	0	52543.7777	0
995	116	-455.3562	0	52543.4090	0
996	116	-455.4545	0	52542.1955	0
997	116	-455.4706	0	52541.9044	0
998	116	-455.4712	0	52541.9714	0
999	116	-455.4200	0	52542.1744	0
1000	116	-455.4430	0	52541.9498	0
1001	116	-455.4329	0	52541.5583	0
1002	116	-455.5016	0	52541.1084	0
1003	116	-455.5849	0	52540.4708	0
1004	116	-455.5232	0	52540.8687	0
1005	116	-455.5107	0	52541.0530	0
1006	116	-455.5357	0	52540.4773	0
1007	116	-455.5560	0	52540.2725	0
1008	116	-455.5629	0	52540.0400	0
1009	116	-455.5493	0	52539.9636	0
1010	116	-455.5330	0	52540.1120	0
1011	116	-455.5336	0	52539.8472	0
1012	116	-455.5391	0	52539.4209	0
1013	116	-455.5400	0	52539.2686	0
1014	116	-455.5191	0	52539.3854	0
1015	116	-455.5107	0	52539.4390	0
1016	116	-455.5276	0	52539.3006	0
1017	116	-455.5347	0	52539.0841	0
1018	116	-455.5355	0	52539.0100	0
1019	116	-455.5111	0	52539.1563	0
1020	116	-455.4818	0	52539.3813	0
1021	116	-455.4776	0	52539.3027	0
1022	116	-455.5207	0	52538.7705	0
1023	116	-455.5260	0	52538.7450	0
1024	116	-455.4882	0	52538.9071	0
1025	116	-455.4729	0	52538.9732	0
1026	116	-455.5096	0	52538.6657	0
1027	116	-455.5416	0	52538.3801	0
1028	116	-455.5339	0	52538.2763	0
1029	116	-455.5042	0	52538.5821	0
1030	116	-455.5002	0	52538.3567	0
1031	116	-455.5013	0	52538.1083	0
1032	116	-455.5275	0	52537.6688	0
1033	116	-455.5140	0	52537.6826	0
1034	116	-455.4804	0	52537.6880	0
1035	116	-455.4852	0	52537.7004	0
1036	116	-455.5144	0	52537.3588	0
1037	116	-455.5459	0	52537.0590	0
1038	116	-455.5132	0	52537.3001	0
1039	116	-455.4817	0	52537.3966	0
1040	116	-455.4683	0	52537.6062	0
1041	116	-455.4731	0	52537.3396	0
1042	116	-455.4593	0	52537.2425	0
1043	116	-455.4715	0	52537.2105	0
1044	116	-455.4829	0	52537.0236	0
1045	116	-455.4872	0	52537.1331	0
1046	116	-455.5071	0	52537.0056	0
1047	116	-455.5335	0	52536.7822	0
1048	116	-455.5415	0	52536.6984	0
1049	116	-455.5297	0	52536.6701	0
1050	116	-455.5069	0	52536.6641	0
1051	116	-455.5198	0	52536.4884	0
1052	116	-455.5055	0	52536.4204	0
1053	116	-455.5244	0	52536.2211	0
1054	116	-455.4934	0	52536.3262	0
1055	116	-455.5004	0	52536.3745	0
1056	116	-455.5309	0	52536.0324	0
1057	116	-455.5531	0	52535.9079	0
1058	116	-455.5410	0	52535.8652	0
1059	116	-455.4949	0	52536.2066	0
1060	116	-455.5019	0	52535.9813	0
1061	116	-455.4858	0	52535.8989	0
1062	116	-455.4774	0	52535.8673	0
1063	116	-455.4290	0	52536.2125	0
1064	116	-455.4112	0	52536.3461	0
1065	116	-455.4054	0	52536.3954	0
1066	116	-455.4108	0	52536.0560	0
1067	116	-455.4336	0	52535.7491	0
1068	116	-455.4420	0	52535.6384	0
1069	116	-455.4282	0	52535.5921	0
1070	116	-455.4107	0	52535.3965	0
1071	116	-455.4334	0	52534.9617	0
1072	116	-455.4614	0	52534.6169	0
1073	116	-455.4334	0	52534.6694	0
1074	116	-455.4243	0	52534.6997	0
1075	116	-455.4467	0	52534.5329	0
1076	116	-455.5014	0	52533.9156	0
1077	116	-455.5200	0	52533.6869	0
1078	116	-455.4905	0	52533.7914	0
1079	116	-455.5036	0	52533.6502	0
1080	116	-455.5530	0	52532.2592	0
1081	116	-455.1693	0	52534.6316	0
1091	116	-455.1081	0	52534.4606	0
