1381	1198	-465.7244	0	52447.1353	1
1382	1198	-465.7248	0	52447.1356	1
1383	1198	-465.7245	0	52447.1471	1
1384	1198	-465.7241	0	52447.1559	1
1385	1198	-465.7239	0	52447.1640	1
1386	1198	-465.7242	0	52447.1510	1
1387	1198	-465.7243	0	52447.1462	1
1395	1198	-465.7242	0	52447.1435	0
1396	1198	-465.7245	0	52447.1433	0
1397	1198	-465.7245	0	52447.1481	0
1400	1198	-465.7241	0	52447.1567	0
1401	1198	-465.7240	0	52447.1528	0
1402	1198	-465.7240	0	52447.1514	0
1403	1198	-465.7236	0	52447.1555	0
1404	1198	-465.7241	0	52447.1526	0
1405	1198	-465.7240	0	52447.1560	0
1406	1198	-465.7239	0	52447.1572	0
1407	1198	-465.7239	0	52447.1529	0
1408	1198	-465.7239	0	52447.1510	0
1409	1198	-465.7239	0	52447.1505	0
1410	1198	-465.7239	0	52447.1502	0
1411	1198	-465.7246	0	52447.1456	0
1412	1198	-465.7248	0	52447.1439	0
1413	1198	-465.7248	0	52447.1480	0
1414	1198	-465.7248	0	52447.1497	0
1415	1198	-465.7248	0	52447.1503	0
1416	1198	-465.7248	0	52447.1506	0
1417	1198	-465.7249	0	52447.1507	0
1418	1198	-465.7249	0	52447.1507	0
1419	1198	-465.7249	0	52447.1507	0
1420	1198	-465.7246	0	52447.1554	0
1421	1198	-465.7245	0	52447.1572	0
1422	1198	-465.7245	0	52447.1579	0
1424	1198	-465.7248	0	52447.1583	0
1425	1198	-465.7247	0	52447.1530	0
1426	1198	-465.7246	0	52447.1561	0
1427	1198	-465.7246	0	52447.1573	0
1428	1198	-465.7246	0	52447.1578	0
1429	1198	-465.7245	0	52447.1579	0
1430	1198	-465.7245	0	52447.1531	0
1431	1198	-465.7246	0	52447.1513	0
1432	1198	-465.7242	0	52447.1553	0
1433	1198	-465.7241	0	52447.1615	0
1434	1198	-465.7237	0	52447.1637	0
1435	1198	-465.7236	0	52447.1645	0
1436	1198	-465.7233	0	52447.1694	0
1437	1198	-465.7238	0	52447.1670	0
1438	1198	-465.7237	0	52447.1704	0
1439	1198	-465.7236	0	52447.1718	0
1440	1198	-465.7233	0	52447.1767	0
1441	1198	-465.7232	0	52447.1834	0
1442	1198	-465.7238	0	52447.1768	0
1443	1198	-465.7241	0	52447.1790	0
1444	1198	-465.7241	0	52447.1797	0
1445	1198	-465.7239	0	52447.1797	0
1446	1198	-465.7238	0	52447.1892	0
1447	1198	-465.7244	0	52447.1837	0
1448	1198	-465.7243	0	52447.1861	0
1449	1198	-465.7243	0	52447.1868	0
1450	1198	-465.7237	0	52447.1914	0
1451	1198	-465.7235	0	52447.1931	0
1452	1198	-465.7231	0	52447.2028	0
1453	1198	-465.7233	0	52447.2065	0
1454	1198	-465.7237	0	52447.2082	0
1455	1198	-465.7239	0	52447.2087	0
1456	1198	-465.7243	0	52447.2043	0
1457	1198	-465.7247	0	52447.2028	0
1458	1198	-465.7245	0	52447.2112	0
1459	1198	-465.7241	0	52447.2140	0
1460	1198	-465.7242	0	52447.2107	0
1461	1198	-465.7242	0	52447.2139	0
1475	1198	-465.7256	0	52447.2295	0
1476	1198	-465.7254	0	52447.2343	0
1477	1198	-465.7250	0	52447.2400	0
1479	1198	-465.7248	0	52447.2478	1
1480	1198	-465.7244	0	52447.2535	1
1481	1198	-465.7245	0	52447.2557	1
1482	1198	-465.7241	0	52447.2604	1
1483	1198	-465.7239	0	52447.2706	1
1484	1198	-465.7238	0	52447.2658	1
1485	1198	-465.7235	0	52447.2721	1
1486	1198	-465.7234	0	52447.2744	1
1487	1198	-465.7231	0	52447.2750	1
1488	1198	-465.7230	0	52447.2837	1
1489	1198	-465.7230	0	52447.2867	1
1490	1198	-465.7238	0	52447.2798	1
1491	1198	-465.7236	0	52447.2851	1
1492	1198	-465.7235	0	52447.2870	1
1493	1198	-465.7232	0	52447.2875	1
1494	1198	-465.7231	0	52447.2875	1
1495	1198	-465.7228	0	52447.2956	1
1496	1198	-465.7229	0	52447.2946	1
1497	1198	-465.7229	0	52447.2941	1
1498	1198	-465.7224	0	52447.2976	1
1499	1198	-465.7226	0	52447.2907	1
1500	1198	-465.7226	0	52447.2923	1
1501	1198	-465.7230	0	52447.2890	1
1502	1198	-465.7231	0	52447.2917	1
1503	1198	-465.7232	0	52447.2968	1
1504	1198	-465.7230	0	52447.2986	1
1505	1198	-465.7229	0	52447.2992	1
1506	1198	-465.7229	0	52447.2994	1
1507	1198	-465.7228	0	52447.2994	1
1508	1198	-465.7228	0	52447.2994	1
1509	1198	-465.7225	0	52447.3032	1
1510	1198	-465.7222	0	52447.3085	1
1511	1198	-465.7220	0	52447.3147	1
1512	1198	-465.7222	0	52447.3129	1
1513	1198	-465.7220	0	52447.3160	1
1514	1198	-465.7220	0	52447.3171	1
1515	1198	-465.7222	0	52447.3135	1
1516	1198	-465.7220	0	52447.3161	1
1517	1198	-465.7220	0	52447.3169	1
1518	1198	-465.7221	0	52447.3173	1
1519	1198	-465.7219	0	52447.3212	1
1521	1198	-465.7217	0	52447.3230	0
1522	1198	-465.7217	0	52447.3232	0
1523	1198	-465.7218	0	52447.3233	0
1524	1198	-465.7218	0	52447.3272	0
1525	1198	-465.7216	0	52447.3285	0
1526	1198	-465.7212	0	52447.3367	0
1527	1198	-465.7211	0	52447.3358	0
1528	1198	-465.7211	0	52447.3354	0
1529	1198	-465.7214	0	52447.3393	0
1531	1198	-465.7215	0	52447.3410	0
1535	1198	-465.7224	0	52447.3418	0
1536	1198	-465.7226	0	52447.3338	0
1537	1198	-465.7227	0	52447.3466	0
1562	1198	-465.7227	0	52447.3472	0
1563	1198	-465.7229	0	52447.3351	0
1564	1198	-465.7230	0	52447.3309	0
1565	1198	-465.7230	0	52447.3253	0
1566	1198	-465.7231	0	52447.3193	0
1567	1198	-465.7228	0	52447.3170	0
1568	1198	-465.7228	0	52447.3163	0
1569	1198	-465.7230	0	52447.3203	0
1570	1198	-465.7230	0	52447.3219	0
1572	1198	-465.7233	0	52447.3131	0
1573	1198	-465.7228	0	52447.3189	0
1574	1198	-465.7226	0	52447.3251	0
1575	1198	-465.7224	0	52447.3427	0
1576	1198	-465.7223	0	52447.3419	0
1577	1198	-465.7224	0	52447.3338	0
1578	1198	-465.7227	0	52447.3308	0
1579	1198	-465.7226	0	52447.3529	0
1580	1198	-465.7229	0	52447.3536	0
1581	1198	-465.7232	0	52447.3426	0
1582	1198	-465.7233	0	52447.3380	0
1583	1198	-465.7233	0	52447.3363	0
1584	1198	-465.7233	0	52447.3358	0
1585	1198	-465.7233	0	52447.3394	0
1588	1198	-465.7223	0	52447.3933	0
1591	1198	-465.7230	0	52447.3653	0
1592	1198	-465.7229	0	52447.3785	0
1595	1198	-465.7228	0	52447.4023	0
