1398	1203	-459.8531	0	52540.7035	2
1399	1203	-459.6348	0	52540.4057	2
1401	1203	-459.2721	0	52540.2044	2
1402	1203	-459.2620	0	52539.8580	2
1403	1203	-459.1169	0	52539.7052	2
1404	1203	-458.9623	0	52539.6345	2
1405	1203	-458.6955	0	52539.5548	2
1406	1203	-458.7849	0	52539.5828	2
1407	1203	-458.7658	0	52539.4353	2
1408	1203	-458.8360	0	52539.2531	2
1409	1203	-458.7289	0	52539.0018	2
1410	1203	-458.5647	0	52538.8720	2
1411	1203	-458.4331	0	52538.5030	2
1416	1203	-457.3642	0	52537.1805	2
1417	1203	-457.4526	0	52536.9729	2
1418	1203	-457.3103	0	52536.5313	2
1419	1203	-457.2139	0	52536.5188	2
1420	1203	-457.1568	0	52536.3565	2
1424	1203	-455.6177	0	52534.5312	2
1425	1203	-455.4067	0	52534.3295	2
1426	1203	-455.2811	0	52533.7341	2
1427	1203	-455.1653	0	52533.3277	2
1428	1203	-454.9486	0	52532.7888	2
1429	1203	-454.6471	0	52532.1818	2
1430	1203	-454.2853	0	52531.8839	2
1431	1203	-454.1474	0	52531.4282	2
1432	1203	-453.7768	0	52530.9887	2
1433	1203	-453.4956	0	52530.7900	2
1434	1203	-453.4398	0	52530.7473	2
1435	1203	-453.3983	0	52530.3725	2
1436	1203	-453.3565	0	52530.0506	2
1437	1203	-452.9517	0	52529.4476	2
1438	1203	-452.3011	0	52528.8761	2
1439	1203	-451.7291	0	52528.3777	2
1440	1203	-451.4053	0	52527.9750	2
1441	1203	-451.2689	0	52527.2653	2
1442	1203	-451.2849	0	52527.0317	2
1443	1203	-451.1855	0	52526.7278	2
1444	1203	-451.0963	0	52526.4188	2
1445	1203	-450.9934	0	52526.0922	2
1446	1203	-450.7481	0	52525.5251	2
1447	1203	-450.3648	0	52525.0208	2
1448	1203	-450.0720	0	52524.1930	2
1449	1203	-450.0655	0	52523.7255	2
1450	1203	-450.0408	0	52523.5542	2
1452	1203	-449.7262	0	52522.4126	2
1453	1203	-449.6489	0	52521.9873	2
