1403	1206	-465.6988	0	52447.1561	0
1404	1206	-465.6988	0	52447.1550	0
1405	1206	-465.6989	0	52447.1547	0
1406	1206	-465.6990	0	52447.1546	0
1407	1206	-465.6986	0	52447.1597	0
1408	1206	-465.6985	0	52447.1614	0
1409	1206	-465.6987	0	52447.1521	0
1410	1206	-465.6984	0	52447.1483	0
1411	1206	-465.6983	0	52447.1418	0
1412	1206	-465.6983	0	52447.1396	0
1417	1206	-465.6973	0	52447.1376	0
1418	1206	-465.6972	0	52447.1378	0
1419	1206	-465.6972	0	52447.1378	0
1420	1206	-465.6972	0	52447.1378	0
1421	1206	-465.6972	0	52447.1279	0
1422	1206	-465.6972	0	52447.1191	0
1423	1206	-465.6972	0	52447.1262	0
1424	1206	-465.6972	0	52447.1239	0
1425	1206	-465.6972	0	52447.1280	0
1426	1206	-465.6965	0	52447.1292	0
1427	1206	-465.6965	0	52447.1199	0
1428	1206	-465.6965	0	52447.1162	0
1429	1206	-465.6965	0	52447.1150	0
1430	1206	-465.6963	0	52447.1195	0
1431	1206	-465.6962	0	52447.1162	0
1432	1206	-465.6963	0	52447.1202	0
1433	1206	-465.6963	0	52447.1167	0
1434	1206	-465.6966	0	52447.1104	0
1435	1206	-465.6965	0	52447.1130	0
1439	1206	-465.6956	0	52447.1271	0
1440	1206	-465.6955	0	52447.1291	0
1441	1206	-465.6952	0	52447.1295	0
1442	1206	-465.6954	0	52447.1298	0
1443	1206	-465.6952	0	52447.1347	0
1444	1206	-465.6952	0	52447.1366	0
1448	1206	-465.6946	0	52447.1372	0
1449	1206	-465.6946	0	52447.1371	0
1450	1206	-465.6946	0	52447.1372	0
1451	1206	-465.6944	0	52447.1320	0
1452	1206	-465.6947	0	52447.1303	0
1453	1206	-465.6948	0	52447.1297	0
1454	1206	-465.6950	0	52447.1346	0
1455	1206	-465.6951	0	52447.1364	0
1456	1206	-465.6954	0	52447.1322	0
1457	1206	-465.6958	0	52447.1207	0
1458	1206	-465.6962	0	52447.1166	0
1459	1206	-465.6962	0	52447.1252	0
1460	1206	-465.6962	0	52447.1285	0
1461	1206	-465.6962	0	52447.1247	0
1462	1206	-465.6962	0	52447.1233	0
1463	1206	-465.6965	0	52447.1229	0
1464	1206	-465.6965	0	52447.1228	0
1465	1206	-465.6969	0	52447.1231	0
1466	1206	-465.6968	0	52447.1329	0
1467	1206	-465.6968	0	52447.1367	0
1468	1206	-465.6967	0	52447.1331	0
1469	1206	-465.6967	0	52447.1367	0
1470	1206	-465.6969	0	52447.1283	0
1471	1206	-465.6965	0	52447.1346	0
1472	1206	-465.6963	0	52447.1370	0
1473	1206	-465.6958	0	52447.1326	0
1474	1206	-465.6957	0	52447.1310	0
1475	1206	-465.6957	0	52447.1253	0
1476	1206	-465.6957	0	52447.1231	0
1477	1206	-465.6957	0	52447.1224	0
1478	1206	-465.6959	0	52447.1224	0
1480	1206	-465.6959	0	52447.1223	0
1481	1206	-465.6959	0	52447.1223	0
1482	1206	-465.6956	0	52447.1272	0
1483	1206	-465.6955	0	52447.1340	0
1484	1206	-465.6953	0	52447.1364	0
1485	1206	-465.6953	0	52447.1424	0
1486	1206	-465.6953	0	52447.1495	0
1487	1206	-465.6953	0	52447.1520	0
1488	1206	-465.6952	0	52447.1576	0
1489	1206	-465.6951	0	52447.1598	0
1490	1206	-465.6953	0	52447.1605	0
1491	1206	-465.6954	0	52447.1656	0
1492	1206	-465.6954	0	52447.1673	0
1493	1206	-465.6954	0	52447.1680	0
1494	1206	-465.6952	0	52447.1679	0
1495	1206	-465.6953	0	52447.1727	0
1496	1206	-465.6953	0	52447.1696	0
1497	1206	-465.6954	0	52447.1732	0
1498	1206	-465.6958	0	52447.1794	0
1499	1206	-465.6959	0	52447.1817	0
1500	1206	-465.6962	0	52447.1781	0
1501	1206	-465.6964	0	52447.1812	0
1502	1206	-465.6964	0	52447.1778	0
1503	1206	-465.6968	0	52447.1812	0
1504	1206	-465.6969	0	52447.1825	0
1505	1206	-465.6970	0	52447.1829	0
1506	1206	-465.6970	0	52447.1829	0
1507	1206	-465.6969	0	52447.1782	0
1508	1206	-465.6965	0	52447.1761	0
1509	1206	-465.6965	0	52447.1755	0
1510	1206	-465.6963	0	52447.1797	0
1511	1206	-465.6962	0	52447.1813	0
1512	1206	-465.6959	0	52447.1816	0
1513	1206	-465.6960	0	52447.1820	0
1514	1206	-465.6960	0	52447.1821	0
1515	1206	-465.6960	0	52447.1867	0
1516	1206	-465.6960	0	52447.1839	0
1517	1206	-465.6960	0	52447.1827	0
1518	1206	-465.6956	0	52447.1820	0
1519	1206	-465.6955	0	52447.1769	0
1520	1206	-465.6953	0	52447.1701	0
