1404	1207	-467.1802	0	52594.4067	2
1407	1207	-468.2907	0	52593.0674	2
1431	1207	-470.3417	0	52590.3897	2
1436	1207	-471.3167	0	52587.8786	2
1437	1207	-471.2082	0	52587.3266	2
1443	1207	-469.8244	0	52589.7620	2
1444	1207	-469.7172	0	52589.7530	2
1445	1207	-469.9791	0	52589.1945	2
1446	1207	-470.2648	0	52588.4835	2
1448	1207	-470.6995	0	52587.5606	2
1451	1207	-468.6069	0	52591.4399	2
1452	1207	-468.2310	0	52592.0603	2
1463	1207	-469.2274	0	52590.5400	2
1464	1207	-469.2690	0	52590.4267	2
1465	1207	-469.3919	0	52590.1438	2
1467	1207	-470.0943	0	52588.5275	2
1468	1207	-470.3529	0	52587.9031	2
1469	1207	-470.6429	0	52587.3441	2
1470	1207	-471.0058	0	52586.5560	2
1471	1207	-471.1145	0	52586.1948	2
