1823	1224	-450.3877	0	52614.5979	0
1824	1224	-450.5662	0	52614.4524	0
1825	1224	-450.7667	0	52614.2916	0
1826	1224	-450.9747	0	52614.1136	0
1827	1224	-451.1555	0	52613.9490	0
1828	1224	-451.3047	0	52613.7923	0
1829	1224	-451.4175	0	52613.6463	0
1830	1224	-451.5106	0	52613.5097	0
1831	1224	-451.5960	0	52613.3714	0
1832	1224	-451.6518	0	52613.2399	0
1833	1224	-451.6887	0	52613.1113	0
1834	1224	-451.7092	0	52612.9843	0
1835	1224	-451.7063	0	52612.8588	0
1836	1224	-451.6840	0	52612.7231	0
1837	1224	-451.6463	0	52612.5418	0
1838	1224	-451.5766	0	52612.3177	0
1839	1224	-451.5289	0	52612.1536	0
1840	1224	-451.4572	0	52611.9107	0
1841	1224	-451.2343	0	52611.8485	0
1842	1224	-451.2409	0	52611.4595	0
1843	1224	-451.2031	0	52611.1699	0
1844	1224	-451.1602	0	52610.8874	0
1845	1224	-451.0978	0	52610.6283	0
1846	1224	-451.0302	0	52610.2977	0
1847	1224	-450.9767	0	52610.0483	0
1848	1224	-450.9423	0	52609.8031	0
1849	1224	-450.9004	0	52609.5662	0
1850	1224	-450.8567	0	52609.2869	0
1851	1224	-450.8067	0	52609.0300	0
1852	1224	-450.7648	0	52608.7505	0
1853	1224	-450.7321	0	52608.4752	0
1854	1224	-450.7069	0	52608.2063	0
1855	1224	-450.6793	0	52607.9273	0
1856	1224	-450.6558	0	52607.6788	0
1857	1224	-450.6420	0	52607.4178	0
1858	1224	-450.6096	0	52607.1403	0
1859	1224	-450.5861	0	52606.8612	0
1860	1224	-450.5625	0	52606.5774	0
1861	1224	-450.5215	0	52606.3006	0
1862	1224	-450.4941	0	52605.9636	0
1863	1224	-450.4687	0	52605.7255	0
1864	1224	-450.4395	0	52605.4877	0
1865	1224	-450.4111	0	52605.2108	0
1866	1224	-450.3747	0	52605.0135	0
1867	1224	-450.3294	0	52604.7827	0
1868	1224	-450.2735	0	52604.3985	0
1869	1224	-450.2273	0	52604.1391	0
1870	1224	-450.1804	0	52603.8998	0
1871	1224	-450.1494	0	52603.6237	0
1872	1224	-450.1307	0	52603.3289	0
1873	1224	-450.1189	0	52603.0646	0
1874	1224	-450.1059	0	52602.8237	0
1875	1224	-450.0935	0	52602.5161	0
1876	1224	-450.0810	0	52602.2379	0
1877	1224	-450.0689	0	52601.9823	0
1878	1224	-450.0461	0	52601.7791	0
1879	1224	-450.0333	0	52601.5320	0
1880	1224	-450.0205	0	52601.2165	0
1881	1224	-449.9977	0	52600.9520	0
1882	1224	-449.9686	0	52600.6717	0
1883	1224	-449.9504	0	52600.3971	0
1884	1224	-449.9392	0	52600.1727	0
1885	1224	-449.9166	0	52599.9490	0
1886	1224	-449.8987	0	52599.6530	0
1887	1224	-449.8950	0	52599.3598	0
1888	1224	-449.8891	0	52599.1184	0
1889	1224	-449.8820	0	52598.8766	0
1890	1224	-449.8725	0	52598.5962	0
1892	1224	-449.8605	0	52598.0654	1
1893	1224	-449.8431	0	52597.6853	1
1894	1224	-449.8436	0	52597.4383	1
1895	1224	-449.8505	0	52597.1573	1
1896	1224	-449.8375	0	52596.9846	1
1897	1224	-449.8302	0	52596.7280	1
1898	1224	-449.8339	0	52596.3729	1
1899	1224	-449.8386	0	52596.1670	1
1900	1224	-449.8342	0	52595.9736	1
1901	1224	-449.8258	0	52595.6966	1
1902	1224	-449.8126	0	52595.4061	1
1903	1224	-449.7927	0	52595.0399	1
1904	1224	-449.7714	0	52594.8702	1
1905	1224	-449.7440	0	52594.5883	1
1906	1224	-449.7168	0	52594.4024	1
1907	1224	-449.6908	0	52594.1797	1
1908	1224	-449.6701	0	52593.8931	1
1909	1224	-449.6401	0	52593.6521	1
1910	1224	-449.6092	0	52593.4755	1
1911	1224	-449.5919	0	52593.2227	1
1912	1224	-449.5771	0	52592.9630	1
1913	1224	-449.5433	0	52592.7242	1
1914	1224	-449.5363	0	52592.5691	1
1915	1224	-449.5414	0	52592.3916	1
1916	1224	-449.5475	0	52592.1256	1
1917	1224	-449.5498	0	52591.8766	1
1918	1224	-449.5489	0	52591.6861	1
1919	1224	-449.5470	0	52591.3808	1
1920	1224	-449.5505	0	52591.0545	1
1921	1224	-449.5498	0	52590.8304	1
1922	1224	-449.5430	0	52590.5599	1
1923	1224	-449.5349	0	52590.2972	1
1924	1224	-449.5350	0	52590.0639	1
1925	1224	-449.5390	0	52589.8410	1
1926	1224	-449.5501	0	52589.6493	1
1927	1224	-449.5833	0	52589.3181	1
1928	1224	-449.6206	0	52589.0508	1
1929	1224	-449.6692	0	52588.7462	1
1930	1224	-449.7140	0	52588.5793	1
1931	1224	-449.7467	0	52588.3706	1
1932	1224	-449.7713	0	52588.1455	1
1933	1224	-449.7918	0	52587.9427	1
1934	1224	-449.8197	0	52587.6840	1
1935	1224	-449.8517	0	52587.4656	1
1936	1224	-449.8722	0	52587.1630	1
1937	1224	-449.8836	0	52586.8584	1
1938	1224	-449.8869	0	52586.6195	1
1939	1224	-449.8854	0	52586.3695	1
1940	1224	-449.8959	0	52586.1830	1
1941	1224	-449.9129	0	52585.9493	1
1942	1224	-449.9354	0	52585.6955	1
1943	1224	-449.9449	0	52585.4685	1
1944	1224	-449.9774	0	52585.0330	1
1945	1224	-450.0149	0	52584.8812	1
1946	1224	-450.0566	0	52584.8695	1
1947	1224	-450.0856	0	52584.6557	1
1948	1224	-450.0967	0	52584.4373	1
1949	1224	-450.1032	0	52584.1020	1
1950	1224	-450.0948	0	52583.8331	1
1951	1224	-450.0650	0	52583.5881	1
1952	1224	-450.0354	0	52583.3898	1
1953	1224	-450.0261	0	52583.0901	1
1954	1224	-450.0039	0	52582.8685	1
1955	1224	-449.9967	0	52582.6762	1
1956	1224	-449.9788	0	52582.4129	1
1957	1224	-449.9648	0	52582.2420	1
1958	1224	-449.9487	0	52582.0233	1
1959	1224	-449.9358	0	52581.8280	1
1960	1224	-449.9286	0	52581.5552	1
1961	1224	-449.9357	0	52581.3375	1
1962	1224	-449.9380	0	52581.1371	1
1963	1224	-449.9249	0	52580.9436	1
1964	1224	-449.9184	0	52580.7080	1
1965	1224	-449.9255	0	52580.4978	1
1966	1224	-449.9347	0	52580.2094	1
1967	1224	-449.9408	0	52579.9777	1
1968	1224	-449.9618	0	52579.7221	1
1969	1224	-449.9688	0	52579.4084	1
1970	1224	-449.9794	0	52579.0716	1
1971	1224	-450.0044	0	52578.8172	1
1972	1224	-450.0243	0	52578.5454	1
1973	1224	-450.0422	0	52578.2641	1
1974	1224	-450.0632	0	52578.0750	1
1975	1224	-450.0803	0	52577.7754	1
1976	1224	-450.1024	0	52577.5760	1
1977	1224	-450.1249	0	52577.3664	1
1978	1224	-450.1429	0	52577.1018	1
1979	1224	-450.1724	0	52576.8641	1
1980	1224	-450.1970	0	52576.4328	1
1981	1224	-450.1941	0	52576.2295	1
1982	1224	-450.2003	0	52576.1138	1
1983	1224	-450.2065	0	52575.9786	1
1984	1224	-450.2002	0	52575.7825	1
1985	1224	-450.1913	0	52575.5611	1
1986	1224	-450.1982	0	52575.2783	1
1987	1224	-450.2046	0	52575.0236	1
1988	1224	-450.2050	0	52574.6684	1
1989	1224	-450.2199	0	52574.4374	1
1990	1224	-450.2318	0	52574.2527	1
1991	1224	-450.2523	0	52574.0290	1
1992	1224	-450.2671	0	52573.9009	1
1993	1224	-450.2802	0	52573.7507	1
1994	1224	-450.2963	0	52573.4251	1
1995	1224	-450.3252	0	52573.1431	1
1996	1224	-450.3419	0	52572.9335	1
1997	1224	-450.3664	0	52572.6932	1
1998	1224	-450.4038	0	52572.4978	1
1999	1224	-450.4199	0	52572.2016	1
2000	1224	-450.4408	0	52571.9234	1
2001	1224	-450.4612	0	52571.5912	1
2002	1224	-450.4878	0	52571.4188	1
2003	1224	-450.5068	0	52571.3027	1
2004	1224	-450.5192	0	52571.1492	1
2005	1224	-450.5294	0	52570.9801	1
2006	1224	-450.5562	0	52570.6825	1
2007	1224	-450.5574	0	52570.3316	1
2008	1224	-450.5821	0	52569.9597	1
2009	1224	-450.5940	0	52569.6393	1
2010	1224	-450.6147	0	52569.4026	1
2011	1224	-450.6367	0	52569.1318	1
2012	1224	-450.6552	0	52568.9773	1
2013	1224	-450.6811	0	52568.7994	1
2014	1224	-450.7015	0	52568.3504	1
2015	1224	-450.7231	0	52568.1248	1
2016	1224	-450.7401	0	52567.9861	1
2017	1224	-450.7677	0	52567.8110	1
2018	1224	-450.7919	0	52567.4186	1
2019	1224	-450.7965	0	52567.0727	1
2020	1224	-450.8074	0	52566.8162	1
2021	1224	-450.8179	0	52566.5227	1
2022	1224	-450.8303	0	52566.2815	1
2023	1224	-450.8401	0	52565.9914	1
2024	1224	-450.8499	0	52565.7491	1
2025	1224	-450.8680	0	52565.3818	1
2026	1224	-450.8848	0	52565.1844	1
2027	1224	-450.8995	0	52564.9747	1
2028	1224	-450.9253	0	52564.6890	1
2029	1224	-450.9574	0	52564.4439	1
2030	1224	-451.0028	0	52564.2911	1
2031	1224	-451.0302	0	52564.1706	1
2032	1224	-451.0558	0	52563.9114	1
2033	1224	-451.0767	0	52563.8247	1
2034	1224	-451.0937	0	52563.7260	1
2035	1224	-451.1189	0	52563.4717	1
2036	1224	-451.1577	0	52563.0788	1
2037	1224	-451.1944	0	52562.9421	1
2038	1224	-451.2267	0	52562.5124	1
2039	1224	-451.2587	0	52562.1997	1
2040	1224	-451.2816	0	52561.9339	1
2041	1224	-451.3123	0	52561.6878	1
2042	1224	-451.3484	0	52561.4442	1
2043	1224	-451.3856	0	52561.2853	1
2044	1224	-451.4230	0	52561.1569	1
2045	1224	-451.4625	0	52560.9572	1
2046	1224	-451.5150	0	52560.7289	1
2047	1224	-451.5476	0	52560.5713	1
2048	1224	-451.5733	0	52560.4398	1
2049	1224	-451.6170	0	52560.1525	1
2050	1224	-451.6550	0	52559.8016	1
2051	1224	-451.6823	0	52559.6782	1
2052	1224	-451.7008	0	52559.4722	1
2053	1224	-451.7313	0	52559.2336	1
2054	1224	-451.7433	0	52559.0689	1
2055	1224	-451.7605	0	52559.0166	1
2056	1224	-451.7889	0	52558.7454	1
2057	1224	-451.8123	0	52558.5670	1
2058	1224	-451.8303	0	52558.4217	1
2059	1224	-451.8465	0	52558.1111	1
2060	1224	-451.8731	0	52557.7339	1
2061	1224	-451.8711	0	52557.5995	1
2062	1224	-451.8566	0	52557.4687	1
2063	1224	-451.8721	0	52557.1544	1
2064	1224	-451.8775	0	52556.9549	1
2065	1224	-451.8995	0	52556.6145	1
2066	1224	-451.9063	0	52556.4031	1
2067	1224	-451.9193	0	52556.0532	1
2068	1224	-451.9213	0	52555.7405	1
2069	1224	-451.9341	0	52555.5394	1
2070	1224	-451.9639	0	52555.2871	1
2071	1224	-451.9740	0	52555.2003	1
2072	1224	-451.9769	0	52555.0817	1
2073	1224	-451.9890	0	52554.8549	1
2074	1224	-451.9938	0	52554.5853	1
2075	1224	-452.0079	0	52554.2979	1
2076	1224	-451.9976	0	52554.0996	1
2077	1224	-452.0204	0	52553.7388	1
2078	1224	-452.0403	0	52553.4110	1
2079	1224	-452.0481	0	52553.2002	1
2080	1224	-452.0613	0	52552.9280	1
2081	1224	-452.0517	0	52552.7311	1
2082	1224	-452.0614	0	52552.4630	1
2083	1224	-452.0756	0	52552.2723	1
2084	1224	-452.0665	0	52551.9995	1
2085	1224	-452.0647	0	52551.8022	1
2086	1224	-452.0786	0	52551.4249	1
2087	1224	-452.0986	0	52551.1877	1
2088	1224	-452.1219	0	52551.0049	1
2089	1224	-452.1609	0	52550.7385	1
2090	1224	-452.2074	0	52550.5442	1
2091	1224	-452.2680	0	52550.4885	1
2092	1224	-452.3214	0	52550.3741	1
2093	1224	-452.3718	0	52550.1254	1
2094	1224	-452.4232	0	52550.0473	1
2095	1224	-452.4761	0	52549.9197	1
2096	1224	-452.5287	0	52549.8879	1
2097	1224	-452.5954	0	52549.6694	1
2098	1224	-452.6704	0	52549.6009	1
2099	1224	-452.7444	0	52549.4796	1
2100	1224	-452.8031	0	52549.3341	1
2101	1224	-452.8415	0	52549.2907	1
2102	1224	-452.8872	0	52549.2862	1
2103	1224	-452.9207	0	52549.2927	1
2104	1224	-452.9795	0	52549.1954	1
2105	1224	-453.0286	0	52549.1686	1
2106	1224	-453.0620	0	52549.1631	1
2107	1224	-453.1015	0	52548.9471	1
2108	1224	-453.1138	0	52548.7592	1
2109	1224	-453.1175	0	52548.6923	1
2110	1224	-453.1352	0	52548.4456	1
2111	1224	-453.1579	0	52548.2491	1
2112	1224	-453.1674	0	52548.0650	1
2113	1224	-453.1703	0	52548.0010	1
2114	1224	-453.1534	0	52547.9789	1
2115	1224	-453.1453	0	52547.7468	1
2116	1224	-453.0950	0	52547.6569	1
2117	1224	-453.0141	0	52547.6179	1
2118	1224	-452.9364	0	52547.8333	1
2119	1224	-452.8925	0	52547.5686	1
2120	1224	-452.8558	0	52547.3535	1
2121	1224	-452.7766	0	52547.3818	1
2122	1224	-452.7298	0	52547.1597	1
2123	1224	-452.6608	0	52547.0708	1
2124	1224	-452.5553	0	52547.1462	1
2125	1224	-452.4940	0	52546.9405	1
2126	1224	-452.3760	0	52546.8513	1
2127	1224	-452.2841	0	52546.5776	1
2128	1224	-452.1893	0	52546.3462	1
2129	1224	-452.0927	0	52546.2543	1
2130	1224	-451.9832	0	52545.9750	1
2131	1224	-451.8717	0	52545.6178	1
2132	1224	-451.7961	0	52545.3594	1
2135	1224	-451.4974	0	52544.2340	0
2136	1224	-451.4215	0	52543.9479	0
