1473	1225	-455.9071	0	52601.3711	0
1474	1225	-455.9072	0	52601.3683	0
1475	1225	-455.9072	0	52601.3639	0
1476	1225	-455.9074	0	52601.3626	0
1477	1225	-455.9075	0	52601.3623	0
1478	1225	-455.9074	0	52601.3640	0
1479	1225	-455.9072	0	52601.3581	0
1480	1225	-455.9073	0	52601.3610	0
1481	1225	-455.9072	0	52601.3620	0
1482	1225	-455.9071	0	52601.3608	0
1483	1225	-455.9069	0	52601.3572	0
1484	1225	-455.9068	0	52601.3527	0
1485	1225	-455.9067	0	52601.3495	0
1486	1225	-455.9068	0	52601.3484	0
1487	1225	-455.9071	0	52601.3498	0
1488	1225	-455.9074	0	52601.3536	0
1489	1225	-455.9075	0	52601.3535	0
1490	1225	-455.9077	0	52601.3551	0
1491	1225	-455.9077	0	52601.3572	0
1492	1225	-455.9079	0	52601.3565	0
1493	1225	-455.9078	0	52601.3562	0
1494	1225	-455.9079	0	52601.3562	0
1495	1225	-455.9080	0	52601.3546	0
1496	1225	-455.9080	0	52601.3571	0
1497	1225	-455.9081	0	52601.3550	0
1498	1225	-455.9080	0	52601.3573	0
1499	1225	-455.9080	0	52601.3597	0
1500	1225	-455.9079	0	52601.3590	0
1501	1225	-455.9080	0	52601.3541	0
1502	1225	-455.9079	0	52601.3507	0
1503	1225	-455.9080	0	52601.3510	0
1504	1225	-455.9080	0	52601.3512	0
1505	1225	-455.9078	0	52601.3512	0
1506	1225	-455.9081	0	52601.3544	0
1507	1225	-455.9081	0	52601.3571	0
1508	1225	-455.9081	0	52601.3582	0
1509	1225	-455.9080	0	52601.3585	0
1510	1225	-455.9081	0	52601.3618	0
1511	1225	-455.9082	0	52601.3645	0
1512	1225	-455.9082	0	52601.3654	0
1513	1225	-455.9082	0	52601.3658	0
1514	1225	-455.9079	0	52601.3658	0
1515	1225	-455.9080	0	52601.3674	0
1536	1225	-455.9089	0	52601.3902	0
1537	1225	-455.9086	0	52601.3919	0
1560	1225	-455.9096	0	52601.3820	0
