1477	1226	-465.8748	0	52448.4471	2
1478	1226	-465.8778	0	52448.4426	2
1483	1226	-465.8865	0	52448.4275	2
1484	1226	-465.8882	0	52448.4224	2
1493	1226	-465.8904	0	52448.4228	2
1494	1226	-465.8898	0	52448.4205	2
1495	1226	-465.8895	0	52448.4217	2
1496	1226	-465.8918	0	52448.4164	2
1497	1226	-465.8939	0	52448.4116	2
1498	1226	-465.8976	0	52448.4036	2
1499	1226	-465.9002	0	52448.3977	2
1500	1226	-465.9021	0	52448.3936	2
1501	1226	-465.9031	0	52448.3902	2
1502	1226	-465.9035	0	52448.3878	2
1503	1226	-465.9040	0	52448.3857	2
