1647	1274	-465.6896	0	52447.9057	0
1648	1274	-465.6893	0	52447.9091	0
1649	1274	-465.6895	0	52447.9068	0
1650	1274	-465.6896	0	52447.9077	0
1651	1274	-465.6896	0	52447.9063	0
1652	1274	-465.6895	0	52447.9058	0
1653	1274	-465.6893	0	52447.9056	0
1654	1274	-465.6895	0	52447.9056	0
1655	1274	-465.6895	0	52447.9040	0
1656	1274	-465.6895	0	52447.9034	0
1657	1274	-465.6896	0	52447.9048	0
1658	1274	-465.6897	0	52447.9038	0
1659	1274	-465.6898	0	52447.9035	0
1660	1274	-465.6898	0	52447.9034	0
1661	1274	-465.6899	0	52447.9033	0
1662	1274	-465.6899	0	52447.9033	0
1663	1274	-465.6899	0	52447.9033	0
1664	1274	-465.6897	0	52447.9033	0
1665	1274	-465.6898	0	52447.9033	0
1666	1274	-465.6898	0	52447.9033	0
1667	1274	-465.6899	0	52447.9034	0
1668	1274	-465.6899	0	52447.9034	0
1669	1274	-465.6898	0	52447.9018	0
1670	1274	-465.6898	0	52447.9028	0
1671	1274	-465.6897	0	52447.9016	0
1672	1274	-465.6898	0	52447.9027	0
1673	1274	-465.6898	0	52447.9017	0
1674	1274	-465.6898	0	52447.9012	0
1675	1274	-465.6898	0	52447.9011	0
1676	1274	-465.6898	0	52447.9010	0
1677	1274	-465.6897	0	52447.8995	0
1678	1274	-465.6896	0	52447.8973	0
1679	1274	-465.6897	0	52447.8981	0
1680	1274	-465.6898	0	52447.8954	0
1681	1274	-465.6898	0	52447.8943	0
1682	1274	-465.6899	0	52447.8924	0
1683	1274	-465.6897	0	52447.8932	0
1684	1274	-465.6896	0	52447.8967	0
1685	1274	-465.6895	0	52447.8995	0
1686	1274	-465.6897	0	52447.9006	0
1687	1274	-465.6902	0	52447.8981	0
1689	1274	-465.6903	0	52447.8950	0
1690	1274	-465.6904	0	52447.8974	0
1691	1274	-465.6902	0	52447.8967	0
1692	1274	-465.6904	0	52447.8981	0
1695	1274	-465.6906	0	52447.8969	0
1696	1274	-465.6904	0	52447.8983	0
1698	1274	-465.6902	0	52447.9024	0
1699	1274	-465.6901	0	52447.9033	0
1700	1274	-465.6899	0	52447.9035	0
1701	1274	-465.6898	0	52447.9036	0
1702	1274	-465.6896	0	52447.9036	0
1703	1274	-465.6896	0	52447.9036	0
1704	1274	-465.6896	0	52447.9036	0
1705	1274	-465.6893	0	52447.9050	0
1706	1274	-465.6894	0	52447.9056	0
1707	1274	-465.6895	0	52447.9058	0
1708	1274	-465.6895	0	52447.9058	0
1709	1274	-465.6894	0	52447.9058	0
1710	1274	-465.6895	0	52447.9058	0
1711	1274	-465.6896	0	52447.9058	0
1712	1274	-465.6896	0	52447.9058	0
1713	1274	-465.6894	0	52447.9057	0
1714	1274	-465.6895	0	52447.9058	0
1715	1274	-465.6894	0	52447.9057	0
1716	1274	-465.6896	0	52447.9057	0
1717	1274	-465.6895	0	52447.9072	0
1718	1274	-465.6896	0	52447.9093	0
1719	1274	-465.6895	0	52447.9086	0
1720	1274	-465.6895	0	52447.9098	0
1721	1274	-465.6896	0	52447.9102	0
1722	1274	-465.6897	0	52447.9089	0
1723	1274	-465.6898	0	52447.9099	0
1724	1274	-465.6898	0	52447.9103	0
1725	1274	-465.6898	0	52447.9104	0
1726	1274	-465.6896	0	52447.9104	0
1727	1274	-465.6900	0	52447.9090	0
1728	1274	-465.6903	0	52447.9100	0
1729	1274	-465.6907	0	52447.9044	0
1731	1274	-465.6901	0	52447.9106	0
1732	1274	-465.6903	0	52447.9090	0
1735	1274	-465.6897	0	52447.9121	0
1736	1274	-465.6904	0	52447.9174	0
1737	1274	-465.6900	0	52447.9175	0
1738	1274	-465.6899	0	52447.9161	0
1739	1274	-465.6900	0	52447.9155	0
1740	1274	-465.6898	0	52447.9137	0
1741	1274	-465.6899	0	52447.9116	0
1742	1274	-465.6899	0	52447.9108	0
1743	1274	-465.6901	0	52447.9105	0
1744	1274	-465.6903	0	52447.9119	0
1745	1274	-465.6900	0	52447.9138	0
1746	1274	-465.6899	0	52447.9146	0
1747	1274	-465.6898	0	52447.9148	0
1748	1274	-465.6899	0	52447.9150	0
1749	1274	-465.6900	0	52447.9150	0
1750	1274	-465.6903	0	52447.9151	0
1751	1274	-465.6903	0	52447.9136	0
1752	1274	-465.6901	0	52447.9130	0
1753	1274	-465.6902	0	52447.9127	0
1754	1274	-465.6902	0	52447.9127	0
1755	1274	-465.6901	0	52447.9141	0
1756	1274	-465.6900	0	52447.9147	0
1757	1274	-465.6898	0	52447.9162	0
1758	1274	-465.6897	0	52447.9168	0
1759	1274	-465.6896	0	52447.9170	0
1760	1274	-465.6895	0	52447.9201	0
1761	1274	-465.6895	0	52447.9182	0
1762	1274	-465.6895	0	52447.9190	0
1763	1274	-465.6892	0	52447.9192	0
1764	1274	-465.6891	0	52447.9207	0
1765	1274	-465.6891	0	52447.9198	0
1766	1274	-465.6891	0	52447.9209	0
1767	1274	-465.6891	0	52447.9213	0
1768	1274	-465.6891	0	52447.9215	0
1769	1274	-465.6891	0	52447.9229	0
1770	1274	-465.6891	0	52447.9220	0
1771	1274	-465.6891	0	52447.9216	0
1772	1274	-465.6891	0	52447.9215	0
1773	1274	-465.6891	0	52447.9229	0
1774	1274	-465.6891	0	52447.9234	0
1775	1274	-465.6891	0	52447.9236	0
1776	1274	-465.6890	0	52447.9251	0
1777	1274	-465.6891	0	52447.9242	0
1778	1274	-465.6890	0	52447.9253	0
1779	1274	-465.6890	0	52447.9242	0
1780	1274	-465.6891	0	52447.9238	0
1781	1274	-465.6890	0	52447.9222	0
1782	1274	-465.6890	0	52447.9216	0
1783	1274	-465.6890	0	52447.9214	0
1784	1274	-465.6890	0	52447.9227	0
1785	1274	-465.6888	0	52447.9246	0
1786	1274	-465.6889	0	52447.9254	0
1787	1274	-465.6889	0	52447.9242	0
1788	1274	-465.6889	0	52447.9238	0
1789	1274	-465.6888	0	52447.9235	0
1790	1274	-465.6889	0	52447.9235	0
1791	1274	-465.6889	0	52447.9235	0
1792	1274	-465.6889	0	52447.9235	0
1793	1274	-465.6889	0	52447.9235	0
1794	1274	-465.6889	0	52447.9235	0
1795	1274	-465.6889	0	52447.9235	0
1796	1274	-465.6890	0	52447.9249	0
1797	1274	-465.6889	0	52447.9240	0
1798	1274	-465.6890	0	52447.9222	0
1799	1274	-465.6891	0	52447.9215	0
1800	1274	-465.6892	0	52447.9214	0
1801	1274	-465.6891	0	52447.9212	0
1802	1274	-465.6891	0	52447.9197	0
1803	1274	-465.6890	0	52447.9192	0
1804	1274	-465.6890	0	52447.9190	0
1805	1274	-465.6890	0	52447.9204	0
1806	1274	-465.6891	0	52447.9195	0
1807	1274	-465.6892	0	52447.9177	0
1808	1274	-465.6891	0	52447.9170	0
1809	1274	-465.6891	0	52447.9167	0
1810	1274	-465.6891	0	52447.9182	0
1811	1274	-465.6891	0	52447.9172	0
1812	1274	-465.6891	0	52447.9169	0
1813	1274	-465.6891	0	52447.9182	0
1814	1274	-465.6891	0	52447.9187	0
1815	1274	-465.6891	0	52447.9175	0
1816	1274	-465.6891	0	52447.9170	0
1817	1274	-465.6893	0	52447.9154	0
1818	1274	-465.6893	0	52447.9148	0
1819	1274	-465.6893	0	52447.9131	0
1820	1274	-465.6894	0	52447.9125	0
1821	1274	-465.6894	0	52447.9122	0
1822	1274	-465.6894	0	52447.9122	0
1823	1274	-465.6894	0	52447.9122	0
1824	1274	-465.6895	0	52447.9107	0
1825	1274	-465.6896	0	52447.9102	0
1826	1274	-465.6896	0	52447.9100	0
1827	1274	-465.6896	0	52447.9085	0
1828	1274	-465.6896	0	52447.9079	0
1829	1274	-465.6897	0	52447.9047	0
1830	1274	-465.6897	0	52447.9035	0
1831	1274	-465.6897	0	52447.9016	0
1832	1274	-465.6898	0	52447.8994	0
1833	1274	-465.6898	0	52447.9001	0
1834	1274	-465.6898	0	52447.9020	0
1835	1274	-465.6899	0	52447.8997	0
1836	1274	-465.6901	0	52447.8974	0
1837	1274	-465.6903	0	52447.8950	0
1838	1274	-465.6902	0	52447.8956	0
1839	1274	-465.6901	0	52447.8959	0
1840	1274	-465.6901	0	52447.8961	0
1841	1274	-465.6902	0	52447.8931	0
1842	1274	-465.6901	0	52447.8935	0
1843	1274	-465.6899	0	52447.8937	0
1844	1274	-465.6899	0	52447.8922	0
1845	1274	-465.6899	0	52447.8917	0
1846	1274	-465.6898	0	52447.8914	0
1847	1274	-465.6897	0	52447.8914	0
1848	1274	-465.6898	0	52447.8899	0
1849	1274	-465.6898	0	52447.8894	0
1850	1274	-465.6896	0	52447.8891	0
1851	1274	-465.6896	0	52447.8890	0
1852	1274	-465.6895	0	52447.8906	0
1853	1274	-465.6895	0	52447.8897	0
1854	1274	-465.6895	0	52447.8924	0
1855	1274	-465.6893	0	52447.8950	0
1856	1274	-465.6893	0	52447.8959	0
1857	1274	-465.6891	0	52447.8962	0
1858	1274	-465.6890	0	52447.8963	0
1859	1274	-465.6892	0	52447.8965	0
1860	1274	-465.6891	0	52447.8949	0
1861	1274	-465.6891	0	52447.8943	0
1862	1274	-465.6890	0	52447.8955	0
1863	1274	-465.6888	0	52447.8960	0
1864	1274	-465.6887	0	52447.8962	0
1865	1274	-465.6887	0	52447.8962	0
1866	1274	-465.6887	0	52447.8962	0
1867	1274	-465.6885	0	52447.8962	0
1868	1274	-465.6885	0	52447.8977	0
1869	1274	-465.6885	0	52447.8967	0
1870	1274	-465.6883	0	52447.8979	0
1871	1274	-465.6883	0	52447.8983	0
1872	1274	-465.6882	0	52447.9000	0
1873	1274	-465.6882	0	52447.9021	0
1874	1274	-465.6883	0	52447.9029	0
1875	1274	-465.6884	0	52447.9017	0
1876	1274	-465.6884	0	52447.9042	0
1877	1274	-465.6882	0	52447.9051	0
1878	1274	-465.6883	0	52447.9070	0
1879	1274	-465.6884	0	52447.9077	0
1880	1274	-465.6884	0	52447.9079	0
1881	1274	-465.6883	0	52447.9080	0
1882	1274	-465.6883	0	52447.9109	0
1883	1274	-465.6882	0	52447.9105	0
1884	1274	-465.6880	0	52447.9118	0
1885	1274	-465.6879	0	52447.9137	0
1886	1274	-465.6878	0	52447.9144	0
1887	1274	-465.6879	0	52447.9131	0
1888	1274	-465.6878	0	52447.9156	0
1889	1274	-465.6877	0	52447.9179	0
1890	1274	-465.6876	0	52447.9173	0
1891	1274	-465.6877	0	52447.9170	0
1892	1274	-465.6877	0	52447.9169	0
1893	1274	-465.6875	0	52447.9168	0
1894	1274	-465.6874	0	52447.9167	0
1895	1274	-465.6874	0	52447.9166	0
1896	1274	-465.6874	0	52447.9166	0
1897	1274	-465.6871	0	52447.9165	0
1898	1274	-465.6872	0	52447.9165	0
1899	1274	-465.6871	0	52447.9150	0
1900	1274	-465.6871	0	52447.9129	0
1901	1274	-465.6869	0	52447.9121	0
1902	1274	-465.6869	0	52447.9118	0
1903	1274	-465.6871	0	52447.9102	0
1904	1274	-465.6869	0	52447.9096	0
1905	1274	-465.6870	0	52447.9079	0
1906	1274	-465.6870	0	52447.9058	0
1907	1274	-465.6870	0	52447.9035	0
1908	1274	-465.6870	0	52447.9011	0
1909	1274	-465.6869	0	52447.9002	0
1910	1274	-465.6868	0	52447.8983	0
1911	1274	-465.6868	0	52447.8977	0
1912	1274	-465.6867	0	52447.8975	0
1913	1274	-465.6867	0	52447.8975	0
1914	1274	-465.6865	0	52447.8974	0
1915	1274	-465.6864	0	52447.8974	0
1916	1274	-465.6863	0	52447.8974	0
1917	1274	-465.6863	0	52447.8975	0
1919	1274	-465.6860	0	52447.8974	0
1920	1274	-465.6856	0	52447.8974	0
1921	1274	-465.6854	0	52447.8974	0
1922	1274	-465.6852	0	52447.8974	0
1923	1274	-465.6848	0	52447.8973	0
1925	1274	-465.6842	0	52447.8989	0
1926	1274	-465.6840	0	52447.9009	0
1927	1274	-465.6838	0	52447.9000	0
1928	1274	-465.6835	0	52447.8980	0
1929	1274	-465.6832	0	52447.8973	0
1930	1274	-465.6830	0	52447.8985	0
1931	1274	-465.6827	0	52447.8989	0
1932	1274	-465.6825	0	52447.8990	0
1933	1274	-465.6824	0	52447.8991	0
1934	1274	-465.6823	0	52447.8990	0
1935	1274	-465.6822	0	52447.9005	0
1937	1274	-465.6819	0	52447.9012	0
1938	1274	-465.6817	0	52447.9013	0
1939	1274	-465.6817	0	52447.9013	0
1940	1274	-465.6814	0	52447.9013	0
1941	1274	-465.6814	0	52447.9012	0
1942	1274	-465.6812	0	52447.9012	0
1943	1274	-465.6811	0	52447.9027	0
1944	1274	-465.6814	0	52447.9033	0
1945	1274	-465.6817	0	52447.9036	0
1946	1274	-465.6822	0	52447.9053	0
1947	1274	-465.6828	0	52447.9076	0
1948	1274	-465.6836	0	52447.9086	0
1949	1274	-465.6846	0	52447.9106	0
1950	1274	-465.6853	0	52447.9114	0
1951	1274	-465.6860	0	52447.9103	0
1952	1274	-465.6863	0	52447.9084	0
1953	1274	-465.6866	0	52447.9077	0
1954	1274	-465.6868	0	52447.9074	0
1955	1274	-465.6867	0	52447.9088	0
1956	1274	-465.6867	0	52447.9108	0
1957	1274	-465.6866	0	52447.9115	0
1958	1274	-465.6866	0	52447.9133	0
1959	1274	-465.6866	0	52447.9139	0
1960	1274	-465.6865	0	52447.9141	0
1961	1274	-465.6865	0	52447.9142	0
1962	1274	-465.6865	0	52447.9141	0
1963	1274	-465.6864	0	52447.9156	0
1964	1274	-465.6864	0	52447.9146	0
1965	1274	-465.6864	0	52447.9143	0
1966	1274	-465.6864	0	52447.9156	0
1967	1274	-465.6864	0	52447.9146	0
1968	1274	-465.6863	0	52447.9157	0
1969	1274	-465.6862	0	52447.9160	0
1970	1274	-465.6863	0	52447.9147	0
1971	1274	-465.6863	0	52447.9127	0
1972	1274	-465.6864	0	52447.9120	0
1973	1274	-465.6864	0	52447.9147	0
1974	1274	-465.6864	0	52447.9157	0
1975	1274	-465.6865	0	52447.9146	0
1976	1274	-465.6866	0	52447.9142	0
1977	1274	-465.6865	0	52447.9155	0
1978	1274	-465.6865	0	52447.9160	0
1979	1274	-465.6865	0	52447.9177	0
1980	1274	-465.6865	0	52447.9182	0
1981	1274	-465.6867	0	52447.9185	0
1982	1274	-465.6870	0	52447.9186	0
1983	1274	-465.6870	0	52447.9172	0
1984	1274	-465.6872	0	52447.9167	0
1985	1274	-465.6873	0	52447.9165	0
1986	1274	-465.6873	0	52447.9164	0
1987	1274	-465.6875	0	52447.9164	0
1988	1274	-465.6875	0	52447.9150	0
1989	1274	-465.6875	0	52447.9144	0
1990	1274	-465.6876	0	52447.9157	0
1991	1274	-465.6877	0	52447.9162	0
1992	1274	-465.6877	0	52447.9134	0
1993	1274	-465.6877	0	52447.9124	0
1994	1274	-465.6877	0	52447.9120	0
1995	1274	-465.6880	0	52447.9089	0
1996	1274	-465.6882	0	52447.9093	0
1997	1274	-465.6884	0	52447.9095	0
1998	1274	-465.6885	0	52447.9096	0
1999	1274	-465.6886	0	52447.9067	0
2000	1274	-465.6885	0	52447.9071	0
2001	1274	-465.6885	0	52447.9088	0
2002	1274	-465.6885	0	52447.9094	0
2003	1274	-465.6886	0	52447.9082	0
2004	1274	-465.6886	0	52447.9063	0
2005	1274	-465.6889	0	52447.9056	0
2006	1274	-465.6888	0	52447.9053	0
2007	1274	-465.6888	0	52447.9068	0
2008	1274	-465.6888	0	52447.9058	0
2009	1274	-465.6890	0	52447.9055	0
2010	1274	-465.6891	0	52447.9054	0
2011	1274	-465.6891	0	52447.9054	0
2012	1274	-465.6893	0	52447.9054	0
2013	1274	-465.6895	0	52447.9070	0
2014	1274	-465.6895	0	52447.9061	0
2015	1274	-465.6896	0	52447.9058	0
2016	1274	-465.6896	0	52447.9057	0
2017	1274	-465.6899	0	52447.9057	0
2018	1274	-465.6901	0	52447.9027	0
2019	1274	-465.6901	0	52447.9031	0
2020	1274	-465.6901	0	52447.9032	0
2021	1274	-465.6903	0	52447.9018	0
2022	1274	-465.6904	0	52447.9013	0
2023	1274	-465.6906	0	52447.9012	0
2024	1274	-465.6908	0	52447.9012	0
2025	1274	-465.6909	0	52447.9013	0
2026	1274	-465.6910	0	52447.9013	0
2027	1274	-465.6912	0	52447.8998	0
2028	1274	-465.6916	0	52447.8978	0
2029	1274	-465.6919	0	52447.8971	0
2030	1274	-465.6918	0	52447.8953	0
2032	1274	-465.6918	0	52447.8926	0
2034	1274	-465.6918	0	52447.8938	0
2035	1274	-465.6914	0	52447.8926	0
2036	1274	-465.6908	0	52447.8904	0
2037	1274	-465.6897	0	52447.8878	0
2038	1274	-465.6886	0	52447.8882	0
2039	1274	-465.6874	0	52447.8866	0
2040	1274	-465.6863	0	52447.8906	0
2041	1274	-465.6853	0	52447.8935	0
2042	1274	-465.6847	0	52447.8929	0
2043	1274	-465.6842	0	52447.8927	0
2044	1274	-465.6839	0	52447.8925	0
2045	1274	-465.6837	0	52447.8909	0
2046	1274	-465.6837	0	52447.8903	0
2047	1274	-465.6836	0	52447.8901	0
2048	1274	-465.6836	0	52447.8900	0
2049	1274	-465.6836	0	52447.8899	0
2050	1274	-465.6838	0	52447.8900	0
2051	1274	-465.6839	0	52447.8900	0
2052	1274	-465.6839	0	52447.8900	0
2053	1274	-465.6840	0	52447.8885	0
2054	1274	-465.6842	0	52447.8880	0
2055	1274	-465.6843	0	52447.8878	0
2056	1274	-465.6843	0	52447.8877	0
2057	1274	-465.6843	0	52447.8861	0
2058	1274	-465.6842	0	52447.8855	0
2059	1274	-465.6842	0	52447.8853	0
2060	1274	-465.6842	0	52447.8852	0
2061	1274	-465.6842	0	52447.8853	0
2062	1274	-465.6842	0	52447.8853	0
2063	1274	-465.6844	0	52447.8854	0
2064	1274	-465.6845	0	52447.8854	0
2065	1274	-465.6847	0	52447.8854	0
2066	1274	-465.6847	0	52447.8855	0
2067	1274	-465.6848	0	52447.8871	0
2068	1274	-465.6851	0	52447.8862	0
2069	1274	-465.6852	0	52447.8890	0
2070	1274	-465.6852	0	52447.8916	0
2071	1274	-465.6855	0	52447.8864	0
2072	1274	-465.6859	0	52447.8829	0
2073	1274	-465.6860	0	52447.8831	0
2074	1274	-465.6860	0	52447.8817	0
2075	1274	-465.6862	0	52447.8812	0
2076	1274	-465.6864	0	52447.8827	0
2077	1274	-465.6866	0	52447.8801	0
2078	1274	-465.6868	0	52447.8808	0
2079	1274	-465.6867	0	52447.8810	0
2080	1274	-465.6870	0	52447.8812	0
2081	1274	-465.6875	0	52447.8782	0
2082	1274	-465.6881	0	52447.8788	0
2083	1274	-465.6883	0	52447.8823	0
2084	1274	-465.6886	0	52447.8804	0
2085	1274	-465.6892	0	52447.8767	0
2086	1274	-465.6893	0	52447.8769	0
2087	1274	-465.6895	0	52447.8754	0
2088	1274	-465.6896	0	52447.8749	0
2089	1274	-465.6897	0	52447.8779	0
2090	1274	-465.6898	0	52447.8791	0
2091	1274	-465.6901	0	52447.8765	0
2092	1274	-465.6903	0	52447.8786	0
2093	1274	-465.6903	0	52447.8779	0
2094	1274	-465.6903	0	52447.8809	0
2095	1274	-465.6905	0	52447.8868	0
2096	1274	-465.6905	0	52447.8889	0
2097	1274	-465.6906	0	52447.8898	0
2098	1274	-465.6907	0	52447.8900	0
2099	1274	-465.6908	0	52447.8917	0
2100	1274	-465.6911	0	52447.8924	0
2101	1274	-465.6915	0	52447.8911	0
2102	1274	-465.6917	0	52447.8921	0
2103	1274	-465.6919	0	52447.8926	0
2104	1274	-465.6922	0	52447.8943	0
2105	1274	-465.6922	0	52447.8965	0
2106	1274	-465.6924	0	52447.8973	0
2107	1274	-465.6929	0	52447.8977	0
2108	1274	-465.6934	0	52447.8994	0
2109	1274	-465.6938	0	52447.9001	0
2110	1274	-465.6942	0	52447.9004	0
2111	1274	-465.6945	0	52447.9021	0
2112	1274	-465.6947	0	52447.9072	0
2113	1274	-465.6949	0	52447.9121	0
2114	1274	-465.6955	0	52447.9140	0
2115	1274	-465.6963	0	52447.9178	0
2116	1274	-465.6973	0	52447.9179	0
2117	1274	-465.6979	0	52447.9208	0
2118	1274	-465.6986	0	52447.9220	0
2119	1274	-465.6990	0	52447.9254	0
2120	1274	-465.6994	0	52447.9266	0
2121	1274	-465.7000	0	52447.9257	0
2122	1274	-465.7009	0	52447.9226	0
2123	1274	-465.7018	0	52447.9200	0
2124	1274	-465.7023	0	52447.9205	0
2125	1274	-465.7028	0	52447.9193	0
2126	1274	-465.7029	0	52447.9203	0
2127	1274	-465.7034	0	52447.9222	0
2128	1274	-465.7040	0	52447.9201	0
2129	1274	-465.7047	0	52447.9194	0
2130	1274	-465.7055	0	52447.9222	0
2131	1274	-465.7062	0	52447.9234	0
2132	1274	-465.7072	0	52447.9226	0
2133	1274	-465.7077	0	52447.9208	0
2134	1274	-465.7081	0	52447.9202	0
2135	1274	-465.7098	0	52447.9204	0
2136	1274	-465.7114	0	52447.9207	0
2137	1274	-465.7130	0	52447.9182	0
2138	1274	-465.7141	0	52447.9188	0
2139	1274	-465.7143	0	52447.9234	0
2140	1274	-465.7149	0	52447.9267	0
2141	1274	-465.7154	0	52447.9295	0
2142	1274	-465.7172	0	52447.9251	0
2143	1274	-465.7188	0	52447.9193	0
2144	1274	-465.7197	0	52447.9187	0
2145	1274	-465.7205	0	52447.9230	0
2146	1274	-465.7215	0	52447.9219	0
2147	1274	-465.7223	0	52447.9201	0
2148	1274	-465.7240	0	52447.9154	0
2149	1274	-465.7254	0	52447.9124	0
2150	1274	-465.7265	0	52447.9129	0
2151	1274	-465.7274	0	52447.9118	0
2152	1274	-465.7278	0	52447.9144	0
2153	1274	-465.7283	0	52447.9156	0
2154	1274	-465.7295	0	52447.9103	0
2155	1274	-465.7312	0	52447.9041	0
2156	1274	-465.7327	0	52447.9006	0
2157	1274	-465.7335	0	52447.9009	0
2158	1274	-465.7342	0	52447.9012	0
2159	1274	-465.7345	0	52447.9045	0
2160	1274	-465.7354	0	52447.9029	0
2161	1274	-465.7367	0	52447.8996	0
2162	1274	-465.7383	0	52447.8971	0
2163	1274	-465.7391	0	52447.8979	0
2164	1274	-465.7398	0	52447.8983	0
2165	1274	-465.7405	0	52447.8987	0
2166	1274	-465.7413	0	52447.8975	0
2167	1274	-465.7430	0	52447.8912	0
2168	1274	-465.7444	0	52447.8891	0
2169	1274	-465.7460	0	52447.8856	0
2170	1274	-465.7466	0	52447.8890	0
2171	1274	-465.7468	0	52447.8935	0
2172	1274	-465.7475	0	52447.8939	0
2173	1274	-465.7487	0	52447.8928	0
2174	1274	-465.7500	0	52447.8926	0
2175	1274	-465.7505	0	52447.8989	0
2176	1274	-465.7512	0	52447.8998	0
2177	1274	-465.7518	0	52447.9018	0
2178	1274	-465.7527	0	52447.8997	0
2179	1274	-465.7540	0	52447.8976	0
2180	1274	-465.7570	0	52447.8850	0
2181	1274	-465.7581	0	52447.8849	0
2182	1274	-465.7624	0	52447.8605	0
2183	1274	-465.7647	0	52447.8497	0
2184	1274	-465.7657	0	52447.8470	0
2185	1274	-465.7663	0	52447.8479	0
2186	1274	-465.7667	0	52447.8501	0
2201	1274	-465.7709	0	52447.9003	0
2202	1274	-465.7709	0	52447.9034	0
2203	1274	-465.7712	0	52447.9061	0
2204	1274	-465.7703	0	52447.9187	0
2205	1274	-465.7699	0	52447.9263	0
2206	1274	-465.7702	0	52447.9289	0
2207	1274	-465.7694	0	52447.9398	0
2208	1274	-465.7694	0	52447.9450	0
2209	1274	-465.7697	0	52447.9496	0
2210	1274	-465.7711	0	52447.9472	0
2211	1274	-465.7733	0	52447.9398	0
2212	1274	-465.7751	0	52447.9329	0
2213	1274	-465.7772	0	52447.9289	0
2214	1274	-465.7796	0	52447.9207	0
2215	1274	-465.7800	0	52447.9216	0
