1684	1290	-465.7224	0	52448.4287	0
1686	1290	-465.7225	0	52448.4240	0
1687	1290	-465.7226	0	52448.4233	0
1688	1290	-465.7230	0	52448.4207	0
1689	1290	-465.7231	0	52448.4189	0
1690	1290	-465.7230	0	52448.4180	0
1691	1290	-465.7229	0	52448.4178	0
1692	1290	-465.7228	0	52448.4178	0
1693	1290	-465.7226	0	52448.4162	0
1694	1290	-465.7224	0	52448.4147	0
1695	1290	-465.7222	0	52448.4145	0
1696	1290	-465.7221	0	52448.4145	0
1697	1290	-465.7223	0	52448.4135	0
1704	1290	-465.7226	0	52448.4066	1
1705	1290	-465.7228	0	52448.4059	1
1706	1290	-465.7224	0	52448.4054	1
