1696	1294	-465.7509	0	52447.8743	0
1697	1294	-465.7492	0	52447.8772	0
1698	1294	-465.7461	0	52447.8921	0
1699	1294	-465.7451	0	52447.8860	0
1700	1294	-465.7443	0	52447.8784	0
1701	1294	-465.7428	0	52447.8717	0
1702	1294	-465.7421	0	52447.8657	0
1703	1294	-465.7406	0	52447.8649	0
1704	1294	-465.7393	0	52447.8645	0
1705	1294	-465.7381	0	52447.8676	0
1706	1294	-465.7364	0	52447.8716	0
1707	1294	-465.7351	0	52447.8780	0
1708	1294	-465.7344	0	52447.8737	0
1709	1294	-465.7333	0	52447.8686	0
1710	1294	-465.7312	0	52447.8759	0
1711	1294	-465.7288	0	52447.8830	0
1719	1294	-465.7164	0	52447.8805	0
1720	1294	-465.7149	0	52447.8831	0
1721	1294	-465.7134	0	52447.8854	0
1722	1294	-465.7118	0	52447.8828	0
1723	1294	-465.7098	0	52447.8877	0
1724	1294	-465.7080	0	52447.8877	0
1725	1294	-465.7059	0	52447.8888	0
1726	1294	-465.7043	0	52447.8921	0
1727	1294	-465.7025	0	52447.8930	0
1728	1294	-465.7010	0	52447.8914	0
1729	1294	-465.6991	0	52447.8920	0
1730	1294	-465.6968	0	52447.8871	0
1736	1294	-465.6855	0	52447.9076	0
1737	1294	-465.6833	0	52447.9058	0
1738	1294	-465.6812	0	52447.9122	0
1739	1294	-465.6794	0	52447.9142	0
1740	1294	-465.6775	0	52447.9116	0
1741	1294	-465.6751	0	52447.9085	0
1742	1294	-465.6735	0	52447.9086	0
1743	1294	-465.6723	0	52447.9099	0
1744	1294	-465.6710	0	52447.9146	0
