21	13	-465.7890	0	52448.0716	0
22	13	-465.7871	0	52448.0753	0
23	13	-465.7860	0	52448.0751	0
24	13	-465.7847	0	52448.0775	0
25	13	-465.7856	0	52448.0692	0
26	13	-465.7846	0	52448.0702	0
27	13	-465.7831	0	52448.0717	0
28	13	-465.7815	0	52448.0735	0
29	13	-465.7809	0	52448.0705	0
30	13	-465.7793	0	52448.0718	0
31	13	-465.7774	0	52448.0769	0
32	13	-465.7747	0	52448.0880	0
33	13	-465.7737	0	52448.0884	0
34	13	-465.7740	0	52448.0816	0
35	13	-465.7731	0	52448.0813	0
36	13	-465.7726	0	52448.0788	0
37	13	-465.7719	0	52448.0802	0
38	13	-465.7723	0	52448.0749	0
39	13	-465.7722	0	52448.0718	0
40	13	-465.7712	0	52448.0729	0
41	13	-465.7706	0	52448.0734	0
42	13	-465.7693	0	52448.0735	0
43	13	-465.7691	0	52448.0701	0
44	13	-465.7691	0	52448.0642	0
45	13	-465.7687	0	52448.0643	0
46	13	-465.7681	0	52448.0644	0
47	13	-465.7678	0	52448.0633	0
48	13	-465.7676	0	52448.0605	0
49	13	-465.7672	0	52448.0595	0
50	13	-465.7665	0	52448.0591	0
51	13	-465.7660	0	52448.0590	0
52	13	-465.7653	0	52448.0590	0
53	13	-465.7648	0	52448.0554	0
54	13	-465.7644	0	52448.0517	0
55	13	-465.7637	0	52448.0515	0
56	13	-465.7630	0	52448.0514	0
57	13	-465.7626	0	52448.0490	0
58	13	-465.7621	0	52448.0469	0
59	13	-465.7614	0	52448.0486	0
60	13	-465.7605	0	52448.0505	0
68	13	-465.7560	0	52448.0353	0
69	13	-465.7549	0	52448.0358	0
70	13	-465.7542	0	52448.0347	0
71	13	-465.7536	0	52448.0317	0
72	13	-465.7531	0	52448.0281	0
73	13	-465.7529	0	52448.0268	0
74	13	-465.7525	0	52448.0263	0
75	13	-465.7525	0	52448.0236	0
76	13	-465.7523	0	52448.0213	0
77	13	-465.7520	0	52448.0192	0
78	13	-465.7517	0	52448.0184	0
79	13	-465.7513	0	52448.0195	0
80	13	-465.7509	0	52448.0187	0
81	13	-465.7506	0	52448.0157	0
82	13	-465.7503	0	52448.0120	0
83	13	-465.7501	0	52448.0119	0
84	13	-465.7497	0	52448.0120	0
85	13	-465.7496	0	52448.0107	0
86	13	-465.7494	0	52448.0076	0
87	13	-465.7488	0	52448.0051	0
88	13	-465.7485	0	52448.0042	0
89	13	-465.7480	0	52448.0039	0
90	13	-465.7476	0	52448.0024	0
91	13	-465.7471	0	52448.0005	0
92	13	-465.7466	0	52447.9971	0
93	13	-465.7459	0	52447.9972	0
94	13	-465.7454	0	52447.9973	0
95	13	-465.7453	0	52447.9932	0
96	13	-465.7449	0	52447.9902	0
97	13	-465.7447	0	52447.9864	0
98	13	-465.7440	0	52447.9863	0
99	13	-465.7430	0	52447.9864	0
100	13	-465.7425	0	52447.9807	0
101	13	-465.7430	0	52447.9468	0
102	13	-465.7436	0	52447.9241	0
103	13	-465.7438	0	52447.9207	0
104	13	-465.7439	0	52447.9198	0
105	13	-465.7481	0	52447.8804	0
106	13	-465.7502	0	52447.8566	0
109	13	-465.7507	0	52447.8319	0
110	13	-465.7509	0	52447.8241	0
111	13	-465.7474	0	52447.8870	0
112	13	-465.7454	0	52447.9080	0
113	13	-465.7453	0	52447.9036	0
114	13	-465.7442	0	52447.9065	0
115	13	-465.7435	0	52447.9078	0
116	13	-465.7431	0	52447.9035	0
117	13	-465.7416	0	52447.9083	0
118	13	-465.7400	0	52447.9151	0
119	13	-465.7396	0	52447.9112	0
120	13	-465.7385	0	52447.9097	0
121	13	-465.7372	0	52447.9123	0
122	13	-465.7363	0	52447.9150	0
123	13	-465.7353	0	52447.9194	0
124	13	-465.7335	0	52447.9357	0
125	13	-465.7330	0	52447.9367	0
126	13	-465.7328	0	52447.9354	0
127	13	-465.7328	0	52447.9365	0
128	13	-465.7326	0	52447.9384	0
129	13	-465.7326	0	52447.9358	0
130	13	-465.7324	0	52447.9315	0
131	13	-465.7319	0	52447.9298	0
132	13	-465.7316	0	52447.9292	0
133	13	-465.7313	0	52447.9306	0
134	13	-465.7314	0	52447.9279	0
135	13	-465.7314	0	52447.9252	0
136	13	-465.7314	0	52447.9242	0
137	13	-465.7312	0	52447.9238	0
138	13	-465.7308	0	52447.9220	0
139	13	-465.7305	0	52447.9197	0
140	13	-465.7304	0	52447.9172	0
141	13	-465.7303	0	52447.9146	0
142	13	-465.7301	0	52447.9136	0
143	13	-465.7299	0	52447.9116	0
144	13	-465.7299	0	52447.9109	0
145	13	-465.7298	0	52447.9073	0
146	13	-465.7301	0	52447.9043	0
147	13	-465.7299	0	52447.9032	0
148	13	-465.7300	0	52447.9011	0
149	13	-465.7297	0	52447.9021	0
150	13	-465.7296	0	52447.8973	0
151	13	-465.7293	0	52447.8956	0
152	13	-465.7291	0	52447.8932	0
153	13	-465.7288	0	52447.8906	0
154	13	-465.7286	0	52447.8897	0
155	13	-465.7286	0	52447.8877	0
156	13	-465.7287	0	52447.8852	0
157	13	-465.7285	0	52447.8843	0
158	13	-465.7276	0	52447.8875	0
159	13	-465.7272	0	52447.8870	0
160	13	-465.7267	0	52447.8868	0
161	13	-465.7261	0	52447.8832	0
162	13	-465.7256	0	52447.8800	0
163	13	-465.7251	0	52447.8825	0
164	13	-465.7247	0	52447.8852	0
165	13	-465.7245	0	52447.8845	0
166	13	-465.7240	0	52447.8806	0
167	13	-465.7236	0	52447.8792	0
168	13	-465.7232	0	52447.8750	0
169	13	-465.7226	0	52447.8752	0
170	13	-465.7223	0	52447.8717	0
171	13	-465.7218	0	52447.8704	0
172	13	-465.7224	0	52447.8531	0
173	13	-465.7224	0	52447.8485	0
174	13	-465.7220	0	52447.8468	0
175	13	-465.7217	0	52447.8443	0
176	13	-465.7216	0	52447.8416	0
177	13	-465.7206	0	52447.8483	0
178	13	-465.7190	0	52447.8604	0
179	13	-465.7179	0	52447.8649	0
180	13	-465.7173	0	52447.8646	0
181	13	-465.7168	0	52447.8607	0
182	13	-465.7168	0	52447.8554	0
183	13	-465.7169	0	52447.8515	0
184	13	-465.7168	0	52447.8462	0
185	13	-465.7166	0	52447.8403	0
186	13	-465.7166	0	52447.8303	0
187	13	-465.7169	0	52447.8246	0
188	13	-465.7170	0	52447.8165	0
189	13	-465.7163	0	52447.8194	0
190	13	-465.7165	0	52447.8085	0
191	13	-465.7174	0	52447.7922	0
192	13	-465.7175	0	52447.7795	0
193	13	-465.7171	0	52447.7745	0
194	13	-465.7144	0	52447.8039	0
195	13	-465.7123	0	52447.8263	0
196	13	-465.7113	0	52447.8362	0
197	13	-465.7105	0	52447.8396	0
198	13	-465.7102	0	52447.8387	0
199	13	-465.7095	0	52447.8382	0
200	13	-465.7088	0	52447.8400	0
201	13	-465.7082	0	52447.8425	0
202	13	-465.7082	0	52447.8394	0
203	13	-465.7079	0	52447.8263	0
204	13	-465.7077	0	52447.8150	0
205	13	-465.7072	0	52447.8087	0
206	13	-465.7065	0	52447.8084	0
207	13	-465.7058	0	52447.8062	0
208	13	-465.7054	0	52447.8034	0
209	13	-465.7051	0	52447.7895	0
210	13	-465.7048	0	52447.7777	0
211	13	-465.7043	0	52447.7689	0
212	13	-465.7031	0	52447.7701	0
213	13	-465.7020	0	52447.7706	0
214	13	-465.7014	0	52447.7687	0
215	13	-465.7008	0	52447.7682	0
216	13	-465.7003	0	52447.7725	0
217	13	-465.6996	0	52447.7827	0
218	13	-465.6990	0	52447.7888	0
219	13	-465.6982	0	52447.7933	0
220	13	-465.6970	0	52447.7907	0
221	13	-465.6961	0	52447.7982	0
222	13	-465.6949	0	52447.8050	0
223	13	-465.6943	0	52447.8117	0
224	13	-465.6934	0	52447.7974	0
225	13	-465.6918	0	52447.8003	0
226	13	-465.6905	0	52447.8012	0
227	13	-465.6894	0	52447.8057	0
228	13	-465.6887	0	52447.8073	0
229	13	-465.6874	0	52447.8161	0
230	13	-465.6861	0	52447.8192	0
231	13	-465.6846	0	52447.8283	0
232	13	-465.6843	0	52447.8415	0
