1761	1310	-465.7008	0	52446.4875	2
1762	1310	-465.6997	0	52446.4776	2
1763	1310	-465.6984	0	52446.4845	2
1764	1310	-465.6981	0	52446.4868	2
1765	1310	-465.6966	0	52446.4967	2
1766	1310	-465.6972	0	52446.4904	2
1767	1310	-465.6978	0	52446.4688	2
1768	1310	-465.6976	0	52446.4604	2
1769	1310	-465.6977	0	52446.4576	2
1770	1310	-465.6979	0	52446.4569	2
1771	1310	-465.6975	0	52446.4465	2
1772	1310	-465.6980	0	52446.4435	2
1773	1310	-465.6973	0	52446.4416	2
1774	1310	-465.6969	0	52446.4507	2
1788	1310	-465.6941	0	52446.3785	2
1789	1310	-465.6943	0	52446.3768	2
1790	1310	-465.6941	0	52446.3761	2
1791	1310	-465.6937	0	52446.3654	2
1792	1310	-465.6944	0	52446.3729	2
1793	1310	-465.6965	0	52446.4181	2
1799	1310	-465.7000	0	52446.4582	2
1800	1310	-465.7010	0	52446.4619	2
1801	1310	-465.7010	0	52446.4820	2
1802	1310	-465.7001	0	52446.4977	2
1803	1310	-465.6993	0	52446.5123	2
1804	1310	-465.6991	0	52446.5177	2
1805	1310	-465.7000	0	52446.5108	2
1806	1310	-465.7001	0	52446.4892	2
1807	1310	-465.7008	0	52446.4908	2
1808	1310	-465.7001	0	52446.4995	2
1809	1310	-465.7001	0	52446.4843	2
1810	1310	-465.7005	0	52446.5073	2
1811	1310	-465.7001	0	52446.5240	2
1814	1310	-465.7019	0	52446.4990	2
1815	1310	-465.7020	0	52446.4749	2
1816	1310	-465.7028	0	52446.4573	2
1817	1310	-465.7030	0	52446.4507	2
1818	1310	-465.7025	0	52446.4478	2
1819	1310	-465.7030	0	52446.4378	2
1820	1310	-465.7036	0	52446.4441	2
1821	1310	-465.7036	0	52446.4465	2
1822	1310	-465.7026	0	52446.4464	2
1824	1310	-465.7009	0	52446.4459	2
1825	1310	-465.6997	0	52446.4558	2
1826	1310	-465.7002	0	52446.4501	2
1827	1310	-465.7001	0	52446.4577	2
1828	1310	-465.6992	0	52446.4692	2
1829	1310	-465.6982	0	52446.4725	2
1830	1310	-465.6983	0	52446.4546	2
1843	1310	-465.7001	0	52446.3704	2
1844	1310	-465.7023	0	52446.3705	2
1845	1310	-465.7023	0	52446.3591	2
1846	1310	-465.7023	0	52446.3550	2
1847	1310	-465.7019	0	52446.3743	2
1848	1310	-465.7018	0	52446.3814	2
1849	1310	-465.7016	0	52446.3842	2
1850	1310	-465.7021	0	52446.3961	2
1851	1310	-465.7013	0	52446.4096	2
1852	1310	-465.7016	0	52446.3952	2
1853	1310	-465.7038	0	52446.3395	2
1854	1310	-465.7034	0	52446.3279	2
1855	1310	-465.7026	0	52446.2458	2
1856	1310	-465.7033	0	52446.2941	2
1874	1310	-465.6986	0	52446.4417	2
1875	1310	-465.6985	0	52446.4250	2
1880	1310	-465.6970	0	52446.4426	2
1882	1310	-465.6960	0	52446.4777	2
1883	1310	-465.6965	0	52446.4953	2
1884	1310	-465.6973	0	52446.5110	2
1885	1310	-465.6966	0	52446.5064	2
1904	1310	-465.6931	0	52446.4978	2
