2015	1365	-465.7616	0	52447.9366	0
2016	1365	-465.7623	0	52447.9334	0
2017	1365	-465.7625	0	52447.9324	0
2018	1365	-465.7626	0	52447.9321	0
2019	1365	-465.7626	0	52447.9321	0
2020	1365	-465.7624	0	52447.9336	0
2021	1365	-465.7626	0	52447.9328	0
2022	1365	-465.7624	0	52447.9339	0
2023	1365	-465.7626	0	52447.9329	0
2024	1365	-465.7631	0	52447.9312	0
2025	1365	-465.7630	0	52447.9320	0
2026	1365	-465.7634	0	52447.9310	0
2027	1365	-465.7636	0	52447.9292	0
2028	1365	-465.7638	0	52447.9300	0
2029	1365	-465.7637	0	52447.9317	0
2030	1365	-465.7638	0	52447.9310	0
2031	1365	-465.7641	0	52447.9293	0
2032	1365	-465.7640	0	52447.9301	0
2033	1365	-465.7644	0	52447.9276	0
2034	1365	-465.7643	0	52447.9267	0
2035	1365	-465.7639	0	52447.9262	0
2036	1365	-465.7632	0	52447.9259	0
2037	1365	-465.7622	0	52447.9256	0
2038	1365	-465.7612	0	52447.9254	0
2039	1365	-465.7602	0	52447.9236	0
2040	1365	-465.7590	0	52447.9257	0
2041	1365	-465.7582	0	52447.9249	0
2042	1365	-465.7575	0	52447.9260	0
2043	1365	-465.7571	0	52447.9264	0
2044	1365	-465.7570	0	52447.9265	0
2045	1365	-465.7569	0	52447.9266	0
2046	1365	-465.7569	0	52447.9266	0
2047	1365	-465.7572	0	52447.9252	0
2048	1365	-465.7571	0	52447.9247	0
2049	1365	-465.7574	0	52447.9231	0
2050	1365	-465.7576	0	52447.9225	0
2051	1365	-465.7575	0	52447.9238	0
2052	1365	-465.7575	0	52447.9242	0
2053	1365	-465.7577	0	52447.9230	0
2054	1365	-465.7578	0	52447.9226	0
2055	1365	-465.7580	0	52447.9225	0
2056	1365	-465.7581	0	52447.9224	0
2057	1365	-465.7580	0	52447.9238	0
2058	1365	-465.7579	0	52447.9244	0
2059	1365	-465.7583	0	52447.9232	0
2060	1365	-465.7584	0	52447.9228	0
2061	1365	-465.7587	0	52447.9212	0
2062	1365	-465.7597	0	52447.9150	0
2063	1365	-465.7605	0	52447.9098	0
2064	1365	-465.7643	0	52447.8862	0
2065	1365	-465.7659	0	52447.8757	0
2066	1365	-465.7661	0	52447.8742	0
2067	1365	-465.7651	0	52447.8812	0
2068	1365	-465.7623	0	52447.9003	0
2069	1365	-465.7617	0	52447.9049	0
2070	1365	-465.7604	0	52447.9138	0
2071	1365	-465.7597	0	52447.9186	0
2072	1365	-465.7599	0	52447.9189	0
2073	1365	-465.7601	0	52447.9176	0
2074	1365	-465.7608	0	52447.9141	0
2075	1365	-465.7613	0	52447.9115	0
2076	1365	-465.7636	0	52447.8973	0
2077	1365	-465.7649	0	52447.8891	0
2078	1365	-465.7637	0	52447.8960	0
2079	1365	-465.7670	0	52447.8729	0
2080	1365	-465.7680	0	52447.8661	0
2081	1365	-465.7682	0	52447.8649	0
2082	1365	-465.7686	0	52447.8615	0
2083	1365	-465.7685	0	52447.8635	0
2084	1365	-465.7672	0	52447.8721	0
2085	1365	-465.7686	0	52447.8630	0
2086	1365	-465.7695	0	52447.8581	0
2087	1365	-465.7705	0	52447.8516	0
2088	1365	-465.7668	0	52447.8787	0
2089	1365	-465.7649	0	52447.8929	0
2090	1365	-465.7644	0	52447.8994	0
2091	1365	-465.7643	0	52447.9000	0
2092	1365	-465.7646	0	52447.8985	0
2093	1365	-465.7659	0	52447.8888	0
2094	1365	-465.7702	0	52447.8586	0
2095	1365	-465.7667	0	52447.8845	0
2096	1365	-465.7653	0	52447.8944	0
2097	1365	-465.7641	0	52447.9009	0
2098	1365	-465.7640	0	52447.9033	0
2099	1365	-465.7639	0	52447.9040	0
2100	1365	-465.7637	0	52447.9042	0
2101	1365	-465.7637	0	52447.9042	0
2102	1365	-465.7631	0	52447.9071	0
2103	1365	-465.7633	0	52447.9068	0
2104	1365	-465.7630	0	52447.9080	0
2105	1365	-465.7626	0	52447.9083	0
2106	1365	-465.7627	0	52447.9100	0
2107	1365	-465.7633	0	52447.9092	0
2108	1365	-465.7650	0	52447.8987	0
2109	1365	-465.7646	0	52447.9005	0
2110	1365	-465.7637	0	52447.9040	0
2111	1365	-465.7639	0	52447.9040	0
2112	1365	-465.7637	0	52447.9069	0
2113	1365	-465.7636	0	52447.9065	0
2114	1365	-465.7639	0	52447.9079	0
2115	1365	-465.7640	0	52447.9084	0
2116	1365	-465.7640	0	52447.9086	0
2117	1365	-465.7638	0	52447.9101	0
2118	1365	-465.7639	0	52447.9107	0
2119	1365	-465.7640	0	52447.9094	0
2120	1365	-465.7640	0	52447.9089	0
2121	1365	-465.7639	0	52447.9102	0
2122	1365	-465.7639	0	52447.9106	0
2123	1365	-465.7640	0	52447.9094	0
2124	1365	-465.7641	0	52447.9088	0
2125	1365	-465.7643	0	52447.9072	0
2126	1365	-465.7647	0	52447.9036	0
2127	1365	-465.7646	0	52447.9052	0
2128	1365	-465.7643	0	52447.9073	0
2129	1365	-465.7642	0	52447.9081	0
2130	1365	-465.7639	0	52447.9098	0
2131	1365	-465.7639	0	52447.9090	0
2132	1365	-465.7639	0	52447.9087	0
2133	1365	-465.7649	0	52447.9027	0
2134	1365	-465.7650	0	52447.9020	0
2135	1365	-465.7652	0	52447.9017	0
2136	1365	-465.7647	0	52447.9045	0
2137	1365	-465.7644	0	52447.9071	0
2138	1365	-465.7648	0	52447.9052	0
2139	1365	-465.7651	0	52447.9030	0
2140	1365	-465.7650	0	52447.9036	0
2141	1365	-465.7648	0	52447.9053	0
2142	1365	-465.7651	0	52447.9046	0
2143	1365	-465.7651	0	52447.9028	0
2144	1365	-465.7658	0	52447.8977	0
2145	1365	-465.7665	0	52447.8928	0
2146	1365	-465.7665	0	52447.8924	0
2147	1365	-465.7662	0	52447.8938	0
2148	1365	-465.7661	0	52447.8944	0
2149	1365	-465.7658	0	52447.8961	0
2150	1365	-465.7657	0	52447.8953	0
2151	1365	-465.7657	0	52447.8949	0
2152	1365	-465.7666	0	52447.8904	0
2153	1365	-465.7666	0	52447.8902	0
2154	1365	-465.7665	0	52447.8885	0
2155	1365	-465.7664	0	52447.8879	0
2156	1365	-465.7665	0	52447.8862	0
2157	1365	-465.7670	0	52447.8842	0
2164	1365	-465.7696	0	52447.8704	0
2165	1365	-465.7695	0	52447.8678	0
2166	1365	-465.7699	0	52447.8671	0
2167	1365	-465.7708	0	52447.8621	0
2168	1365	-465.7698	0	52447.8648	0
2169	1365	-465.7692	0	52447.8658	0
2170	1365	-465.7700	0	52447.8582	0
2171	1365	-465.7693	0	52447.8617	0
2172	1365	-465.7685	0	52447.8664	0
2173	1365	-465.7680	0	52447.8697	0
2174	1365	-465.7677	0	52447.8743	0
2175	1365	-465.7675	0	52447.8742	0
2176	1365	-465.7673	0	52447.8758	0
2177	1365	-465.7675	0	52447.8764	0
2178	1365	-465.7676	0	52447.8750	0
2179	1365	-465.7686	0	52447.8682	0
2180	1365	-465.7693	0	52447.8658	0
2181	1365	-465.7694	0	52447.8664	0
2182	1365	-465.7728	0	52447.8427	0
2183	1365	-465.7743	0	52447.8305	0
2184	1365	-465.7741	0	52447.8302	0
2185	1365	-465.7723	0	52447.8416	0
2186	1365	-465.7693	0	52447.8637	0
2187	1365	-465.7703	0	52447.8577	0
2188	1365	-465.7710	0	52447.8509	0
2189	1365	-465.7724	0	52447.8404	0
2191	1365	-465.7722	0	52447.8479	0
2192	1365	-465.7721	0	52447.8505	0
2193	1365	-465.7719	0	52447.8547	0
2194	1365	-465.7719	0	52447.8545	0
2195	1365	-465.7718	0	52447.8559	0
2196	1365	-465.7716	0	52447.8580	0
2197	1365	-465.7711	0	52447.8636	0
2198	1365	-465.7713	0	52447.8624	0
2199	1365	-465.7716	0	52447.8602	0
2200	1365	-465.7719	0	52447.8577	0
2201	1365	-465.7719	0	52447.8566	0
2202	1365	-465.7709	0	52447.8626	0
2203	1365	-465.7703	0	52447.8663	0
2204	1365	-465.7654	0	52447.9013	0
2205	1365	-465.7629	0	52447.9205	0
2206	1365	-465.7621	0	52447.9263	0
2207	1365	-465.7615	0	52447.9310	0
2208	1365	-465.7611	0	52447.9337	0
2209	1365	-465.7607	0	52447.9373	0
2210	1365	-465.7604	0	52447.9397	0
2211	1365	-465.7607	0	52447.9391	0
2212	1365	-465.7606	0	52447.9400	0
2213	1365	-465.7612	0	52447.9362	0
2214	1365	-465.7612	0	52447.9387	0
2215	1365	-465.7610	0	52447.9410	0
2216	1365	-465.7609	0	52447.9431	0
2217	1365	-465.7606	0	52447.9451	0
2218	1365	-465.7600	0	52447.9498	0
2219	1365	-465.7593	0	52447.9541	0
2220	1365	-465.7591	0	52447.9556	0
2221	1365	-465.7590	0	52447.9560	0
2222	1365	-465.7590	0	52447.9561	0
2223	1365	-465.7590	0	52447.9573	0
2224	1365	-465.7591	0	52447.9564	0
2225	1365	-465.7589	0	52447.9573	0
2226	1365	-465.7596	0	52447.9536	0
2227	1365	-465.7606	0	52447.9484	0
2228	1365	-465.7617	0	52447.9411	0
2229	1365	-465.7607	0	52447.9472	0
2230	1365	-465.7596	0	52447.9537	0
2231	1365	-465.7587	0	52447.9587	0
2232	1365	-465.7587	0	52447.9592	0
2233	1365	-465.7585	0	52447.9593	0
2234	1365	-465.7585	0	52447.9593	0
2235	1365	-465.7588	0	52447.9580	0
2236	1365	-465.7600	0	52447.9496	0
2237	1365	-465.7591	0	52447.9554	0
2238	1365	-465.7589	0	52447.9564	0
2239	1365	-465.7588	0	52447.9581	0
2240	1365	-465.7592	0	52447.9548	0
2241	1365	-465.7593	0	52447.9563	0
2242	1365	-465.7584	0	52447.9606	0
2243	1365	-465.7580	0	52447.9636	0
2244	1365	-465.7579	0	52447.9646	0
2245	1365	-465.7581	0	52447.9637	0
2246	1365	-465.7580	0	52447.9633	0
2247	1365	-465.7580	0	52447.9631	0
2248	1365	-465.7580	0	52447.9630	0
2249	1365	-465.7591	0	52447.9565	0
2250	1365	-465.7599	0	52447.9515	0
2251	1365	-465.7601	0	52447.9495	0
2252	1365	-465.7598	0	52447.9513	0
2253	1365	-465.7599	0	52447.9495	0
2254	1365	-465.7612	0	52447.9408	0
2255	1365	-465.7615	0	52447.9375	0
2256	1365	-465.7612	0	52447.9389	0
2257	1365	-465.7598	0	52447.9489	0
2258	1365	-465.7599	0	52447.9474	0
2259	1365	-465.7602	0	52447.9455	0
2260	1365	-465.7601	0	52447.9461	0
2261	1365	-465.7609	0	52447.9410	0
2262	1365	-465.7610	0	52447.9404	0
2263	1365	-465.7594	0	52447.9509	0
2264	1365	-465.7587	0	52447.9564	0
2265	1365	-465.7586	0	52447.9555	0
2266	1365	-465.7586	0	52447.9566	0
2267	1365	-465.7587	0	52447.9556	0
2268	1365	-465.7589	0	52447.9538	0
2269	1365	-465.7596	0	52447.9492	0
2270	1365	-465.7595	0	52447.9501	0
2271	1365	-465.7591	0	52447.9532	0
2272	1365	-465.7593	0	52447.9516	0
2273	1365	-465.7594	0	52447.9510	0
2274	1365	-465.7592	0	52447.9508	0
2275	1365	-465.7592	0	52447.9507	0
2276	1365	-465.7592	0	52447.9493	0
2277	1365	-465.7592	0	52447.9488	0
2278	1365	-465.7596	0	52447.9459	0
2279	1365	-465.7594	0	52447.9475	0
2280	1365	-465.7594	0	52447.9468	0
2281	1365	-465.7596	0	52447.9452	0
2282	1365	-465.7597	0	52447.9446	0
2283	1365	-465.7597	0	52447.9444	0
2284	1365	-465.7600	0	52447.9430	0
2285	1365	-465.7598	0	52447.9438	0
2286	1365	-465.7598	0	52447.9442	0
2287	1365	-465.7598	0	52447.9443	0
2288	1365	-465.7598	0	52447.9430	0
2289	1365	-465.7599	0	52447.9411	0
2290	1365	-465.7600	0	52447.9405	0
2291	1365	-465.7600	0	52447.9402	0
2292	1365	-465.7600	0	52447.9402	0
2293	1365	-465.7600	0	52447.9402	0
2294	1365	-465.7602	0	52447.9388	0
2295	1365	-465.7605	0	52447.9370	0
2296	1365	-465.7606	0	52447.9349	0
2297	1365	-465.7605	0	52447.9355	0
2298	1365	-465.7605	0	52447.9344	0
2299	1365	-465.7605	0	52447.9339	0
2300	1365	-465.7606	0	52447.9338	0
2301	1365	-465.7608	0	52447.9324	0
2302	1365	-465.7649	0	52447.9052	0
2303	1365	-465.7669	0	52447.8908	0
2304	1365	-465.7633	0	52447.9149	0
2305	1365	-465.7627	0	52447.9201	0
2306	1365	-465.7613	0	52447.9288	0
2307	1365	-465.7603	0	52447.9336	0
2308	1365	-465.7600	0	52447.9353	0
2309	1365	-465.7599	0	52447.9359	0
2310	1365	-465.7599	0	52447.9362	0
2311	1365	-465.7599	0	52447.9362	0
2312	1365	-465.7596	0	52447.9390	0
2313	1365	-465.7597	0	52447.9387	0
2314	1365	-465.7595	0	52447.9399	0
2315	1365	-465.7596	0	52447.9389	0
2316	1365	-465.7593	0	52447.9399	0
2317	1365	-465.7596	0	52447.9375	0
2318	1365	-465.7599	0	52447.9352	0
2319	1365	-465.7598	0	52447.9357	0
2320	1365	-465.7595	0	52447.9387	0
2321	1365	-465.7594	0	52447.9398	0
2322	1365	-465.7594	0	52447.9402	0
2323	1365	-465.7594	0	52447.9403	0
2324	1365	-465.7593	0	52447.9418	0
2325	1365	-465.7593	0	52447.9423	0
2326	1365	-465.7593	0	52447.9425	0
2327	1365	-465.7590	0	52447.9439	0
2328	1365	-465.7594	0	52447.9417	0
2329	1365	-465.7593	0	52447.9422	0
2330	1365	-465.7595	0	52447.9411	0
2331	1365	-465.7597	0	52447.9393	0
2332	1365	-465.7602	0	52447.9358	0
2333	1365	-465.7597	0	52447.9386	0
2334	1365	-465.7591	0	52447.9423	0
2335	1365	-465.7589	0	52447.9452	0
2338	1365	-465.7584	0	52447.9482	0
2339	1365	-465.7584	0	52447.9485	0
2340	1365	-465.7586	0	52447.9487	0
2341	1365	-465.7585	0	52447.9488	0
2342	1365	-465.7587	0	52447.9474	0
2343	1365	-465.7587	0	52447.9469	0
2344	1365	-465.7589	0	52447.9467	0
2345	1365	-465.7594	0	52447.9426	0
2346	1365	-465.7596	0	52447.9396	0
2347	1365	-465.7592	0	52447.9425	0
2348	1365	-465.7593	0	52447.9424	0
2349	1365	-465.7591	0	52447.9436	0
2350	1365	-465.7592	0	52447.9428	0
2351	1365	-465.7600	0	52447.9371	0
2352	1365	-465.7602	0	52447.9348	0
2353	1365	-465.7599	0	52447.9382	0
2354	1365	-465.7597	0	52447.9394	0
2355	1365	-465.7596	0	52447.9413	0
2356	1365	-465.7593	0	52447.9433	0
2357	1365	-465.7589	0	52447.9468	0
2358	1365	-465.7586	0	52447.9495	0
2359	1365	-465.7583	0	52447.9504	0
2360	1365	-465.7590	0	52447.9467	0
2361	1365	-465.7596	0	52447.9413	0
2362	1365	-465.7590	0	52447.9458	0
2363	1365	-465.7583	0	52447.9489	0
2364	1365	-465.7576	0	52447.9513	0
2365	1365	-465.7570	0	52447.9549	0
2366	1365	-465.7566	0	52447.9575	0
2367	1365	-465.7560	0	52447.9596	0
2368	1365	-465.7551	0	52447.9643	0
2369	1365	-465.7548	0	52447.9660	0
2370	1365	-465.7550	0	52447.9652	0
2371	1365	-465.7552	0	52447.9636	0
2372	1365	-465.7570	0	52447.9511	0
2373	1365	-465.7604	0	52447.9252	0
2374	1365	-465.7622	0	52447.9122	0
2375	1365	-465.7627	0	52447.9066	0
2376	1365	-465.7578	0	52447.9424	0
2377	1365	-465.7556	0	52447.9584	0
2378	1365	-465.7548	0	52447.9638	0
2379	1365	-465.7549	0	52447.9629	0
2381	1365	-465.7553	0	52447.9609	0
2382	1365	-465.7554	0	52447.9603	0
2383	1365	-465.7550	0	52447.9614	0
2384	1365	-465.7551	0	52447.9618	0
2385	1365	-465.7552	0	52447.9620	0
2386	1365	-465.7553	0	52447.9607	0
2387	1365	-465.7555	0	52447.9589	0
2388	1365	-465.7558	0	52447.9569	0
2389	1365	-465.7556	0	52447.9575	0
2390	1365	-465.7555	0	52447.9577	0
2391	1365	-465.7559	0	52447.9552	0
2392	1365	-465.7562	0	52447.9530	0
2394	1365	-465.7579	0	52447.9427	0
2395	1365	-465.7572	0	52447.9458	0
2397	1365	-465.7576	0	52447.9424	0
2400	1365	-465.7578	0	52447.9398	0
2401	1365	-465.7578	0	52447.9396	0
2402	1365	-465.7577	0	52447.9395	0
2403	1365	-465.7575	0	52447.9408	0
2404	1365	-465.7577	0	52447.9385	0
2405	1365	-465.7577	0	52447.9377	0
2406	1365	-465.7579	0	52447.9361	0
2407	1365	-465.7580	0	52447.9355	0
2408	1365	-465.7581	0	52447.9339	0
2409	1365	-465.7580	0	52447.9347	0
2410	1365	-465.7580	0	52447.9351	0
2411	1365	-465.7579	0	52447.9352	0
2412	1365	-465.7578	0	52447.9353	0
2413	1365	-465.7579	0	52447.9339	0
