2330	1428	-455.9234	0	52600.7894	0
2331	1428	-455.9234	0	52600.7875	0
2332	1428	-455.9228	0	52600.7725	0
2333	1428	-455.9225	0	52600.7727	0
2334	1428	-455.9220	0	52600.7635	0
2335	1428	-455.9213	0	52600.7514	0
2336	1428	-455.9208	0	52600.7337	0
2337	1428	-455.9208	0	52600.7424	0
2338	1428	-455.9206	0	52600.7499	0
2339	1428	-455.9204	0	52600.7482	0
2340	1428	-455.9206	0	52600.7520	0
2341	1428	-455.9203	0	52600.7491	0
2342	1428	-455.9200	0	52600.7523	0
2343	1428	-455.9201	0	52600.7494	0
2344	1428	-455.9202	0	52600.7606	0
2345	1428	-455.9204	0	52600.7770	0
2346	1428	-455.9201	0	52600.7750	0
2347	1428	-455.9198	0	52600.7741	0
2348	1428	-455.9199	0	52600.7697	0
2349	1428	-455.9200	0	52600.7722	0
2350	1428	-455.9198	0	52600.7650	0
2351	1428	-455.9197	0	52600.7701	0
2352	1428	-455.9195	0	52600.7639	0
2353	1428	-455.9195	0	52600.7657	0
2354	1428	-455.9190	0	52600.7621	0
2355	1428	-455.9189	0	52600.7607	0
2356	1428	-455.9191	0	52600.7604	0
2357	1428	-455.9192	0	52600.7643	0
2358	1428	-455.9194	0	52600.7699	0
2359	1428	-455.9196	0	52600.7720	0
2360	1428	-455.9197	0	52600.7768	0
2361	1428	-455.9202	0	52600.7827	0
2362	1428	-455.9203	0	52600.7810	0
2363	1428	-455.9207	0	52600.7884	0
2364	1428	-455.9206	0	52600.7794	0
2365	1428	-455.9203	0	52600.7873	0
2366	1428	-455.9200	0	52600.7978	0
2367	1428	-455.9199	0	52600.7979	0
2368	1428	-455.9199	0	52600.8017	0
2369	1428	-455.9201	0	52600.8032	0
2370	1428	-455.9201	0	52600.8073	0
2371	1428	-455.9201	0	52600.8089	0
2372	1428	-455.9199	0	52600.8017	0
2373	1428	-455.9197	0	52600.7909	0
2374	1428	-455.9197	0	52600.7948	0
2375	1428	-455.9201	0	52600.8003	0
2376	1428	-455.9199	0	52600.7982	0
2377	1428	-455.9199	0	52600.7936	0
2378	1428	-455.9199	0	52600.7994	0
2379	1428	-455.9198	0	52600.8017	0
2380	1428	-455.9198	0	52600.8063	0
2381	1428	-455.9198	0	52600.8079	0
2382	1428	-455.9199	0	52600.8124	0
2383	1428	-455.9201	0	52600.8142	0
2384	1428	-455.9197	0	52600.8033	0
2385	1428	-455.9194	0	52600.8027	0
2386	1428	-455.9194	0	52600.8025	0
2387	1428	-455.9196	0	52600.8025	0
2388	1428	-455.9198	0	52600.8102	0
2389	1428	-455.9195	0	52600.8053	0
2390	1428	-455.9191	0	52600.8071	0
2391	1428	-455.9190	0	52600.8192	0
2392	1428	-455.9186	0	52600.8160	0
2393	1428	-455.9184	0	52600.8183	0
2394	1428	-455.9187	0	52600.8155	0
2395	1428	-455.9188	0	52600.8108	0
2396	1428	-455.9196	0	52600.8093	0
2397	1428	-455.9201	0	52600.8016	0
2398	1428	-455.9203	0	52600.7946	0
2400	1428	-455.9202	0	52600.7922	0
2401	1428	-455.9199	0	52600.7997	0
2402	1428	-455.9197	0	52600.8024	0
2403	1428	-455.9193	0	52600.7991	0
2404	1428	-455.9191	0	52600.7900	0
2405	1428	-455.9191	0	52600.7905	0
2406	1428	-455.9189	0	52600.7944	0
2407	1428	-455.9192	0	52600.7961	0
2408	1428	-455.9192	0	52600.7928	0
2409	1428	-455.9191	0	52600.7875	0
2410	1428	-455.9191	0	52600.7855	0
2411	1428	-455.9192	0	52600.7809	0
2412	1428	-455.9190	0	52600.7789	0
2413	1428	-455.9193	0	52600.7825	0
2414	1428	-455.9192	0	52600.7836	0
2415	1428	-455.9192	0	52600.7841	0
2416	1428	-455.9190	0	52600.7843	0
2417	1428	-455.9190	0	52600.7883	0
2418	1428	-455.9193	0	52600.7900	0
2419	1428	-455.9196	0	52600.7946	0
2423	1428	-455.9209	0	52600.7918	0
2429	1428	-455.9219	0	52600.8397	0
