2387	1436	-465.7736	0	52447.8037	0
2388	1436	-465.7738	0	52447.8003	0
2389	1436	-465.7738	0	52447.8036	0
2390	1436	-465.7743	0	52447.8006	0
2391	1436	-465.7747	0	52447.7976	0
2392	1436	-465.7749	0	52447.8006	0
2394	1436	-465.7750	0	52447.7999	0
2395	1436	-465.7754	0	52447.8001	0
2397	1436	-465.7759	0	52447.7981	0
2399	1436	-465.7760	0	52447.7952	0
2400	1436	-465.7768	0	52447.7890	0
2401	1436	-465.7771	0	52447.7848	0
2402	1436	-465.7773	0	52447.7813	0
2403	1436	-465.7774	0	52447.7800	0
2404	1436	-465.7773	0	52447.7815	0
2405	1436	-465.7773	0	52447.7822	0
2406	1436	-465.7776	0	52447.7806	0
2407	1436	-465.7779	0	52447.7762	0
2408	1436	-465.7781	0	52447.7726	0
2410	1436	-465.7784	0	52447.7687	0
2411	1436	-465.7787	0	52447.7681	0
2412	1436	-465.7783	0	52447.7738	0
2434	1436	-465.7762	0	52447.8246	0
2435	1436	-465.7762	0	52447.8276	0
2436	1436	-465.7759	0	52447.8302	0
