2465	1451	-465.6669	0	52447.9290	0
2466	1451	-465.6665	0	52447.9252	0
2467	1451	-465.6672	0	52447.9241	0
2468	1451	-465.6684	0	52447.9259	0
2469	1451	-465.6691	0	52447.9281	0
2470	1451	-465.6697	0	52447.9305	0
2471	1451	-465.6706	0	52447.9316	0
2472	1451	-465.6713	0	52447.9305	0
2473	1451	-465.6719	0	52447.9287	0
2474	1451	-465.6725	0	52447.9325	0
2475	1451	-465.6728	0	52447.9340	0
2476	1451	-465.6732	0	52447.9360	0
2477	1451	-465.6739	0	52447.9355	0
2478	1451	-465.6756	0	52447.9342	0
2479	1451	-465.6773	0	52447.9311	0
2480	1451	-465.6782	0	52447.9329	0
2481	1451	-465.6789	0	52447.9322	0
2482	1451	-465.6797	0	52447.9335	0
2483	1451	-465.6805	0	52447.9327	0
2484	1451	-465.6814	0	52447.9297	0
2485	1451	-465.6821	0	52447.9286	0
2486	1451	-465.6825	0	52447.9298	0
2487	1451	-465.6832	0	52447.9332	0
2488	1451	-465.6838	0	52447.9346	0
2489	1451	-465.6847	0	52447.9339	0
2490	1451	-465.6854	0	52447.9337	0
2491	1451	-465.6862	0	52447.9366	0
2492	1451	-465.6865	0	52447.9391	0
2493	1451	-465.6870	0	52447.9401	0
2494	1451	-465.6873	0	52447.9391	0
2495	1451	-465.6876	0	52447.9401	0
2496	1451	-465.6881	0	52447.9406	0
2497	1451	-465.6886	0	52447.9436	0
2498	1451	-465.6891	0	52447.9531	0
2499	1451	-465.6895	0	52447.9593	0
2500	1451	-465.6902	0	52447.9604	0
2501	1451	-465.6910	0	52447.9595	0
2502	1451	-465.6916	0	52447.9592	0
2503	1451	-465.6921	0	52447.9631	0
2504	1451	-465.6923	0	52447.9672	0
2505	1451	-465.6926	0	52447.9674	0
2506	1451	-465.6932	0	52447.9675	0
2507	1451	-465.6936	0	52447.9688	0
2508	1451	-465.6938	0	52447.9719	0
2509	1451	-465.6944	0	52447.9732	0
2510	1451	-465.6948	0	52447.9838	0
2511	1451	-465.6951	0	52447.9916	0
2512	1451	-465.6957	0	52447.9957	0
2513	1451	-465.6969	0	52447.9949	0
2514	1451	-465.6977	0	52447.9958	0
2515	1451	-465.6982	0	52447.9986	0
2516	1451	-465.6990	0	52447.9996	0
2517	1451	-465.6995	0	52448.0000	0
2518	1451	-465.7001	0	52447.9977	0
2519	1451	-465.7006	0	52447.9993	0
2520	1451	-465.7010	0	52448.0035	0
2521	1451	-465.7017	0	52448.0052	0
2522	1451	-465.7023	0	52448.0046	0
2523	1451	-465.7032	0	52448.0033	0
2524	1451	-465.7039	0	52448.0028	0
2525	1451	-465.7044	0	52448.0051	0
2526	1451	-465.7044	0	52448.0082	0
2527	1451	-465.7047	0	52448.0095	0
2528	1451	-465.7051	0	52448.0075	0
2529	1451	-465.7051	0	52448.0103	0
2530	1451	-465.7054	0	52448.0126	0
2531	1451	-465.7056	0	52448.0158	0
2532	1451	-465.7061	0	52448.0170	0
2533	1451	-465.7065	0	52448.0175	0
2534	1451	-465.7071	0	52448.0154	0
2535	1451	-465.7076	0	52448.0146	0
2536	1451	-465.7078	0	52448.0190	0
2537	1451	-465.7081	0	52448.0218	0
2538	1451	-465.7082	0	52448.0251	0
2539	1451	-465.7085	0	52448.0275	0
2540	1451	-465.7088	0	52448.0273	0
2541	1451	-465.7091	0	52448.0272	0
2542	1451	-465.7094	0	52448.0282	0
2543	1451	-465.7097	0	52448.0321	0
2544	1451	-465.7103	0	52448.0324	0
2545	1451	-465.7109	0	52448.0315	0
2546	1451	-465.7115	0	52448.0311	0
2547	1451	-465.7126	0	52448.0289	0
2548	1451	-465.7132	0	52448.0292	0
2549	1451	-465.7134	0	52448.0292	0
2550	1451	-465.7137	0	52448.0282	0
2551	1451	-465.7137	0	52448.0277	0
2552	1451	-465.7135	0	52448.0298	0
2553	1451	-465.7136	0	52448.0317	0
2554	1451	-465.7135	0	52448.0358	0
2555	1451	-465.7135	0	52448.0395	0
2556	1451	-465.7137	0	52448.0409	0
2557	1451	-465.7139	0	52448.0425	0
2558	1451	-465.7141	0	52448.0454	0
2559	1451	-465.7143	0	52448.0486	0
2560	1451	-465.7138	0	52448.0540	0
2561	1451	-465.7138	0	52448.0548	0
2562	1451	-465.7137	0	52448.0540	0
2563	1451	-465.7137	0	52448.0547	0
2564	1451	-465.7137	0	52448.0570	0
2565	1451	-465.7136	0	52448.0610	0
2566	1451	-465.7139	0	52448.0615	0
2567	1451	-465.7142	0	52448.0595	0
2568	1451	-465.7145	0	52448.0577	0
2569	1451	-465.7146	0	52448.0590	0
2570	1451	-465.7145	0	52448.0595	0
2571	1451	-465.7144	0	52448.0617	0
2572	1451	-465.7145	0	52448.0626	0
2573	1451	-465.7145	0	52448.0629	0
2574	1451	-465.7147	0	52448.0640	0
2575	1451	-465.7147	0	52448.0675	0
2576	1451	-465.7147	0	52448.0708	0
2577	1451	-465.7148	0	52448.0731	0
2578	1451	-465.7152	0	52448.0709	0
2579	1451	-465.7156	0	52448.0711	0
2580	1451	-465.7157	0	52448.0721	0
2581	1451	-465.7157	0	52448.0765	0
2582	1451	-465.7157	0	52448.0782	0
2583	1451	-465.7161	0	52448.0778	0
2584	1451	-465.7167	0	52448.0757	0
2585	1451	-465.7169	0	52448.0778	0
2586	1451	-465.7170	0	52448.0816	0
2587	1451	-465.7173	0	52448.0831	0
2588	1451	-465.7178	0	52448.0846	0
2589	1451	-465.7184	0	52448.0823	0
2590	1451	-465.7188	0	52448.0824	0
2591	1451	-465.7188	0	52448.0843	0
2592	1451	-465.7186	0	52448.0870	0
2593	1451	-465.7187	0	52448.0870	0
2594	1451	-465.7190	0	52448.0870	0
2595	1451	-465.7195	0	52448.0860	0
2596	1451	-465.7196	0	52448.0896	0
2597	1451	-465.7198	0	52448.0938	0
2598	1451	-465.7199	0	52448.0964	0
2599	1451	-465.7205	0	52448.0964	0
2600	1451	-465.7210	0	52448.0945	0
2601	1451	-465.7213	0	52448.0947	0
2602	1451	-465.7213	0	52448.0966	0
2603	1451	-465.7212	0	52448.1002	0
2604	1451	-465.7211	0	52448.1024	0
2605	1451	-465.7218	0	52448.0995	0
2606	1451	-465.7222	0	52448.1003	0
2607	1451	-465.7226	0	52448.1007	0
2608	1451	-465.7228	0	52448.1054	0
2609	1451	-465.7231	0	52448.1073	0
2610	1451	-465.7234	0	52448.1070	0
2611	1451	-465.7237	0	52448.1069	0
2612	1451	-465.7236	0	52448.1077	0
2613	1451	-465.7235	0	52448.1098	0
2614	1451	-465.7231	0	52448.1133	0
2615	1451	-465.7233	0	52448.1128	0
2616	1451	-465.7237	0	52448.1126	0
2617	1451	-465.7239	0	52448.1153	0
2618	1451	-465.7239	0	52448.1180	0
2619	1451	-465.7241	0	52448.1200	0
2620	1451	-465.7244	0	52448.1206	0
2621	1451	-465.7246	0	52448.1200	0
2622	1451	-465.7250	0	52448.1197	0
2623	1451	-465.7251	0	52448.1214	0
2624	1451	-465.7248	0	52448.1255	0
2625	1451	-465.7246	0	52448.1279	0
2626	1451	-465.7247	0	52448.1279	0
2627	1451	-465.7248	0	52448.1278	0
2628	1451	-465.7249	0	52448.1295	0
2629	1451	-465.7246	0	52448.1336	0
2630	1451	-465.7246	0	52448.1359	0
2631	1451	-465.7248	0	52448.1359	0
2632	1451	-465.7252	0	52448.1359	0
2633	1451	-465.7257	0	52448.1359	0
2634	1451	-465.7257	0	52448.1401	0
2635	1451	-465.7255	0	52448.1441	0
2636	1451	-465.7257	0	52448.1440	0
2637	1451	-465.7259	0	52448.1439	0
2638	1451	-465.7260	0	52448.1446	0
2639	1451	-465.7258	0	52448.1482	0
2640	1451	-465.7256	0	52448.1519	0
2641	1451	-465.7259	0	52448.1533	0
2642	1451	-465.7262	0	52448.1530	0
2643	1451	-465.7266	0	52448.1528	0
2644	1451	-465.7267	0	52448.1544	0
2645	1451	-465.7268	0	52448.1565	0
2646	1451	-465.7267	0	52448.1589	0
2647	1451	-465.7267	0	52448.1598	0
2648	1451	-465.7267	0	52448.1600	0
2649	1451	-465.7265	0	52448.1625	0
2650	1451	-465.7262	0	52448.1649	0
2651	1451	-465.7262	0	52448.1689	0
2652	1451	-465.7264	0	52448.1704	0
2653	1451	-465.7269	0	52448.1694	0
2654	1451	-465.7272	0	52448.1689	0
2655	1451	-465.7273	0	52448.1718	0
2656	1451	-465.7273	0	52448.1744	0
2657	1451	-465.7272	0	52448.1761	0
2658	1451	-465.7275	0	52448.1775	0
2659	1451	-465.7279	0	52448.1772	0
2660	1451	-465.7282	0	52448.1801	0
2661	1451	-465.7283	0	52448.1834	0
2662	1451	-465.7283	0	52448.1868	0
2663	1451	-465.7287	0	52448.1866	0
2664	1451	-465.7292	0	52448.1858	0
2665	1451	-465.7298	0	52448.1862	0
2666	1451	-465.7297	0	52448.1885	0
2667	1451	-465.7295	0	52448.1930	0
2668	1451	-465.7294	0	52448.1967	0
2669	1451	-465.7298	0	52448.1974	0
2670	1451	-465.7302	0	52448.1984	0
2671	1451	-465.7305	0	52448.1994	0
2672	1451	-465.7305	0	52448.2033	0
2673	1451	-465.7304	0	52448.2082	0
2674	1451	-465.7309	0	52448.2079	0
2675	1451	-465.7317	0	52448.2064	0
2676	1451	-465.7323	0	52448.2065	0
2677	1451	-465.7325	0	52448.2085	0
2678	1451	-465.7324	0	52448.2113	0
2679	1451	-465.7326	0	52448.2123	0
2680	1451	-465.7331	0	52448.2120	0
2681	1451	-465.7335	0	52448.2119	0
2682	1451	-465.7338	0	52448.2145	0
2683	1451	-465.7340	0	52448.2182	0
2684	1451	-465.7343	0	52448.2196	0
2685	1451	-465.7348	0	52448.2187	0
2686	1451	-465.7356	0	52448.2177	0
2687	1451	-465.7359	0	52448.2193	0
2688	1451	-465.7359	0	52448.2212	0
2689	1451	-465.7358	0	52448.2239	0
2690	1451	-465.7359	0	52448.2255	0
2691	1451	-465.7366	0	52448.2242	0
2692	1451	-465.7371	0	52448.2243	0
2693	1451	-465.7373	0	52448.2276	0
2694	1451	-465.7373	0	52448.2307	0
2695	1451	-465.7377	0	52448.2319	0
2696	1451	-465.7385	0	52448.2324	0
2697	1451	-465.7391	0	52448.2319	0
2698	1451	-465.7393	0	52448.2335	0
2699	1451	-465.7391	0	52448.2360	0
2700	1451	-465.7390	0	52448.2388	0
2701	1451	-465.7393	0	52448.2398	0
2702	1451	-465.7398	0	52448.2390	0
2703	1451	-465.7401	0	52448.2399	0
2704	1451	-465.7402	0	52448.2426	0
2705	1451	-465.7402	0	52448.2461	0
2706	1451	-465.7406	0	52448.2468	0
2707	1451	-465.7412	0	52448.2458	0
2708	1451	-465.7416	0	52448.2460	0
2709	1451	-465.7416	0	52448.2479	0
2710	1451	-465.7413	0	52448.2515	0
2711	1451	-465.7411	0	52448.2534	0
2712	1451	-465.7412	0	52448.2535	0
2713	1451	-465.7415	0	52448.2535	0
2714	1451	-465.7414	0	52448.2559	0
2715	1451	-465.7412	0	52448.2590	0
2716	1451	-465.7412	0	52448.2614	0
2717	1451	-465.7416	0	52448.2610	0
2718	1451	-465.7421	0	52448.2603	0
2719	1451	-465.7421	0	52448.2617	0
2720	1451	-465.7419	0	52448.2645	0
2721	1451	-465.7415	0	52448.2672	0
2722	1451	-465.7414	0	52448.2682	0
2723	1451	-465.7417	0	52448.2685	0
2724	1451	-465.7420	0	52448.2686	0
2725	1451	-465.7419	0	52448.2708	0
2726	1451	-465.7419	0	52448.2744	0
2727	1451	-465.7419	0	52448.2757	0
2728	1451	-465.7422	0	52448.2751	0
2729	1451	-465.7424	0	52448.2753	0
2730	1451	-465.7422	0	52448.2781	0
2731	1451	-465.7418	0	52448.2813	0
2732	1451	-465.7415	0	52448.2846	0
2733	1451	-465.7416	0	52448.2847	0
2734	1451	-465.7417	0	52448.2847	0
2735	1451	-465.7416	0	52448.2862	0
2736	1451	-465.7415	0	52448.2883	0
2737	1451	-465.7414	0	52448.2901	0
2738	1451	-465.7416	0	52448.2908	0
2739	1451	-465.7418	0	52448.2904	0
2740	1451	-465.7419	0	52448.2913	0
2741	1451	-465.7415	0	52448.2942	0
2742	1451	-465.7411	0	52448.2972	0
2743	1451	-465.7409	0	52448.2983	0
2744	1451	-465.7410	0	52448.2987	0
2745	1451	-465.7411	0	52448.2993	0
2746	1451	-465.7411	0	52448.3010	0
2747	1451	-465.7407	0	52448.3046	0
2748	1451	-465.7408	0	52448.3059	0
2749	1451	-465.7412	0	52448.3053	0
2750	1451	-465.7414	0	52448.3056	0
2751	1451	-465.7414	0	52448.3071	0
2752	1451	-465.7408	0	52448.3106	0
2753	1451	-465.7404	0	52448.3137	0
2754	1451	-465.7403	0	52448.3144	0
2755	1451	-465.7407	0	52448.3141	0
2756	1451	-465.7409	0	52448.3159	0
2757	1451	-465.7407	0	52448.3193	0
2758	1451	-465.7408	0	52448.3211	0
2759	1451	-465.7409	0	52448.3221	0
2760	1451	-465.7414	0	52448.3215	0
2761	1451	-465.7419	0	52448.3213	0
2762	1451	-465.7417	0	52448.3235	0
2763	1451	-465.7412	0	52448.3274	0
2764	1451	-465.7409	0	52448.3298	0
2765	1451	-465.7410	0	52448.3302	0
2766	1451	-465.7411	0	52448.3307	0
2767	1451	-465.7411	0	52448.3327	0
2768	1451	-465.7410	0	52448.3356	0
2769	1451	-465.7408	0	52448.3388	0
2770	1451	-465.7409	0	52448.3399	0
2771	1451	-465.7412	0	52448.3395	0
2772	1451	-465.7414	0	52448.3401	0
2773	1451	-465.7411	0	52448.3424	0
2774	1451	-465.7408	0	52448.3454	0
2775	1451	-465.7406	0	52448.3477	0
2776	1451	-465.7411	0	52448.3477	0
2777	1451	-465.7414	0	52448.3477	0
2778	1451	-465.7415	0	52448.3497	0
2779	1451	-465.7415	0	52448.3520	0
2780	1451	-465.7414	0	52448.3545	0
2781	1451	-465.7419	0	52448.3542	0
2782	1451	-465.7422	0	52448.3540	0
2783	1451	-465.7421	0	52448.3551	0
2784	1451	-465.7415	0	52448.3579	0
2785	1451	-465.7409	0	52448.3617	0
2786	1451	-465.7408	0	52448.3635	0
2787	1451	-465.7408	0	52448.3633	0
2788	1451	-465.7410	0	52448.3636	0
2789	1451	-465.7409	0	52448.3656	0
2790	1451	-465.7406	0	52448.3683	0
2791	1451	-465.7406	0	52448.3696	0
2792	1451	-465.7408	0	52448.3700	0
2793	1451	-465.7409	0	52448.3702	0
2794	1451	-465.7406	0	52448.3721	0
2795	1451	-465.7402	0	52448.3750	0
2796	1451	-465.7398	0	52448.3772	0
2797	1451	-465.7397	0	52448.3779	0
2798	1451	-465.7396	0	52448.3782	0
2799	1451	-465.7396	0	52448.3786	0
2800	1451	-465.7393	0	52448.3805	0
2801	1451	-465.7392	0	52448.3834	0
2802	1451	-465.7391	0	52448.3841	0
2803	1451	-465.7393	0	52448.3835	0
2804	1451	-465.7395	0	52448.3844	0
2805	1451	-465.7393	0	52448.3865	0
2806	1451	-465.7389	0	52448.3890	0
2807	1451	-465.7386	0	52448.3906	0
2808	1451	-465.7385	0	52448.3911	0
2809	1451	-465.7385	0	52448.3917	0
2810	1451	-465.7383	0	52448.3939	0
2811	1451	-465.7380	0	52448.3971	0
2812	1451	-465.7379	0	52448.3989	0
2813	1451	-465.7379	0	52448.4002	0
2814	1451	-465.7381	0	52448.4007	0
2815	1451	-465.7380	0	52448.4025	0
2816	1451	-465.7377	0	52448.4044	0
2817	1451	-465.7373	0	52448.4071	0
2818	1451	-465.7372	0	52448.4080	0
2819	1451	-465.7373	0	52448.4083	0
2820	1451	-465.7372	0	52448.4097	0
2821	1451	-465.7370	0	52448.4121	0
2822	1451	-465.7370	0	52448.4135	0
2823	1451	-465.7371	0	52448.4144	0
2824	1451	-465.7375	0	52448.4149	0
2825	1451	-465.7378	0	52448.4154	0
2826	1451	-465.7376	0	52448.4171	0
2827	1451	-465.7372	0	52448.4199	0
2828	1451	-465.7370	0	52448.4212	0
2829	1451	-465.7372	0	52448.4213	0
2830	1451	-465.7374	0	52448.4216	0
2831	1451	-465.7373	0	52448.4238	0
2832	1451	-465.7371	0	52448.4267	0
2833	1451	-465.7372	0	52448.4283	0
2834	1451	-465.7376	0	52448.4286	0
2835	1451	-465.7380	0	52448.4284	0
2836	1451	-465.7379	0	52448.4300	0
2837	1451	-465.7377	0	52448.4320	0
2838	1451	-465.7373	0	52448.4353	0
2839	1451	-465.7373	0	52448.4360	0
2840	1451	-465.7375	0	52448.4367	0
2841	1451	-465.7378	0	52448.4375	0
2842	1451	-465.7378	0	52448.4400	0
2843	1451	-465.7377	0	52448.4423	0
2844	1451	-465.7378	0	52448.4436	0
2845	1451	-465.7380	0	52448.4438	0
2846	1451	-465.7384	0	52448.4438	0
2847	1451	-465.7382	0	52448.4462	0
2848	1451	-465.7377	0	52448.4495	0
2849	1451	-465.7377	0	52448.4512	0
2850	1451	-465.7377	0	52448.4513	0
2851	1451	-465.7380	0	52448.4513	0
2852	1451	-465.7380	0	52448.4533	0
2853	1451	-465.7378	0	52448.4559	0
2854	1451	-465.7376	0	52448.4583	0
2855	1451	-465.7378	0	52448.4592	0
2856	1451	-465.7381	0	52448.4592	0
2857	1451	-465.7381	0	52448.4601	0
2858	1451	-465.7379	0	52448.4620	0
2859	1451	-465.7374	0	52448.4649	0
2860	1451	-465.7372	0	52448.4664	0
2861	1451	-465.7371	0	52448.4667	0
2862	1451	-465.7372	0	52448.4670	0
2863	1451	-465.7371	0	52448.4687	0
2864	1451	-465.7368	0	52448.4715	0
2865	1451	-465.7366	0	52448.4741	0
2866	1451	-465.7367	0	52448.4751	0
2867	1451	-465.7371	0	52448.4754	0
2868	1451	-465.7372	0	52448.4761	0
2869	1451	-465.7370	0	52448.4782	0
2870	1451	-465.7370	0	52448.4805	0
2871	1451	-465.7369	0	52448.4825	0
2872	1451	-465.7371	0	52448.4832	0
2873	1451	-465.7376	0	52448.4838	0
2874	1451	-465.7375	0	52448.4858	0
2875	1451	-465.7374	0	52448.4886	0
2876	1451	-465.7374	0	52448.4911	0
2877	1451	-465.7377	0	52448.4920	0
2878	1451	-465.7381	0	52448.4919	0
2879	1451	-465.7382	0	52448.4930	0
2880	1451	-465.7378	0	52448.4953	0
2881	1451	-465.7375	0	52448.4984	0
2882	1451	-465.7372	0	52448.5009	0
2883	1451	-465.7375	0	52448.5012	0
2884	1451	-465.7377	0	52448.5022	0
2885	1451	-465.7374	0	52448.5050	0
2886	1451	-465.7366	0	52448.5095	0
2887	1451	-465.7364	0	52448.5120	0
2888	1451	-465.7366	0	52448.5131	0
2889	1451	-465.7371	0	52448.5132	0
2890	1451	-465.7371	0	52448.5143	0
2891	1451	-465.7370	0	52448.5165	0
2892	1451	-465.7371	0	52448.5182	0
2893	1451	-465.7371	0	52448.5191	0
2894	1451	-465.7375	0	52448.5189	0
2895	1451	-465.7377	0	52448.5191	0
2896	1451	-465.7377	0	52448.5204	0
2897	1451	-465.7376	0	52448.5224	0
2898	1451	-465.7377	0	52448.5235	0
2899	1451	-465.7379	0	52448.5240	0
2900	1451	-465.7381	0	52448.5235	0
2901	1451	-465.7379	0	52448.5248	0
2902	1451	-465.7374	0	52448.5268	0
2903	1451	-465.7370	0	52448.5291	0
2904	1451	-465.7368	0	52448.5301	0
2905	1451	-465.7368	0	52448.5304	0
2906	1451	-465.7368	0	52448.5312	0
2907	1451	-465.7366	0	52448.5329	0
2908	1451	-465.7364	0	52448.5354	0
2909	1451	-465.7362	0	52448.5372	0
2910	1451	-465.7363	0	52448.5377	0
2911	1451	-465.7364	0	52448.5380	0
2912	1451	-465.7363	0	52448.5386	0
2913	1451	-465.7358	0	52448.5402	0
2914	1451	-465.7353	0	52448.5424	0
2915	1451	-465.7350	0	52448.5434	0
2916	1451	-465.7349	0	52448.5440	0
2917	1451	-465.7349	0	52448.5450	0
2918	1451	-465.7346	0	52448.5471	0
2919	1451	-465.7343	0	52448.5490	0
2920	1451	-465.7341	0	52448.5509	0
2921	1451	-465.7341	0	52448.5514	0
2922	1451	-465.7341	0	52448.5517	0
2923	1451	-465.7337	0	52448.5529	0
2924	1451	-465.7332	0	52448.5547	0
2925	1451	-465.7327	0	52448.5568	0
2926	1451	-465.7323	0	52448.5577	0
2927	1451	-465.7322	0	52448.5582	0
2928	1451	-465.7321	0	52448.5594	0
2929	1451	-465.7318	0	52448.5616	0
2930	1451	-465.7314	0	52448.5642	0
2931	1451	-465.7313	0	52448.5658	0
2932	1451	-465.7314	0	52448.5661	0
2933	1451	-465.7315	0	52448.5663	0
2934	1451	-465.7311	0	52448.5678	0
2935	1451	-465.7306	0	52448.5698	0
2936	1451	-465.7298	0	52448.5723	0
2937	1451	-465.7294	0	52448.5735	0
2938	1451	-465.7292	0	52448.5740	0
2939	1451	-465.7291	0	52448.5749	0
2940	1451	-465.7288	0	52448.5771	0
2941	1451	-465.7286	0	52448.5785	0
2942	1451	-465.7284	0	52448.5800	0
2943	1451	-465.7285	0	52448.5789	0
2944	1451	-465.7283	0	52448.5812	0
2945	1451	-465.7278	0	52448.5835	0
2946	1451	-465.7272	0	52448.5860	0
2947	1451	-465.7265	0	52448.5887	0
2948	1451	-465.7262	0	52448.5895	0
2949	1451	-465.7262	0	52448.5900	0
2950	1451	-465.7259	0	52448.5918	0
2951	1451	-465.7255	0	52448.5945	0
2952	1451	-465.7251	0	52448.5971	0
2953	1451	-465.7250	0	52448.5981	0
2954	1451	-465.7252	0	52448.5982	0
2955	1451	-465.7249	0	52448.5989	0
2956	1451	-465.7244	0	52448.6007	0
2957	1451	-465.7238	0	52448.6032	0
2958	1451	-465.7233	0	52448.6052	0
2959	1451	-465.7232	0	52448.6059	0
2960	1451	-465.7231	0	52448.6069	0
2961	1451	-465.7228	0	52448.6089	0
2962	1451	-465.7225	0	52448.6114	0
2963	1451	-465.7222	0	52448.6137	0
2964	1451	-465.7222	0	52448.6147	0
2965	1451	-465.7222	0	52448.6151	0
2966	1451	-465.7219	0	52448.6160	0
2967	1451	-465.7215	0	52448.6177	0
2968	1451	-465.7210	0	52448.6199	0
2969	1451	-465.7206	0	52448.6217	0
2970	1451	-465.7205	0	52448.6224	0
2971	1451	-465.7204	0	52448.6234	0
2972	1451	-465.7201	0	52448.6254	0
2973	1451	-465.7197	0	52448.6279	0
2974	1451	-465.7194	0	52448.6303	0
2975	1451	-465.7195	0	52448.6312	0
2976	1451	-465.7196	0	52448.6314	0
2977	1451	-465.7194	0	52448.6325	0
2978	1451	-465.7189	0	52448.6348	0
2979	1451	-465.7185	0	52448.6370	0
2980	1451	-465.7183	0	52448.6388	0
2981	1451	-465.7183	0	52448.6396	0
2982	1451	-465.7184	0	52448.6406	0
2983	1451	-465.7183	0	52448.6424	0
2984	1451	-465.7181	0	52448.6449	0
2985	1451	-465.7180	0	52448.6470	0
2986	1451	-465.7181	0	52448.6478	0
2987	1451	-465.7183	0	52448.6483	0
2988	1451	-465.7182	0	52448.6497	0
2989	1451	-465.7177	0	52448.6519	0
2990	1451	-465.7173	0	52448.6544	0
2991	1451	-465.7170	0	52448.6559	0
2992	1451	-465.7172	0	52448.6561	0
2993	1451	-465.7173	0	52448.6570	0
2994	1451	-465.7173	0	52448.6581	0
2995	1451	-465.7172	0	52448.6589	0
2996	1451	-465.7172	0	52448.6597	0
2997	1451	-465.7176	0	52448.6598	0
2998	1451	-465.7178	0	52448.6600	0
2999	1451	-465.7175	0	52448.6607	0
3000	1451	-465.7172	0	52448.6616	0
3001	1451	-465.7168	0	52448.6626	0
3002	1451	-465.7167	0	52448.6630	0
3003	1451	-465.7169	0	52448.6633	0
3004	1451	-465.7169	0	52448.6641	0
3005	1451	-465.7168	0	52448.6648	0
3006	1451	-465.7167	0	52448.6657	0
3007	1451	-465.7166	0	52448.6665	0
3008	1451	-465.7168	0	52448.6669	0
3009	1451	-465.7168	0	52448.6672	0
3010	1451	-465.7164	0	52448.6679	0
3011	1451	-465.7160	0	52448.6689	0
3012	1451	-465.7153	0	52448.6700	0
3013	1451	-465.7147	0	52448.6707	0
3014	1451	-465.7147	0	52448.6711	0
3015	1451	-465.7146	0	52448.6717	0
3016	1451	-465.7140	0	52448.6727	0
3017	1451	-465.7131	0	52448.6740	0
3018	1451	-465.7128	0	52448.6751	0
3019	1451	-465.7129	0	52448.6755	0
3020	1451	-465.7130	0	52448.6758	0
3021	1451	-465.7125	0	52448.6765	0
3022	1451	-465.7117	0	52448.6778	0
3023	1451	-465.7104	0	52448.6791	0
3024	1451	-465.7097	0	52448.6798	0
3025	1451	-465.7092	0	52448.6802	0
3026	1451	-465.7082	0	52448.6812	0
3027	1451	-465.7072	0	52448.6824	0
