2554	1474	-456.0133	0	52601.2662	0
2555	1474	-456.0131	0	52601.2683	0
2556	1474	-456.0128	0	52601.2711	0
2557	1474	-456.0127	0	52601.2719	0
2558	1474	-456.0129	0	52601.2762	0
2564	1474	-456.0089	0	52601.3071	0
2565	1474	-456.0080	0	52601.2983	0
2566	1474	-456.0072	0	52601.2891	0
2567	1474	-456.0064	0	52601.2856	0
2568	1474	-456.0054	0	52601.2821	0
2569	1474	-456.0046	0	52601.2788	0
2570	1474	-456.0043	0	52601.2720	0
2571	1474	-456.0041	0	52601.2657	0
2572	1474	-456.0038	0	52601.2633	0
2573	1474	-456.0040	0	52601.2588	0
