2589	1486	-456.0143	0	52601.4082	0
2590	1486	-456.0119	0	52601.4117	0
2591	1486	-456.0106	0	52601.4010	0
2595	1486	-456.0044	0	52601.3897	0
2596	1486	-456.0049	0	52601.3924	0
2597	1486	-456.0055	0	52601.3918	0
2598	1486	-456.0061	0	52601.3889	0
2599	1486	-456.0063	0	52601.3878	0
2600	1486	-456.0063	0	52601.3875	0
2601	1486	-456.0062	0	52601.3873	0
2602	1486	-456.0070	0	52601.3847	0
2603	1486	-456.0071	0	52601.3852	0
2604	1486	-456.0071	0	52601.3854	0
2605	1486	-456.0073	0	52601.3841	0
2606	1486	-456.0065	0	52601.3892	0
2607	1486	-456.0067	0	52601.3884	0
2608	1486	-456.0062	0	52601.3909	0
2609	1486	-456.0054	0	52601.3961	0
2610	1486	-456.0054	0	52601.3951	0
2611	1486	-456.0052	0	52601.3976	0
2612	1486	-456.0055	0	52601.3957	0
2613	1486	-456.0058	0	52601.3935	0
2614	1486	-456.0057	0	52601.3956	0
2615	1486	-456.0059	0	52601.3950	0
2616	1486	-456.0060	0	52601.3947	0
2617	1486	-456.0061	0	52601.3932	0
2618	1486	-456.0061	0	52601.3941	0
2619	1486	-456.0061	0	52601.3944	0
2620	1486	-456.0061	0	52601.3959	0
2621	1486	-456.0064	0	52601.3938	0
2622	1486	-456.0061	0	52601.3956	0
2623	1486	-456.0060	0	52601.3978	0
2624	1486	-456.0066	0	52601.3916	0
2625	1486	-456.0058	0	52601.3960	0
2626	1486	-456.0050	0	52601.4020	0
2627	1486	-456.0054	0	52601.4001	0
2628	1486	-456.0047	0	52601.4033	0
2629	1486	-456.0056	0	52601.4006	0
2630	1486	-456.0048	0	52601.4062	0
2631	1486	-456.0048	0	52601.4070	0
2632	1486	-456.0047	0	52601.4073	0
2633	1486	-456.0054	0	52601.4033	0
2634	1486	-456.0085	0	52601.3814	0
2635	1486	-456.0070	0	52601.3898	0
2636	1486	-456.0062	0	52601.3967	0
2637	1486	-456.0057	0	52601.4006	0
2638	1486	-456.0058	0	52601.3994	0
2639	1486	-456.0056	0	52601.4002	0
2640	1486	-456.0057	0	52601.3992	0
2641	1486	-456.0058	0	52601.3989	0
2642	1486	-456.0059	0	52601.3987	0
2643	1486	-456.0060	0	52601.3987	0
2644	1486	-456.0060	0	52601.3987	0
2645	1486	-456.0060	0	52601.3987	0
2646	1486	-456.0062	0	52601.3974	0
2647	1486	-456.0064	0	52601.3969	0
2648	1486	-456.0063	0	52601.3967	0
2649	1486	-456.0059	0	52601.3993	0
2650	1486	-456.0057	0	52601.4003	0
2651	1486	-456.0056	0	52601.4021	0
2652	1486	-456.0051	0	52601.4041	0
2653	1486	-456.0051	0	52601.4048	0
2654	1486	-456.0050	0	52601.4051	0
2655	1486	-456.0054	0	52601.4024	0
2656	1486	-456.0055	0	52601.4014	0
2657	1486	-456.0056	0	52601.4011	0
2658	1486	-456.0058	0	52601.4024	0
2659	1486	-456.0059	0	52601.4015	0
2660	1486	-456.0053	0	52601.4051	0
2661	1486	-456.0047	0	52601.4078	0
2662	1486	-456.0041	0	52601.4115	0
2666	1486	-456.0053	0	52601.4058	0
2670	1486	-456.0058	0	52601.4018	0
2671	1486	-456.0057	0	52601.4013	0
2672	1486	-456.0056	0	52601.4026	0
2673	1486	-456.0057	0	52601.4030	0
2674	1486	-456.0061	0	52601.4019	0
2675	1486	-456.0061	0	52601.4014	0
2676	1486	-456.0063	0	52601.4012	0
