2593	1487	-454.3074	0	52531.5872	0
2594	1487	-454.2314	0	52531.4387	0
2595	1487	-454.1595	0	52531.1694	0
2596	1487	-454.1471	0	52530.4806	0
2597	1487	-454.1525	0	52529.8699	0
2598	1487	-454.1808	0	52529.4886	0
2599	1487	-454.2198	0	52528.9972	0
2600	1487	-454.2382	0	52528.8403	0
2601	1487	-454.2933	0	52528.6279	0
2602	1487	-454.3889	0	52528.0182	0
2603	1487	-454.4723	0	52527.6284	0
2604	1487	-454.5922	0	52527.1478	0
2605	1487	-454.2537	0	52533.7254	0
2606	1487	-454.6761	0	52529.1565	0
2607	1487	-454.8746	0	52527.0812	0
2608	1487	-455.0103	0	52526.4947	0
2609	1487	-455.0912	0	52527.4520	0
2610	1487	-455.1741	0	52528.0151	0
2611	1487	-455.3039	0	52527.3517	0
2615	1487	-455.6850	0	52526.6417	0
2616	1487	-455.6206	0	52527.3600	0
2617	1487	-455.5472	0	52527.9460	0
2618	1487	-455.4320	0	52528.3176	0
2619	1487	-455.3737	0	52528.4542	0
2620	1487	-455.2975	0	52528.6749	0
2621	1487	-455.2198	0	52528.9165	0
2622	1487	-455.1424	0	52529.1707	0
2623	1487	-455.1161	0	52528.8942	0
2624	1487	-455.0815	0	52528.7821	0
2625	1487	-455.0600	0	52528.7295	0
2626	1487	-455.0097	0	52528.5123	0
2627	1487	-454.9320	0	52528.4011	0
2628	1487	-454.8792	0	52528.3567	0
2629	1487	-454.8135	0	52528.5069	0
2630	1487	-454.7532	0	52528.3680	0
2631	1487	-454.7111	0	52528.3032	0
2632	1487	-454.6516	0	52528.6386	0
2633	1487	-454.5985	0	52528.5698	0
2634	1487	-454.5728	0	52528.5379	0
2635	1487	-454.5024	0	52528.5046	0
2636	1487	-454.4146	0	52528.4688	0
2637	1487	-454.3581	0	52528.4434	0
2638	1487	-454.3114	0	52528.6156	0
2639	1487	-454.2370	0	52528.8426	0
2640	1487	-454.2079	0	52528.7400	0
2641	1487	-454.1464	0	52528.8669	0
2642	1487	-454.1000	0	52528.9076	0
2643	1487	-454.0350	0	52529.2702	0
2644	1487	-453.9500	0	52529.5677	0
2645	1487	-453.8982	0	52529.6678	0
2646	1487	-453.8591	0	52529.6977	0
2647	1487	-453.8412	0	52529.5199	0
2648	1487	-453.7900	0	52529.6127	0
2649	1487	-453.7271	0	52529.8160	0
2650	1487	-453.6834	0	52529.8826	0
2651	1487	-453.6085	0	52529.8843	0
2652	1487	-453.5300	0	52530.2198	0
2653	1487	-453.4750	0	52530.1600	0
2654	1487	-453.3870	0	52530.6407	0
2655	1487	-453.3313	0	52530.8165	0
2656	1487	-453.2915	0	52530.6980	0
2657	1487	-453.2358	0	52530.6310	0
2658	1487	-453.1409	0	52529.6708	0
2659	1487	-453.0874	0	52529.0915	0
2660	1487	-453.0514	0	52528.6982	0
2661	1487	-453.0007	0	52528.5419	0
2662	1487	-452.9413	0	52528.1028	0
2663	1487	-452.8943	0	52527.9297	0
2664	1487	-452.8118	0	52528.2354	0
2665	1487	-452.7358	0	52528.5225	0
2666	1487	-452.6616	0	52528.8050	0
2667	1487	-452.5449	0	52529.7918	0
2668	1487	-452.4538	0	52530.4920	0
2669	1487	-452.3666	0	52530.3933	0
2670	1487	-452.3123	0	52530.1559	0
2671	1487	-452.2500	0	52530.2272	0
2672	1487	-452.1901	0	52530.4167	0
2673	1487	-452.1479	0	52530.4769	0
2674	1487	-452.1074	0	52530.1326	0
2675	1487	-452.0490	0	52529.8076	0
2676	1487	-451.9903	0	52529.6659	0
2677	1487	-451.9145	0	52529.9536	0
2678	1487	-451.8647	0	52529.8716	0
2679	1487	-451.8466	0	52529.8411	0
2680	1487	-451.8183	0	52529.6399	0
2681	1487	-451.8064	0	52529.7430	0
2682	1487	-451.7453	0	52529.7668	0
2683	1487	-451.6688	0	52529.9367	0
2684	1487	-451.6196	0	52529.9915	0
2685	1487	-451.5635	0	52530.1818	0
2686	1487	-451.5137	0	52530.0572	0
2687	1487	-451.4328	0	52529.8110	0
2688	1487	-451.3670	0	52530.0633	0
2689	1487	-451.3073	0	52530.1501	0
2690	1487	-451.2441	0	52529.9810	0
2691	1487	-451.1996	0	52529.7314	0
2692	1487	-451.1425	0	52529.6206	0
2693	1487	-451.0798	0	52529.5671	0
2694	1487	-451.0063	0	52529.8936	0
2695	1487	-450.9607	0	52529.8298	0
2696	1487	-450.9187	0	52529.6168	0
2697	1487	-450.8747	0	52529.3433	0
2698	1487	-450.8484	0	52528.8755	0
2699	1487	-450.7986	0	52528.8623	0
2700	1487	-450.7584	0	52528.8590	0
2701	1487	-450.7234	0	52529.0313	0
2702	1487	-450.7092	0	52528.9180	0
2703	1487	-450.7016	0	52528.8782	0
2704	1487	-450.7136	0	52528.8634	0
2705	1487	-450.6761	0	52529.0337	0
2706	1487	-450.6254	0	52529.2628	0
2707	1487	-450.5646	0	52529.1591	0
2708	1487	-450.5236	0	52529.2942	0
2709	1487	-450.4836	0	52529.1568	0
2710	1487	-450.4286	0	52529.0913	0
2711	1487	-450.3575	0	52529.4149	0
2712	1487	-450.3144	0	52529.7099	0
2713	1487	-450.2953	0	52529.8220	0
2714	1487	-450.2461	0	52529.6649	0
2715	1487	-450.2097	0	52529.7781	0
2716	1487	-450.1619	0	52529.9862	0
2717	1487	-450.1234	0	52530.0568	0
2718	1487	-450.0862	0	52530.0745	0
2719	1487	-450.0477	0	52530.0713	0
2720	1487	-450.0104	0	52530.0607	0
2721	1487	-449.9241	0	52530.2056	0
2722	1487	-449.8731	0	52530.2546	0
2723	1487	-449.8386	0	52530.2654	0
2724	1487	-449.8111	0	52530.4413	0
2725	1487	-449.8046	0	52530.5074	0
2726	1487	-449.7770	0	52530.8759	0
2727	1487	-449.7530	0	52531.1799	0
2728	1487	-449.7075	0	52531.2831	0
2729	1487	-449.6690	0	52531.3045	0
2730	1487	-449.6474	0	52531.1349	0
2731	1487	-449.6522	0	52531.0698	0
2732	1487	-449.6281	0	52531.0328	0
2733	1487	-449.5845	0	52531.1799	0
2734	1487	-449.5671	0	52531.4080	0
2735	1487	-449.5568	0	52531.4939	0
2736	1487	-449.5531	0	52531.6927	0
2737	1487	-449.5088	0	52531.7547	0
2738	1487	-449.4751	0	52531.9372	0
2739	1487	-449.4407	0	52532.0000	0
2740	1487	-449.4096	0	52532.0110	0
2741	1487	-449.3907	0	52531.8406	0
2742	1487	-449.3650	0	52531.9352	0
2743	1487	-449.3224	0	52532.1335	0
2744	1487	-449.2868	0	52532.3695	0
2745	1487	-449.2432	0	52532.6172	0
2746	1487	-449.2280	0	52532.7092	0
2747	1487	-449.2268	0	52532.9077	0
2748	1487	-449.2197	0	52532.8090	0
2749	1487	-449.1711	0	52533.0906	0
2750	1487	-449.1358	0	52533.1845	0
2751	1487	-449.0979	0	52533.2117	0
2752	1487	-449.0853	0	52533.2135	0
2753	1487	-449.0605	0	52533.2061	0
2754	1487	-449.0496	0	52533.1984	0
2755	1487	-449.0377	0	52533.5291	0
2756	1487	-449.0327	0	52533.6498	0
2757	1487	-449.0309	0	52533.6892	0
2758	1487	-449.0297	0	52533.6981	0
2759	1487	-449.0323	0	52533.8699	0
2760	1487	-449.0219	0	52534.0901	0
2761	1487	-448.9968	0	52534.1622	0
2762	1487	-448.9696	0	52534.3486	0
2763	1487	-448.9408	0	52534.4056	0
2764	1487	-448.9032	0	52534.7425	0
2765	1487	-448.8659	0	52534.8616	0
2766	1487	-448.8241	0	52535.2151	0
2767	1487	-448.8082	0	52535.3423	0
2768	1487	-448.7748	0	52535.7022	0
2769	1487	-448.7267	0	52535.8180	0
2770	1487	-448.6941	0	52535.8511	0
2771	1487	-448.6622	0	52536.0103	0
2772	1487	-448.6224	0	52536.2168	0
2773	1487	-448.5724	0	52536.2794	0
2774	1487	-448.5451	0	52536.6050	0
2775	1487	-448.4900	0	52536.5596	0
2776	1487	-448.4295	0	52536.3631	0
2777	1487	-448.3924	0	52536.4357	0
2778	1487	-448.3579	0	52536.2934	0
2779	1487	-448.3024	0	52536.0672	0
2780	1487	-448.2802	0	52535.9723	0
2781	1487	-448.2220	0	52536.2465	0
2782	1487	-448.1399	0	52536.9554	0
2783	1487	-448.0563	0	52537.2038	0
2784	1487	-447.9589	0	52537.2712	0
2785	1487	-447.9070	0	52537.2900	0
2786	1487	-447.8810	0	52537.1335	0
2787	1487	-447.8332	0	52537.0564	0
2788	1487	-447.7915	0	52537.3290	0
2789	1487	-447.7238	0	52537.5688	0
2790	1487	-447.6548	0	52537.3340	0
2791	1487	-447.6089	0	52537.3896	0
2792	1487	-447.5460	0	52537.3948	0
2793	1487	-447.5039	0	52537.5434	0
2794	1487	-447.4752	0	52537.4379	0
2795	1487	-447.4571	0	52537.3939	0
2796	1487	-447.3977	0	52537.8210	0
