2625	1496	-465.6690	0	52447.8962	0
2626	1496	-465.6689	0	52447.8883	0
2627	1496	-465.6684	0	52447.8836	0
2628	1496	-465.6681	0	52447.8857	0
2629	1496	-465.6683	0	52447.8901	0
2630	1496	-465.6692	0	52447.8937	0
2632	1496	-465.6697	0	52447.8934	0
2633	1496	-465.6704	0	52447.8920	0
2634	1496	-465.6716	0	52447.8918	0
2635	1496	-465.6724	0	52447.8917	0
2636	1496	-465.6731	0	52447.8903	0
2637	1496	-465.6736	0	52447.8898	0
2638	1496	-465.6740	0	52447.8912	0
2639	1496	-465.6742	0	52447.8980	0
2640	1496	-465.6745	0	52447.8991	0
2641	1496	-465.6750	0	52447.8980	0
2642	1496	-465.6753	0	52447.8976	0
2643	1496	-465.6758	0	52447.9006	0
2644	1496	-465.6764	0	52447.9033	0
2645	1496	-465.6766	0	52447.9028	0
2646	1496	-465.6770	0	52447.9012	0
2647	1496	-465.6775	0	52447.9021	0
2648	1496	-465.6775	0	52447.9039	0
2649	1496	-465.6779	0	52447.9062	0
2650	1496	-465.6781	0	52447.9085	0
2651	1496	-465.6784	0	52447.9050	0
2652	1496	-465.6791	0	52447.9037	0
2653	1496	-465.6798	0	52447.9064	0
2654	1496	-465.6804	0	52447.9104	0
2655	1496	-465.6810	0	52447.9121	0
2656	1496	-465.6813	0	52447.9112	0
2657	1496	-465.6815	0	52447.9123	0
2658	1496	-465.6815	0	52447.9157	0
2659	1496	-465.6816	0	52447.9184	0
2660	1496	-465.6817	0	52447.9224	0
2661	1496	-465.6817	0	52447.9208	0
2662	1496	-465.6820	0	52447.9218	0
2663	1496	-465.6824	0	52447.9236	0
2664	1496	-465.6828	0	52447.9258	0
2665	1496	-465.6832	0	52447.9281	0
2666	1496	-465.6835	0	52447.9274	0
2667	1496	-465.6837	0	52447.9257	0
2668	1496	-465.6836	0	52447.9250	0
2669	1496	-465.6836	0	52447.9290	0
2670	1496	-465.6835	0	52447.9334	0
2671	1496	-465.6834	0	52447.9350	0
2672	1496	-465.6833	0	52447.9326	0
2673	1496	-465.6835	0	52447.9332	0
2674	1496	-465.6837	0	52447.9376	0
2675	1496	-465.6837	0	52447.9420	0
2676	1496	-465.6838	0	52447.9423	0
2677	1496	-465.6837	0	52447.9409	0
2678	1496	-465.6839	0	52447.9432	0
2679	1496	-465.6842	0	52447.9454	0
2680	1496	-465.6842	0	52447.9489	0
2681	1496	-465.6841	0	52447.9488	0
2682	1496	-465.6837	0	52447.9486	0
2683	1496	-465.6837	0	52447.9485	0
2684	1496	-465.6835	0	52447.9525	0
2685	1496	-465.6836	0	52447.9567	0
2686	1496	-465.6836	0	52447.9582	0
2687	1496	-465.6838	0	52447.9561	0
2688	1496	-465.6839	0	52447.9566	0
2689	1496	-465.6839	0	52447.9594	0
2690	1496	-465.6835	0	52447.9630	0
2691	1496	-465.6831	0	52447.9642	0
2692	1496	-465.6827	0	52447.9633	0
2693	1496	-465.6825	0	52447.9641	0
2694	1496	-465.6824	0	52447.9657	0
2695	1496	-465.6823	0	52447.9689	0
2696	1496	-465.6823	0	52447.9701	0
2697	1496	-465.6822	0	52447.9691	0
2698	1496	-465.6820	0	52447.9700	0
2699	1496	-465.6821	0	52447.9729	0
2700	1496	-465.6820	0	52447.9753	0
2701	1496	-465.6818	0	52447.9773	0
2702	1496	-465.6813	0	52447.9767	0
2703	1496	-465.6810	0	52447.9764	0
2704	1496	-465.6810	0	52447.9775	0
2705	1496	-465.6811	0	52447.9805	0
2706	1496	-465.6811	0	52447.9828	0
2707	1496	-465.6809	0	52447.9811	0
2708	1496	-465.6809	0	52447.9816	0
2709	1496	-465.6810	0	52447.9831	0
2710	1496	-465.6809	0	52447.9886	0
2711	1496	-465.6804	0	52447.9931	0
2712	1496	-465.6800	0	52447.9959	0
2713	1496	-465.6796	0	52447.9943	0
2714	1496	-465.6792	0	52447.9937	0
2715	1496	-465.6794	0	52447.9946	0
2716	1496	-465.6795	0	52447.9974	0
2717	1496	-465.6795	0	52447.9984	0
2718	1496	-465.6794	0	52447.9975	0
2719	1496	-465.6793	0	52447.9983	0
2720	1496	-465.6793	0	52448.0010	0
2721	1496	-465.6788	0	52448.0031	0
2722	1496	-465.6785	0	52448.0026	0
2723	1496	-465.6782	0	52448.0023	0
2724	1496	-465.6780	0	52448.0034	0
2725	1496	-465.6781	0	52448.0038	0
2726	1496	-465.6781	0	52448.0039	0
2727	1496	-465.6781	0	52448.0063	0
2728	1496	-465.6780	0	52448.0084	0
2729	1496	-465.6781	0	52448.0091	0
2730	1496	-465.6783	0	52448.0118	0
2731	1496	-465.6783	0	52448.0151	0
2732	1496	-465.6780	0	52448.0163	0
2733	1496	-465.6776	0	52448.0166	0
2734	1496	-465.6774	0	52448.0154	0
2735	1496	-465.6775	0	52448.0162	0
2736	1496	-465.6774	0	52448.0176	0
2737	1496	-465.6773	0	52448.0192	0
2738	1496	-465.6774	0	52448.0210	0
2739	1496	-465.6775	0	52448.0216	0
2740	1496	-465.6777	0	52448.0242	0
2741	1496	-465.6777	0	52448.0274	0
2742	1496	-465.6774	0	52448.0319	0
2743	1496	-465.6772	0	52448.0312	0
2744	1496	-465.6771	0	52448.0309	0
2745	1496	-465.6771	0	52448.0330	0
2746	1496	-465.6770	0	52448.0360	0
2747	1496	-465.6770	0	52448.0382	0
2748	1496	-465.6771	0	52448.0401	0
2749	1496	-465.6772	0	52448.0397	0
2750	1496	-465.6774	0	52448.0428	0
2751	1496	-465.6774	0	52448.0450	0
2752	1496	-465.6772	0	52448.0491	0
2753	1496	-465.6767	0	52448.0493	0
2754	1496	-465.6766	0	52448.0483	0
2755	1496	-465.6768	0	52448.0489	0
2756	1496	-465.6766	0	52448.0555	0
2757	1496	-465.6765	0	52448.0590	0
2758	1496	-465.6764	0	52448.0592	0
2759	1496	-465.6766	0	52448.0592	0
2760	1496	-465.6769	0	52448.0613	0
2761	1496	-465.6769	0	52448.0652	0
2762	1496	-465.6767	0	52448.0687	0
2763	1496	-465.6765	0	52448.0688	0
2764	1496	-465.6766	0	52448.0699	0
2765	1496	-465.6767	0	52448.0723	0
2766	1496	-465.6769	0	52448.0762	0
2767	1496	-465.6768	0	52448.0796	0
2768	1496	-465.6770	0	52448.0798	0
2769	1496	-465.6773	0	52448.0799	0
2770	1496	-465.6775	0	52448.0838	0
2771	1496	-465.6774	0	52448.0882	0
2772	1496	-465.6774	0	52448.0908	0
2773	1496	-465.6772	0	52448.0906	0
2774	1496	-465.6772	0	52448.0915	0
2775	1496	-465.6775	0	52448.0947	0
2776	1496	-465.6777	0	52448.0997	0
2777	1496	-465.6777	0	52448.1015	0
2778	1496	-465.6779	0	52448.1012	0
2779	1496	-465.6783	0	52448.1020	0
2780	1496	-465.6784	0	52448.1041	0
2781	1496	-465.6782	0	52448.1095	0
2782	1496	-465.6782	0	52448.1124	0
2783	1496	-465.6782	0	52448.1115	0
2784	1496	-465.6785	0	52448.1084	0
2785	1496	-465.6786	0	52448.1108	0
2786	1496	-465.6786	0	52448.1135	0
2787	1496	-465.6786	0	52448.1154	0
2788	1496	-465.6787	0	52448.1142	0
2789	1496	-465.6788	0	52448.1138	0
2790	1496	-465.6787	0	52448.1162	0
2791	1496	-465.6784	0	52448.1198	0
2792	1496	-465.6783	0	52448.1220	0
2793	1496	-465.6782	0	52448.1237	0
2794	1496	-465.6781	0	52448.1216	0
2795	1496	-465.6781	0	52448.1225	0
2796	1496	-465.6781	0	52448.1255	0
2797	1496	-465.6780	0	52448.1283	0
2798	1496	-465.6779	0	52448.1276	0
2799	1496	-465.6780	0	52448.1264	0
2800	1496	-465.6778	0	52448.1285	0
2801	1496	-465.6777	0	52448.1319	0
2802	1496	-465.6775	0	52448.1357	0
2803	1496	-465.6773	0	52448.1362	0
2804	1496	-465.6773	0	52448.1355	0
2805	1496	-465.6773	0	52448.1360	0
2806	1496	-465.6772	0	52448.1388	0
2807	1496	-465.6772	0	52448.1423	0
2808	1496	-465.6773	0	52448.1419	0
2809	1496	-465.6773	0	52448.1400	0
2810	1496	-465.6772	0	52448.1409	0
2811	1496	-465.6771	0	52448.1446	0
2812	1496	-465.6771	0	52448.1477	0
2813	1496	-465.6769	0	52448.1470	0
2814	1496	-465.6767	0	52448.1476	0
2815	1496	-465.6768	0	52448.1503	0
2816	1496	-465.6768	0	52448.1545	0
2817	1496	-465.6768	0	52448.1569	0
2818	1496	-465.6767	0	52448.1569	0
2819	1496	-465.6768	0	52448.1561	0
2820	1496	-465.6768	0	52448.1573	0
2821	1496	-465.6768	0	52448.1602	0
2822	1496	-465.6768	0	52448.1628	0
2823	1496	-465.6766	0	52448.1621	0
2824	1496	-465.6764	0	52448.1618	0
2825	1496	-465.6764	0	52448.1624	0
2826	1496	-465.6764	0	52448.1650	0
2827	1496	-465.6763	0	52448.1667	0
2828	1496	-465.6764	0	52448.1658	0
2829	1496	-465.6764	0	52448.1654	0
2830	1496	-465.6763	0	52448.1660	0
2831	1496	-465.6764	0	52448.1685	0
2832	1496	-465.6763	0	52448.1726	0
2833	1496	-465.6759	0	52448.1733	0
2834	1496	-465.6756	0	52448.1742	0
2835	1496	-465.6755	0	52448.1753	0
2836	1496	-465.6753	0	52448.1787	0
2837	1496	-465.6752	0	52448.1807	0
2838	1496	-465.6751	0	52448.1814	0
2839	1496	-465.6752	0	52448.1817	0
2840	1496	-465.6750	0	52448.1801	0
2841	1496	-465.6747	0	52448.1818	0
2842	1496	-465.6736	0	52448.1860	0
2843	1496	-465.6730	0	52448.1875	0
2844	1496	-465.6724	0	52448.1827	0
2845	1496	-465.6722	0	52448.1817	0
2846	1496	-465.6724	0	52448.1850	0
2847	1496	-465.6724	0	52448.1869	0
2848	1496	-465.6724	0	52448.1884	0
2849	1496	-465.6721	0	52448.1926	0
2850	1496	-465.6718	0	52448.1948	0
2851	1496	-465.6719	0	52448.1942	0
2852	1496	-465.6721	0	52448.1925	0
2853	1496	-465.6712	0	52448.1989	0
2854	1496	-465.6707	0	52448.2020	0
2855	1496	-465.6703	0	52448.2045	0
2856	1496	-465.6703	0	52448.2075	0
2857	1496	-465.6701	0	52448.2128	0
2858	1496	-465.6696	0	52448.2153	0
2859	1496	-465.6693	0	52448.2162	0
2860	1496	-465.6688	0	52448.2177	0
2861	1496	-465.6686	0	52448.2210	0
2862	1496	-465.6683	0	52448.2241	0
2863	1496	-465.6680	0	52448.2265	0
2864	1496	-465.6675	0	52448.2280	0
2865	1496	-465.6673	0	52448.2284	0
2866	1496	-465.6674	0	52448.2305	0
2867	1496	-465.6674	0	52448.2338	0
2868	1496	-465.6672	0	52448.2376	0
2869	1496	-465.6670	0	52448.2389	0
2870	1496	-465.6667	0	52448.2373	0
2871	1496	-465.6666	0	52448.2386	0
2872	1496	-465.6668	0	52448.2422	0
2873	1496	-465.6665	0	52448.2479	0
2874	1496	-465.6661	0	52448.2499	0
2875	1496	-465.6659	0	52448.2505	0
2876	1496	-465.6658	0	52448.2513	0
2877	1496	-465.6658	0	52448.2546	0
2878	1496	-465.6659	0	52448.2576	0
2879	1496	-465.6660	0	52448.2598	0
2880	1496	-465.6659	0	52448.2594	0
2881	1496	-465.6658	0	52448.2597	0
2882	1496	-465.6658	0	52448.2634	0
2883	1496	-465.6657	0	52448.2664	0
2884	1496	-465.6657	0	52448.2704	0
2885	1496	-465.6653	0	52448.2706	0
2886	1496	-465.6651	0	52448.2706	0
2887	1496	-465.6654	0	52448.2729	0
2888	1496	-465.6655	0	52448.2754	0
2889	1496	-465.6656	0	52448.2785	0
2890	1496	-465.6652	0	52448.2790	0
2891	1496	-465.6650	0	52448.2785	0
2892	1496	-465.6652	0	52448.2806	0
2893	1496	-465.6651	0	52448.2840	0
2894	1496	-465.6650	0	52448.2880	0
2895	1496	-465.6649	0	52448.2894	0
2896	1496	-465.6646	0	52448.2898	0
2897	1496	-465.6645	0	52448.2905	0
2898	1496	-465.6644	0	52448.2922	0
2899	1496	-465.6644	0	52448.2939	0
2900	1496	-465.6644	0	52448.2945	0
2901	1496	-465.6643	0	52448.2936	0
2902	1496	-465.6643	0	52448.2937	0
2903	1496	-465.6644	0	52448.2964	0
2904	1496	-465.6643	0	52448.3004	0
2905	1496	-465.6643	0	52448.3019	0
2906	1496	-465.6641	0	52448.3019	0
2907	1496	-465.6642	0	52448.3018	0
2908	1496	-465.6643	0	52448.3043	0
2909	1496	-465.6643	0	52448.3078	0
2910	1496	-465.6642	0	52448.3090	0
2911	1496	-465.6642	0	52448.3084	0
2912	1496	-465.6642	0	52448.3076	0
2913	1496	-465.6644	0	52448.3103	0
2914	1496	-465.6643	0	52448.3137	0
2915	1496	-465.6642	0	52448.3155	0
2916	1496	-465.6638	0	52448.3156	0
2917	1496	-465.6638	0	52448.3141	0
2918	1496	-465.6638	0	52448.3169	0
2919	1496	-465.6638	0	52448.3194	0
2920	1496	-465.6637	0	52448.3208	0
2921	1496	-465.6636	0	52448.3203	0
2922	1496	-465.6635	0	52448.3200	0
2923	1496	-465.6636	0	52448.3228	0
2924	1496	-465.6636	0	52448.3257	0
2925	1496	-465.6634	0	52448.3277	0
2926	1496	-465.6631	0	52448.3274	0
2927	1496	-465.6630	0	52448.3277	0
2928	1496	-465.6629	0	52448.3306	0
2929	1496	-465.6628	0	52448.3330	0
2930	1496	-465.6625	0	52448.3339	0
2931	1496	-465.6623	0	52448.3332	0
2932	1496	-465.6621	0	52448.3334	0
2933	1496	-465.6621	0	52448.3366	0
2934	1496	-465.6621	0	52448.3400	0
2935	1496	-465.6618	0	52448.3426	0
2936	1496	-465.6615	0	52448.3430	0
2937	1496	-465.6611	0	52448.3436	0
2938	1496	-465.6611	0	52448.3459	0
2939	1496	-465.6608	0	52448.3485	0
2940	1496	-465.6606	0	52448.3503	0
2941	1496	-465.6603	0	52448.3509	0
2942	1496	-465.6601	0	52448.3506	0
2943	1496	-465.6601	0	52448.3526	0
2944	1496	-465.6600	0	52448.3559	0
2945	1496	-465.6597	0	52448.3587	0
2946	1496	-465.6594	0	52448.3593	0
2947	1496	-465.6591	0	52448.3586	0
2948	1496	-465.6589	0	52448.3608	0
2949	1496	-465.6587	0	52448.3632	0
2950	1496	-465.6585	0	52448.3653	0
2951	1496	-465.6584	0	52448.3660	0
2952	1496	-465.6584	0	52448.3662	0
2953	1496	-465.6583	0	52448.3675	0
2954	1496	-465.6581	0	52448.3715	0
2955	1496	-465.6578	0	52448.3749	0
2956	1496	-465.6575	0	52448.3761	0
2957	1496	-465.6570	0	52448.3761	0
2958	1496	-465.6570	0	52448.3768	0
2959	1496	-465.6569	0	52448.3801	0
2960	1496	-465.6569	0	52448.3836	0
2961	1496	-465.6567	0	52448.3841	0
2962	1496	-465.6565	0	52448.3838	0
2963	1496	-465.6565	0	52448.3851	0
2964	1496	-465.6566	0	52448.3889	0
2965	1496	-465.6566	0	52448.3925	0
2966	1496	-465.6564	0	52448.3945	0
2967	1496	-465.6560	0	52448.3948	0
2968	1496	-465.6560	0	52448.3956	0
2969	1496	-465.6561	0	52448.3987	0
2970	1496	-465.6561	0	52448.4019	0
2971	1496	-465.6560	0	52448.4037	0
2972	1496	-465.6559	0	52448.4040	0
2973	1496	-465.6558	0	52448.4047	0
2974	1496	-465.6561	0	52448.4080	0
2975	1496	-465.6561	0	52448.4109	0
2976	1496	-465.6562	0	52448.4126	0
2977	1496	-465.6559	0	52448.4131	0
2978	1496	-465.6559	0	52448.4140	0
2979	1496	-465.6560	0	52448.4168	0
2980	1496	-465.6561	0	52448.4201	0
2981	1496	-465.6561	0	52448.4222	0
2982	1496	-465.6560	0	52448.4227	0
2983	1496	-465.6559	0	52448.4234	0
2984	1496	-465.6560	0	52448.4261	0
2985	1496	-465.6560	0	52448.4293	0
2986	1496	-465.6560	0	52448.4313	0
2987	1496	-465.6558	0	52448.4320	0
2988	1496	-465.6557	0	52448.4325	0
2989	1496	-465.6559	0	52448.4351	0
2990	1496	-465.6559	0	52448.4383	0
2991	1496	-465.6559	0	52448.4404	0
2992	1496	-465.6558	0	52448.4405	0
2993	1496	-465.6558	0	52448.4408	0
2994	1496	-465.6559	0	52448.4434	0
2995	1496	-465.6558	0	52448.4470	0
2996	1496	-465.6557	0	52448.4499	0
2997	1496	-465.6555	0	52448.4507	0
2998	1496	-465.6555	0	52448.4509	0
2999	1496	-465.6555	0	52448.4529	0
3000	1496	-465.6556	0	52448.4557	0
3001	1496	-465.6557	0	52448.4578	0
3002	1496	-465.6557	0	52448.4586	0
3003	1496	-465.6555	0	52448.4588	0
3004	1496	-465.6554	0	52448.4607	0
3005	1496	-465.6556	0	52448.4632	0
3006	1496	-465.6557	0	52448.4661	0
3007	1496	-465.6555	0	52448.4680	0
3008	1496	-465.6551	0	52448.4676	0
3009	1496	-465.6551	0	52448.4684	0
3010	1496	-465.6554	0	52448.4714	0
3011	1496	-465.6554	0	52448.4743	0
3012	1496	-465.6555	0	52448.4755	0
3013	1496	-465.6554	0	52448.4757	0
3014	1496	-465.6553	0	52448.4762	0
3015	1496	-465.6552	0	52448.4785	0
3016	1496	-465.6553	0	52448.4820	0
3017	1496	-465.6553	0	52448.4844	0
3018	1496	-465.6550	0	52448.4853	0
3019	1496	-465.6547	0	52448.4855	0
3020	1496	-465.6548	0	52448.4872	0
3021	1496	-465.6549	0	52448.4905	0
3022	1496	-465.6548	0	52448.4926	0
3023	1496	-465.6546	0	52448.4934	0
3024	1496	-465.6544	0	52448.4938	0
3025	1496	-465.6545	0	52448.4959	0
3026	1496	-465.6546	0	52448.4989	0
3027	1496	-465.6546	0	52448.5014	0
3028	1496	-465.6543	0	52448.5023	0
3029	1496	-465.6539	0	52448.5028	0
3030	1496	-465.6540	0	52448.5047	0
3031	1496	-465.6541	0	52448.5078	0
3032	1496	-465.6542	0	52448.5105	0
3033	1496	-465.6540	0	52448.5115	0
3034	1496	-465.6540	0	52448.5114	0
3035	1496	-465.6541	0	52448.5136	0
3036	1496	-465.6543	0	52448.5167	0
3037	1496	-465.6543	0	52448.5194	0
3038	1496	-465.6540	0	52448.5205	0
3039	1496	-465.6538	0	52448.5205	0
3040	1496	-465.6538	0	52448.5220	0
3041	1496	-465.6539	0	52448.5251	0
3042	1496	-465.6539	0	52448.5279	0
3043	1496	-465.6539	0	52448.5287	0
3044	1496	-465.6536	0	52448.5288	0
3045	1496	-465.6539	0	52448.5304	0
3046	1496	-465.6540	0	52448.5329	0
3047	1496	-465.6542	0	52448.5364	0
3048	1496	-465.6540	0	52448.5381	0
3049	1496	-465.6536	0	52448.5381	0
3050	1496	-465.6536	0	52448.5389	0
3051	1496	-465.6537	0	52448.5417	0
3052	1496	-465.6539	0	52448.5442	0
3053	1496	-465.6541	0	52448.5456	0
3054	1496	-465.6542	0	52448.5461	0
3055	1496	-465.6545	0	52448.5477	0
3056	1496	-465.6547	0	52448.5503	0
3057	1496	-465.6548	0	52448.5533	0
3058	1496	-465.6547	0	52448.5548	0
3059	1496	-465.6544	0	52448.5554	0
3060	1496	-465.6543	0	52448.5557	0
3061	1496	-465.6546	0	52448.5580	0
3062	1496	-465.6548	0	52448.5608	0
3063	1496	-465.6551	0	52448.5627	0
3064	1496	-465.6551	0	52448.5633	0
3065	1496	-465.6552	0	52448.5639	0
3066	1496	-465.6555	0	52448.5663	0
3067	1496	-465.6558	0	52448.5696	0
3068	1496	-465.6559	0	52448.5718	0
3069	1496	-465.6554	0	52448.5729	0
3070	1496	-465.6550	0	52448.5733	0
3071	1496	-465.6550	0	52448.5751	0
3072	1496	-465.6552	0	52448.5778	0
3073	1496	-465.6554	0	52448.5801	0
3074	1496	-465.6553	0	52448.5813	0
3075	1496	-465.6551	0	52448.5815	0
3076	1496	-465.6550	0	52448.5834	0
3077	1496	-465.6552	0	52448.5864	0
3078	1496	-465.6553	0	52448.5892	0
3079	1496	-465.6551	0	52448.5908	0
3080	1496	-465.6548	0	52448.5910	0
3081	1496	-465.6548	0	52448.5925	0
3082	1496	-465.6549	0	52448.5946	0
3083	1496	-465.6552	0	52448.5971	0
3084	1496	-465.6553	0	52448.5985	0
3085	1496	-465.6554	0	52448.5987	0
3086	1496	-465.6556	0	52448.6001	0
3087	1496	-465.6560	0	52448.6026	0
3088	1496	-465.6563	0	52448.6057	0
3089	1496	-465.6562	0	52448.6078	0
3090	1496	-465.6557	0	52448.6087	0
3091	1496	-465.6553	0	52448.6094	0
3092	1496	-465.6553	0	52448.6114	0
3093	1496	-465.6553	0	52448.6140	0
3094	1496	-465.6552	0	52448.6161	0
3095	1496	-465.6550	0	52448.6167	0
3096	1496	-465.6548	0	52448.6175	0
3097	1496	-465.6549	0	52448.6195	0
3098	1496	-465.6549	0	52448.6223	0
3099	1496	-465.6547	0	52448.6248	0
3100	1496	-465.6539	0	52448.6261	0
3101	1496	-465.6531	0	52448.6265	0
3102	1496	-465.6527	0	52448.6287	0
3103	1496	-465.6526	0	52448.6314	0
3104	1496	-465.6524	0	52448.6336	0
3105	1496	-465.6520	0	52448.6346	0
3106	1496	-465.6516	0	52448.6348	0
3107	1496	-465.6514	0	52448.6367	0
3108	1496	-465.6508	0	52448.6390	0
3109	1496	-465.6508	0	52448.6422	0
3110	1496	-465.6502	0	52448.6437	0
3111	1496	-465.6494	0	52448.6442	0
3112	1496	-465.6486	0	52448.6458	0
3113	1496	-465.6481	0	52448.6482	0
3114	1496	-465.6477	0	52448.6507	0
3115	1496	-465.6472	0	52448.6524	0
3116	1496	-465.6469	0	52448.6531	0
3117	1496	-465.6470	0	52448.6539	0
3118	1496	-465.6467	0	52448.6561	0
3119	1496	-465.6467	0	52448.6589	0
3120	1496	-465.6464	0	52448.6610	0
3121	1496	-465.6455	0	52448.6622	0
3122	1496	-465.6443	0	52448.6629	0
3123	1496	-465.6433	0	52448.6648	0
3124	1496	-465.6423	0	52448.6661	0
3125	1496	-465.6414	0	52448.6673	0
3126	1496	-465.6408	0	52448.6678	0
3127	1496	-465.6409	0	52448.6680	0
3128	1496	-465.6402	0	52448.6688	0
3129	1496	-465.6396	0	52448.6700	0
3130	1496	-465.6389	0	52448.6709	0
3131	1496	-465.6380	0	52448.6715	0
3132	1496	-465.6364	0	52448.6721	0
3133	1496	-465.6349	0	52448.6728	0
3134	1496	-465.6336	0	52448.6742	0
3135	1496	-465.6325	0	52448.6754	0
3136	1496	-465.6320	0	52448.6760	0
3137	1496	-465.6320	0	52448.6764	0
3138	1496	-465.6317	0	52448.6773	0
3139	1496	-465.6311	0	52448.6786	0
3140	1496	-465.6296	0	52448.6799	0
3141	1496	-465.6281	0	52448.6807	0
3142	1496	-465.6262	0	52448.6812	0
3143	1496	-465.6243	0	52448.6822	0
3144	1496	-465.6226	0	52448.6836	0
3145	1496	-465.6216	0	52448.6850	0
3146	1496	-465.6214	0	52448.6858	0
3147	1496	-465.6210	0	52448.6863	0
3148	1496	-465.6210	0	52448.6873	0
3149	1496	-465.6197	0	52448.6888	0
3150	1496	-465.6180	0	52448.6902	0
3151	1496	-465.6162	0	52448.6913	0
3152	1496	-465.6148	0	52448.6918	0
3153	1496	-465.6134	0	52448.6926	0
3154	1496	-465.6113	0	52448.6940	0
3155	1496	-465.6095	0	52448.6955	0
3156	1496	-465.6074	0	52448.6963	0
