2853	1558	-444.5207	0	52617.0019	0
2854	1558	-444.6172	0	52616.9482	0
2855	1558	-444.7200	0	52616.8900	0
2856	1558	-444.8078	0	52616.8409	0
2857	1558	-444.9031	0	52616.7665	0
2858	1558	-444.9690	0	52616.7094	0
2859	1558	-445.0326	0	52616.6416	0
2860	1558	-445.0848	0	52616.5763	0
2861	1558	-445.1217	0	52616.5290	0
2862	1558	-445.1482	0	52616.4996	0
2863	1558	-445.1814	0	52616.4502	0
2864	1558	-445.2346	0	52616.4003	0
2865	1558	-445.2947	0	52616.3555	0
2866	1558	-445.3655	0	52616.3011	0
2867	1558	-445.4230	0	52616.2504	0
2868	1558	-445.4518	0	52616.1993	0
2869	1558	-445.4678	0	52616.1745	0
2870	1558	-445.5098	0	52616.1132	0
2871	1558	-445.5258	0	52616.0903	0
2872	1558	-445.5480	0	52616.0591	0
2873	1558	-445.5840	0	52616.0013	0
2874	1558	-445.5993	0	52615.9634	0
2875	1558	-445.6104	0	52615.9219	0
2876	1558	-445.6299	0	52615.8720	0
2877	1558	-445.6485	0	52615.8412	0
2878	1558	-445.6563	0	52615.8139	0
2879	1558	-445.6678	0	52615.7925	0
2880	1558	-445.7067	0	52615.7472	0
2881	1558	-445.7410	0	52615.7112	0
2882	1558	-445.7718	0	52615.6906	0
2883	1558	-445.8043	0	52615.6641	0
2884	1558	-445.8334	0	52615.6471	0
2885	1558	-445.8540	0	52615.6349	0
2886	1558	-445.8612	0	52615.6256	0
2887	1558	-445.8677	0	52615.6171	0
2888	1558	-445.8830	0	52615.6072	0
2889	1558	-445.9092	0	52615.6016	0
2890	1558	-445.9313	0	52615.5700	0
2891	1558	-445.9389	0	52615.5358	0
2892	1558	-445.9590	0	52615.4866	0
2893	1558	-445.9754	0	52615.4556	0
2894	1558	-445.9808	0	52615.4390	0
2895	1558	-445.9929	0	52615.4206	0
2896	1558	-446.0106	0	52615.3776	0
2897	1558	-446.0516	0	52615.3047	0
2898	1558	-446.0994	0	52615.2438	0
2899	1558	-446.1589	0	52615.1744	0
2900	1558	-446.1838	0	52615.1305	0
2901	1558	-446.1936	0	52615.1087	0
2902	1558	-446.2017	0	52615.0773	0
2903	1558	-446.1910	0	52615.0561	0
2904	1558	-446.1850	0	52615.0317	0
2905	1558	-446.2004	0	52614.9666	0
2906	1558	-446.1719	0	52614.8928	0
2907	1558	-446.2427	0	52614.7810	0
2908	1558	-446.2805	0	52614.7128	0
2909	1558	-446.3147	0	52614.6606	0
2910	1558	-446.3321	0	52614.6412	0
2911	1558	-446.3367	0	52614.6297	0
2912	1558	-446.3683	0	52614.6103	0
2913	1558	-446.3960	0	52614.5835	0
2914	1558	-446.4358	0	52614.5139	0
2915	1558	-446.4553	0	52614.4055	0
2916	1558	-446.4601	0	52614.3202	0
2917	1558	-446.4713	0	52614.2620	0
2918	1558	-446.4866	0	52614.2337	0
2919	1558	-446.4859	0	52614.2321	0
2920	1558	-446.4878	0	52614.2069	0
2921	1558	-446.4907	0	52614.1396	0
2922	1558	-446.4707	0	52614.0049	0
2923	1558	-446.4329	0	52613.8504	0
2924	1558	-446.3725	0	52613.6672	0
2925	1558	-446.3549	0	52613.5359	0
2926	1558	-446.3585	0	52613.4814	0
2927	1558	-446.3664	0	52613.4706	0
2928	1558	-446.3855	0	52613.4393	0
2929	1558	-446.3985	0	52613.3579	0
2930	1558	-446.3998	0	52613.2507	0
2931	1558	-446.3928	0	52613.0373	0
2932	1558	-446.3949	0	52612.8978	0
2933	1558	-446.4089	0	52612.8097	0
2934	1558	-446.4119	0	52612.7503	0
2935	1558	-446.4195	0	52612.7234	0
2936	1558	-446.4421	0	52612.6837	0
2937	1558	-446.4582	0	52612.6250	0
2938	1558	-446.4667	0	52612.5283	0
2939	1558	-446.4702	0	52612.4086	0
2940	1558	-446.4420	0	52612.1866	0
2941	1558	-446.4536	0	52612.0542	0
2942	1558	-446.4752	0	52612.0233	0
2943	1558	-446.5086	0	52612.0207	0
2944	1558	-446.5500	0	52611.9791	0
2945	1558	-446.6033	0	52611.9129	0
2946	1558	-446.6365	0	52611.7741	0
2947	1558	-446.6645	0	52611.5883	0
2948	1558	-446.6871	0	52611.4601	0
2949	1558	-446.7085	0	52611.3713	0
2950	1558	-446.7247	0	52611.3495	0
2951	1558	-446.7387	0	52611.3354	0
2952	1558	-446.7536	0	52611.2981	0
2953	1558	-446.7724	0	52611.2160	0
2954	1558	-446.7796	0	52611.0919	0
2955	1558	-446.7679	0	52610.9610	0
2956	1558	-446.7582	0	52610.8344	0
2957	1558	-446.7540	0	52610.7176	0
2958	1558	-446.7647	0	52610.6669	0
2959	1558	-446.7788	0	52610.6413	0
2960	1558	-446.7949	0	52610.6064	0
2961	1558	-446.8136	0	52610.5399	0
2962	1558	-446.8332	0	52610.4517	0
2963	1558	-446.8316	0	52610.2251	0
2964	1558	-446.8412	0	52610.0929	0
2965	1558	-446.8513	0	52610.0079	0
2966	1558	-446.8609	0	52609.9600	0
2967	1558	-446.8717	0	52609.9548	0
2968	1558	-446.8668	0	52609.8795	0
2969	1558	-446.8785	0	52609.8139	0
2970	1558	-446.8756	0	52609.6652	0
2971	1558	-446.8640	0	52609.4926	0
2972	1558	-446.8684	0	52609.3896	0
2973	1558	-446.8894	0	52609.3426	0
2974	1558	-446.9149	0	52609.3166	0
2975	1558	-446.9424	0	52609.2679	0
2976	1558	-446.9769	0	52609.1576	0
2977	1558	-447.0134	0	52609.0441	0
2978	1558	-447.0242	0	52608.8478	0
2979	1558	-447.0323	0	52608.7333	0
2980	1558	-447.0347	0	52608.6515	0
2981	1558	-447.0447	0	52608.6352	0
2982	1558	-447.0353	0	52608.5906	0
2983	1558	-447.0215	0	52608.5353	0
2984	1558	-447.0129	0	52608.3875	0
2985	1558	-446.9965	0	52608.1919	0
2986	1558	-446.9902	0	52608.0427	0
2987	1558	-446.9951	0	52607.9448	0
2988	1558	-447.0056	0	52607.9229	0
2989	1558	-447.0162	0	52607.9066	0
2990	1558	-447.0436	0	52607.8451	0
2991	1558	-447.0781	0	52607.7310	0
2992	1558	-447.1042	0	52607.5277	0
2993	1558	-447.1191	0	52607.3942	0
2994	1558	-447.1305	0	52607.3123	0
2995	1558	-447.1410	0	52607.2851	0
2996	1558	-447.1438	0	52607.2908	0
2997	1558	-447.1430	0	52607.2488	0
2998	1558	-447.1371	0	52607.1174	0
2999	1558	-447.1352	0	52606.9370	0
3000	1558	-447.1203	0	52606.7744	0
3001	1558	-447.1156	0	52606.6295	0
3002	1558	-447.1157	0	52606.5538	0
3003	1558	-447.1221	0	52606.5293	0
3004	1558	-447.1359	0	52606.5102	0
3005	1558	-447.1418	0	52606.4438	0
3006	1558	-447.1588	0	52606.2806	0
3007	1558	-447.1531	0	52606.0943	0
3008	1558	-447.1626	0	52606.0005	0
3009	1558	-447.1664	0	52605.9297	0
3010	1558	-447.1745	0	52605.9072	0
3011	1558	-447.1753	0	52605.8760	0
3012	1558	-447.1697	0	52605.7624	0
3013	1558	-447.1611	0	52605.5896	0
3014	1558	-447.1568	0	52605.3778	0
3015	1558	-447.1664	0	52605.2460	0
3016	1558	-447.1803	0	52605.2000	0
3017	1558	-447.2006	0	52605.1718	0
3018	1558	-447.2169	0	52605.1510	0
3019	1558	-447.2330	0	52605.0347	0
3020	1558	-447.2430	0	52604.8534	0
3021	1558	-447.2525	0	52604.7164	0
3022	1558	-447.2598	0	52604.6114	0
3023	1558	-447.2570	0	52604.5333	0
3024	1558	-447.2539	0	52604.5086	0
3025	1558	-447.2534	0	52604.4592	0
3026	1558	-447.2272	0	52604.2563	0
3027	1558	-447.2075	0	52604.0641	0
3028	1558	-447.2180	0	52603.9044	0
3029	1558	-447.2263	0	52603.7873	0
3030	1558	-447.2275	0	52603.7486	0
3031	1558	-447.2354	0	52603.7683	0
3032	1558	-447.2393	0	52603.7491	0
3033	1558	-447.2578	0	52603.6225	0
3034	1558	-447.2615	0	52603.4395	0
3035	1558	-447.2632	0	52603.2791	0
3036	1558	-447.2662	0	52603.1914	0
3037	1558	-447.2678	0	52603.1467	0
3038	1558	-447.2745	0	52603.1178	0
3039	1558	-447.2696	0	52603.0480	0
3040	1558	-447.2614	0	52602.9292	0
3041	1558	-447.2415	0	52602.7276	0
3042	1558	-447.2354	0	52602.5557	0
3043	1558	-447.2435	0	52602.3948	0
3044	1558	-447.2489	0	52602.3056	0
3045	1558	-447.2584	0	52602.2928	0
3046	1558	-447.2652	0	52602.3093	0
3047	1558	-447.2734	0	52602.2353	0
3048	1558	-447.2821	0	52602.1093	0
3049	1558	-447.2723	0	52601.8789	0
3050	1558	-447.2650	0	52601.7776	0
3051	1558	-447.2676	0	52601.6742	0
3052	1558	-447.2775	0	52601.6043	0
3053	1558	-447.2644	0	52601.6003	0
3054	1558	-447.2495	0	52601.5687	0
3055	1558	-447.2464	0	52601.3312	0
3056	1558	-447.2376	0	52601.1190	0
3057	1558	-447.2251	0	52600.9709	0
3058	1558	-447.2035	0	52600.8846	0
3059	1558	-447.1994	0	52600.8017	0
3060	1558	-447.2079	0	52600.7747	0
3061	1558	-447.2222	0	52600.7683	0
3062	1558	-447.2276	0	52600.6402	0
3063	1558	-447.2363	0	52600.4836	0
3064	1558	-447.2357	0	52600.2971	0
3065	1558	-447.2419	0	52600.1724	0
3066	1558	-447.2423	0	52600.0921	0
3067	1558	-447.2459	0	52600.0854	0
3068	1558	-447.2516	0	52600.0867	0
3069	1558	-447.2408	0	52600.0533	0
3070	1558	-447.2384	0	52599.9865	0
3071	1558	-447.2338	0	52599.7138	0
3072	1558	-447.2290	0	52599.4733	0
3073	1558	-447.2244	0	52599.3269	0
3074	1558	-447.2305	0	52599.3173	0
3075	1558	-447.2500	0	52599.2974	0
3076	1558	-447.2718	0	52599.2327	0
3077	1558	-447.2871	0	52599.1311	0
3078	1558	-447.3054	0	52598.9938	0
3079	1558	-447.3141	0	52598.8641	0
3080	1558	-447.3178	0	52598.7366	0
3081	1558	-447.3168	0	52598.6924	0
3082	1558	-447.2910	0	52598.6606	0
3083	1558	-447.2613	0	52598.5495	0
3084	1558	-447.2458	0	52598.4060	0
3085	1558	-447.2373	0	52598.2287	0
3086	1558	-447.2344	0	52598.0797	0
3087	1558	-447.2282	0	52597.9635	0
3088	1558	-447.2241	0	52597.9240	0
3089	1558	-447.2322	0	52597.9134	0
3090	1558	-447.2319	0	52597.8919	0
3091	1558	-447.2460	0	52597.8211	0
3092	1558	-447.2235	0	52597.6910	0
3093	1558	-447.2201	0	52597.5338	0
3094	1558	-447.2005	0	52597.3679	0
3095	1558	-447.1866	0	52597.2646	0
3096	1558	-447.1625	0	52597.2303	0
3097	1558	-447.1443	0	52597.1998	0
3098	1558	-447.1245	0	52597.1242	0
3099	1558	-447.1214	0	52597.0996	0
3100	1558	-447.1061	0	52596.9583	0
3101	1558	-447.1030	0	52596.7925	0
3102	1558	-447.1010	0	52596.6170	0
3103	1558	-447.1004	0	52596.5788	0
3104	1558	-447.0989	0	52596.5920	0
3105	1558	-447.1071	0	52596.5536	0
3106	1558	-447.1040	0	52596.4727	0
3107	1558	-447.1304	0	52596.3970	0
3108	1558	-447.1415	0	52596.2063	0
3109	1558	-447.1165	0	52595.9702	0
3110	1558	-447.0993	0	52595.8360	0
3111	1558	-447.0930	0	52595.8389	0
3112	1558	-447.0843	0	52595.8202	0
3113	1558	-447.0677	0	52595.7444	0
3114	1558	-447.0577	0	52595.6704	0
3115	1558	-447.0385	0	52595.5238	0
3116	1558	-447.0238	0	52595.2978	0
3117	1558	-447.0226	0	52595.1409	0
3118	1558	-447.0253	0	52595.1110	0
3119	1558	-447.0274	0	52595.1043	0
3120	1558	-447.0278	0	52595.0296	0
3121	1558	-447.0433	0	52594.9291	0
3122	1558	-447.0400	0	52594.8695	0
3123	1558	-447.0457	0	52594.7220	0
3124	1558	-447.0450	0	52594.5929	0
3125	1558	-447.0543	0	52594.4696	0
3126	1558	-447.0632	0	52594.4266	0
3127	1558	-447.0647	0	52594.3623	0
3128	1558	-447.0648	0	52594.2630	0
3129	1558	-447.0727	0	52594.1766	0
3130	1558	-447.0642	0	52593.9893	0
3131	1558	-447.0681	0	52593.8135	0
3132	1558	-447.0652	0	52593.6707	0
3133	1558	-447.0627	0	52593.6214	0
3134	1558	-447.0676	0	52593.6069	0
3135	1558	-447.0887	0	52593.5512	0
3136	1558	-447.1153	0	52593.4514	0
3137	1558	-447.1273	0	52593.3072	0
3138	1558	-447.1370	0	52593.1181	0
3139	1558	-447.1573	0	52593.0504	0
3140	1558	-447.1753	0	52593.0005	0
3141	1558	-447.1846	0	52593.0143	0
3142	1558	-447.1752	0	52593.0231	0
3143	1558	-447.1756	0	52592.9460	0
3144	1558	-447.1947	0	52592.9475	0
3145	1558	-447.1904	0	52592.6688	0
3146	1558	-447.2168	0	52592.4224	0
3147	1558	-447.2229	0	52592.3320	0
3148	1558	-447.2550	0	52592.4196	0
3149	1558	-447.2963	0	52592.4832	0
3150	1558	-447.3263	0	52592.3664	0
3151	1558	-447.3752	0	52592.2950	0
3152	1558	-447.4035	0	52592.1835	0
3153	1558	-447.4326	0	52592.0860	0
3154	1558	-447.4511	0	52592.0524	0
3155	1558	-447.4613	0	52592.0431	0
3156	1558	-447.4598	0	52592.1015	0
3157	1558	-447.4518	0	52592.1548	0
3158	1558	-447.4595	0	52592.0890	0
3159	1558	-447.4493	0	52592.0080	0
3160	1558	-447.4326	0	52591.7737	0
3161	1558	-447.4322	0	52591.5963	0
3162	1558	-447.4233	0	52591.5329	0
3163	1558	-447.4280	0	52591.5716	0
3164	1558	-447.4410	0	52591.6186	0
3165	1558	-447.4609	0	52591.4894	0
3166	1558	-447.4645	0	52591.3515	0
3167	1558	-447.4645	0	52591.1201	0
3168	1558	-447.4499	0	52590.9429	0
3169	1558	-447.4551	0	52590.8799	0
3170	1558	-447.4668	0	52590.9211	0
3171	1558	-447.4518	0	52590.9095	0
3172	1558	-447.4449	0	52590.8468	0
3173	1558	-447.4240	0	52590.7638	0
3174	1558	-447.4421	0	52590.7966	0
3175	1558	-447.4349	0	52590.5323	0
3176	1558	-447.4392	0	52590.4026	0
3177	1558	-447.4359	0	52590.2934	0
3178	1558	-447.4612	0	52590.2232	0
3179	1558	-447.4711	0	52590.2634	0
3180	1558	-447.5014	0	52590.1875	0
3181	1558	-447.5518	0	52590.0971	0
3182	1558	-447.5781	0	52590.0342	0
3183	1558	-447.6045	0	52589.9492	0
3184	1558	-447.6270	0	52590.0164	0
3185	1558	-447.6425	0	52590.0440	0
3186	1558	-447.6552	0	52590.0252	0
3187	1558	-447.6368	0	52590.0836	0
3193	1558	-447.6121	0	52589.5235	0
3194	1558	-447.6096	0	52589.4520	0
3195	1558	-447.6247	0	52589.3953	0
3196	1558	-447.6033	0	52589.2426	0
3197	1558	-447.5802	0	52589.1888	0
3198	1558	-447.5588	0	52589.1716	0
3199	1558	-447.5527	0	52589.1676	0
3200	1558	-447.5759	0	52589.1689	0
3201	1558	-447.5860	0	52589.1390	0
3202	1558	-447.5772	0	52589.0622	0
3203	1558	-447.5754	0	52588.9340	0
3204	1558	-447.5785	0	52588.9224	0
3205	1558	-447.5669	0	52588.8870	0
3206	1558	-447.5678	0	52588.8414	0
3207	1558	-447.5591	0	52588.8266	0
3208	1558	-447.5430	0	52588.8231	0
3209	1558	-447.5339	0	52588.7216	0
3210	1558	-447.5209	0	52588.5832	0
3211	1558	-447.5149	0	52588.4288	0
3212	1558	-447.5108	0	52588.2692	0
3213	1558	-447.5041	0	52588.2119	0
3214	1558	-447.5091	0	52588.1939	0
3215	1558	-447.5201	0	52588.1201	0
3216	1558	-447.5399	0	52588.0250	0
3217	1558	-447.5739	0	52587.9216	0
3218	1558	-447.5845	0	52587.7082	0
3219	1558	-447.5935	0	52587.7024	0
3220	1558	-447.5966	0	52587.6323	0
3221	1558	-447.5915	0	52587.6796	0
3222	1558	-447.5790	0	52587.6651	0
3223	1558	-447.5711	0	52587.6269	0
3224	1558	-447.5684	0	52587.4707	0
3225	1558	-447.5665	0	52587.3056	0
3226	1558	-447.5620	0	52587.1366	0
3227	1558	-447.5562	0	52586.8926	0
3228	1558	-447.5646	0	52586.9528	0
3229	1558	-447.5731	0	52586.9424	0
3230	1558	-447.6120	0	52586.9791	0
3231	1558	-447.6380	0	52586.8861	0
3232	1558	-447.6469	0	52586.8538	0
3233	1558	-447.6292	0	52586.6961	0
3234	1558	-447.6217	0	52586.4880	0
3235	1558	-447.6082	0	52586.4133	0
3236	1558	-447.5921	0	52586.3889	0
3237	1558	-447.5818	0	52586.4211	0
3238	1558	-447.5632	0	52586.3218	0
3239	1558	-447.5420	0	52586.2872	0
3240	1558	-447.5109	0	52586.1628	0
3241	1558	-447.4954	0	52586.0810	0
3242	1558	-447.4768	0	52585.9377	0
3243	1558	-447.4725	0	52585.8860	0
3244	1558	-447.4662	0	52585.8321	0
3245	1558	-447.4865	0	52585.8926	0
3246	1558	-447.5008	0	52585.8021	0
3247	1558	-447.5229	0	52585.7713	0
3248	1558	-447.5271	0	52585.6068	0
3249	1558	-447.5340	0	52585.5466	0
3250	1558	-447.5301	0	52585.5270	0
3251	1558	-447.5445	0	52585.5221	0
3252	1558	-447.5406	0	52585.5622	0
3253	1558	-447.5417	0	52585.4626	0
3254	1558	-447.5454	0	52585.3485	0
3255	1558	-447.5271	0	52585.2282	0
3256	1558	-447.5125	0	52585.0660	0
3257	1558	-447.4986	0	52584.8871	0
3258	1558	-447.5028	0	52584.7426	0
3259	1558	-447.5142	0	52584.7739	0
3260	1558	-447.5258	0	52584.7475	0
3261	1558	-447.5390	0	52584.6193	0
3262	1558	-447.5544	0	52584.5750	0
3263	1558	-447.5580	0	52584.4393	0
3264	1558	-447.5523	0	52584.3093	0
3265	1558	-447.5457	0	52584.1391	0
3266	1558	-447.5363	0	52584.1192	0
3267	1558	-447.5315	0	52584.0743	0
3268	1558	-447.5210	0	52583.9776	0
3269	1558	-447.5139	0	52583.8193	0
3270	1558	-447.5095	0	52583.5519	0
3271	1558	-447.5122	0	52583.4551	0
3272	1558	-447.4977	0	52583.2522	0
3273	1558	-447.4881	0	52583.2226	0
3274	1558	-447.5036	0	52583.2176	0
3275	1558	-447.5219	0	52583.1766	0
3276	1558	-447.5536	0	52583.2094	0
