2863	1563	-456.0322	0	52601.3883	0
2864	1563	-456.0307	0	52601.3949	0
2865	1563	-456.0302	0	52601.3906	0
2866	1563	-456.0297	0	52601.3873	0
2869	1563	-456.0272	0	52601.3934	0
2897	1563	-456.0034	0	52601.4273	0
2900	1563	-456.0045	0	52601.4160	0
2901	1563	-456.0042	0	52601.4167	0
2902	1563	-456.0071	0	52601.3780	0
2903	1563	-456.0051	0	52601.4036	0
2904	1563	-456.0038	0	52601.4161	0
2905	1563	-456.0041	0	52601.4157	0
2906	1563	-456.0039	0	52601.4168	0
2907	1563	-456.0046	0	52601.4107	0
2908	1563	-456.0051	0	52601.4097	0
2909	1563	-456.0045	0	52601.4132	0
2910	1563	-456.0045	0	52601.4133	0
2911	1563	-456.0035	0	52601.4198	0
2912	1563	-456.0030	0	52601.4236	0
2913	1563	-456.0039	0	52601.4183	0
2914	1563	-456.0042	0	52601.4164	0
2915	1563	-456.0033	0	52601.4221	0
2916	1563	-456.0039	0	52601.4177	0
2917	1563	-456.0048	0	52601.4122	0
2918	1563	-456.0052	0	52601.4087	0
2919	1563	-456.0058	0	52601.4020	0
2920	1563	-456.0064	0	52601.3982	0
2921	1563	-456.0067	0	52601.3953	0
2922	1563	-456.0066	0	52601.3971	0
2923	1563	-456.0065	0	52601.3964	0
2924	1563	-456.0068	0	52601.3934	0
2925	1563	-456.0066	0	52601.3937	0
2926	1563	-456.0065	0	52601.3939	0
2927	1563	-456.0067	0	52601.3912	0
2928	1563	-456.0072	0	52601.3875	0
2929	1563	-456.0070	0	52601.3831	0
2930	1563	-456.0069	0	52601.3843	0
2931	1563	-456.0061	0	52601.3803	0
2932	1563	-456.0055	0	52601.3788	0
2933	1563	-456.0051	0	52601.3782	0
2934	1563	-456.0049	0	52601.3796	0
2935	1563	-456.0041	0	52601.3814	0
2936	1563	-456.0035	0	52601.3806	0
2937	1563	-456.0031	0	52601.3788	0
2938	1563	-456.0028	0	52601.3781	0
2939	1563	-456.0023	0	52601.3807	0
2940	1563	-456.0021	0	52601.3803	0
2941	1563	-456.0019	0	52601.3786	0
2942	1563	-456.0018	0	52601.3780	0
2943	1563	-456.0017	0	52601.3748	0
2944	1563	-456.0009	0	52601.3793	0
2945	1563	-456.0006	0	52601.3810	0
2946	1563	-455.9998	0	52601.3844	0
2947	1563	-455.9992	0	52601.3841	0
2948	1563	-455.9991	0	52601.3841	0
2949	1563	-455.9994	0	52601.3841	0
2950	1563	-455.9991	0	52601.3884	0
2951	1563	-455.9989	0	52601.3899	0
2952	1563	-455.9993	0	52601.3877	0
2953	1563	-455.9998	0	52601.3855	0
2954	1563	-455.9999	0	52601.3861	0
2955	1563	-455.9999	0	52601.3863	0
2956	1563	-455.9996	0	52601.3863	0
2957	1563	-455.9997	0	52601.3849	0
2958	1563	-455.9996	0	52601.3872	0
2959	1563	-455.9995	0	52601.3895	0
2960	1563	-455.9995	0	52601.3932	0
2961	1563	-456.0000	0	52601.3919	0
2962	1563	-456.0004	0	52601.3929	0
2963	1563	-456.0009	0	52601.3933	0
2964	1563	-456.0006	0	52601.3975	0
2965	1563	-456.0005	0	52601.4005	0
2966	1563	-456.0004	0	52601.4030	0
2967	1563	-456.0006	0	52601.4039	0
2968	1563	-456.0006	0	52601.4056	0
2969	1563	-456.0002	0	52601.4102	0
2970	1563	-456.0000	0	52601.4147	0
2971	1563	-456.0008	0	52601.4124	0
2972	1563	-456.0011	0	52601.4115	0
2973	1563	-456.0013	0	52601.4125	0
2974	1563	-456.0023	0	52601.4076	0
2975	1563	-456.0025	0	52601.4084	0
2976	1563	-456.0023	0	52601.4113	0
2977	1563	-456.0026	0	52601.4097	0
2978	1563	-456.0016	0	52601.4170	0
2979	1563	-456.0014	0	52601.4197	0
2980	1563	-456.0016	0	52601.4208	0
2981	1563	-456.0024	0	52601.4146	0
2982	1563	-456.0033	0	52601.4097	0
2984	1563	-456.0013	0	52601.4260	0
2985	1563	-456.0008	0	52601.4299	0
2986	1563	-456.0009	0	52601.4299	0
2987	1563	-456.0006	0	52601.4323	0
2988	1563	-456.0002	0	52601.4357	0
2989	1563	-456.0004	0	52601.4356	0
2990	1563	-456.0008	0	52601.4343	0
2991	1563	-456.0009	0	52601.4350	0
2992	1563	-456.0011	0	52601.4365	0
2993	1563	-456.0009	0	52601.4395	0
2994	1563	-456.0007	0	52601.4406	0
2995	1563	-456.0005	0	52601.4409	0
2996	1563	-456.0003	0	52601.4409	0
2997	1563	-456.0002	0	52601.4409	0
2998	1563	-456.0006	0	52601.4397	0
2999	1563	-456.0004	0	52601.4416	0
3000	1563	-455.9997	0	52601.4447	0
3001	1563	-455.9995	0	52601.4471	0
3002	1563	-455.9996	0	52601.4467	0
3003	1563	-455.9996	0	52601.4478	0
3004	1563	-455.9994	0	52601.4493	0
3005	1563	-455.9994	0	52601.4499	0
3006	1563	-455.9992	0	52601.4500	0
3007	1563	-455.9991	0	52601.4512	0
3008	1563	-455.9990	0	52601.4529	0
3009	1563	-455.9991	0	52601.4548	0
3010	1563	-455.9988	0	52601.4591	0
3011	1563	-455.9990	0	52601.4582	0
3012	1563	-455.9991	0	52601.4579	0
3013	1563	-455.9993	0	52601.4577	0
3014	1563	-455.9992	0	52601.4576	0
3015	1563	-455.9989	0	52601.4599	0
3016	1563	-455.9985	0	52601.4607	0
3017	1563	-455.9978	0	52601.4645	0
3018	1563	-455.9978	0	52601.4647	0
3019	1563	-455.9974	0	52601.4670	0
3020	1563	-455.9972	0	52601.4691	0
3021	1563	-455.9971	0	52601.4686	0
3022	1563	-455.9973	0	52601.4660	0
3023	1563	-455.9972	0	52601.4661	0
3024	1563	-455.9965	0	52601.4696	0
3025	1563	-455.9963	0	52601.4697	0
3026	1563	-455.9956	0	52601.4708	0
3027	1563	-455.9956	0	52601.4700	0
3028	1563	-455.9951	0	52601.4719	0
3029	1563	-455.9949	0	52601.4726	0
3030	1563	-455.9949	0	52601.4729	0
3031	1563	-455.9946	0	52601.4741	0
3032	1563	-455.9945	0	52601.4757	0
3033	1563	-455.9942	0	52601.4773	0
3034	1563	-455.9937	0	52601.4802	0
3035	1563	-455.9933	0	52601.4788	0
3036	1563	-455.9930	0	52601.4783	0
3037	1563	-455.9928	0	52601.4780	0
3038	1563	-455.9929	0	52601.4779	0
3039	1563	-455.9925	0	52601.4789	0
3040	1563	-455.9921	0	52601.4804	0
3041	1563	-455.9918	0	52601.4821	0
3042	1563	-455.9915	0	52601.4849	0
3043	1563	-455.9912	0	52601.4859	0
3044	1563	-455.9911	0	52601.4862	0
3045	1563	-455.9904	0	52601.4873	0
3046	1563	-455.9901	0	52601.4877	0
3047	1563	-455.9896	0	52601.4900	0
3048	1563	-455.9893	0	52601.4920	0
3049	1563	-455.9890	0	52601.4949	0
3050	1563	-455.9890	0	52601.4948	0
3051	1563	-455.9890	0	52601.4947	0
3052	1563	-455.9891	0	52601.4947	0
3053	1563	-455.9891	0	52601.4957	0
3054	1563	-455.9889	0	52601.4961	0
3055	1563	-455.9887	0	52601.4950	0
3056	1563	-455.9887	0	52601.4923	0
3057	1563	-455.9886	0	52601.4913	0
3058	1563	-455.9889	0	52601.4898	0
3059	1563	-455.9888	0	52601.4914	0
3060	1563	-455.9888	0	52601.4920	0
3061	1563	-455.9886	0	52601.4934	0
3062	1563	-455.9885	0	52601.4961	0
3063	1563	-455.9882	0	52601.4993	0
3064	1563	-455.9880	0	52601.4993	0
3065	1563	-455.9878	0	52601.4982	0
3066	1563	-455.9877	0	52601.4977	0
3067	1563	-455.9878	0	52601.4976	0
3068	1563	-455.9874	0	52601.5007	0
3069	1563	-455.9873	0	52601.5019	0
3070	1563	-455.9873	0	52601.5034	0
3071	1563	-455.9872	0	52601.5050	0
3072	1563	-455.9871	0	52601.5067	0
3073	1563	-455.9867	0	52601.5083	0
3074	1563	-455.9865	0	52601.5089	0
3075	1563	-455.9863	0	52601.5069	0
3076	1563	-455.9858	0	52601.5081	0
3077	1563	-455.9856	0	52601.5108	0
3078	1563	-455.9855	0	52601.5128	0
3079	1563	-455.9852	0	52601.5146	0
3080	1563	-455.9852	0	52601.5152	0
3081	1563	-455.9852	0	52601.5154	0
3082	1563	-455.9853	0	52601.5144	0
3083	1563	-455.9848	0	52601.5181	0
3084	1563	-455.9843	0	52601.5215	0
3085	1563	-455.9840	0	52601.5217	0
3086	1563	-455.9839	0	52601.5238	0
3087	1563	-455.9840	0	52601.5235	0
3088	1563	-455.9842	0	52601.5255	0
3089	1563	-455.9843	0	52601.5272	0
3090	1563	-455.9845	0	52601.5279	0
3091	1563	-455.9848	0	52601.5261	0
3092	1563	-455.9850	0	52601.5264	0
3093	1563	-455.9849	0	52601.5285	0
3094	1563	-455.9847	0	52601.5292	0
3095	1563	-455.9847	0	52601.5285	0
3096	1563	-455.9848	0	52601.5292	0
3097	1563	-455.9848	0	52601.5315	0
3098	1563	-455.9848	0	52601.5333	0
3099	1563	-455.9851	0	52601.5330	0
3100	1563	-455.9851	0	52601.5339	0
3101	1563	-455.9852	0	52601.5332	0
3102	1563	-455.9852	0	52601.5339	0
3103	1563	-455.9850	0	52601.5351	0
3104	1563	-455.9846	0	52601.5375	0
3105	1563	-455.9843	0	52601.5374	0
3106	1563	-455.9841	0	52601.5382	0
3107	1563	-455.9840	0	52601.5395	0
3108	1563	-455.9839	0	52601.5410	0
3109	1563	-455.9836	0	52601.5415	0
3110	1563	-455.9836	0	52601.5426	0
3111	1563	-455.9835	0	52601.5430	0
3112	1563	-455.9829	0	52601.5470	0
3113	1563	-455.9821	0	52601.5513	0
3114	1563	-455.9816	0	52601.5508	0
3115	1563	-455.9810	0	52601.5525	0
3116	1563	-455.9808	0	52601.5521	0
3117	1563	-455.9806	0	52601.5538	0
3118	1563	-455.9803	0	52601.5553	0
3119	1563	-455.9802	0	52601.5559	0
3120	1563	-455.9803	0	52601.5570	0
3121	1563	-455.9801	0	52601.5592	0
3122	1563	-455.9799	0	52601.5610	0
3123	1563	-455.9794	0	52601.5625	0
3124	1563	-455.9786	0	52601.5638	0
3125	1563	-455.9779	0	52601.5651	0
3126	1563	-455.9776	0	52601.5665	0
3127	1563	-455.9775	0	52601.5670	0
3128	1563	-455.9774	0	52601.5690	0
3129	1563	-455.9774	0	52601.5687	0
3130	1563	-455.9776	0	52601.5696	0
3131	1563	-455.9781	0	52601.5690	0
3132	1563	-455.9779	0	52601.5714	0
3133	1563	-455.9775	0	52601.5723	0
3134	1563	-455.9771	0	52601.5734	0
3135	1563	-455.9768	0	52601.5738	0
3136	1563	-455.9766	0	52601.5766	0
3137	1563	-455.9765	0	52601.5794	0
3138	1563	-455.9765	0	52601.5822	0
3139	1563	-455.9763	0	52601.5850	0
3140	1563	-455.9764	0	52601.5869	0
3141	1563	-455.9761	0	52601.5901	0
3142	1563	-455.9758	0	52601.5930	0
3143	1563	-455.9757	0	52601.5949	0
3144	1563	-455.9754	0	52601.5955	0
3145	1563	-455.9753	0	52601.5965	0
3146	1563	-455.9753	0	52601.5977	0
3147	1563	-455.9752	0	52601.6006	0
3148	1563	-455.9750	0	52601.6033	0
3149	1563	-455.9750	0	52601.6051	0
3150	1563	-455.9750	0	52601.6074	0
3151	1563	-455.9750	0	52601.6090	0
3152	1563	-455.9748	0	52601.6112	0
3153	1563	-455.9746	0	52601.6127	0
3154	1563	-455.9743	0	52601.6140	0
3155	1563	-455.9744	0	52601.6145	0
3156	1563	-455.9742	0	52601.6178	0
3157	1563	-455.9741	0	52601.6222	0
3158	1563	-455.9742	0	52601.6246	0
3159	1563	-455.9744	0	52601.6247	0
3160	1563	-455.9744	0	52601.6254	0
3161	1563	-455.9744	0	52601.6280	0
3162	1563	-455.9743	0	52601.6312	0
3163	1563	-455.9740	0	52601.6323	0
3164	1563	-455.9738	0	52601.6342	0
3165	1563	-455.9738	0	52601.6341	0
3166	1563	-455.9739	0	52601.6355	0
3167	1563	-455.9739	0	52601.6375	0
3168	1563	-455.9741	0	52601.6390	0
3169	1563	-455.9744	0	52601.6395	0
3170	1563	-455.9746	0	52601.6397	0
3171	1563	-455.9747	0	52601.6404	0
3172	1563	-455.9746	0	52601.6421	0
3173	1563	-455.9744	0	52601.6442	0
3174	1563	-455.9743	0	52601.6450	0
3175	1563	-455.9745	0	52601.6445	0
3176	1563	-455.9746	0	52601.6458	0
3177	1563	-455.9746	0	52601.6484	0
3178	1563	-455.9746	0	52601.6508	0
3179	1563	-455.9746	0	52601.6517	0
3180	1563	-455.9747	0	52601.6527	0
3181	1563	-455.9746	0	52601.6545	0
3182	1563	-455.9744	0	52601.6572	0
3183	1563	-455.9742	0	52601.6589	0
3184	1563	-455.9740	0	52601.6581	0
3185	1563	-455.9739	0	52601.6584	0
3186	1563	-455.9740	0	52601.6585	0
3187	1563	-455.9740	0	52601.6599	0
3188	1563	-455.9739	0	52601.6611	0
3189	1563	-455.9738	0	52601.6629	0
3190	1563	-455.9737	0	52601.6636	0
3191	1563	-455.9734	0	52601.6659	0
3192	1563	-455.9732	0	52601.6680	0
3193	1563	-455.9729	0	52601.6688	0
3194	1563	-455.9727	0	52601.6690	0
3195	1563	-455.9726	0	52601.6684	0
3196	1563	-455.9723	0	52601.6701	0
3197	1563	-455.9721	0	52601.6714	0
3198	1563	-455.9719	0	52601.6732	0
3199	1563	-455.9717	0	52601.6746	0
3200	1563	-455.9718	0	52601.6743	0
3201	1563	-455.9718	0	52601.6749	0
3202	1563	-455.9716	0	52601.6771	0
3203	1563	-455.9712	0	52601.6785	0
3204	1563	-455.9711	0	52601.6783	0
3205	1563	-455.9709	0	52601.6782	0
3206	1563	-455.9709	0	52601.6781	0
3207	1563	-455.9708	0	52601.6794	0
3208	1563	-455.9708	0	52601.6812	0
3209	1563	-455.9709	0	52601.6812	0
3210	1563	-455.9712	0	52601.6812	0
3211	1563	-455.9714	0	52601.6818	0
3212	1563	-455.9712	0	52601.6840	0
3213	1563	-455.9709	0	52601.6861	0
3214	1563	-455.9705	0	52601.6874	0
3215	1563	-455.9702	0	52601.6879	0
3216	1563	-455.9701	0	52601.6887	0
3217	1563	-455.9699	0	52601.6909	0
3218	1563	-455.9697	0	52601.6917	0
3219	1563	-455.9697	0	52601.6919	0
3220	1563	-455.9697	0	52601.6920	0
3221	1563	-455.9699	0	52601.6927	0
3222	1563	-455.9696	0	52601.6960	0
3223	1563	-455.9693	0	52601.6979	0
3224	1563	-455.9691	0	52601.6985	0
3225	1563	-455.9687	0	52601.6987	0
3226	1563	-455.9686	0	52601.7000	0
3227	1563	-455.9685	0	52601.7004	0
3228	1563	-455.9684	0	52601.7018	0
3229	1563	-455.9683	0	52601.7029	0
3230	1563	-455.9684	0	52601.7039	0
3231	1563	-455.9684	0	52601.7049	0
3232	1563	-455.9681	0	52601.7070	0
3233	1563	-455.9677	0	52601.7096	0
3234	1563	-455.9671	0	52601.7105	0
3235	1563	-455.9672	0	52601.7089	0
3236	1563	-455.9671	0	52601.7095	0
3237	1563	-455.9668	0	52601.7127	0
3238	1563	-455.9666	0	52601.7157	0
3239	1563	-455.9666	0	52601.7167	0
3240	1563	-455.9666	0	52601.7177	0
3241	1563	-455.9665	0	52601.7198	0
3242	1563	-455.9660	0	52601.7234	0
3243	1563	-455.9656	0	52601.7252	0
3244	1563	-455.9652	0	52601.7259	0
3245	1563	-455.9650	0	52601.7260	0
3246	1563	-455.9650	0	52601.7266	0
3247	1563	-455.9649	0	52601.7285	0
3248	1563	-455.9648	0	52601.7303	0
3249	1563	-455.9648	0	52601.7309	0
3250	1563	-455.9649	0	52601.7317	0
3251	1563	-455.9650	0	52601.7336	0
3252	1563	-455.9648	0	52601.7371	0
3253	1563	-455.9645	0	52601.7400	0
3254	1563	-455.9643	0	52601.7404	0
3255	1563	-455.9644	0	52601.7395	0
3256	1563	-455.9645	0	52601.7407	0
3257	1563	-455.9644	0	52601.7433	0
3258	1563	-455.9645	0	52601.7447	0
3259	1563	-455.9647	0	52601.7447	0
3260	1563	-455.9648	0	52601.7457	0
3261	1563	-455.9649	0	52601.7466	0
3262	1563	-455.9647	0	52601.7496	0
3263	1563	-455.9645	0	52601.7511	0
3264	1563	-455.9642	0	52601.7522	0
3265	1563	-455.9643	0	52601.7525	0
3266	1563	-455.9642	0	52601.7542	0
3267	1563	-455.9641	0	52601.7563	0
3268	1563	-455.9641	0	52601.7581	0
3269	1563	-455.9642	0	52601.7587	0
3270	1563	-455.9645	0	52601.7595	0
3271	1563	-455.9644	0	52601.7617	0
3272	1563	-455.9641	0	52601.7645	0
3273	1563	-455.9638	0	52601.7670	0
3274	1563	-455.9637	0	52601.7664	0
3275	1563	-455.9638	0	52601.7671	0
3276	1563	-455.9639	0	52601.7683	0
