652	157	-465.7462	0	52446.7984	0
653	157	-465.7467	0	52446.7871	0
654	157	-465.7474	0	52446.7837	0
666	157	-465.7479	0	52446.7964	0
667	157	-465.7478	0	52446.7968	0
668	157	-465.7477	0	52446.7971	0
669	157	-465.7475	0	52446.8051	0
670	157	-465.7478	0	52446.8082	0
671	157	-465.7480	0	52446.8014	0
672	157	-465.7480	0	52446.7985	0
673	157	-465.7480	0	52446.7974	0
674	157	-465.7480	0	52446.7970	0
675	157	-465.7481	0	52446.7887	0
676	157	-465.7485	0	52446.7777	0
677	157	-465.7483	0	52446.7815	0
678	157	-465.7486	0	52446.7748	0
679	157	-465.7490	0	52446.7727	0
680	157	-465.7492	0	52446.7718	0
681	157	-465.7492	0	52446.7716	0
682	157	-465.7497	0	52446.7550	0
683	157	-465.7499	0	52446.7487	0
684	157	-465.7499	0	52446.7467	0
685	157	-465.7498	0	52446.7543	0
690	157	-465.7498	0	52446.7474	0
691	157	-465.7489	0	52446.7555	0
692	157	-465.7491	0	52446.7582	0
693	157	-465.7491	0	52446.7594	0
718	157	-465.7464	0	52446.8199	0
719	157	-465.7466	0	52446.8293	0
720	157	-465.7462	0	52446.8322	0
721	157	-465.7455	0	52446.8330	0
722	157	-465.7460	0	52446.8254	0
723	157	-465.7461	0	52446.8304	0
724	157	-465.7461	0	52446.8323	0
725	157	-465.7461	0	52446.8328	0
726	157	-465.7453	0	52446.8405	0
727	157	-465.7454	0	52446.8433	0
728	157	-465.7456	0	52446.8366	0
729	157	-465.7457	0	52446.8340	0
730	157	-465.7456	0	52446.8407	0
731	157	-465.7455	0	52446.8432	0
732	157	-465.7454	0	52446.8518	0
734	157	-465.7454	0	52446.8467	0
735	157	-465.7454	0	52446.8453	0
736	157	-465.7449	0	52446.8522	0
737	157	-465.7448	0	52446.8548	0
738	157	-465.7447	0	52446.8558	0
739	157	-465.7451	0	52446.8561	0
740	157	-465.7452	0	52446.8563	0
741	157	-465.7453	0	52446.8561	0
742	157	-465.7452	0	52446.8560	0
743	157	-465.7448	0	52446.8556	0
744	157	-465.7450	0	52446.8557	0
745	157	-465.7452	0	52446.8481	0
746	157	-465.7450	0	52446.8373	0
747	157	-465.7453	0	52446.8331	0
748	157	-465.7453	0	52446.8396	0
749	157	-465.7453	0	52446.8420	0
750	157	-465.7453	0	52446.8430	0
751	157	-465.7448	0	52446.8509	0
752	157	-465.7446	0	52446.8614	0
753	157	-465.7445	0	52446.8653	0
754	157	-465.7446	0	52446.8593	0
760	157	-465.7454	0	52446.8348	0
761	157	-465.7454	0	52446.8407	0
782	157	-465.7436	0	52446.8428	0
