2901	1574	-455.8888	0	52601.7522	0
2902	1574	-455.8889	0	52601.7513	0
2903	1574	-455.8894	0	52601.7561	0
2905	1574	-455.8896	0	52601.7606	0
2906	1574	-455.8894	0	52601.7608	0
2907	1574	-455.8894	0	52601.7603	0
2908	1574	-455.8893	0	52601.7622	0
2909	1574	-455.8893	0	52601.7639	0
2910	1574	-455.8891	0	52601.7644	0
2911	1574	-455.8891	0	52601.7645	0
2912	1574	-455.8892	0	52601.7656	0
2913	1574	-455.8891	0	52601.7684	0
2914	1574	-455.8892	0	52601.7720	0
2915	1574	-455.8894	0	52601.7728	0
2916	1574	-455.8894	0	52601.7730	0
2917	1574	-455.8893	0	52601.7726	0
2918	1574	-455.8894	0	52601.7738	0
2924	1574	-455.8890	0	52601.7840	0
2925	1574	-455.8890	0	52601.7851	0
2927	1574	-455.8889	0	52601.7834	0
2928	1574	-455.8888	0	52601.7848	0
2935	1574	-455.8886	0	52601.8000	0
2936	1574	-455.8887	0	52601.8004	0
2937	1574	-455.8887	0	52601.8000	0
2938	1574	-455.8889	0	52601.8021	0
2939	1574	-455.8888	0	52601.8051	0
2940	1574	-455.8886	0	52601.8079	0
2941	1574	-455.8884	0	52601.8080	0
2942	1574	-455.8882	0	52601.8089	0
2944	1574	-455.8885	0	52601.8144	0
2945	1574	-455.8888	0	52601.8163	0
2946	1574	-455.8890	0	52601.8170	0
2947	1574	-455.8890	0	52601.8168	0
2948	1574	-455.8891	0	52601.8183	0
2949	1574	-455.8892	0	52601.8209	0
2950	1574	-455.8890	0	52601.8239	0
2951	1574	-455.8888	0	52601.8245	0
2952	1574	-455.8886	0	52601.8239	0
2953	1574	-455.8886	0	52601.8265	0
2955	1574	-455.8892	0	52601.8338	0
2956	1574	-455.8890	0	52601.8345	0
2960	1574	-455.8886	0	52601.8411	0
2961	1574	-455.8883	0	52601.8415	0
2962	1574	-455.8881	0	52601.8416	0
2963	1574	-455.8883	0	52601.8440	0
2965	1574	-455.8874	0	52601.8516	0
2966	1574	-455.8871	0	52601.8524	0
2967	1574	-455.8874	0	52601.8538	0
2969	1574	-455.8874	0	52601.8565	0
2972	1574	-455.8858	0	52601.8622	0
2973	1574	-455.8856	0	52601.8638	0
2975	1574	-455.8864	0	52601.8719	0
2990	1574	-455.8859	0	52601.8941	0
2991	1574	-455.8852	0	52601.8960	0
3002	1574	-455.8839	0	52601.9166	0
3003	1574	-455.8833	0	52601.9170	0
3004	1574	-455.8832	0	52601.9193	0
3005	1574	-455.8834	0	52601.9217	0
3006	1574	-455.8838	0	52601.9249	0
3007	1574	-455.8840	0	52601.9263	0
3008	1574	-455.8841	0	52601.9265	0
3009	1574	-455.8841	0	52601.9268	0
3010	1574	-455.8839	0	52601.9287	0
3011	1574	-455.8835	0	52601.9306	0
3012	1574	-455.8834	0	52601.9318	0
3014	1574	-455.8833	0	52601.9362	0
3015	1574	-455.8830	0	52601.9390	0
