2928	1582	-460.2000	0	52541.1074	2
2929	1582	-460.1183	0	52540.7765	2
2930	1582	-460.0697	0	52539.9630	2
2931	1582	-459.9724	0	52539.7030	2
2932	1582	-459.8250	0	52539.2765	2
2933	1582	-459.7519	0	52538.8189	2
2934	1582	-459.7186	0	52538.6740	2
2935	1582	-459.6641	0	52538.6217	2
2936	1582	-459.6144	0	52538.7686	2
2937	1582	-459.6222	0	52538.9945	2
2938	1582	-459.5054	0	52538.9007	2
2939	1582	-459.5458	0	52538.7419	2
2940	1582	-459.5632	0	52538.5361	2
2941	1582	-459.4605	0	52538.1223	2
2942	1582	-459.2924	0	52537.6232	2
2943	1582	-459.1787	0	52537.2747	2
2949	1582	-456.9625	0	52534.1652	2
2950	1582	-456.6604	0	52533.5578	2
2951	1582	-456.4331	0	52533.4992	2
2952	1582	-456.2387	0	52533.1052	2
2953	1582	-456.0600	0	52532.7653	2
2954	1582	-455.8340	0	52532.7705	2
2955	1582	-455.8153	0	52532.4599	2
2956	1582	-455.4724	0	52532.2436	2
2957	1582	-455.2507	0	52531.7975	2
2958	1582	-455.1259	0	52531.2698	2
2959	1582	-454.8565	0	52530.8354	2
2960	1582	-454.6452	0	52530.2811	2
2961	1582	-454.4481	0	52529.8654	2
2962	1582	-454.1568	0	52529.6469	2
2963	1582	-453.8235	0	52529.5053	2
2964	1582	-453.4765	0	52529.0208	2
2965	1582	-453.3087	0	52528.6497	2
2966	1582	-453.0759	0	52528.0889	2
2967	1582	-452.9283	0	52527.4912	2
2968	1582	-452.6486	0	52527.1968	2
2969	1582	-452.0895	0	52526.5599	2
2970	1582	-451.7328	0	52526.0827	2
2971	1582	-451.5969	0	52525.9193	2
2972	1582	-451.3178	0	52525.7876	2
2973	1582	-451.2976	0	52525.3871	2
2974	1582	-451.1466	0	52524.9980	2
2975	1582	-450.9304	0	52524.6087	2
2976	1582	-450.8244	0	52524.0611	2
2977	1582	-450.7333	0	52524.0536	2
2978	1582	-450.5654	0	52523.6099	2
2979	1582	-450.4849	0	52523.2392	2
2980	1582	-450.3950	0	52522.2584	2
2981	1582	-450.0455	0	52521.5741	2
