2967	1593	-465.7441	0	52447.6669	0
2968	1593	-465.7438	0	52447.6657	0
2969	1593	-465.7434	0	52447.6708	0
2970	1593	-465.7432	0	52447.6751	0
2973	1593	-465.7433	0	52447.6799	0
2974	1593	-465.7435	0	52447.6779	0
2975	1593	-465.7435	0	52447.6772	0
2976	1593	-465.7434	0	52447.6768	0
2982	1593	-465.7434	0	52447.6762	0
2983	1593	-465.7433	0	52447.6761	0
2984	1593	-465.7433	0	52447.6760	0
2985	1593	-465.7436	0	52447.6713	0
2986	1593	-465.7438	0	52447.6696	0
2987	1593	-465.7435	0	52447.6664	0
2988	1593	-465.7431	0	52447.6675	0
2989	1593	-465.7431	0	52447.6608	0
2998	1593	-465.7431	0	52447.6676	0
2999	1593	-465.7430	0	52447.6681	0
3000	1593	-465.7431	0	52447.6660	0
3001	1593	-465.7431	0	52447.6675	0
3002	1593	-465.7429	0	52447.6681	0
3003	1593	-465.7430	0	52447.6707	0
3004	1593	-465.7425	0	52447.6739	0
3005	1593	-465.7424	0	52447.6728	0
3006	1593	-465.7420	0	52447.6769	0
3035	1593	-465.7421	0	52447.6576	0
3036	1593	-465.7421	0	52447.6597	0
3037	1593	-465.7421	0	52447.6580	0
3038	1593	-465.7422	0	52447.6598	0
3039	1593	-465.7421	0	52447.6580	0
3040	1593	-465.7423	0	52447.6549	0
3041	1593	-465.7424	0	52447.6539	0
3042	1593	-465.7423	0	52447.6559	0
3044	1593	-465.7426	0	52447.6512	0
3055	1593	-465.7428	0	52447.6501	0
3056	1593	-465.7426	0	52447.6525	0
3057	1593	-465.7427	0	52447.6510	0
3058	1593	-465.7426	0	52447.6480	0
3059	1593	-465.7427	0	52447.6468	0
3060	1593	-465.7428	0	52447.6440	0
3061	1593	-465.7430	0	52447.6455	0
3062	1593	-465.7431	0	52447.6461	0
3063	1593	-465.7432	0	52447.6438	0
3064	1593	-465.7433	0	52447.6431	0
3065	1593	-465.7435	0	52447.6454	0
3066	1593	-465.7436	0	52447.6487	0
3067	1593	-465.7434	0	52447.6523	0
3069	1593	-465.7435	0	52447.6627	0
3070	1593	-465.7438	0	52447.6676	0
3071	1593	-465.7443	0	52447.6672	0
3072	1593	-465.7443	0	52447.6692	0
3073	1593	-465.7443	0	52447.6604	0
3074	1593	-465.7445	0	52447.6594	0
3075	1593	-465.7442	0	52447.6540	0
