2978	1598	-460.1556	0	52539.4090	2
2979	1598	-459.8149	0	52539.2767	2
2980	1598	-459.7250	0	52539.2351	2
2981	1598	-459.6220	0	52539.0323	2
2982	1598	-459.3931	0	52538.9110	2
2983	1598	-458.8437	0	52538.0968	2
2984	1598	-458.3622	0	52537.2251	2
2986	1598	-457.1680	0	52535.0087	2
2987	1598	-456.5929	0	52534.1068	2
2988	1598	-456.1878	0	52534.1003	2
2989	1598	-455.7935	0	52533.8564	2
2990	1598	-455.5098	0	52533.9056	2
2991	1598	-455.1600	0	52533.3507	2
2992	1598	-454.9052	0	52532.2529	2
2993	1598	-454.5572	0	52531.5916	2
2994	1598	-454.1456	0	52530.1899	2
2995	1598	-453.6376	0	52529.5548	2
2996	1598	-453.2492	0	52529.6442	2
2997	1598	-452.7528	0	52528.6521	2
2998	1598	-452.0386	0	52527.7345	2
2999	1598	-451.8705	0	52527.6312	2
3000	1598	-451.3979	0	52526.8995	2
3001	1598	-451.2977	0	52526.4730	2
3002	1598	-451.0792	0	52526.0731	2
3003	1598	-450.9185	0	52525.3247	2
3004	1598	-450.5060	0	52524.7331	2
3005	1598	-450.3686	0	52523.9295	2
3006	1598	-450.3186	0	52522.8182	2
3007	1598	-450.3749	0	52522.8812	2
3008	1598	-450.4838	0	52523.3589	2
3009	1598	-450.4135	0	52523.3094	2
