2991	1601	-465.7695	0	52447.7616	0
2992	1601	-465.7685	0	52447.7642	0
2993	1601	-465.7680	0	52447.7648	0
2994	1601	-465.7675	0	52447.7626	0
2995	1601	-465.7671	0	52447.7617	0
2996	1601	-465.7668	0	52447.7570	0
2997	1601	-465.7666	0	52447.7552	0
2998	1601	-465.7663	0	52447.7524	0
2999	1601	-465.7665	0	52447.7432	0
3000	1601	-465.7664	0	52447.7396	0
3001	1601	-465.7663	0	52447.7341	0
3002	1601	-465.7661	0	52447.7320	0
3003	1601	-465.7658	0	52447.7292	0
3004	1601	-465.7652	0	52447.7258	0
3005	1601	-465.7650	0	52447.7248	0
3006	1601	-465.7646	0	52447.7265	0
3007	1601	-465.7646	0	52447.7229	0
3008	1601	-465.7650	0	52447.7174	0
3009	1601	-465.7647	0	52447.7108	0
3010	1601	-465.7650	0	52447.7017	0
3011	1601	-465.7648	0	52447.7031	0
3012	1601	-465.7650	0	52447.6992	0
3013	1601	-465.7651	0	52447.7002	0
3014	1601	-465.7654	0	52447.6916	0
3015	1601	-465.7658	0	52447.6814	0
3016	1601	-465.7662	0	52447.6755	0
3017	1601	-465.7660	0	52447.6734	0
3018	1601	-465.7658	0	52447.6728	0
3019	1601	-465.7655	0	52447.6750	0
3020	1601	-465.7651	0	52447.6757	0
3021	1601	-465.7653	0	52447.6717	0
3022	1601	-465.7649	0	52447.6700	0
3023	1601	-465.7648	0	52447.6671	0
3024	1601	-465.7643	0	52447.6659	0
3025	1601	-465.7641	0	52447.6631	0
3026	1601	-465.7638	0	52447.6573	0
3027	1601	-465.7635	0	52447.6526	0
3028	1601	-465.7628	0	52447.6506	0
3029	1601	-465.7628	0	52447.6477	0
3030	1601	-465.7628	0	52447.6442	0
3031	1601	-465.7626	0	52447.6429	0
3032	1601	-465.7620	0	52447.6449	0
3033	1601	-465.7618	0	52447.6407	0
3034	1601	-465.7621	0	52447.6342	0
3035	1601	-465.7617	0	52447.6317	0
3036	1601	-465.7620	0	52447.6260	0
3037	1601	-465.7618	0	52447.6238	0
3038	1601	-465.7621	0	52447.6155	0
3039	1601	-465.7629	0	52447.6019	0
3040	1601	-465.7628	0	52447.5997	0
3041	1601	-465.7630	0	52447.5964	0
3042	1601	-465.7634	0	52447.5900	0
3043	1601	-465.7635	0	52447.5850	0
3044	1601	-465.7633	0	52447.5832	0
3045	1601	-465.7637	0	52447.5774	0
3046	1601	-465.7637	0	52447.5782	0
3047	1601	-465.7641	0	52447.5732	0
3048	1601	-465.7641	0	52447.5686	0
3049	1601	-465.7641	0	52447.5670	0
3050	1601	-465.7644	0	52447.5639	0
3051	1601	-465.7648	0	52447.5544	0
3052	1601	-465.7650	0	52447.5481	0
3053	1601	-465.7648	0	52447.5487	0
3054	1601	-465.7647	0	52447.5462	0
3055	1601	-465.7646	0	52447.5482	0
3056	1601	-465.7644	0	52447.5462	0
3057	1601	-465.7646	0	52447.5427	0
3058	1601	-465.7647	0	52447.5356	0
3059	1601	-465.7649	0	52447.5332	0
3060	1601	-465.7650	0	52447.5294	0
3061	1601	-465.7653	0	52447.5253	0
3062	1601	-465.7657	0	52447.5179	0
3063	1601	-465.7658	0	52447.5152	0
3064	1601	-465.7659	0	52447.5175	0
3065	1601	-465.7659	0	52447.5155	0
3066	1601	-465.7662	0	52447.5088	0
3067	1601	-465.7667	0	52447.4972	0
3068	1601	-465.7671	0	52447.4866	0
3069	1601	-465.7672	0	52447.4828	0
3070	1601	-465.7673	0	52447.4784	0
3071	1601	-465.7676	0	52447.4705	0
3072	1601	-465.7682	0	52447.4647	0
3073	1601	-465.7682	0	52447.4657	0
3074	1601	-465.7686	0	52447.4569	0
3075	1601	-465.7687	0	52447.4567	0
3076	1601	-465.7689	0	52447.4505	0
3077	1601	-465.7693	0	52447.4483	0
3078	1601	-465.7694	0	52447.4444	0
3079	1601	-465.7691	0	52447.4462	0
3080	1601	-465.7693	0	52447.4405	0
3081	1601	-465.7697	0	52447.4352	0
3082	1601	-465.7700	0	52447.4300	0
3083	1601	-465.7705	0	52447.4249	0
3084	1601	-465.7703	0	52447.4264	0
3085	1601	-465.7705	0	52447.4274	0
3086	1601	-465.7705	0	52447.4279	0
3087	1601	-465.7706	0	52447.4282	0
3088	1601	-465.7711	0	52447.4288	0
3089	1601	-465.7712	0	52447.4290	0
3090	1601	-465.7714	0	52447.4257	0
3091	1601	-465.7715	0	52447.4246	0
3092	1601	-465.7715	0	52447.4243	0
3093	1601	-465.7717	0	52447.4208	0
3094	1601	-465.7721	0	52447.4162	0
3095	1601	-465.7728	0	52447.4077	0
3096	1601	-465.7731	0	52447.4046	0
3097	1601	-465.7733	0	52447.4000	0
3098	1601	-465.7733	0	52447.3984	0
3099	1601	-465.7735	0	52447.3943	0
3100	1601	-465.7735	0	52447.3929	0
3101	1601	-465.7734	0	52447.3962	0
3102	1601	-465.7735	0	52447.3938	0
3103	1601	-465.7736	0	52447.3894	0
3104	1601	-465.7739	0	52447.3842	0
3105	1601	-465.7738	0	52447.3861	0
3106	1601	-465.7739	0	52447.3832	0
3107	1601	-465.7737	0	52447.3859	0
