3060	1620	-465.7615	0	52447.9283	0
3061	1620	-465.7613	0	52447.9279	0
3062	1620	-465.7612	0	52447.9278	0
3063	1620	-465.7621	0	52447.9247	0
3064	1620	-465.7622	0	52447.9237	0
3065	1620	-465.7620	0	52447.9248	0
3066	1620	-465.7614	0	52447.9282	0
3067	1620	-465.7612	0	52447.9279	0
3068	1620	-465.7614	0	52447.9250	0
3069	1620	-465.7615	0	52447.9239	0
3070	1620	-465.7616	0	52447.9235	0
3071	1620	-465.7616	0	52447.9233	0
3072	1620	-465.7619	0	52447.9234	0
3073	1620	-465.7618	0	52447.9263	0
3074	1620	-465.7618	0	52447.9289	0
3075	1620	-465.7617	0	52447.9312	0
3076	1620	-465.7619	0	52447.9307	0
3077	1620	-465.7618	0	52447.9334	0
3078	1620	-465.7612	0	52447.9400	0
3079	1620	-465.7608	0	52447.9437	0
3080	1620	-465.7610	0	52447.9437	0
3081	1620	-465.7609	0	52447.9450	0
3082	1620	-465.7613	0	52447.9441	0
3083	1620	-465.7613	0	52447.9451	0
3084	1620	-465.7617	0	52447.9427	0
3085	1620	-465.7620	0	52447.9403	0
3086	1620	-465.7625	0	52447.9367	0
3087	1620	-465.7631	0	52447.9327	0
3088	1620	-465.7633	0	52447.9311	0
3089	1620	-465.7632	0	52447.9319	0
3090	1620	-465.7631	0	52447.9322	0
3091	1620	-465.7632	0	52447.9310	0
3092	1620	-465.7632	0	52447.9305	0
3093	1620	-465.7635	0	52447.9289	0
3094	1620	-465.7637	0	52447.9284	0
3095	1620	-465.7637	0	52447.9283	0
3096	1620	-465.7636	0	52447.9282	0
3097	1620	-465.7636	0	52447.9282	0
3098	1620	-465.7636	0	52447.9296	0
3099	1620	-465.7639	0	52447.9274	0
3100	1620	-465.7638	0	52447.9294	0
3101	1620	-465.7640	0	52447.9288	0
3102	1620	-465.7641	0	52447.9286	0
3103	1620	-465.7643	0	52447.9271	0
3104	1620	-465.7642	0	52447.9280	0
3105	1620	-465.7638	0	52447.9297	0
3106	1620	-465.7640	0	52447.9289	0
3107	1620	-465.7641	0	52447.9287	0
3108	1620	-465.7639	0	52447.9285	0
3109	1620	-465.7641	0	52447.9285	0
3110	1620	-465.7641	0	52447.9271	0
3111	1620	-465.7643	0	52447.9266	0
3112	1620	-465.7643	0	52447.9278	0
3113	1620	-465.7641	0	52447.9297	0
3114	1620	-465.7642	0	52447.9290	0
3115	1620	-465.7649	0	52447.9246	0
3116	1620	-465.7649	0	52447.9243	0
3117	1620	-465.7644	0	52447.9284	0
3118	1620	-465.7643	0	52447.9285	0
3119	1620	-465.7642	0	52447.9286	0
3120	1620	-465.7640	0	52447.9300	0
3121	1620	-465.7643	0	52447.9277	0
3122	1620	-465.7648	0	52447.9227	0
3123	1620	-465.7656	0	52447.9180	0
3124	1620	-465.7648	0	52447.9231	0
3125	1620	-465.7647	0	52447.9253	0
3126	1620	-465.7656	0	52447.9189	0
3127	1620	-465.7658	0	52447.9180	0
3128	1620	-465.7656	0	52447.9206	0
3129	1620	-465.7650	0	52447.9273	0
3130	1620	-465.7650	0	52447.9269	0
3131	1620	-465.7647	0	52447.9282	0
3132	1620	-465.7648	0	52447.9287	0
3133	1620	-465.7646	0	52447.9303	0
3134	1620	-465.7642	0	52447.9322	0
3135	1620	-465.7642	0	52447.9315	0
3136	1620	-465.7636	0	52447.9354	0
3137	1620	-465.7631	0	52447.9382	0
3138	1620	-465.7631	0	52447.9392	0
3140	1620	-465.7637	0	52447.9379	0
3141	1620	-465.7643	0	52447.9347	0
3142	1620	-465.7643	0	52447.9348	0
3143	1620	-465.7648	0	52447.9309	0
3144	1620	-465.7645	0	52447.9320	0
3145	1620	-465.7645	0	52447.9339	0
3146	1620	-465.7644	0	52447.9346	0
3147	1620	-465.7648	0	52447.9336	0
3148	1620	-465.7643	0	52447.9387	0
3149	1620	-465.7637	0	52447.9433	0
3150	1620	-465.7634	0	52447.9450	0
3151	1620	-465.7634	0	52447.9457	0
3152	1620	-465.7640	0	52447.9418	0
3153	1620	-465.7640	0	52447.9417	0
3154	1620	-465.7634	0	52447.9456	0
3155	1620	-465.7632	0	52447.9471	0
3156	1620	-465.7629	0	52447.9504	0
3157	1620	-465.7630	0	52447.9516	0
3158	1620	-465.7627	0	52447.9533	0
3159	1620	-465.7621	0	52447.9565	0
3160	1620	-465.7615	0	52447.9617	0
3161	1620	-465.7614	0	52447.9636	0
3162	1620	-465.7618	0	52447.9616	0
3163	1620	-465.7618	0	52447.9621	0
3164	1620	-465.7621	0	52447.9610	0
3165	1620	-465.7625	0	52447.9580	0
3166	1620	-465.7623	0	52447.9593	0
3167	1620	-465.7625	0	52447.9585	0
3168	1620	-465.7624	0	52447.9595	0
3169	1620	-465.7623	0	52447.9598	0
3170	1620	-465.7623	0	52447.9600	0
3171	1620	-465.7621	0	52447.9613	0
3172	1620	-465.7623	0	52447.9605	0
3173	1620	-465.7625	0	52447.9589	0
3174	1620	-465.7625	0	52447.9596	0
3175	1620	-465.7626	0	52447.9598	0
3176	1620	-465.7627	0	52447.9599	0
3177	1620	-465.7627	0	52447.9600	0
3178	1620	-465.7627	0	52447.9613	0
3179	1620	-465.7630	0	52447.9606	0
3180	1620	-465.7629	0	52447.9615	0
3181	1620	-465.7627	0	52447.9619	0
3182	1620	-465.7624	0	52447.9633	0
3183	1620	-465.7626	0	52447.9625	0
3184	1620	-465.7627	0	52447.9622	0
3185	1620	-465.7629	0	52447.9608	0
3186	1620	-465.7626	0	52447.9615	0
3187	1620	-465.7626	0	52447.9618	0
3188	1620	-465.7625	0	52447.9619	0
3189	1620	-465.7624	0	52447.9632	0
3190	1620	-465.7623	0	52447.9637	0
3191	1620	-465.7624	0	52447.9626	0
3192	1620	-465.7625	0	52447.9621	0
3193	1620	-465.7625	0	52447.9606	0
3194	1620	-465.7625	0	52447.9587	0
3195	1620	-465.7629	0	52447.9568	0
3196	1620	-465.7629	0	52447.9560	0
3197	1620	-465.7629	0	52447.9557	0
3198	1620	-465.7626	0	52447.9569	0
3199	1620	-465.7621	0	52447.9600	0
3200	1620	-465.7622	0	52447.9599	0
3201	1620	-465.7623	0	52447.9585	0
3202	1620	-465.7623	0	52447.9579	0
3203	1620	-465.7625	0	52447.9564	0
3204	1620	-465.7624	0	52447.9559	0
3205	1620	-465.7624	0	52447.9556	0
3206	1620	-465.7624	0	52447.9555	0
3207	1620	-465.7626	0	52447.9529	0
3208	1620	-465.7627	0	52447.9519	0
3209	1620	-465.7630	0	52447.9502	0
3210	1620	-465.7629	0	52447.9509	0
3211	1620	-465.7630	0	52447.9513	0
3212	1620	-465.7630	0	52447.9500	0
3213	1620	-465.7631	0	52447.9496	0
3214	1620	-465.7631	0	52447.9481	0
3215	1620	-465.7627	0	52447.9515	0
3216	1620	-465.7624	0	52447.9543	0
3217	1620	-465.7625	0	52447.9553	0
3218	1620	-465.7628	0	52447.9530	0
3219	1620	-465.7632	0	52447.9508	0
3220	1620	-465.7638	0	52447.9487	0
3221	1620	-465.7644	0	52447.9439	0
3222	1620	-465.7649	0	52447.9408	0
3223	1620	-465.7653	0	52447.9369	0
3224	1620	-465.7653	0	52447.9368	0
3225	1620	-465.7638	0	52447.9475	0
3226	1620	-465.7638	0	52447.9490	0
3227	1620	-465.7632	0	52447.9536	0
3228	1620	-465.7637	0	52447.9513	0
3229	1620	-465.7646	0	52447.9465	0
3230	1620	-465.7645	0	52447.9459	0
3231	1620	-465.7645	0	52447.9430	0
3232	1620	-465.7640	0	52447.9459	0
3233	1620	-465.7630	0	52447.9496	0
3234	1620	-465.7631	0	52447.9497	0
3235	1620	-465.7628	0	52447.9510	0
3236	1620	-465.7625	0	52447.9542	0
3237	1620	-465.7624	0	52447.9554	0
3238	1620	-465.7625	0	52447.9572	0
3239	1620	-465.7621	0	52447.9591	0
3240	1620	-465.7616	0	52447.9625	0
3241	1620	-465.7614	0	52447.9650	0
3242	1620	-465.7612	0	52447.9671	0
3243	1620	-465.7611	0	52447.9666	0
3244	1620	-465.7608	0	52447.9675	0
3245	1620	-465.7612	0	52447.9653	0
3246	1620	-465.7613	0	52447.9644	0
3247	1620	-465.7617	0	52447.9615	0
3248	1620	-465.7619	0	52447.9604	0
3249	1620	-465.7631	0	52447.9535	0
3250	1620	-465.7624	0	52447.9572	0
3251	1620	-465.7628	0	52447.9562	0
3252	1620	-465.7624	0	52447.9584	0
3253	1620	-465.7623	0	52447.9593	0
3254	1620	-465.7625	0	52447.9583	0
3255	1620	-465.7623	0	52447.9592	0
3256	1620	-465.7624	0	52447.9596	0
3257	1620	-465.7625	0	52447.9584	0
3258	1620	-465.7624	0	52447.9593	0
3259	1620	-465.7624	0	52447.9583	0
3260	1620	-465.7626	0	52447.9580	0
3261	1620	-465.7626	0	52447.9578	0
3262	1620	-465.7624	0	52447.9591	0
3263	1620	-465.7623	0	52447.9596	0
3264	1620	-465.7625	0	52447.9584	0
3265	1620	-465.7627	0	52447.9567	0
3266	1620	-465.7626	0	52447.9573	0
3267	1620	-465.7626	0	52447.9576	0
3268	1620	-465.7627	0	52447.9564	0
3269	1620	-465.7628	0	52447.9559	0
3270	1620	-465.7628	0	52447.9558	0
3271	1620	-465.7626	0	52447.9570	0
3272	1620	-465.7627	0	52447.9575	0
3273	1620	-465.7626	0	52447.9577	0
3274	1620	-465.7625	0	52447.9577	0
3275	1620	-465.7627	0	52447.9565	0
3276	1620	-465.7627	0	52447.9573	0
