3128	1627	-465.7662	0	52447.8576	0
3129	1627	-465.7653	0	52447.8619	0
3130	1627	-465.7645	0	52447.8614	0
3131	1627	-465.7637	0	52447.8646	0
3132	1627	-465.7631	0	52447.8655	0
3133	1627	-465.7623	0	52447.8672	0
3134	1627	-465.7620	0	52447.8661	0
3135	1627	-465.7610	0	52447.8687	0
3136	1627	-465.7607	0	52447.8663	0
3137	1627	-465.7607	0	52447.8637	0
3138	1627	-465.7598	0	52447.8674	0
3139	1627	-465.7596	0	52447.8688	0
3140	1627	-465.7581	0	52447.8736	0
3144	1627	-465.7522	0	52447.9129	0
3145	1627	-465.7511	0	52447.9201	0
3146	1627	-465.7503	0	52447.9267	0
3147	1627	-465.7498	0	52447.9303	0
3148	1627	-465.7497	0	52447.9299	0
3149	1627	-465.7497	0	52447.9310	0
3150	1627	-465.7494	0	52447.9355	0
3151	1627	-465.7491	0	52447.9426	0
3152	1627	-465.7495	0	52447.9411	0
3153	1627	-465.7503	0	52447.9390	0
3154	1627	-465.7508	0	52447.9298	0
3155	1627	-465.7500	0	52447.9397	0
3156	1627	-465.7493	0	52447.9476	0
3157	1627	-465.7491	0	52447.9504	0
3158	1627	-465.7489	0	52447.9541	0
3159	1627	-465.7487	0	52447.9566	0
3160	1627	-465.7489	0	52447.9561	0
3161	1627	-465.7486	0	52447.9598	0
3162	1627	-465.7486	0	52447.9651	0
3163	1627	-465.7485	0	52447.9657	0
3164	1627	-465.7484	0	52447.9671	0
3165	1627	-465.7487	0	52447.9662	0
3166	1627	-465.7490	0	52447.9659	0
3167	1627	-465.7489	0	52447.9656	0
3168	1627	-465.7487	0	52447.9654	0
3169	1627	-465.7488	0	52447.9653	0
3170	1627	-465.7488	0	52447.9665	0
3171	1627	-465.7488	0	52447.9669	0
3172	1627	-465.7489	0	52447.9657	0
3173	1627	-465.7491	0	52447.9653	0
3174	1627	-465.7491	0	52447.9677	0
3175	1627	-465.7492	0	52447.9673	0
3176	1627	-465.7492	0	52447.9684	0
3177	1627	-465.7487	0	52447.9712	0
3178	1627	-465.7486	0	52447.9724	0
3179	1627	-465.7487	0	52447.9727	0
3180	1627	-465.7486	0	52447.9741	0
3181	1627	-465.7483	0	52447.9759	0
3182	1627	-465.7483	0	52447.9752	0
3183	1627	-465.7481	0	52447.9761	0
3184	1627	-465.7482	0	52447.9765	0
3185	1627	-465.7482	0	52447.9779	0
3186	1627	-465.7478	0	52447.9808	0
3187	1627	-465.7477	0	52447.9819	0
3188	1627	-465.7476	0	52447.9823	0
3189	1627	-465.7478	0	52447.9812	0
3190	1627	-465.7477	0	52447.9819	0
3191	1627	-465.7476	0	52447.9822	0
3192	1627	-465.7473	0	52447.9847	0
3193	1627	-465.7472	0	52447.9844	0
3194	1627	-465.7470	0	52447.9842	0
3195	1627	-465.7467	0	52447.9840	0
3196	1627	-465.7468	0	52447.9827	0
3197	1627	-465.7466	0	52447.9834	0
3198	1627	-465.7463	0	52447.9861	0
3199	1627	-465.7460	0	52447.9884	0
3200	1627	-465.7461	0	52447.9892	0
3201	1627	-465.7460	0	52447.9895	0
3202	1627	-465.7462	0	52447.9883	0
3203	1627	-465.7460	0	52447.9904	0
3204	1627	-465.7458	0	52447.9911	0
3205	1627	-465.7458	0	52447.9913	0
3206	1627	-465.7459	0	52447.9889	0
3207	1627	-465.7460	0	52447.9879	0
3208	1627	-465.7459	0	52447.9875	0
3209	1627	-465.7460	0	52447.9874	0
3210	1627	-465.7459	0	52447.9886	0
3211	1627	-465.7459	0	52447.9878	0
3212	1627	-465.7458	0	52447.9887	0
3213	1627	-465.7458	0	52447.9891	0
3214	1627	-465.7456	0	52447.9904	0
3215	1627	-465.7457	0	52447.9884	0
3216	1627	-465.7454	0	52447.9888	0
3217	1627	-465.7452	0	52447.9902	0
3218	1627	-465.7453	0	52447.9896	0
3219	1627	-465.7454	0	52447.9880	0
3220	1627	-465.7451	0	52447.9911	0
3221	1627	-465.7452	0	52447.9911	0
3222	1627	-465.7452	0	52447.9923	0
3223	1627	-465.7452	0	52447.9928	0
3224	1627	-465.7453	0	52447.9929	0
3225	1627	-465.7451	0	52447.9942	0
3226	1627	-465.7449	0	52447.9971	0
3227	1627	-465.7448	0	52447.9981	0
3228	1627	-465.7446	0	52447.9985	0
3229	1627	-465.7445	0	52447.9986	0
3230	1627	-465.7447	0	52447.9986	0
3231	1627	-465.7443	0	52448.0010	0
3232	1627	-465.7439	0	52448.0054	0
3233	1627	-465.7436	0	52448.0082	0
3234	1627	-465.7440	0	52448.0069	0
3235	1627	-465.7445	0	52448.0053	0
3236	1627	-465.7446	0	52448.0046	0
3237	1627	-465.7446	0	52448.0067	0
3238	1627	-465.7444	0	52448.0098	0
3239	1627	-465.7442	0	52448.0109	0
3240	1627	-465.7441	0	52448.0113	0
3241	1627	-465.7441	0	52448.0114	0
3242	1627	-465.7441	0	52448.0126	0
3243	1627	-465.7440	0	52448.0154	0
3244	1627	-465.7439	0	52448.0176	0
3245	1627	-465.7439	0	52448.0195	0
3246	1627	-465.7437	0	52448.0213	0
3247	1627	-465.7436	0	52448.0231	0
3248	1627	-465.7434	0	52448.0248	0
3249	1627	-465.7433	0	52448.0254	0
3250	1627	-465.7428	0	52448.0278	0
3251	1627	-465.7426	0	52448.0275	0
3252	1627	-465.7423	0	52448.0273	0
3253	1627	-465.7423	0	52448.0261	0
3254	1627	-465.7421	0	52448.0278	0
3255	1627	-465.7417	0	52448.0295	0
3256	1627	-465.7416	0	52448.0290	0
3257	1627	-465.7417	0	52448.0299	0
3258	1627	-465.7417	0	52448.0302	0
3259	1627	-465.7417	0	52448.0314	0
3260	1627	-465.7413	0	52448.0329	0
3261	1627	-465.7412	0	52448.0334	0
3262	1627	-465.7410	0	52448.0336	0
3263	1627	-465.7410	0	52448.0336	0
3264	1627	-465.7409	0	52448.0324	0
3265	1627	-465.7409	0	52448.0320	0
3266	1627	-465.7408	0	52448.0340	0
3267	1627	-465.7407	0	52448.0359	0
3268	1627	-465.7408	0	52448.0377	0
3269	1627	-465.7408	0	52448.0395	0
3270	1627	-465.7410	0	52448.0401	0
3271	1627	-465.7411	0	52448.0404	0
3272	1627	-465.7408	0	52448.0437	0
3273	1627	-465.7408	0	52448.0460	0
3274	1627	-465.7409	0	52448.0468	0
3275	1627	-465.7409	0	52448.0482	0
3276	1627	-465.7410	0	52448.0487	0
