677	164	-451.1399	0	52482.7499	0
678	164	-451.1133	0	52482.2219	0
679	164	-451.1351	0	52481.0070	0
680	164	-451.1495	0	52481.1934	0
681	164	-451.1533	0	52481.2695	0
682	164	-451.1420	0	52480.3572	0
683	164	-451.1465	0	52480.5213	0
684	164	-451.1383	0	52480.1236	0
685	164	-451.1209	0	52480.9139	0
688	164	-451.1181	0	52480.6845	0
689	164	-451.1032	0	52480.6713	0
690	164	-451.1056	0	52480.6737	0
691	164	-451.1636	0	52480.2396	0
692	164	-451.1537	0	52480.0692	0
693	164	-451.1848	0	52480.0226	0
694	164	-451.2047	0	52480.9123	0
695	164	-451.1990	0	52482.0998	0
696	164	-451.2437	0	52481.7107	0
698	164	-451.2165	0	52483.0846	0
699	164	-451.2621	0	52482.9858	0
700	164	-451.2602	0	52483.7908	0
701	164	-451.2299	0	52483.6599	0
702	164	-451.2427	0	52482.7417	0
703	164	-451.2690	0	52481.5044	0
704	164	-451.2892	0	52481.0387	0
