3159	1640	-455.9921	0	52601.3373	0
3160	1640	-455.9916	0	52601.3338	0
3161	1640	-455.9905	0	52601.3285	0
3162	1640	-455.9882	0	52601.3282	0
3163	1640	-455.9864	0	52601.3279	0
3164	1640	-455.9855	0	52601.3278	0
3165	1640	-455.9848	0	52601.3294	0
3166	1640	-455.9843	0	52601.3283	0
3167	1640	-455.9842	0	52601.3312	0
3168	1640	-455.9824	0	52601.3335	0
3169	1640	-455.9811	0	52601.3291	0
3185	1640	-455.9654	0	52601.3172	0
3186	1640	-455.9650	0	52601.3169	0
3187	1640	-455.9649	0	52601.3168	0
3188	1640	-455.9649	0	52601.3185	0
3189	1640	-455.9652	0	52601.3193	0
3190	1640	-455.9654	0	52601.3196	0
3191	1640	-455.9650	0	52601.3195	0
3192	1640	-455.9650	0	52601.3179	0
3193	1640	-455.9645	0	52601.3188	0
3194	1640	-455.9645	0	52601.3175	0
3195	1640	-455.9640	0	52601.3186	0
3196	1640	-455.9635	0	52601.3189	0
3197	1640	-455.9632	0	52601.3156	0
3198	1640	-455.9633	0	52601.3094	0
3199	1640	-455.9630	0	52601.3069	0
3217	1640	-455.9565	0	52601.2721	0
3222	1640	-455.9586	0	52601.2869	0
3223	1640	-455.9588	0	52601.2866	0
3224	1640	-455.9589	0	52601.2865	0
3225	1640	-455.9589	0	52601.2865	0
3226	1640	-455.9588	0	52601.2882	0
3227	1640	-455.9588	0	52601.2889	0
3228	1640	-455.9589	0	52601.2891	0
3229	1640	-455.9590	0	52601.2893	0
3230	1640	-455.9592	0	52601.2893	0
3231	1640	-455.9593	0	52601.2894	0
3232	1640	-455.9596	0	52601.2894	0
3233	1640	-455.9596	0	52601.2894	0
3234	1640	-455.9599	0	52601.2913	0
3235	1640	-455.9599	0	52601.2919	0
3236	1640	-455.9601	0	52601.2922	0
3237	1640	-455.9602	0	52601.2958	0
3238	1640	-455.9605	0	52601.2955	0
3239	1640	-455.9605	0	52601.2971	0
3240	1640	-455.9606	0	52601.2977	0
3241	1640	-455.9608	0	52601.2979	0
3242	1640	-455.9608	0	52601.2980	0
3243	1640	-455.9609	0	52601.2980	0
3244	1640	-455.9607	0	52601.2996	0
3245	1640	-455.9605	0	52601.3002	0
3246	1640	-455.9606	0	52601.3004	0
3247	1640	-455.9607	0	52601.2971	0
3248	1640	-455.9603	0	52601.2973	0
3249	1640	-455.9606	0	52601.2976	0
3250	1640	-455.9607	0	52601.2977	0
3251	1640	-455.9607	0	52601.2994	0
3252	1640	-455.9605	0	52601.3001	0
3253	1640	-455.9603	0	52601.3002	0
3254	1640	-455.9602	0	52601.3002	0
3255	1640	-455.9604	0	52601.2986	0
3256	1640	-455.9606	0	52601.2980	0
3257	1640	-455.9607	0	52601.2978	0
3258	1640	-455.9605	0	52601.2976	0
3259	1640	-455.9605	0	52601.2976	0
3260	1640	-455.9609	0	52601.2977	0
3261	1640	-455.9614	0	52601.2978	0
3262	1640	-455.9622	0	52601.2998	0
3263	1640	-455.9625	0	52601.2989	0
3264	1640	-455.9628	0	52601.2985	0
3265	1640	-455.9626	0	52601.2983	0
3266	1640	-455.9624	0	52601.2982	0
3267	1640	-455.9622	0	52601.2981	0
3268	1640	-455.9620	0	52601.2998	0
3269	1640	-455.9619	0	52601.2987	0
3270	1640	-455.9617	0	52601.2999	0
3271	1640	-455.9614	0	52601.3003	0
3272	1640	-455.9614	0	52601.3005	0
3273	1640	-455.9609	0	52601.3022	0
3274	1640	-455.9608	0	52601.3027	0
3275	1640	-455.9605	0	52601.3029	0
3276	1640	-455.9603	0	52601.3029	0
