3172	1647	-452.4753	0	52532.9853	0
3173	1647	-452.3750	0	52532.9139	0
3174	1647	-452.3618	0	52532.6948	0
3175	1647	-452.2814	0	52532.6039	0
3176	1647	-452.2789	0	52532.5857	0
3177	1647	-452.1360	0	52532.5399	0
3178	1647	-452.2225	0	52532.9236	0
3179	1647	-452.2533	0	52532.8930	0
3180	1647	-452.2569	0	52532.5220	0
3182	1647	-451.7097	0	52533.4190	0
3183	1647	-451.6900	0	52532.7295	0
3184	1647	-451.7124	0	52532.3479	0
3185	1647	-451.7795	0	52532.0518	0
3186	1647	-451.7068	0	52531.7383	0
3187	1647	-451.5934	0	52531.7740	0
3188	1647	-451.5669	0	52531.6171	0
