3191	1652	-465.6780	0	52447.8992	0
3192	1652	-465.6773	0	52447.9064	0
3193	1652	-465.6764	0	52447.9159	0
3194	1652	-465.6755	0	52447.9202	0
3195	1652	-465.6752	0	52447.9195	0
3196	1652	-465.6747	0	52447.9207	0
3197	1652	-465.6746	0	52447.9208	0
3198	1652	-465.6741	0	52447.9222	0
3199	1652	-465.6737	0	52447.9210	0
3200	1652	-465.6734	0	52447.9219	0
3201	1652	-465.6731	0	52447.9191	0
3202	1652	-465.6726	0	52447.9164	0
3203	1652	-465.6724	0	52447.9139	0
3204	1652	-465.6720	0	52447.9128	0
3205	1652	-465.6720	0	52447.9125	0
3206	1652	-465.6717	0	52447.9152	0
3207	1652	-465.6717	0	52447.9163	0
3208	1652	-465.6718	0	52447.9152	0
3209	1652	-465.6720	0	52447.9148	0
3210	1652	-465.6718	0	52447.9131	0
3211	1652	-465.6712	0	52447.9093	0
3212	1652	-465.6707	0	52447.9063	0
3213	1652	-465.6706	0	52447.9067	0
3214	1652	-465.6705	0	52447.9024	0
3215	1652	-465.6695	0	52447.8975	0
3217	1652	-465.6686	0	52447.8971	0
3218	1652	-465.6681	0	52447.8988	0
3219	1652	-465.6675	0	52447.8977	0
3220	1652	-465.6673	0	52447.8973	0
