3200	1653	-465.6660	0	52447.9137	0
3205	1653	-465.6671	0	52447.9087	0
3215	1653	-465.6707	0	52447.8960	0
3216	1653	-465.6707	0	52447.8955	0
3217	1653	-465.6715	0	52447.8986	0
3218	1653	-465.6722	0	52447.8999	0
3219	1653	-465.6724	0	52447.9020	0
3220	1653	-465.6726	0	52447.9012	0
3221	1653	-465.6730	0	52447.8995	0
3222	1653	-465.6733	0	52447.9005	0
3223	1653	-465.6734	0	52447.9039	0
3224	1653	-465.6736	0	52447.9052	0
3225	1653	-465.6735	0	52447.9042	0
3226	1653	-465.6735	0	52447.9022	0
3227	1653	-465.6736	0	52447.9031	0
3228	1653	-465.6736	0	52447.9064	0
3229	1653	-465.6737	0	52447.9091	0
3230	1653	-465.6738	0	52447.9132	0
3231	1653	-465.6740	0	52447.9132	0
3232	1653	-465.6741	0	52447.9162	0
3233	1653	-465.6742	0	52447.9173	0
3234	1653	-465.6741	0	52447.9220	0
3235	1653	-465.6741	0	52447.9238	0
3236	1653	-465.6737	0	52447.9243	0
3237	1653	-465.6736	0	52447.9244	0
3238	1653	-465.6736	0	52447.9258	0
3239	1653	-465.6736	0	52447.9292	0
3240	1653	-465.6737	0	52447.9333	0
3241	1653	-465.6739	0	52447.9363	0
3242	1653	-465.6742	0	52447.9388	0
3243	1653	-465.6743	0	52447.9383	0
3244	1653	-465.6744	0	52447.9394	0
3245	1653	-465.6744	0	52447.9426	0
3246	1653	-465.6743	0	52447.9450	0
3247	1653	-465.6742	0	52447.9459	0
3248	1653	-465.6741	0	52447.9475	0
3249	1653	-465.6740	0	52447.9467	0
3250	1653	-465.6740	0	52447.9477	0
3251	1653	-465.6741	0	52447.9494	0
3252	1653	-465.6742	0	52447.9514	0
3253	1653	-465.6742	0	52447.9535	0
3254	1653	-465.6744	0	52447.9556	0
3255	1653	-465.6745	0	52447.9536	0
3256	1653	-465.6745	0	52447.9528	0
3257	1653	-465.6747	0	52447.9566	0
3258	1653	-465.6747	0	52447.9579	0
3259	1653	-465.6746	0	52447.9597	0
3260	1653	-465.6746	0	52447.9577	0
3261	1653	-465.6746	0	52447.9582	0
3262	1653	-465.6746	0	52447.9597	0
3263	1653	-465.6745	0	52447.9629	0
3264	1653	-465.6746	0	52447.9667	0
3265	1653	-465.6749	0	52447.9695	0
3266	1653	-465.6750	0	52447.9705	0
3267	1653	-465.6750	0	52447.9695	0
3268	1653	-465.6751	0	52447.9704	0
3269	1653	-465.6751	0	52447.9733	0
3270	1653	-465.6750	0	52447.9782	0
3271	1653	-465.6747	0	52447.9786	0
3272	1653	-465.6745	0	52447.9800	0
3273	1653	-465.6744	0	52447.9804	0
3274	1653	-465.6745	0	52447.9831	0
3275	1653	-465.6746	0	52447.9866	0
3276	1653	-465.6747	0	52447.9867	0
