1	1672	-465.6843	0	52447.9431	0
2	1672	-465.6843	0	52447.9449	0
3	1672	-465.6843	0	52447.9451	0
4	1672	-465.6843	0	52447.9452	0
5	1672	-465.6843	0	52447.9452	0
6	1672	-465.6844	0	52447.9466	0
7	1672	-465.6845	0	52447.9457	0
8	1672	-465.6846	0	52447.9454	0
9	1672	-465.6847	0	52447.9440	0
10	1672	-465.6847	0	52447.9434	0
11	1672	-465.6847	0	52447.9419	0
12	1672	-465.6846	0	52447.9439	0
13	1672	-465.6846	0	52447.9434	0
14	1672	-465.6847	0	52447.9445	0
15	1672	-465.6847	0	52447.9450	0
16	1672	-465.6847	0	52447.9464	0
17	1672	-465.6848	0	52447.9444	0
18	1672	-465.6849	0	52447.9450	0
19	1672	-465.6849	0	52447.9451	0
20	1672	-465.6848	0	52447.9452	0
21	1672	-465.6848	0	52447.9439	0
22	1672	-465.6847	0	52447.9447	0
23	1672	-465.6847	0	52447.9450	0
24	1672	-465.6847	0	52447.9464	0
25	1672	-465.6849	0	52447.9457	0
26	1672	-465.6850	0	52447.9454	0
27	1672	-465.6852	0	52447.9454	0
28	1672	-465.6853	0	52447.9453	0
29	1672	-465.6852	0	52447.9453	0
30	1672	-465.6851	0	52447.9453	0
31	1672	-465.6851	0	52447.9452	0
32	1672	-465.6851	0	52447.9439	0
33	1672	-465.6851	0	52447.9435	0
34	1672	-465.6851	0	52447.9433	0
35	1672	-465.6851	0	52447.9445	0
36	1672	-465.6849	0	52447.9437	0
37	1672	-465.6849	0	52447.9447	0
38	1672	-465.6849	0	52447.9437	0
39	1672	-465.6849	0	52447.9434	0
40	1672	-465.6849	0	52447.9432	0
41	1672	-465.6849	0	52447.9458	0
42	1672	-465.6847	0	52447.9454	0
43	1672	-465.6848	0	52447.9453	0
44	1672	-465.6850	0	52447.9453	0
45	1672	-465.6853	0	52447.9453	0
46	1672	-465.6852	0	52447.9453	0
47	1672	-465.6852	0	52447.9466	0
48	1672	-465.6852	0	52447.9458	0
49	1672	-465.6851	0	52447.9441	0
50	1672	-465.6851	0	52447.9448	0
51	1672	-465.6851	0	52447.9438	0
52	1672	-465.6852	0	52447.9421	0
53	1672	-465.6852	0	52447.9415	0
54	1672	-465.6852	0	52447.9413	0
55	1672	-465.6852	0	52447.9425	0
56	1672	-465.6853	0	52447.9443	0
57	1672	-465.6855	0	52447.9450	0
58	1672	-465.6855	0	52447.9453	0
59	1672	-465.6856	0	52447.9453	0
60	1672	-465.6856	0	52447.9441	0
61	1672	-465.6856	0	52447.9423	0
62	1672	-465.6856	0	52447.9417	0
63	1672	-465.6856	0	52447.9414	0
64	1672	-465.6856	0	52447.9413	0
65	1672	-465.6856	0	52447.9426	0
66	1672	-465.6856	0	52447.9431	0
67	1672	-465.6855	0	52447.9419	0
68	1672	-465.6857	0	52447.9416	0
69	1672	-465.6856	0	52447.9427	0
70	1672	-465.6857	0	52447.9419	0
71	1672	-465.6856	0	52447.9428	0
72	1672	-465.6856	0	52447.9419	0
73	1672	-465.6855	0	52447.9402	0
74	1672	-465.6855	0	52447.9395	0
75	1672	-465.6854	0	52447.9393	0
76	1672	-465.6853	0	52447.9392	0
77	1672	-465.6854	0	52447.9392	0
78	1672	-465.6851	0	52447.9405	0
79	1672	-465.6850	0	52447.9410	0
80	1672	-465.6849	0	52447.9412	0
81	1672	-465.6848	0	52447.9412	0
82	1672	-465.6847	0	52447.9412	0
83	1672	-465.6846	0	52447.9399	0
84	1672	-465.6848	0	52447.9394	0
85	1672	-465.6849	0	52447.9393	0
86	1672	-465.6851	0	52447.9393	0
87	1672	-465.6852	0	52447.9380	0
88	1672	-465.6852	0	52447.9361	0
89	1672	-465.6852	0	52447.9341	0
90	1672	-465.6855	0	52447.9320	0
91	1672	-465.6856	0	52447.9313	0
92	1672	-465.6857	0	52447.9324	0
93	1672	-465.6856	0	52447.9342	0
94	1672	-465.6854	0	52447.9388	0
95	1672	-465.6851	0	52447.9392	0
96	1672	-465.6848	0	52447.9406	0
97	1672	-465.6846	0	52447.9424	0
98	1672	-465.6844	0	52447.9418	0
99	1672	-465.6841	0	52447.9428	0
100	1672	-465.6838	0	52447.9444	0
101	1672	-465.6833	0	52447.9423	0
102	1672	-465.6830	0	52447.9402	0
103	1672	-465.6827	0	52447.9406	0
104	1672	-465.6824	0	52447.9408	0
105	1672	-465.6823	0	52447.9382	0
106	1672	-465.6819	0	52447.9385	0
107	1672	-465.6816	0	52447.9386	0
108	1672	-465.6809	0	52447.9411	0
109	1672	-465.6804	0	52447.9420	0
110	1672	-465.6800	0	52447.9410	0
111	1672	-465.6794	0	52447.9405	0
112	1672	-465.6787	0	52447.9389	0
113	1672	-465.6780	0	52447.9396	0
114	1672	-465.6779	0	52447.9425	0
115	1672	-465.6774	0	52447.9487	0
116	1672	-465.6767	0	52447.9573	0
