1	1673	-465.7222	0	52448.0280	0
2	1673	-465.7220	0	52448.0279	0
3	1673	-465.7218	0	52448.0304	0
4	1673	-465.7217	0	52448.0312	0
5	1673	-465.7217	0	52448.0314	0
6	1673	-465.7219	0	52448.0326	0
7	1673	-465.7218	0	52448.0341	0
8	1673	-465.7221	0	52448.0324	0
9	1673	-465.7224	0	52448.0329	0
10	1673	-465.7225	0	52448.0341	0
11	1673	-465.7221	0	52448.0366	0
12	1673	-465.7220	0	52448.0375	0
13	1673	-465.7221	0	52448.0378	0
14	1673	-465.7219	0	52448.0389	0
15	1673	-465.7218	0	52448.0383	0
16	1673	-465.7217	0	52448.0390	0
17	1673	-465.7215	0	52448.0392	0
18	1673	-465.7217	0	52448.0383	0
19	1673	-465.7218	0	52448.0379	0
20	1673	-465.7218	0	52448.0399	0
21	1673	-465.7219	0	52448.0406	0
22	1673	-465.7219	0	52448.0418	0
23	1673	-465.7216	0	52448.0443	0
24	1673	-465.7213	0	52448.0462	0
25	1673	-465.7212	0	52448.0459	0
26	1673	-465.7211	0	52448.0457	0
27	1673	-465.7211	0	52448.0467	0
28	1673	-465.7211	0	52448.0480	0
29	1673	-465.7210	0	52448.0485	0
30	1673	-465.7212	0	52448.0486	0
31	1673	-465.7214	0	52448.0497	0
32	1673	-465.7214	0	52448.0501	0
33	1673	-465.7213	0	52448.0512	0
34	1673	-465.7211	0	52448.0515	0
35	1673	-465.7208	0	52448.0546	0
36	1673	-465.7206	0	52448.0548	0
37	1673	-465.7204	0	52448.0548	0
38	1673	-465.7203	0	52448.0557	0
39	1673	-465.7203	0	52448.0570	0
40	1673	-465.7204	0	52448.0575	0
41	1673	-465.7205	0	52448.0587	0
42	1673	-465.7204	0	52448.0620	0
43	1673	-465.7205	0	52448.0623	0
44	1673	-465.7207	0	52448.0633	0
45	1673	-465.7208	0	52448.0637	0
46	1673	-465.7206	0	52448.0647	0
47	1673	-465.7202	0	52448.0680	0
48	1673	-465.7198	0	52448.0700	0
49	1673	-465.7199	0	52448.0689	0
50	1673	-465.7202	0	52448.0675	0
51	1673	-465.7203	0	52448.0669	0
52	1673	-465.7202	0	52448.0686	0
53	1673	-465.7203	0	52448.0702	0
54	1673	-465.7205	0	52448.0688	0
55	1673	-465.7208	0	52448.0693	0
56	1673	-465.7211	0	52448.0676	0
57	1673	-465.7210	0	52448.0688	0
58	1673	-465.7208	0	52448.0701	0
59	1673	-465.7206	0	52448.0726	0
60	1673	-465.7203	0	52448.0715	0
61	1673	-465.7201	0	52448.0710	0
62	1673	-465.7197	0	52448.0727	0
63	1673	-465.7194	0	52448.0724	0
64	1673	-465.7189	0	52448.0693	0
65	1673	-465.7187	0	52448.0700	0
66	1673	-465.7190	0	52448.0685	0
67	1673	-465.7197	0	52448.0631	0
68	1673	-465.7200	0	52448.0611	0
69	1673	-465.7202	0	52448.0603	0
70	1673	-465.7201	0	52448.0619	0
71	1673	-465.7198	0	52448.0635	0
72	1673	-465.7197	0	52448.0642	0
73	1673	-465.7197	0	52448.0654	0
74	1673	-465.7193	0	52448.0696	0
75	1673	-465.7197	0	52448.0684	0
76	1673	-465.7204	0	52448.0652	0
77	1673	-465.7207	0	52448.0649	0
78	1673	-465.7194	0	52448.0768	0
79	1673	-465.7200	0	52448.0758	0
80	1673	-465.7190	0	52448.0847	0
81	1673	-465.7185	0	52448.0880	0
82	1673	-465.7179	0	52448.0919	0
83	1673	-465.7175	0	52448.0931	0
84	1673	-465.7173	0	52448.0936	0
85	1673	-465.7172	0	52448.0945	0
86	1673	-465.7172	0	52448.0948	0
87	1673	-465.7172	0	52448.0958	0
88	1673	-465.7173	0	52448.0961	0
89	1673	-465.7173	0	52448.0970	0
90	1673	-465.7173	0	52448.0982	0
91	1673	-465.7174	0	52448.0978	0
92	1673	-465.7175	0	52448.0975	0
93	1673	-465.7174	0	52448.0974	0
94	1673	-465.7172	0	52448.1000	0
95	1673	-465.7169	0	52448.1018	0
96	1673	-465.7169	0	52448.1024	0
97	1673	-465.7169	0	52448.1026	0
98	1673	-465.7168	0	52448.1044	0
99	1673	-465.7166	0	52448.1059	0
100	1673	-465.7165	0	52448.1081	0
101	1673	-465.7166	0	52448.1098	0
102	1673	-465.7167	0	52448.1087	0
103	1673	-465.7169	0	52448.1091	0
104	1673	-465.7168	0	52448.1101	0
105	1673	-465.7165	0	52448.1121	0
106	1673	-465.7163	0	52448.1137	0
107	1673	-465.7161	0	52448.1134	0
108	1673	-465.7160	0	52448.1123	0
109	1673	-465.7158	0	52448.1119	0
110	1673	-465.7157	0	52448.1125	0
111	1673	-465.7156	0	52448.1136	0
112	1673	-465.7153	0	52448.1157	0
113	1673	-465.7152	0	52448.1156	0
114	1673	-465.7151	0	52448.1164	0
115	1673	-465.7149	0	52448.1174	0
116	1673	-465.7146	0	52448.1186	0
117	1673	-465.7143	0	52448.1207	0
118	1673	-465.7141	0	52448.1223	0
119	1673	-465.7137	0	52448.1253	0
120	1673	-465.7136	0	52448.1248	0
121	1673	-465.7135	0	52448.1253	0
122	1673	-465.7132	0	52448.1271	0
123	1673	-465.7131	0	52448.1286	0
124	1673	-465.7132	0	52448.1307	0
125	1673	-465.7132	0	52448.1323	0
126	1673	-465.7133	0	52448.1329	0
127	1673	-465.7133	0	52448.1339	0
128	1673	-465.7131	0	52448.1366	0
129	1673	-465.7130	0	52448.1383	0
130	1673	-465.7127	0	52448.1389	0
131	1673	-465.7125	0	52448.1391	0
132	1673	-465.7123	0	52448.1407	0
133	1673	-465.7121	0	52448.1412	0
134	1673	-465.7117	0	52448.1429	0
135	1673	-465.7115	0	52448.1443	0
136	1673	-465.7114	0	52448.1456	0
137	1673	-465.7112	0	52448.1460	0
138	1673	-465.7110	0	52448.1461	0
139	1673	-465.7109	0	52448.1476	0
140	1673	-465.7107	0	52448.1489	0
141	1673	-465.7103	0	52448.1509	0
142	1673	-465.7099	0	52448.1523	0
143	1673	-465.7097	0	52448.1521	0
144	1673	-465.7096	0	52448.1519	0
145	1673	-465.7093	0	52448.1518	0
146	1673	-465.7090	0	52448.1532	0
147	1673	-465.7088	0	52448.1552	0
148	1673	-465.7087	0	52448.1575	0
149	1673	-465.7085	0	52448.1590	0
150	1673	-465.7086	0	52448.1581	0
151	1673	-465.7086	0	52448.1584	0
152	1673	-465.7083	0	52448.1600	0
153	1673	-465.7079	0	52448.1620	0
154	1673	-465.7076	0	52448.1627	0
155	1673	-465.7074	0	52448.1629	0
156	1673	-465.7072	0	52448.1630	0
157	1673	-465.7071	0	52448.1637	0
158	1673	-465.7070	0	52448.1669	0
159	1673	-465.7069	0	52448.1681	0
160	1673	-465.7069	0	52448.1692	0
161	1673	-465.7071	0	52448.1703	0
162	1673	-465.7071	0	52448.1707	0
163	1673	-465.7071	0	52448.1715	0
164	1673	-465.7068	0	52448.1732	0
165	1673	-465.7066	0	52448.1752	0
166	1673	-465.7064	0	52448.1759	0
167	1673	-465.7062	0	52448.1762	0
168	1673	-465.7061	0	52448.1762	0
169	1673	-465.7059	0	52448.1762	0
170	1673	-465.7057	0	52448.1782	0
171	1673	-465.7055	0	52448.1797	0
172	1673	-465.7054	0	52448.1823	0
173	1673	-465.7054	0	52448.1819	0
174	1673	-465.7054	0	52448.1816	0
175	1673	-465.7053	0	52448.1829	0
176	1673	-465.7051	0	52448.1840	0
177	1673	-465.7048	0	52448.1851	0
178	1673	-465.7046	0	52448.1855	0
179	1673	-465.7045	0	52448.1856	0
180	1673	-465.7044	0	52448.1849	0
181	1673	-465.7043	0	52448.1853	0
182	1673	-465.7042	0	52448.1882	0
183	1673	-465.7041	0	52448.1899	0
184	1673	-465.7043	0	52448.1906	0
185	1673	-465.7045	0	52448.1901	0
186	1673	-465.7048	0	52448.1899	0
187	1673	-465.7047	0	52448.1905	0
188	1673	-465.7047	0	52448.1913	0
189	1673	-465.7046	0	52448.1923	0
190	1673	-465.7046	0	52448.1927	0
191	1673	-465.7047	0	52448.1921	0
192	1673	-465.7049	0	52448.1919	0
193	1673	-465.7048	0	52448.1924	0
194	1673	-465.7048	0	52448.1947	0
195	1673	-465.7049	0	52448.1962	0
196	1673	-465.7051	0	52448.1981	0
197	1673	-465.7054	0	52448.1974	0
198	1673	-465.7055	0	52448.1978	0
199	1673	-465.7057	0	52448.1980	0
200	1673	-465.7054	0	52448.1986	0
201	1673	-465.7050	0	52448.2002	0
202	1673	-465.7047	0	52448.2007	0
203	1673	-465.7046	0	52448.2009	0
204	1673	-465.7045	0	52448.2003	0
205	1673	-465.7045	0	52448.2007	0
206	1673	-465.7044	0	52448.2028	0
207	1673	-465.7046	0	52448.2049	0
208	1673	-465.7048	0	52448.2063	0
209	1673	-465.7051	0	52448.2062	0
210	1673	-465.7053	0	52448.2074	0
211	1673	-465.7053	0	52448.2098	0
212	1673	-465.7052	0	52448.2113	0
213	1673	-465.7050	0	52448.2137	0
214	1673	-465.7051	0	52448.2139	0
215	1673	-465.7051	0	52448.2134	0
216	1673	-465.7051	0	52448.2137	0
217	1673	-465.7052	0	52448.2145	0
218	1673	-465.7052	0	52448.2166	0
219	1673	-465.7052	0	52448.2193	0
220	1673	-465.7054	0	52448.2203	0
221	1673	-465.7054	0	52448.2212	0
222	1673	-465.7054	0	52448.2215	0
223	1673	-465.7053	0	52448.2228	0
224	1673	-465.7050	0	52448.2251	0
225	1673	-465.7049	0	52448.2265	0
226	1673	-465.7048	0	52448.2264	0
227	1673	-465.7048	0	52448.2263	0
228	1673	-465.7047	0	52448.2269	0
229	1673	-465.7045	0	52448.2289	0
230	1673	-465.7045	0	52448.2308	0
231	1673	-465.7045	0	52448.2320	0
232	1673	-465.7046	0	52448.2331	0
233	1673	-465.7047	0	52448.2346	0
234	1673	-465.7048	0	52448.2364	0
235	1673	-465.7047	0	52448.2382	0
236	1673	-465.7046	0	52448.2411	0
237	1673	-465.7045	0	52448.2422	0
238	1673	-465.7045	0	52448.2425	0
239	1673	-465.7045	0	52448.2426	0
240	1673	-465.7046	0	52448.2432	0
241	1673	-465.7046	0	52448.2451	0
242	1673	-465.7046	0	52448.2469	0
243	1673	-465.7048	0	52448.2481	0
244	1673	-465.7050	0	52448.2485	0
245	1673	-465.7052	0	52448.2498	0
246	1673	-465.7053	0	52448.2513	0
247	1673	-465.7051	0	52448.2524	0
248	1673	-465.7050	0	52448.2550	0
249	1673	-465.7047	0	52448.2565	0
250	1673	-465.7047	0	52448.2570	0
251	1673	-465.7046	0	52448.2561	0
252	1673	-465.7046	0	52448.2567	0
253	1673	-465.7045	0	52448.2575	0
254	1673	-465.7046	0	52448.2594	0
255	1673	-465.7047	0	52448.2601	0
256	1673	-465.7049	0	52448.2609	0
257	1673	-465.7050	0	52448.2600	0
258	1673	-465.7047	0	52448.2608	0
259	1673	-465.7044	0	52448.2626	0
260	1673	-465.7043	0	52448.2633	0
261	1673	-465.7039	0	52448.2640	0
262	1673	-465.7038	0	52448.2637	0
263	1673	-465.7036	0	52448.2652	0
264	1673	-465.7034	0	52448.2679	0
265	1673	-465.7034	0	52448.2699	0
266	1673	-465.7034	0	52448.2711	0
267	1673	-465.7035	0	52448.2716	0
268	1673	-465.7036	0	52448.2717	0
269	1673	-465.7036	0	52448.2717	0
270	1673	-465.7036	0	52448.2727	0
271	1673	-465.7035	0	52448.2731	0
272	1673	-465.7032	0	52448.2747	0
273	1673	-465.7031	0	52448.2748	0
274	1673	-465.7030	0	52448.2743	0
275	1673	-465.7029	0	52448.2751	0
276	1673	-465.7028	0	52448.2764	0
277	1673	-465.7027	0	52448.2779	0
278	1673	-465.7027	0	52448.2789	0
279	1673	-465.7028	0	52448.2793	0
280	1673	-465.7028	0	52448.2799	0
281	1673	-465.7027	0	52448.2811	0
282	1673	-465.7026	0	52448.2821	0
283	1673	-465.7024	0	52448.2834	0
284	1673	-465.7020	0	52448.2848	0
285	1673	-465.7019	0	52448.2859	0
286	1673	-465.7017	0	52448.2857	0
287	1673	-465.7016	0	52448.2866	0
288	1673	-465.7014	0	52448.2879	0
289	1673	-465.7014	0	52448.2893	0
290	1673	-465.7016	0	52448.2904	0
291	1673	-465.7017	0	52448.2907	0
292	1673	-465.7017	0	52448.2918	0
293	1673	-465.7016	0	52448.2921	0
294	1673	-465.7013	0	52448.2932	0
295	1673	-465.7010	0	52448.2946	0
296	1673	-465.7005	0	52448.2960	0
297	1673	-465.7002	0	52448.2960	0
298	1673	-465.7000	0	52448.2969	0
299	1673	-465.6998	0	52448.2973	0
300	1673	-465.6996	0	52448.2992	0
301	1673	-465.6995	0	52448.3019	0
302	1673	-465.6994	0	52448.3037	0
303	1673	-465.6992	0	52448.3039	0
304	1673	-465.6990	0	52448.3053	0
305	1673	-465.6986	0	52448.3072	0
306	1673	-465.6984	0	52448.3083	0
307	1673	-465.6982	0	52448.3106	0
308	1673	-465.6980	0	52448.3118	0
309	1673	-465.6979	0	52448.3113	0
310	1673	-465.6976	0	52448.3115	0
311	1673	-465.6974	0	52448.3134	0
312	1673	-465.6972	0	52448.3145	0
313	1673	-465.6971	0	52448.3162	0
314	1673	-465.6971	0	52448.3164	0
315	1673	-465.6970	0	52448.3182	0
316	1673	-465.6967	0	52448.3175	0
317	1673	-465.6964	0	52448.3180	0
318	1673	-465.6960	0	52448.3204	0
319	1673	-465.6957	0	52448.3222	0
320	1673	-465.6955	0	52448.3223	0
321	1673	-465.6954	0	52448.3219	0
322	1673	-465.6952	0	52448.3226	0
323	1673	-465.6950	0	52448.3237	0
324	1673	-465.6951	0	52448.3254	0
325	1673	-465.6952	0	52448.3268	0
326	1673	-465.6953	0	52448.3286	0
327	1673	-465.6954	0	52448.3297	0
328	1673	-465.6954	0	52448.3296	0
329	1673	-465.6953	0	52448.3300	0
330	1673	-465.6950	0	52448.3322	0
331	1673	-465.6947	0	52448.3334	0
332	1673	-465.6945	0	52448.3343	0
333	1673	-465.6942	0	52448.3345	0
334	1673	-465.6940	0	52448.3346	0
335	1673	-465.6938	0	52448.3354	0
336	1673	-465.6937	0	52448.3378	0
337	1673	-465.6936	0	52448.3390	0
338	1673	-465.6936	0	52448.3399	0
339	1673	-465.6933	0	52448.3414	0
340	1673	-465.6931	0	52448.3423	0
341	1673	-465.6931	0	52448.3422	0
342	1673	-465.6930	0	52448.3433	0
343	1673	-465.6926	0	52448.3449	0
344	1673	-465.6924	0	52448.3455	0
345	1673	-465.6923	0	52448.3461	0
346	1673	-465.6922	0	52448.3471	0
347	1673	-465.6922	0	52448.3482	0
348	1673	-465.6922	0	52448.3494	0
349	1673	-465.6923	0	52448.3505	0
350	1673	-465.6924	0	52448.3510	0
351	1673	-465.6925	0	52448.3515	0
352	1673	-465.6923	0	52448.3528	0
353	1673	-465.6925	0	52448.3548	0
354	1673	-465.6924	0	52448.3567	0
355	1673	-465.6923	0	52448.3570	0
356	1673	-465.6922	0	52448.3574	0
357	1673	-465.6922	0	52448.3575	0
358	1673	-465.6922	0	52448.3572	0
359	1673	-465.6922	0	52448.3589	0
360	1673	-465.6924	0	52448.3610	0
361	1673	-465.6924	0	52448.3629	0
362	1673	-465.6925	0	52448.3639	0
363	1673	-465.6925	0	52448.3639	0
364	1673	-465.6926	0	52448.3646	0
365	1673	-465.6926	0	52448.3660	0
366	1673	-465.6924	0	52448.3668	0
367	1673	-465.6922	0	52448.3689	0
368	1673	-465.6922	0	52448.3689	0
369	1673	-465.6923	0	52448.3693	0
370	1673	-465.6923	0	52448.3701	0
371	1673	-465.6925	0	52448.3714	0
372	1673	-465.6927	0	52448.3733	0
373	1673	-465.6928	0	52448.3737	0
374	1673	-465.6930	0	52448.3734	0
375	1673	-465.6931	0	52448.3736	0
376	1673	-465.6931	0	52448.3737	0
377	1673	-465.6930	0	52448.3751	0
378	1673	-465.6929	0	52448.3766	0
379	1673	-465.6928	0	52448.3772	0
380	1673	-465.6929	0	52448.3774	0
381	1673	-465.6928	0	52448.3778	0
382	1673	-465.6927	0	52448.3779	0
383	1673	-465.6927	0	52448.3793	0
384	1673	-465.6927	0	52448.3812	0
385	1673	-465.6929	0	52448.3822	0
386	1673	-465.6929	0	52448.3822	0
387	1673	-465.6930	0	52448.3829	0
388	1673	-465.6931	0	52448.3827	0
389	1673	-465.6932	0	52448.3834	0
390	1673	-465.6932	0	52448.3849	0
391	1673	-465.6931	0	52448.3855	0
392	1673	-465.6930	0	52448.3857	0
393	1673	-465.6933	0	52448.3864	0
394	1673	-465.6933	0	52448.3870	0
395	1673	-465.6933	0	52448.3888	0
396	1673	-465.6934	0	52448.3901	0
397	1673	-465.6937	0	52448.3916	0
398	1673	-465.6938	0	52448.3925	0
399	1673	-465.6940	0	52448.3927	0
400	1673	-465.6940	0	52448.3938	0
401	1673	-465.6940	0	52448.3948	0
402	1673	-465.6940	0	52448.3961	0
403	1673	-465.6939	0	52448.3976	0
404	1673	-465.6939	0	52448.3984	0
405	1673	-465.6939	0	52448.3990	0
406	1673	-465.6940	0	52448.3998	0
407	1673	-465.6940	0	52448.4007	0
408	1673	-465.6941	0	52448.4023	0
409	1673	-465.6941	0	52448.4041	0
410	1673	-465.6943	0	52448.4047	0
411	1673	-465.6942	0	52448.4058	0
412	1673	-465.6942	0	52448.4072	0
413	1673	-465.6943	0	52448.4085	0
414	1673	-465.6941	0	52448.4105	0
415	1673	-465.6938	0	52448.4121	0
416	1673	-465.6936	0	52448.4133	0
417	1673	-465.6936	0	52448.4143	0
418	1673	-465.6935	0	52448.4152	0
419	1673	-465.6934	0	52448.4167	0
420	1673	-465.6935	0	52448.4184	0
421	1673	-465.6935	0	52448.4204	0
422	1673	-465.6935	0	52448.4211	0
423	1673	-465.6936	0	52448.4213	0
424	1673	-465.6934	0	52448.4214	0
425	1673	-465.6933	0	52448.4219	0
426	1673	-465.6931	0	52448.4238	0
427	1673	-465.6931	0	52448.4245	0
428	1673	-465.6930	0	52448.4256	0
429	1673	-465.6930	0	52448.4265	0
430	1673	-465.6929	0	52448.4271	0
431	1673	-465.6929	0	52448.4281	0
432	1673	-465.6929	0	52448.4298	0
433	1673	-465.6928	0	52448.4318	0
434	1673	-465.6929	0	52448.4325	0
435	1673	-465.6930	0	52448.4333	0
436	1673	-465.6932	0	52448.4341	0
437	1673	-465.6932	0	52448.4359	0
438	1673	-465.6932	0	52448.4374	0
439	1673	-465.6931	0	52448.4379	0
440	1673	-465.6930	0	52448.4383	0
441	1673	-465.6929	0	52448.4387	0
442	1673	-465.6929	0	52448.4391	0
443	1673	-465.6928	0	52448.4395	0
444	1673	-465.6928	0	52448.4404	0
445	1673	-465.6928	0	52448.4412	0
446	1673	-465.6927	0	52448.4420	0
447	1673	-465.6927	0	52448.4425	0
448	1673	-465.6926	0	52448.4435	0
449	1673	-465.6927	0	52448.4446	0
450	1673	-465.6926	0	52448.4465	0
451	1673	-465.6924	0	52448.4484	0
452	1673	-465.6922	0	52448.4489	0
453	1673	-465.6920	0	52448.4493	0
454	1673	-465.6919	0	52448.4499	0
455	1673	-465.6919	0	52448.4506	0
456	1673	-465.6918	0	52448.4516	0
457	1673	-465.6919	0	52448.4539	0
458	1673	-465.6919	0	52448.4554	0
459	1673	-465.6918	0	52448.4562	0
460	1673	-465.6917	0	52448.4567	0
461	1673	-465.6918	0	52448.4578	0
462	1673	-465.6918	0	52448.4592	0
463	1673	-465.6916	0	52448.4611	0
464	1673	-465.6914	0	52448.4618	0
465	1673	-465.6913	0	52448.4622	0
466	1673	-465.6914	0	52448.4623	0
467	1673	-465.6913	0	52448.4633	0
468	1673	-465.6914	0	52448.4643	0
469	1673	-465.6914	0	52448.4653	0
470	1673	-465.6915	0	52448.4669	0
471	1673	-465.6915	0	52448.4672	0
472	1673	-465.6915	0	52448.4679	0
473	1673	-465.6915	0	52448.4686	0
474	1673	-465.6915	0	52448.4695	0
475	1673	-465.6914	0	52448.4714	0
476	1673	-465.6912	0	52448.4732	0
477	1673	-465.6909	0	52448.4741	0
478	1673	-465.6908	0	52448.4746	0
479	1673	-465.6907	0	52448.4754	0
480	1673	-465.6906	0	52448.4766	0
481	1673	-465.6906	0	52448.4780	0
482	1673	-465.6906	0	52448.4801	0
483	1673	-465.6906	0	52448.4812	0
484	1673	-465.6907	0	52448.4818	0
485	1673	-465.6908	0	52448.4822	0
486	1673	-465.6906	0	52448.4838	0
487	1673	-465.6906	0	52448.4852	0
488	1673	-465.6906	0	52448.4865	0
489	1673	-465.6905	0	52448.4869	0
490	1673	-465.6905	0	52448.4873	0
491	1673	-465.6905	0	52448.4876	0
492	1673	-465.6905	0	52448.4887	0
493	1673	-465.6905	0	52448.4902	0
494	1673	-465.6906	0	52448.4914	0
495	1673	-465.6908	0	52448.4922	0
496	1673	-465.6909	0	52448.4927	0
497	1673	-465.6910	0	52448.4928	0
498	1673	-465.6911	0	52448.4936	0
499	1673	-465.6912	0	52448.4947	0
500	1673	-465.6912	0	52448.4962	0
501	1673	-465.6910	0	52448.4975	0
502	1673	-465.6909	0	52448.4982	0
503	1673	-465.6909	0	52448.4982	0
504	1673	-465.6911	0	52448.4993	0
505	1673	-465.6912	0	52448.5009	0
506	1673	-465.6915	0	52448.5020	0
507	1673	-465.6917	0	52448.5035	0
508	1673	-465.6919	0	52448.5040	0
509	1673	-465.6921	0	52448.5039	0
510	1673	-465.6922	0	52448.5041	0
511	1673	-465.6922	0	52448.5054	0
512	1673	-465.6923	0	52448.5068	0
513	1673	-465.6923	0	52448.5084	0
514	1673	-465.6922	0	52448.5093	0
515	1673	-465.6922	0	52448.5094	0
516	1673	-465.6923	0	52448.5100	0
517	1673	-465.6924	0	52448.5116	0
518	1673	-465.6926	0	52448.5130	0
519	1673	-465.6927	0	52448.5142	0
520	1673	-465.6930	0	52448.5151	0
521	1673	-465.6932	0	52448.5156	0
522	1673	-465.6932	0	52448.5163	0
523	1673	-465.6931	0	52448.5175	0
524	1673	-465.6930	0	52448.5190	0
525	1673	-465.6927	0	52448.5207	0
526	1673	-465.6922	0	52448.5215	0
527	1673	-465.6920	0	52448.5218	0
528	1673	-465.6918	0	52448.5225	0
529	1673	-465.6917	0	52448.5236	0
530	1673	-465.6917	0	52448.5245	0
531	1673	-465.6918	0	52448.5259	0
532	1673	-465.6919	0	52448.5272	0
533	1673	-465.6920	0	52448.5277	0
534	1673	-465.6919	0	52448.5283	0
535	1673	-465.6918	0	52448.5291	0
536	1673	-465.6918	0	52448.5302	0
537	1673	-465.6916	0	52448.5320	0
538	1673	-465.6915	0	52448.5342	0
539	1673	-465.6915	0	52448.5352	0
540	1673	-465.6915	0	52448.5353	0
541	1673	-465.6915	0	52448.5363	0
542	1673	-465.6915	0	52448.5379	0
543	1673	-465.6914	0	52448.5396	0
544	1673	-465.6914	0	52448.5410	0
545	1673	-465.6914	0	52448.5416	0
546	1673	-465.6914	0	52448.5419	0
547	1673	-465.6913	0	52448.5424	0
548	1673	-465.6911	0	52448.5437	0
549	1673	-465.6907	0	52448.5451	0
550	1673	-465.6903	0	52448.5466	0
551	1673	-465.6899	0	52448.5471	0
552	1673	-465.6896	0	52448.5475	0
553	1673	-465.6894	0	52448.5484	0
554	1673	-465.6893	0	52448.5493	0
555	1673	-465.6890	0	52448.5507	0
556	1673	-465.6889	0	52448.5522	0
557	1673	-465.6887	0	52448.5531	0
558	1673	-465.6886	0	52448.5536	0
559	1673	-465.6883	0	52448.5540	0
560	1673	-465.6881	0	52448.5551	0
561	1673	-465.6877	0	52448.5566	0
562	1673	-465.6872	0	52448.5583	0
563	1673	-465.6866	0	52448.5595	0
564	1673	-465.6860	0	52448.5601	0
565	1673	-465.6854	0	52448.5604	0
566	1673	-465.6850	0	52448.5613	0
567	1673	-465.6846	0	52448.5623	0
568	1673	-465.6844	0	52448.5636	0
569	1673	-465.6841	0	52448.5653	0
570	1673	-465.6840	0	52448.5661	0
571	1673	-465.6838	0	52448.5663	0
572	1673	-465.6838	0	52448.5668	0
573	1673	-465.6838	0	52448.5681	0
574	1673	-465.6837	0	52448.5688	0
575	1673	-465.6839	0	52448.5689	0
576	1673	-465.6843	0	52448.5692	0
577	1673	-465.6849	0	52448.5694	0
578	1673	-465.6856	0	52448.5693	0
579	1673	-465.6864	0	52448.5692	0
580	1673	-465.6870	0	52448.5689	0
581	1673	-465.6874	0	52448.5685	0
582	1673	-465.6878	0	52448.5680	0
583	1673	-465.6883	0	52448.5673	0
584	1673	-465.6887	0	52448.5670	0
585	1673	-465.6889	0	52448.5666	0
586	1673	-465.6891	0	52448.5664	0
587	1673	-465.6891	0	52448.5661	0
588	1673	-465.6893	0	52448.5651	0
589	1673	-465.6892	0	52448.5646	0
590	1673	-465.6892	0	52448.5638	0
591	1673	-465.6892	0	52448.5629	0
592	1673	-465.6892	0	52448.5617	0
593	1673	-465.6892	0	52448.5604	0
594	1673	-465.6892	0	52448.5589	0
595	1673	-465.6892	0	52448.5573	0
596	1673	-465.6890	0	52448.5562	0
597	1673	-465.6889	0	52448.5548	0
598	1673	-465.6889	0	52448.5534	0
599	1673	-465.6890	0	52448.5523	0
600	1673	-465.6891	0	52448.5510	0
601	1673	-465.6891	0	52448.5498	0
602	1673	-465.6891	0	52448.5486	0
603	1673	-465.6892	0	52448.5475	0
604	1673	-465.6894	0	52448.5466	0
605	1673	-465.6895	0	52448.5463	0
606	1673	-465.6895	0	52448.5462	0
607	1673	-465.6898	0	52448.5458	0
608	1673	-465.6899	0	52448.5454	0
609	1673	-465.6902	0	52448.5451	0
610	1673	-465.6904	0	52448.5448	0
611	1673	-465.6908	0	52448.5446	0
612	1673	-465.6912	0	52448.5447	0
613	1673	-465.6915	0	52448.5443	0
614	1673	-465.6918	0	52448.5448	0
615	1673	-465.6920	0	52448.5468	0
616	1673	-465.6919	0	52448.5508	0
617	1673	-465.6917	0	52448.5562	0
618	1673	-465.6913	0	52448.5636	0
619	1673	-465.6908	0	52448.5711	0
620	1673	-465.6903	0	52448.5778	0
621	1673	-465.6899	0	52448.5829	0
622	1673	-465.6896	0	52448.5867	0
623	1673	-465.6894	0	52448.5887	0
624	1673	-465.6893	0	52448.5898	0
625	1673	-465.6894	0	52448.5905	0
626	1673	-465.6896	0	52448.5912	0
627	1673	-465.6898	0	52448.5917	0
628	1673	-465.6901	0	52448.5921	0
629	1673	-465.6903	0	52448.5923	0
630	1673	-465.6906	0	52448.5923	0
631	1673	-465.6908	0	52448.5922	0
632	1673	-465.6908	0	52448.5921	0
633	1673	-465.6909	0	52448.5924	0
634	1673	-465.6911	0	52448.5931	0
635	1673	-465.6912	0	52448.5936	0
636	1673	-465.6912	0	52448.5944	0
637	1673	-465.6911	0	52448.5950	0
638	1673	-465.6909	0	52448.5951	0
639	1673	-465.6907	0	52448.5949	0
640	1673	-465.6906	0	52448.5946	0
641	1673	-465.6904	0	52448.5949	0
642	1673	-465.6904	0	52448.5960	0
643	1673	-465.6902	0	52448.5969	0
644	1673	-465.6902	0	52448.5982	0
645	1673	-465.6902	0	52448.5987	0
646	1673	-465.6902	0	52448.5989	0
647	1673	-465.6903	0	52448.5989	0
648	1673	-465.6902	0	52448.5994	0
649	1673	-465.6902	0	52448.6006	0
650	1673	-465.6900	0	52448.6015	0
651	1673	-465.6896	0	52448.6025	0
652	1673	-465.6892	0	52448.6029	0
653	1673	-465.6889	0	52448.6033	0
654	1673	-465.6888	0	52448.6036	0
655	1673	-465.6888	0	52448.6047	0
656	1673	-465.6889	0	52448.6056	0
657	1673	-465.6890	0	52448.6068	0
658	1673	-465.6892	0	52448.6082	0
659	1673	-465.6894	0	52448.6086	0
660	1673	-465.6895	0	52448.6090	0
661	1673	-465.6895	0	52448.6094	0
662	1673	-465.6895	0	52448.6105	0
663	1673	-465.6895	0	52448.6114	0
664	1673	-465.6893	0	52448.6125	0
665	1673	-465.6891	0	52448.6135	0
666	1673	-465.6888	0	52448.6139	0
667	1673	-465.6885	0	52448.6143	0
668	1673	-465.6884	0	52448.6147	0
669	1673	-465.6883	0	52448.6154	0
670	1673	-465.6884	0	52448.6165	0
671	1673	-465.6883	0	52448.6175	0
672	1673	-465.6884	0	52448.6191	0
673	1673	-465.6884	0	52448.6200	0
674	1673	-465.6884	0	52448.6204	0
675	1673	-465.6884	0	52448.6207	0
676	1673	-465.6883	0	52448.6212	0
677	1673	-465.6883	0	52448.6224	0
678	1673	-465.6882	0	52448.6235	0
679	1673	-465.6880	0	52448.6249	0
680	1673	-465.6877	0	52448.6256	0
681	1673	-465.6874	0	52448.6261	0
682	1673	-465.6872	0	52448.6263	0
683	1673	-465.6872	0	52448.6274	0
684	1673	-465.6872	0	52448.6287	0
685	1673	-465.6873	0	52448.6303	0
686	1673	-465.6875	0	52448.6312	0
687	1673	-465.6877	0	52448.6317	0
688	1673	-465.6877	0	52448.6322	0
689	1673	-465.6877	0	52448.6325	0
690	1673	-465.6877	0	52448.6336	0
691	1673	-465.6876	0	52448.6348	0
692	1673	-465.6872	0	52448.6361	0
693	1673	-465.6869	0	52448.6370	0
694	1673	-465.6866	0	52448.6377	0
695	1673	-465.6864	0	52448.6380	0
696	1673	-465.6864	0	52448.6387	0
697	1673	-465.6864	0	52448.6398	0
698	1673	-465.6865	0	52448.6410	0
699	1673	-465.6867	0	52448.6423	0
700	1673	-465.6870	0	52448.6428	0
701	1673	-465.6873	0	52448.6433	0
702	1673	-465.6875	0	52448.6436	0
703	1673	-465.6875	0	52448.6446	0
704	1673	-465.6874	0	52448.6455	0
705	1673	-465.6872	0	52448.6467	0
706	1673	-465.6869	0	52448.6476	0
707	1673	-465.6867	0	52448.6479	0
708	1673	-465.6865	0	52448.6483	0
709	1673	-465.6864	0	52448.6487	0
710	1673	-465.6864	0	52448.6493	0
711	1673	-465.6864	0	52448.6504	0
712	1673	-465.6862	0	52448.6510	0
713	1673	-465.6860	0	52448.6516	0
714	1673	-465.6858	0	52448.6521	0
715	1673	-465.6855	0	52448.6525	0
716	1673	-465.6852	0	52448.6528	0
717	1673	-465.6851	0	52448.6530	0
718	1673	-465.6851	0	52448.6533	0
719	1673	-465.6851	0	52448.6536	0
720	1673	-465.6852	0	52448.6540	0
721	1673	-465.6853	0	52448.6544	0
722	1673	-465.6853	0	52448.6548	0
723	1673	-465.6855	0	52448.6551	0
724	1673	-465.6857	0	52448.6552	0
725	1673	-465.6857	0	52448.6556	0
726	1673	-465.6858	0	52448.6561	0
727	1673	-465.6858	0	52448.6566	0
728	1673	-465.6858	0	52448.6572	0
729	1673	-465.6858	0	52448.6577	0
730	1673	-465.6856	0	52448.6580	0
731	1673	-465.6854	0	52448.6582	0
732	1673	-465.6853	0	52448.6585	0
733	1673	-465.6852	0	52448.6590	0
734	1673	-465.6851	0	52448.6596	0
735	1673	-465.6848	0	52448.6600	0
736	1673	-465.6844	0	52448.6604	0
737	1673	-465.6841	0	52448.6606	0
738	1673	-465.6837	0	52448.6608	0
739	1673	-465.6836	0	52448.6610	0
740	1673	-465.6835	0	52448.6614	0
741	1673	-465.6836	0	52448.6619	0
742	1673	-465.6836	0	52448.6625	0
743	1673	-465.6837	0	52448.6628	0
744	1673	-465.6836	0	52448.6631	0
745	1673	-465.6836	0	52448.6634	0
746	1673	-465.6836	0	52448.6636	0
747	1673	-465.6835	0	52448.6640	0
748	1673	-465.6833	0	52448.6645	0
749	1673	-465.6828	0	52448.6651	0
750	1673	-465.6825	0	52448.6655	0
751	1673	-465.6824	0	52448.6659	0
752	1673	-465.6822	0	52448.6662	0
753	1673	-465.6821	0	52448.6664	0
754	1673	-465.6826	0	52448.6666	0
755	1673	-465.6826	0	52448.6670	0
756	1673	-465.6826	0	52448.6675	0
757	1673	-465.6825	0	52448.6681	0
758	1673	-465.6824	0	52448.6687	0
759	1673	-465.6824	0	52448.6690	0
760	1673	-465.6824	0	52448.6693	0
761	1673	-465.6826	0	52448.6696	0
762	1673	-465.6827	0	52448.6700	0
763	1673	-465.6827	0	52448.6705	0
764	1673	-465.6823	0	52448.6711	0
765	1673	-465.6818	0	52448.6715	0
766	1673	-465.6817	0	52448.6719	0
