1	1675	-465.6787	0	52447.9978	0
2	1675	-465.6788	0	52447.9948	0
3	1675	-465.6789	0	52447.9929	0
4	1675	-465.6791	0	52447.9951	0
5	1675	-465.6790	0	52447.9972	0
6	1675	-465.6791	0	52447.9966	0
7	1675	-465.6791	0	52447.9964	0
8	1675	-465.6791	0	52447.9951	0
9	1675	-465.6790	0	52447.9958	0
10	1675	-465.6790	0	52447.9960	0
11	1675	-465.6790	0	52447.9973	0
12	1675	-465.6791	0	52447.9990	0
13	1675	-465.6793	0	52448.0007	0
14	1675	-465.6796	0	52448.0037	0
15	1675	-465.6798	0	52448.0059	0
16	1675	-465.6800	0	52448.0056	0
17	1675	-465.6800	0	52448.0066	0
18	1675	-465.6803	0	52448.0070	0
19	1675	-465.6804	0	52448.0082	0
20	1675	-465.6804	0	52448.0098	0
21	1675	-465.6803	0	52448.0092	0
22	1675	-465.6804	0	52448.0112	0
23	1675	-465.6805	0	52448.0130	0
24	1675	-465.6807	0	52448.0137	0
25	1675	-465.6809	0	52448.0161	0
26	1675	-465.6811	0	52448.0171	0
27	1675	-465.6815	0	52448.0174	0
28	1675	-465.6817	0	52448.0164	0
29	1675	-465.6819	0	52448.0149	0
30	1675	-465.6820	0	52448.0176	0
31	1675	-465.6819	0	52448.0197	0
32	1675	-465.6818	0	52448.0193	0
33	1675	-465.6817	0	52448.0181	0
34	1675	-465.6815	0	52448.0165	0
35	1675	-465.6815	0	52448.0180	0
36	1675	-465.6815	0	52448.0186	0
37	1675	-465.6815	0	52448.0221	0
38	1675	-465.6816	0	52448.0234	0
39	1675	-465.6818	0	52448.0238	0
40	1675	-465.6819	0	52448.0230	0
41	1675	-465.6820	0	52448.0247	0
42	1675	-465.6819	0	52448.0264	0
43	1675	-465.6816	0	52448.0313	0
44	1675	-465.6814	0	52448.0320	0
45	1675	-465.6811	0	52448.0311	0
46	1675	-465.6809	0	52448.0307	0
47	1675	-465.6808	0	52448.0306	0
48	1675	-465.6805	0	52448.0336	0
49	1675	-465.6805	0	52448.0358	0
50	1675	-465.6806	0	52448.0366	0
51	1675	-465.6806	0	52448.0358	0
52	1675	-465.6806	0	52448.0354	0
53	1675	-465.6805	0	52448.0363	0
54	1675	-465.6803	0	52448.0397	0
55	1675	-465.6799	0	52448.0430	0
56	1675	-465.6797	0	52448.0431	0
57	1675	-465.6796	0	52448.0411	0
58	1675	-465.6795	0	52448.0402	0
59	1675	-465.6794	0	52448.0409	0
60	1675	-465.6794	0	52448.0422	0
61	1675	-465.6794	0	52448.0447	0
62	1675	-465.6796	0	52448.0467	0
63	1675	-465.6797	0	52448.0484	0
64	1675	-465.6798	0	52448.0480	0
65	1675	-465.6798	0	52448.0488	0
66	1675	-465.6798	0	52448.0511	0
67	1675	-465.6797	0	52448.0550	0
68	1675	-465.6795	0	52448.0563	0
69	1675	-465.6795	0	52448.0558	0
70	1675	-465.6795	0	52448.0556	0
71	1675	-465.6795	0	52448.0564	0
72	1675	-465.6797	0	52448.0587	0
73	1675	-465.6797	0	52448.0615	0
74	1675	-465.6800	0	52448.0626	0
75	1675	-465.6802	0	52448.0639	0
76	1675	-465.6806	0	52448.0634	0
77	1675	-465.6806	0	52448.0642	0
78	1675	-465.6807	0	52448.0683	0
79	1675	-465.6806	0	52448.0717	0
80	1675	-465.6806	0	52448.0720	0
81	1675	-465.6805	0	52448.0720	0
82	1675	-465.6807	0	52448.0720	0
83	1675	-465.6808	0	52448.0768	0
84	1675	-465.6810	0	52448.0785	0
85	1675	-465.6813	0	52448.0820	0
86	1675	-465.6819	0	52448.0823	0
87	1675	-465.6826	0	52448.0815	0
88	1675	-465.6829	0	52448.0802	0
89	1675	-465.6833	0	52448.0806	0
90	1675	-465.6833	0	52448.0817	0
91	1675	-465.6836	0	52448.0811	0
92	1675	-465.6836	0	52448.0809	0
93	1675	-465.6837	0	52448.0808	0
94	1675	-465.6838	0	52448.0817	0
95	1675	-465.6839	0	52448.0848	0
96	1675	-465.6843	0	52448.0869	0
97	1675	-465.6847	0	52448.0876	0
98	1675	-465.6851	0	52448.0889	0
99	1675	-465.6853	0	52448.0856	0
100	1675	-465.6856	0	52448.0881	0
101	1675	-465.6856	0	52448.0907	0
102	1675	-465.6855	0	52448.0935	0
103	1675	-465.6855	0	52448.0964	0
104	1675	-465.6858	0	52448.1001	0
105	1675	-465.6856	0	52448.0944	0
106	1675	-465.6857	0	52448.0930	0
107	1675	-465.6858	0	52448.0924	0
108	1675	-465.6860	0	52448.0949	0
109	1675	-465.6863	0	52448.0959	0
110	1675	-465.6868	0	52448.0971	0
111	1675	-465.6870	0	52448.0967	0
112	1675	-465.6872	0	52448.0983	0
113	1675	-465.6868	0	52448.0979	0
114	1675	-465.6863	0	52448.1013	0
115	1675	-465.6859	0	52448.1016	0
116	1675	-465.6853	0	52448.1016	0
117	1675	-465.6851	0	52448.1016	0
118	1675	-465.6848	0	52448.1007	0
119	1675	-465.6845	0	52448.1012	0
120	1675	-465.6844	0	52448.1013	0
121	1675	-465.6844	0	52448.1014	0
122	1675	-465.6844	0	52448.1005	0
123	1675	-465.6844	0	52448.1010	0
124	1675	-465.6844	0	52448.1048	0
125	1675	-465.6842	0	52448.1096	0
126	1675	-465.6837	0	52448.1131	0
127	1675	-465.6835	0	52448.1161	0
128	1675	-465.6834	0	52448.1154	0
129	1675	-465.6831	0	52448.1125	0
130	1675	-465.6829	0	52448.1148	0
131	1675	-465.6828	0	52448.1164	0
132	1675	-465.6826	0	52448.1179	0
133	1675	-465.6824	0	52448.1192	0
134	1675	-465.6824	0	52448.1205	0
135	1675	-465.6823	0	52448.1193	0
136	1675	-465.6821	0	52448.1187	0
137	1675	-465.6818	0	52448.1184	0
138	1675	-465.6815	0	52448.1209	0
139	1675	-465.6811	0	52448.1234	0
140	1675	-465.6807	0	52448.1234	0
141	1675	-465.6804	0	52448.1226	0
142	1675	-465.6800	0	52448.1230	0
143	1675	-465.6798	0	52448.1248	0
144	1675	-465.6796	0	52448.1271	0
145	1675	-465.6797	0	52448.1288	0
146	1675	-465.6798	0	52448.1343	0
147	1675	-465.6794	0	52448.1299	0
148	1675	-465.6791	0	52448.1288	0
149	1675	-465.6789	0	52448.1317	0
150	1675	-465.6786	0	52448.1343	0
151	1675	-465.6788	0	52448.1410	0
152	1675	-465.6788	0	52448.1494	0
153	1675	-465.6785	0	52448.1512	0
154	1675	-465.6782	0	52448.1525	0
155	1675	-465.6779	0	52448.1536	0
156	1675	-465.6778	0	52448.1547	0
157	1675	-465.6778	0	52448.1543	0
158	1675	-465.6777	0	52448.1556	0
159	1675	-465.6778	0	52448.1576	0
160	1675	-465.6777	0	52448.1582	0
161	1675	-465.6777	0	52448.1629	0
162	1675	-465.6774	0	52448.1653	0
163	1675	-465.6772	0	52448.1683	0
164	1675	-465.6768	0	52448.1694	0
165	1675	-465.6765	0	52448.1697	0
166	1675	-465.6761	0	52448.1690	0
167	1675	-465.6760	0	52448.1709	0
168	1675	-465.6758	0	52448.1737	0
169	1675	-465.6756	0	52448.1754	0
170	1675	-465.6753	0	52448.1774	0
171	1675	-465.6751	0	52448.1773	0
172	1675	-465.6750	0	52448.1765	0
173	1675	-465.6749	0	52448.1783	0
174	1675	-465.6744	0	52448.1803	0
175	1675	-465.6740	0	52448.1832	0
176	1675	-465.6736	0	52448.1842	0
177	1675	-465.6735	0	52448.1831	0
178	1675	-465.6731	0	52448.1819	0
179	1675	-465.6729	0	52448.1842	0
180	1675	-465.6727	0	52448.1878	0
181	1675	-465.6726	0	52448.1905	0
182	1675	-465.6723	0	52448.1900	0
183	1675	-465.6722	0	52448.1898	0
184	1675	-465.6723	0	52448.1897	0
185	1675	-465.6723	0	52448.1924	0
186	1675	-465.6720	0	52448.1946	0
187	1675	-465.6718	0	52448.1955	0
188	1675	-465.6716	0	52448.1957	0
189	1675	-465.6713	0	52448.1944	0
190	1675	-465.6714	0	52448.1939	0
191	1675	-465.6714	0	52448.1977	0
192	1675	-465.6715	0	52448.2005	0
193	1675	-465.6717	0	52448.2021	0
194	1675	-465.6718	0	52448.2020	0
195	1675	-465.6719	0	52448.2013	0
196	1675	-465.6719	0	52448.2023	0
197	1675	-465.6720	0	52448.2040	0
198	1675	-465.6720	0	52448.2066	0
199	1675	-465.6719	0	52448.2075	0
200	1675	-465.6717	0	52448.2065	0
201	1675	-465.6716	0	52448.2060	0
202	1675	-465.6717	0	52448.2078	0
203	1675	-465.6716	0	52448.2104	0
204	1675	-465.6718	0	52448.2127	0
205	1675	-465.6719	0	52448.2141	0
206	1675	-465.6720	0	52448.2133	0
207	1675	-465.6722	0	52448.2130	0
208	1675	-465.6723	0	52448.2154	0
209	1675	-465.6724	0	52448.2188	0
210	1675	-465.6722	0	52448.2213	0
211	1675	-465.6721	0	52448.2228	0
212	1675	-465.6721	0	52448.2227	0
213	1675	-465.6721	0	52448.2232	0
214	1675	-465.6721	0	52448.2246	0
215	1675	-465.6722	0	52448.2269	0
216	1675	-465.6722	0	52448.2290	0
217	1675	-465.6724	0	52448.2304	0
218	1675	-465.6725	0	52448.2308	0
219	1675	-465.6727	0	52448.2315	0
220	1675	-465.6728	0	52448.2336	0
221	1675	-465.6729	0	52448.2361	0
222	1675	-465.6729	0	52448.2382	0
223	1675	-465.6728	0	52448.2389	0
224	1675	-465.6727	0	52448.2385	0
225	1675	-465.6727	0	52448.2384	0
226	1675	-465.6728	0	52448.2400	0
227	1675	-465.6730	0	52448.2430	0
228	1675	-465.6733	0	52448.2452	0
229	1675	-465.6736	0	52448.2466	0
230	1675	-465.6739	0	52448.2470	0
231	1675	-465.6741	0	52448.2483	0
232	1675	-465.6743	0	52448.2510	0
233	1675	-465.6743	0	52448.2543	0
234	1675	-465.6744	0	52448.2571	0
235	1675	-465.6743	0	52448.2581	0
236	1675	-465.6739	0	52448.2584	0
237	1675	-465.6739	0	52448.2584	0
238	1675	-465.6741	0	52448.2601	0
239	1675	-465.6744	0	52448.2623	0
240	1675	-465.6748	0	52448.2658	0
241	1675	-465.6752	0	52448.2665	0
242	1675	-465.6755	0	52448.2662	0
243	1675	-465.6757	0	52448.2660	0
244	1675	-465.6758	0	52448.2681	0
245	1675	-465.6758	0	52448.2720	0
246	1675	-465.6758	0	52448.2744	0
247	1675	-465.6756	0	52448.2753	0
248	1675	-465.6753	0	52448.2756	0
249	1675	-465.6751	0	52448.2756	0
250	1675	-465.6752	0	52448.2771	0
251	1675	-465.6752	0	52448.2802	0
252	1675	-465.6753	0	52448.2819	0
253	1675	-465.6755	0	52448.2824	0
254	1675	-465.6755	0	52448.2826	0
255	1675	-465.6755	0	52448.2826	0
256	1675	-465.6754	0	52448.2836	0
257	1675	-465.6751	0	52448.2854	0
258	1675	-465.6748	0	52448.2865	0
259	1675	-465.6745	0	52448.2869	0
260	1675	-465.6741	0	52448.2860	0
261	1675	-465.6739	0	52448.2861	0
262	1675	-465.6738	0	52448.2886	0
263	1675	-465.6736	0	52448.2920	0
264	1675	-465.6737	0	52448.2952	0
265	1675	-465.6737	0	52448.2964	0
266	1675	-465.6737	0	52448.2958	0
267	1675	-465.6736	0	52448.2960	0
268	1675	-465.6735	0	52448.2975	0
269	1675	-465.6734	0	52448.2990	0
270	1675	-465.6731	0	52448.3018	0
271	1675	-465.6727	0	52448.3024	0
272	1675	-465.6723	0	52448.3021	0
273	1675	-465.6720	0	52448.3019	0
274	1675	-465.6719	0	52448.3028	0
275	1675	-465.6720	0	52448.3049	0
276	1675	-465.6719	0	52448.3071	0
277	1675	-465.6721	0	52448.3074	0
278	1675	-465.6721	0	52448.3071	0
279	1675	-465.6721	0	52448.3069	0
280	1675	-465.6722	0	52448.3072	0
281	1675	-465.6720	0	52448.3092	0
282	1675	-465.6719	0	52448.3122	0
283	1675	-465.6716	0	52448.3124	0
284	1675	-465.6713	0	52448.3129	0
285	1675	-465.6711	0	52448.3121	0
286	1675	-465.6712	0	52448.3136	0
287	1675	-465.6713	0	52448.3150	0
288	1675	-465.6714	0	52448.3169	0
289	1675	-465.6715	0	52448.3185	0
290	1675	-465.6716	0	52448.3190	0
291	1675	-465.6716	0	52448.3192	0
292	1675	-465.6714	0	52448.3197	0
293	1675	-465.6712	0	52448.3220	0
294	1675	-465.6710	0	52448.3255	0
295	1675	-465.6707	0	52448.3276	0
296	1675	-465.6703	0	52448.3284	0
297	1675	-465.6701	0	52448.3286	0
298	1675	-465.6700	0	52448.3295	0
299	1675	-465.6700	0	52448.3311	0
300	1675	-465.6699	0	52448.3329	0
301	1675	-465.6701	0	52448.3348	0
302	1675	-465.6702	0	52448.3355	0
303	1675	-465.6703	0	52448.3357	0
304	1675	-465.6704	0	52448.3370	0
305	1675	-465.6706	0	52448.3391	0
306	1675	-465.6704	0	52448.3418	0
307	1675	-465.6703	0	52448.3437	0
308	1675	-465.6702	0	52448.3443	0
309	1675	-465.6701	0	52448.3445	0
310	1675	-465.6701	0	52448.3449	0
311	1675	-465.6701	0	52448.3470	0
312	1675	-465.6702	0	52448.3490	0
313	1675	-465.6705	0	52448.3505	0
314	1675	-465.6708	0	52448.3518	0
315	1675	-465.6710	0	52448.3522	0
316	1675	-465.6710	0	52448.3527	0
317	1675	-465.6710	0	52448.3552	0
318	1675	-465.6708	0	52448.3572	0
319	1675	-465.6707	0	52448.3599	0
320	1675	-465.6706	0	52448.3612	0
321	1675	-465.6704	0	52448.3605	0
322	1675	-465.6704	0	52448.3602	0
323	1675	-465.6706	0	52448.3623	0
324	1675	-465.6708	0	52448.3645	0
325	1675	-465.6710	0	52448.3657	0
326	1675	-465.6714	0	52448.3661	0
327	1675	-465.6716	0	52448.3662	0
328	1675	-465.6718	0	52448.3669	0
329	1675	-465.6720	0	52448.3686	0
330	1675	-465.6720	0	52448.3714	0
331	1675	-465.6719	0	52448.3732	0
332	1675	-465.6717	0	52448.3741	0
333	1675	-465.6715	0	52448.3741	0
334	1675	-465.6712	0	52448.3740	0
335	1675	-465.6712	0	52448.3743	0
336	1675	-465.6711	0	52448.3762	0
337	1675	-465.6711	0	52448.3783	0
338	1675	-465.6711	0	52448.3797	0
339	1675	-465.6712	0	52448.3802	0
340	1675	-465.6712	0	52448.3800	0
341	1675	-465.6712	0	52448.3813	0
342	1675	-465.6710	0	52448.3834	0
343	1675	-465.6708	0	52448.3859	0
344	1675	-465.6706	0	52448.3868	0
345	1675	-465.6703	0	52448.3871	0
346	1675	-465.6701	0	52448.3872	0
347	1675	-465.6699	0	52448.3872	0
348	1675	-465.6700	0	52448.3892	0
349	1675	-465.6700	0	52448.3915	0
350	1675	-465.6701	0	52448.3934	0
351	1675	-465.6703	0	52448.3940	0
352	1675	-465.6703	0	52448.3939	0
353	1675	-465.6703	0	52448.3948	0
354	1675	-465.6704	0	52448.3964	0
355	1675	-465.6702	0	52448.3986	0
356	1675	-465.6700	0	52448.3997	0
357	1675	-465.6699	0	52448.4007	0
358	1675	-465.6698	0	52448.4004	0
359	1675	-465.6697	0	52448.4012	0
360	1675	-465.6698	0	52448.4034	0
361	1675	-465.6698	0	52448.4060	0
362	1675	-465.6700	0	52448.4073	0
363	1675	-465.6702	0	52448.4081	0
364	1675	-465.6703	0	52448.4080	0
365	1675	-465.6704	0	52448.4085	0
366	1675	-465.6704	0	52448.4114	0
367	1675	-465.6703	0	52448.4134	0
368	1675	-465.6703	0	52448.4144	0
369	1675	-465.6702	0	52448.4150	0
370	1675	-465.6701	0	52448.4146	0
371	1675	-465.6702	0	52448.4150	0
372	1675	-465.6702	0	52448.4184	0
373	1675	-465.6705	0	52448.4217	0
374	1675	-465.6707	0	52448.4226	0
375	1675	-465.6708	0	52448.4234	0
376	1675	-465.6710	0	52448.4237	0
377	1675	-465.6712	0	52448.4243	0
378	1675	-465.6711	0	52448.4268	0
379	1675	-465.6710	0	52448.4285	0
380	1675	-465.6707	0	52448.4297	0
381	1675	-465.6704	0	52448.4298	0
382	1675	-465.6703	0	52448.4301	0
383	1675	-465.6702	0	52448.4316	0
384	1675	-465.6703	0	52448.4337	0
385	1675	-465.6704	0	52448.4358	0
386	1675	-465.6706	0	52448.4374	0
387	1675	-465.6708	0	52448.4382	0
388	1675	-465.6709	0	52448.4387	0
389	1675	-465.6710	0	52448.4394	0
390	1675	-465.6710	0	52448.4409	0
391	1675	-465.6710	0	52448.4428	0
392	1675	-465.6707	0	52448.4440	0
393	1675	-465.6705	0	52448.4446	0
394	1675	-465.6703	0	52448.4446	0
395	1675	-465.6701	0	52448.4453	0
396	1675	-465.6701	0	52448.4474	0
397	1675	-465.6701	0	52448.4496	0
398	1675	-465.6703	0	52448.4509	0
399	1675	-465.6703	0	52448.4514	0
400	1675	-465.6704	0	52448.4517	0
401	1675	-465.6703	0	52448.4526	0
402	1675	-465.6701	0	52448.4551	0
403	1675	-465.6700	0	52448.4572	0
404	1675	-465.6698	0	52448.4587	0
405	1675	-465.6695	0	52448.4593	0
406	1675	-465.6693	0	52448.4594	0
407	1675	-465.6692	0	52448.4606	0
408	1675	-465.6693	0	52448.4632	0
409	1675	-465.6695	0	52448.4660	0
410	1675	-465.6696	0	52448.4677	0
411	1675	-465.6697	0	52448.4685	0
412	1675	-465.6699	0	52448.4690	0
413	1675	-465.6700	0	52448.4700	0
414	1675	-465.6702	0	52448.4722	0
415	1675	-465.6701	0	52448.4743	0
416	1675	-465.6700	0	52448.4761	0
417	1675	-465.6699	0	52448.4768	0
418	1675	-465.6698	0	52448.4772	0
419	1675	-465.6698	0	52448.4782	0
420	1675	-465.6700	0	52448.4798	0
421	1675	-465.6704	0	52448.4821	0
422	1675	-465.6708	0	52448.4841	0
423	1675	-465.6712	0	52448.4851	0
424	1675	-465.6715	0	52448.4858	0
425	1675	-465.6718	0	52448.4868	0
426	1675	-465.6719	0	52448.4886	0
427	1675	-465.6719	0	52448.4907	0
428	1675	-465.6719	0	52448.4922	0
429	1675	-465.6718	0	52448.4931	0
430	1675	-465.6717	0	52448.4932	0
431	1675	-465.6716	0	52448.4936	0
432	1675	-465.6717	0	52448.4953	0
433	1675	-465.6720	0	52448.4973	0
434	1675	-465.6723	0	52448.4995	0
435	1675	-465.6727	0	52448.5009	0
436	1675	-465.6728	0	52448.5015	0
437	1675	-465.6729	0	52448.5023	0
438	1675	-465.6729	0	52448.5039	0
439	1675	-465.6728	0	52448.5056	0
440	1675	-465.6727	0	52448.5074	0
441	1675	-465.6725	0	52448.5083	0
442	1675	-465.6724	0	52448.5084	0
443	1675	-465.6722	0	52448.5086	0
444	1675	-465.6722	0	52448.5101	0
445	1675	-465.6723	0	52448.5124	0
446	1675	-465.6724	0	52448.5146	0
447	1675	-465.6725	0	52448.5158	0
448	1675	-465.6726	0	52448.5163	0
449	1675	-465.6726	0	52448.5163	0
450	1675	-465.6726	0	52448.5177	0
451	1675	-465.6725	0	52448.5199	0
452	1675	-465.6722	0	52448.5217	0
453	1675	-465.6719	0	52448.5231	0
454	1675	-465.6715	0	52448.5235	0
455	1675	-465.6712	0	52448.5237	0
456	1675	-465.6712	0	52448.5257	0
457	1675	-465.6711	0	52448.5274	0
458	1675	-465.6711	0	52448.5296	0
459	1675	-465.6711	0	52448.5315	0
460	1675	-465.6711	0	52448.5322	0
461	1675	-465.6710	0	52448.5324	0
462	1675	-465.6710	0	52448.5332	0
463	1675	-465.6709	0	52448.5352	0
464	1675	-465.6707	0	52448.5374	0
465	1675	-465.6703	0	52448.5391	0
466	1675	-465.6698	0	52448.5400	0
467	1675	-465.6696	0	52448.5401	0
468	1675	-465.6696	0	52448.5413	0
469	1675	-465.6695	0	52448.5433	0
470	1675	-465.6694	0	52448.5454	0
471	1675	-465.6694	0	52448.5469	0
472	1675	-465.6694	0	52448.5476	0
473	1675	-465.6694	0	52448.5478	0
474	1675	-465.6693	0	52448.5485	0
475	1675	-465.6693	0	52448.5498	0
476	1675	-465.6691	0	52448.5513	0
477	1675	-465.6689	0	52448.5534	0
478	1675	-465.6685	0	52448.5549	0
479	1675	-465.6682	0	52448.5552	0
480	1675	-465.6679	0	52448.5554	0
481	1675	-465.6679	0	52448.5573	0
482	1675	-465.6679	0	52448.5590	0
483	1675	-465.6681	0	52448.5608	0
484	1675	-465.6683	0	52448.5623	0
485	1675	-465.6685	0	52448.5627	0
486	1675	-465.6685	0	52448.5631	0
487	1675	-465.6687	0	52448.5643	0
488	1675	-465.6689	0	52448.5659	0
489	1675	-465.6689	0	52448.5676	0
490	1675	-465.6690	0	52448.5694	0
491	1675	-465.6689	0	52448.5699	0
492	1675	-465.6689	0	52448.5703	0
493	1675	-465.6690	0	52448.5712	0
494	1675	-465.6692	0	52448.5727	0
495	1675	-465.6695	0	52448.5745	0
496	1675	-465.6700	0	52448.5764	0
497	1675	-465.6704	0	52448.5777	0
498	1675	-465.6706	0	52448.5782	0
499	1675	-465.6708	0	52448.5794	0
500	1675	-465.6709	0	52448.5810	0
501	1675	-465.6708	0	52448.5817	0
502	1675	-465.6709	0	52448.5840	0
503	1675	-465.6690	0	52448.5710	0
504	1675	-465.6683	0	52448.5655	0
506	1675	-465.6685	0	52448.5663	0
507	1675	-465.6692	0	52448.5681	0
508	1675	-465.6717	0	52448.5826	0
509	1675	-465.6725	0	52448.5872	0
510	1675	-465.6728	0	52448.5898	0
511	1675	-465.6729	0	52448.5921	0
512	1675	-465.6728	0	52448.5947	0
513	1675	-465.6724	0	52448.5966	0
514	1675	-465.6720	0	52448.5984	0
515	1675	-465.6713	0	52448.5996	0
516	1675	-465.6707	0	52448.6002	0
517	1675	-465.6701	0	52448.6006	0
518	1675	-465.6699	0	52448.6025	0
519	1675	-465.6695	0	52448.6042	0
520	1675	-465.6690	0	52448.6064	0
521	1675	-465.6685	0	52448.6078	0
522	1675	-465.6680	0	52448.6084	0
523	1675	-465.6675	0	52448.6091	0
524	1675	-465.6665	0	52448.6103	0
525	1675	-465.6650	0	52448.6118	0
526	1675	-465.6642	0	52448.6136	0
527	1675	-465.6642	0	52448.6149	0
528	1675	-465.6639	0	52448.6155	0
529	1675	-465.6633	0	52448.6159	0
530	1675	-465.6627	0	52448.6172	0
531	1675	-465.6622	0	52448.6191	0
532	1675	-465.6616	0	52448.6210	0
533	1675	-465.6610	0	52448.6227	0
534	1675	-465.6605	0	52448.6237	0
535	1675	-465.6598	0	52448.6240	0
536	1675	-465.6588	0	52448.6246	0
537	1675	-465.6571	0	52448.6263	0
538	1675	-465.6561	0	52448.6281	0
539	1675	-465.6559	0	52448.6299	0
540	1675	-465.6558	0	52448.6309	0
541	1675	-465.6552	0	52448.6315	0
542	1675	-465.6546	0	52448.6324	0
543	1675	-465.6541	0	52448.6346	0
544	1675	-465.6534	0	52448.6364	0
545	1675	-465.6528	0	52448.6385	0
546	1675	-465.6520	0	52448.6398	0
547	1675	-465.6512	0	52448.6404	0
548	1675	-465.6499	0	52448.6409	0
549	1675	-465.6483	0	52448.6421	0
550	1675	-465.6466	0	52448.6437	0
551	1675	-465.6462	0	52448.6453	0
552	1675	-465.6460	0	52448.6465	0
553	1675	-465.6456	0	52448.6470	0
554	1675	-465.6449	0	52448.6475	0
555	1675	-465.6442	0	52448.6492	0
556	1675	-465.6429	0	52448.6509	0
557	1675	-465.6419	0	52448.6519	0
558	1675	-465.6409	0	52448.6528	0
559	1675	-465.6397	0	52448.6532	0
560	1675	-465.6383	0	52448.6537	0
561	1675	-465.6368	0	52448.6543	0
562	1675	-465.6350	0	52448.6552	0
563	1675	-465.6338	0	52448.6561	0
564	1675	-465.6327	0	52448.6569	0
565	1675	-465.6316	0	52448.6574	0
566	1675	-465.6304	0	52448.6578	0
567	1675	-465.6290	0	52448.6582	0
568	1675	-465.6277	0	52448.6591	0
569	1675	-465.6265	0	52448.6601	0
570	1675	-465.6255	0	52448.6612	0
571	1675	-465.6245	0	52448.6620	0
572	1675	-465.6231	0	52448.6624	0
573	1675	-465.6222	0	52448.6628	0
574	1675	-465.6218	0	52448.6634	0
575	1675	-465.6215	0	52448.6643	0
576	1675	-465.6214	0	52448.6650	0
577	1675	-465.6215	0	52448.6653	0
578	1675	-465.6218	0	52448.6655	0
579	1675	-465.6221	0	52448.6658	0
580	1675	-465.6224	0	52448.6662	0
581	1675	-465.6223	0	52448.6667	0
582	1675	-465.6220	0	52448.6673	0
583	1675	-465.6218	0	52448.6679	0
584	1675	-465.6211	0	52448.6684	0
585	1675	-465.6204	0	52448.6687	0
586	1675	-465.6194	0	52448.6694	0
587	1675	-465.6184	0	52448.6700	0
588	1675	-465.6172	0	52448.6709	0
589	1675	-465.6158	0	52448.6715	0
590	1675	-465.6146	0	52448.6718	0
591	1675	-465.6147	0	52448.6718	0
592	1675	-465.6140	0	52448.6719	0
593	1675	-465.6130	0	52448.6722	0
594	1675	-465.6124	0	52448.6728	0
595	1675	-465.6115	0	52448.6733	0
596	1675	-465.6102	0	52448.6735	0
597	1675	-465.6089	0	52448.6734	0
598	1675	-465.6077	0	52448.6731	0
599	1675	-465.6066	0	52448.6733	0
600	1675	-465.6054	0	52448.6737	0
601	1675	-465.6037	0	52448.6742	0
602	1675	-465.6025	0	52448.6744	0
603	1675	-465.6012	0	52448.6745	0
604	1675	-465.5990	0	52448.6749	0
605	1675	-465.5986	0	52448.6754	0
606	1675	-465.5965	0	52448.6764	0
607	1675	-465.5950	0	52448.6775	0
608	1675	-465.5937	0	52448.6784	0
609	1675	-465.5915	0	52448.6793	0
610	1675	-465.5902	0	52448.6799	0
611	1675	-465.5884	0	52448.6808	0
612	1675	-465.5871	0	52448.6820	0
