1	1676	-465.7370	0	52448.0535	0
2	1676	-465.7370	0	52448.0535	0
3	1676	-465.7370	0	52448.0524	0
4	1676	-465.7370	0	52448.0508	0
5	1676	-465.7369	0	52448.0515	0
6	1676	-465.7369	0	52448.0517	0
7	1676	-465.7367	0	52448.0518	0
8	1676	-465.7368	0	52448.0509	0
9	1676	-465.7370	0	52448.0505	0
10	1676	-465.7372	0	52448.0515	0
11	1676	-465.7372	0	52448.0538	0
12	1676	-465.7372	0	52448.0557	0
13	1676	-465.7374	0	52448.0554	0
14	1676	-465.7376	0	52448.0574	0
15	1676	-465.7378	0	52448.0581	0
16	1676	-465.7377	0	52448.0603	0
17	1676	-465.7377	0	52448.0611	0
18	1676	-465.7377	0	52448.0614	0
19	1676	-465.7379	0	52448.0615	0
20	1676	-465.7379	0	52448.0615	0
21	1676	-465.7378	0	52448.0624	0
22	1676	-465.7377	0	52448.0647	0
23	1676	-465.7376	0	52448.0665	0
24	1676	-465.7377	0	52448.0672	0
25	1676	-465.7378	0	52448.0664	0
26	1676	-465.7377	0	52448.0671	0
27	1676	-465.7377	0	52448.0682	0
28	1676	-465.7375	0	52448.0686	0
29	1676	-465.7373	0	52448.0687	0
30	1676	-465.7372	0	52448.0678	0
31	1676	-465.7370	0	52448.0683	0
32	1676	-465.7369	0	52448.0695	0
33	1676	-465.7368	0	52448.0718	0
34	1676	-465.7367	0	52448.0726	0
35	1676	-465.7367	0	52448.0739	0
36	1676	-465.7367	0	52448.0743	0
37	1676	-465.7366	0	52448.0744	0
38	1676	-465.7362	0	52448.0773	0
39	1676	-465.7359	0	52448.0783	0
40	1676	-465.7357	0	52448.0786	0
41	1676	-465.7357	0	52448.0777	0
42	1676	-465.7358	0	52448.0765	0
43	1676	-465.7358	0	52448.0778	0
44	1676	-465.7356	0	52448.0792	0
45	1676	-465.7359	0	52448.0789	0
46	1676	-465.7357	0	52448.0805	0
47	1676	-465.7356	0	52448.0821	0
48	1676	-465.7354	0	52448.0835	0
49	1676	-465.7353	0	52448.0840	0
50	1676	-465.7351	0	52448.0842	0
51	1676	-465.7351	0	52448.0824	0
52	1676	-465.7350	0	52448.0816	0
53	1676	-465.7349	0	52448.0832	0
54	1676	-465.7351	0	52448.0829	0
55	1676	-465.7351	0	52448.0837	0
56	1676	-465.7353	0	52448.0849	0
57	1676	-465.7355	0	52448.0844	0
58	1676	-465.7355	0	52448.0842	0
59	1676	-465.7354	0	52448.0850	0
60	1676	-465.7352	0	52448.0871	0
61	1676	-465.7351	0	52448.0870	0
62	1676	-465.7349	0	52448.0869	0
63	1676	-465.7348	0	52448.0878	0
64	1676	-465.7347	0	52448.0881	0
65	1676	-465.7348	0	52448.0891	0
66	1676	-465.7350	0	52448.0904	0
67	1676	-465.7353	0	52448.0909	0
68	1676	-465.7354	0	52448.0910	0
69	1676	-465.7355	0	52448.0911	0
70	1676	-465.7353	0	52448.0937	0
71	1676	-465.7351	0	52448.0956	0
72	1676	-465.7348	0	52448.0981	0
73	1676	-465.7347	0	52448.0980	0
74	1676	-465.7346	0	52448.0980	0
75	1676	-465.7346	0	52448.0980	0
76	1676	-465.7345	0	52448.0988	0
77	1676	-465.7343	0	52448.1026	0
78	1676	-465.7342	0	52448.1049	0
79	1676	-465.7342	0	52448.1065	0
80	1676	-465.7343	0	52448.1072	0
81	1676	-465.7342	0	52448.1082	0
82	1676	-465.7340	0	52448.1102	0
83	1676	-465.7338	0	52448.1110	0
84	1676	-465.7338	0	52448.1103	0
85	1676	-465.7336	0	52448.1117	0
86	1676	-465.7336	0	52448.1114	0
87	1676	-465.7336	0	52448.1120	0
88	1676	-465.7335	0	52448.1140	0
89	1676	-465.7337	0	52448.1138	0
90	1676	-465.7338	0	52448.1138	0
91	1676	-465.7339	0	52448.1129	0
92	1676	-465.7340	0	52448.1125	0
93	1676	-465.7338	0	52448.1148	0
94	1676	-465.7337	0	52448.1166	0
95	1676	-465.7336	0	52448.1172	0
96	1676	-465.7334	0	52448.1165	0
97	1676	-465.7334	0	52448.1163	0
98	1676	-465.7334	0	52448.1178	0
99	1676	-465.7335	0	52448.1201	0
100	1676	-465.7338	0	52448.1201	0
101	1676	-465.7340	0	52448.1209	0
102	1676	-465.7344	0	52448.1204	0
103	1676	-465.7344	0	52448.1210	0
104	1676	-465.7343	0	52448.1220	0
105	1676	-465.7342	0	52448.1248	0
106	1676	-465.7342	0	52448.1251	0
107	1676	-465.7340	0	52448.1259	0
108	1676	-465.7339	0	52448.1246	0
109	1676	-465.7339	0	52448.1240	0
110	1676	-465.7337	0	52448.1255	0
111	1676	-465.7336	0	52448.1276	0
112	1676	-465.7336	0	52448.1292	0
113	1676	-465.7336	0	52448.1298	0
114	1676	-465.7336	0	52448.1300	0
115	1676	-465.7334	0	52448.1300	0
116	1676	-465.7331	0	52448.1316	0
117	1676	-465.7328	0	52448.1338	0
118	1676	-465.7324	0	52448.1337	0
119	1676	-465.7323	0	52448.1337	0
120	1676	-465.7322	0	52448.1328	0
121	1676	-465.7321	0	52448.1340	0
122	1676	-465.7320	0	52448.1361	0
123	1676	-465.7319	0	52448.1376	0
124	1676	-465.7321	0	52448.1382	0
125	1676	-465.7322	0	52448.1400	0
126	1676	-465.7322	0	52448.1422	0
127	1676	-465.7320	0	52448.1445	0
128	1676	-465.7316	0	52448.1461	0
129	1676	-465.7313	0	52448.1482	0
130	1676	-465.7313	0	52448.1482	0
131	1676	-465.7316	0	52448.1489	0
132	1676	-465.7317	0	52448.1507	0
133	1676	-465.7318	0	52448.1521	0
134	1676	-465.7318	0	52448.1541	0
135	1676	-465.7319	0	52448.1548	0
136	1676	-465.7322	0	52448.1550	0
137	1676	-465.7322	0	52448.1558	0
138	1676	-465.7319	0	52448.1576	0
139	1676	-465.7317	0	52448.1589	0
140	1676	-465.7314	0	52448.1594	0
141	1676	-465.7313	0	52448.1595	0
142	1676	-465.7314	0	52448.1595	0
143	1676	-465.7315	0	52448.1602	0
144	1676	-465.7315	0	52448.1620	0
145	1676	-465.7313	0	52448.1633	0
146	1676	-465.7313	0	52448.1638	0
147	1676	-465.7312	0	52448.1639	0
148	1676	-465.7309	0	52448.1654	0
149	1676	-465.7307	0	52448.1666	0
150	1676	-465.7307	0	52448.1671	0
151	1676	-465.7306	0	52448.1679	0
152	1676	-465.7308	0	52448.1675	0
153	1676	-465.7307	0	52448.1687	0
154	1676	-465.7306	0	52448.1706	0
155	1676	-465.7307	0	52448.1720	0
156	1676	-465.7309	0	52448.1718	0
157	1676	-465.7313	0	52448.1725	0
158	1676	-465.7312	0	52448.1748	0
159	1676	-465.7313	0	52448.1764	0
160	1676	-465.7311	0	52448.1776	0
161	1676	-465.7309	0	52448.1795	0
162	1676	-465.7308	0	52448.1794	0
163	1676	-465.7309	0	52448.1793	0
164	1676	-465.7309	0	52448.1793	0
165	1676	-465.7308	0	52448.1813	0
166	1676	-465.7308	0	52448.1835	0
167	1676	-465.7311	0	52448.1836	0
168	1676	-465.7312	0	52448.1842	0
169	1676	-465.7313	0	52448.1838	0
170	1676	-465.7311	0	52448.1849	0
171	1676	-465.7307	0	52448.1867	0
172	1676	-465.7305	0	52448.1880	0
173	1676	-465.7302	0	52448.1885	0
174	1676	-465.7300	0	52448.1879	0
175	1676	-465.7301	0	52448.1884	0
176	1676	-465.7300	0	52448.1892	0
177	1676	-465.7300	0	52448.1901	0
178	1676	-465.7301	0	52448.1919	0
179	1676	-465.7302	0	52448.1931	0
180	1676	-465.7302	0	52448.1929	0
181	1676	-465.7302	0	52448.1935	0
182	1676	-465.7299	0	52448.1950	0
183	1676	-465.7297	0	52448.1948	0
184	1676	-465.7295	0	52448.1954	0
185	1676	-465.7296	0	52448.1950	0
186	1676	-465.7296	0	52448.1941	0
187	1676	-465.7298	0	52448.1937	0
188	1676	-465.7297	0	52448.1956	0
189	1676	-465.7298	0	52448.1976	0
190	1676	-465.7299	0	52448.1984	0
191	1676	-465.7301	0	52448.1980	0
192	1676	-465.7301	0	52448.1978	0
193	1676	-465.7299	0	52448.1984	0
194	1676	-465.7297	0	52448.1999	0
195	1676	-465.7293	0	52448.2011	0
196	1676	-465.7291	0	52448.2015	0
197	1676	-465.7290	0	52448.2016	0
198	1676	-465.7289	0	52448.2010	0
199	1676	-465.7289	0	52448.2020	0
200	1676	-465.7288	0	52448.2031	0
201	1676	-465.7287	0	52448.2041	0
202	1676	-465.7288	0	52448.2038	0
203	1676	-465.7288	0	52448.2043	0
204	1676	-465.7287	0	52448.2038	0
205	1676	-465.7286	0	52448.2049	0
206	1676	-465.7283	0	52448.2073	0
207	1676	-465.7282	0	52448.2081	0
208	1676	-465.7280	0	52448.2084	0
209	1676	-465.7280	0	52448.2091	0
210	1676	-465.7281	0	52448.2100	0
211	1676	-465.7280	0	52448.2116	0
212	1676	-465.7281	0	52448.2128	0
213	1676	-465.7284	0	52448.2133	0
214	1676	-465.7286	0	52448.2140	0
215	1676	-465.7289	0	52448.2137	0
216	1676	-465.7287	0	52448.2148	0
217	1676	-465.7285	0	52448.2170	0
218	1676	-465.7282	0	52448.2184	0
219	1676	-465.7278	0	52448.2202	0
220	1676	-465.7278	0	52448.2208	0
221	1676	-465.7280	0	52448.2204	0
222	1676	-465.7280	0	52448.2214	0
223	1676	-465.7280	0	52448.2230	0
224	1676	-465.7279	0	52448.2254	0
225	1676	-465.7281	0	52448.2263	0
226	1676	-465.7283	0	52448.2266	0
227	1676	-465.7283	0	52448.2273	0
228	1676	-465.7281	0	52448.2293	0
229	1676	-465.7280	0	52448.2306	0
230	1676	-465.7279	0	52448.2329	0
231	1676	-465.7279	0	52448.2331	0
232	1676	-465.7278	0	52448.2337	0
233	1676	-465.7278	0	52448.2339	0
234	1676	-465.7278	0	52448.2345	0
235	1676	-465.7278	0	52448.2365	0
236	1676	-465.7278	0	52448.2384	0
237	1676	-465.7280	0	52448.2385	0
238	1676	-465.7281	0	52448.2396	0
239	1676	-465.7281	0	52448.2412	0
240	1676	-465.7280	0	52448.2429	0
241	1676	-465.7278	0	52448.2440	0
242	1676	-465.7276	0	52448.2450	0
243	1676	-465.7274	0	52448.2453	0
244	1676	-465.7273	0	52448.2454	0
245	1676	-465.7271	0	52448.2454	0
246	1676	-465.7271	0	52448.2465	0
247	1676	-465.7272	0	52448.2486	0
248	1676	-465.7272	0	52448.2510	0
249	1676	-465.7271	0	52448.2519	0
250	1676	-465.7271	0	52448.2527	0
251	1676	-465.7270	0	52448.2530	0
252	1676	-465.7268	0	52448.2542	0
253	1676	-465.7265	0	52448.2551	0
254	1676	-465.7263	0	52448.2554	0
255	1676	-465.7261	0	52448.2560	0
256	1676	-465.7260	0	52448.2557	0
257	1676	-465.7261	0	52448.2555	0
258	1676	-465.7259	0	52448.2560	0
259	1676	-465.7257	0	52448.2578	0
260	1676	-465.7258	0	52448.2579	0
261	1676	-465.7258	0	52448.2584	0
262	1676	-465.7255	0	52448.2586	0
263	1676	-465.7254	0	52448.2597	0
264	1676	-465.7251	0	52448.2617	0
265	1676	-465.7248	0	52448.2630	0
266	1676	-465.7244	0	52448.2640	0
267	1676	-465.7242	0	52448.2638	0
268	1676	-465.7240	0	52448.2637	0
269	1676	-465.7239	0	52448.2636	0
270	1676	-465.7238	0	52448.2641	0
271	1676	-465.7238	0	52448.2653	0
272	1676	-465.7237	0	52448.2668	0
273	1676	-465.7236	0	52448.2679	0
274	1676	-465.7235	0	52448.2677	0
275	1676	-465.7233	0	52448.2697	0
276	1676	-465.7230	0	52448.2715	0
277	1676	-465.7227	0	52448.2737	0
278	1676	-465.7225	0	52448.2745	0
279	1676	-465.7224	0	52448.2737	0
280	1676	-465.7224	0	52448.2734	0
281	1676	-465.7224	0	52448.2747	0
282	1676	-465.7227	0	52448.2753	0
283	1676	-465.7228	0	52448.2759	0
284	1676	-465.7227	0	52448.2777	0
285	1676	-465.7226	0	52448.2773	0
286	1676	-465.7226	0	52448.2771	0
287	1676	-465.7226	0	52448.2786	0
288	1676	-465.7222	0	52448.2791	0
289	1676	-465.7219	0	52448.2792	0
290	1676	-465.7217	0	52448.2798	0
291	1676	-465.7217	0	52448.2794	0
292	1676	-465.7217	0	52448.2798	0
293	1676	-465.7217	0	52448.2809	0
294	1676	-465.7218	0	52448.2829	0
295	1676	-465.7221	0	52448.2841	0
296	1676	-465.7221	0	52448.2840	0
297	1676	-465.7220	0	52448.2854	0
298	1676	-465.7218	0	52448.2874	0
299	1676	-465.7214	0	52448.2886	0
300	1676	-465.7211	0	52448.2885	0
301	1676	-465.7211	0	52448.2890	0
302	1676	-465.7211	0	52448.2891	0
303	1676	-465.7210	0	52448.2901	0
304	1676	-465.7210	0	52448.2919	0
305	1676	-465.7210	0	52448.2935	0
306	1676	-465.7209	0	52448.2941	0
307	1676	-465.7210	0	52448.2948	0
308	1676	-465.7207	0	52448.2964	0
309	1676	-465.7203	0	52448.2984	0
310	1676	-465.7198	0	52448.2991	0
311	1676	-465.7195	0	52448.2984	0
312	1676	-465.7193	0	52448.2986	0
313	1676	-465.7191	0	52448.2995	0
314	1676	-465.7190	0	52448.3008	0
315	1676	-465.7188	0	52448.3027	0
316	1676	-465.7185	0	52448.3038	0
317	1676	-465.7183	0	52448.3042	0
318	1676	-465.7179	0	52448.3048	0
319	1676	-465.7176	0	52448.3054	0
320	1676	-465.7171	0	52448.3060	0
321	1676	-465.7167	0	52448.3067	0
322	1676	-465.7163	0	52448.3074	0
323	1676	-465.7160	0	52448.3081	0
324	1676	-465.7157	0	52448.3083	0
325	1676	-465.7156	0	52448.3084	0
326	1676	-465.7154	0	52448.3093	0
327	1676	-465.7155	0	52448.3105	0
328	1676	-465.7156	0	52448.3114	0
329	1676	-465.7158	0	52448.3112	0
330	1676	-465.7157	0	52448.3116	0
331	1676	-465.7155	0	52448.3131	0
332	1676	-465.7152	0	52448.3140	0
333	1676	-465.7147	0	52448.3153	0
334	1676	-465.7143	0	52448.3161	0
335	1676	-465.7141	0	52448.3155	0
336	1676	-465.7138	0	52448.3157	0
337	1676	-465.7137	0	52448.3158	0
338	1676	-465.7135	0	52448.3175	0
339	1676	-465.7133	0	52448.3191	0
340	1676	-465.7134	0	52448.3192	0
341	1676	-465.7134	0	52448.3183	0
342	1676	-465.7133	0	52448.3188	0
343	1676	-465.7131	0	52448.3203	0
344	1676	-465.7128	0	52448.3222	0
345	1676	-465.7123	0	52448.3233	0
346	1676	-465.7120	0	52448.3237	0
347	1676	-465.7117	0	52448.3238	0
348	1676	-465.7115	0	52448.3246	0
349	1676	-465.7113	0	52448.3258	0
350	1676	-465.7112	0	52448.3271	0
351	1676	-465.7113	0	52448.3275	0
352	1676	-465.7115	0	52448.3281	0
353	1676	-465.7115	0	52448.3287	0
354	1676	-465.7116	0	52448.3298	0
355	1676	-465.7115	0	52448.3314	0
356	1676	-465.7113	0	52448.3328	0
357	1676	-465.7111	0	52448.3337	0
358	1676	-465.7109	0	52448.3344	0
359	1676	-465.7109	0	52448.3347	0
360	1676	-465.7110	0	52448.3347	0
361	1676	-465.7111	0	52448.3355	0
362	1676	-465.7114	0	52448.3362	0
363	1676	-465.7116	0	52448.3369	0
364	1676	-465.7117	0	52448.3375	0
365	1676	-465.7117	0	52448.3394	0
366	1676	-465.7116	0	52448.3408	0
367	1676	-465.7116	0	52448.3409	0
368	1676	-465.7115	0	52448.3422	0
369	1676	-465.7115	0	52448.3422	0
370	1676	-465.7117	0	52448.3426	0
371	1676	-465.7119	0	52448.3435	0
372	1676	-465.7121	0	52448.3458	0
373	1676	-465.7123	0	52448.3466	0
374	1676	-465.7126	0	52448.3469	0
375	1676	-465.7129	0	52448.3466	0
376	1676	-465.7132	0	52448.3469	0
377	1676	-465.7132	0	52448.3477	0
378	1676	-465.7132	0	52448.3492	0
379	1676	-465.7131	0	52448.3497	0
380	1676	-465.7131	0	52448.3499	0
381	1676	-465.7131	0	52448.3495	0
382	1676	-465.7130	0	52448.3497	0
383	1676	-465.7130	0	52448.3506	0
384	1676	-465.7128	0	52448.3524	0
385	1676	-465.7129	0	52448.3535	0
386	1676	-465.7130	0	52448.3542	0
387	1676	-465.7131	0	52448.3541	0
388	1676	-465.7130	0	52448.3552	0
389	1676	-465.7129	0	52448.3563	0
390	1676	-465.7127	0	52448.3579	0
391	1676	-465.7125	0	52448.3588	0
392	1676	-465.7122	0	52448.3587	0
393	1676	-465.7121	0	52448.3587	0
394	1676	-465.7120	0	52448.3583	0
395	1676	-465.7119	0	52448.3592	0
396	1676	-465.7119	0	52448.3618	0
397	1676	-465.7120	0	52448.3627	0
398	1676	-465.7121	0	52448.3634	0
399	1676	-465.7122	0	52448.3629	0
400	1676	-465.7122	0	52448.3638	0
401	1676	-465.7121	0	52448.3648	0
402	1676	-465.7119	0	52448.3670	0
403	1676	-465.7115	0	52448.3689	0
404	1676	-465.7115	0	52448.3688	0
405	1676	-465.7113	0	52448.3688	0
406	1676	-465.7112	0	52448.3695	0
407	1676	-465.7113	0	52448.3704	0
408	1676	-465.7115	0	52448.3714	0
409	1676	-465.7118	0	52448.3714	0
410	1676	-465.7119	0	52448.3721	0
411	1676	-465.7121	0	52448.3731	0
412	1676	-465.7120	0	52448.3744	0
413	1676	-465.7118	0	52448.3760	0
414	1676	-465.7115	0	52448.3776	0
415	1676	-465.7113	0	52448.3785	0
416	1676	-465.7111	0	52448.3785	0
417	1676	-465.7109	0	52448.3788	0
418	1676	-465.7107	0	52448.3802	0
419	1676	-465.7106	0	52448.3811	0
420	1676	-465.7107	0	52448.3824	0
421	1676	-465.7108	0	52448.3832	0
422	1676	-465.7108	0	52448.3835	0
423	1676	-465.7107	0	52448.3855	0
424	1676	-465.7106	0	52448.3876	0
425	1676	-465.7103	0	52448.3884	0
426	1676	-465.7101	0	52448.3890	0
427	1676	-465.7098	0	52448.3895	0
428	1676	-465.7096	0	52448.3903	0
429	1676	-465.7094	0	52448.3909	0
430	1676	-465.7092	0	52448.3924	0
431	1676	-465.7092	0	52448.3936	0
432	1676	-465.7093	0	52448.3937	0
433	1676	-465.7093	0	52448.3937	0
434	1676	-465.7091	0	52448.3952	0
435	1676	-465.7087	0	52448.3977	0
436	1676	-465.7082	0	52448.3983	0
437	1676	-465.7077	0	52448.3988	0
438	1676	-465.7075	0	52448.3980	0
439	1676	-465.7071	0	52448.3983	0
440	1676	-465.7066	0	52448.3994	0
441	1676	-465.7063	0	52448.3997	0
442	1676	-465.7062	0	52448.4005	0
443	1676	-465.7063	0	52448.4004	0
444	1676	-465.7063	0	52448.3997	0
445	1676	-465.7062	0	52448.3991	0
446	1676	-465.7061	0	52448.3989	0
447	1676	-465.7057	0	52448.3997	0
448	1676	-465.7052	0	52448.4013	0
449	1676	-465.7049	0	52448.4016	0
450	1676	-465.7048	0	52448.3992	0
451	1676	-465.7046	0	52448.3959	0
452	1676	-465.7046	0	52448.3964	0
453	1676	-465.7047	0	52448.3972	0
454	1676	-465.7048	0	52448.4026	0
455	1676	-465.7048	0	52448.4063	0
456	1676	-465.7046	0	52448.4060	0
457	1676	-465.7045	0	52448.4055	0
458	1676	-465.7042	0	52448.4068	0
459	1676	-465.7041	0	52448.4088	0
460	1676	-465.7038	0	52448.4116	0
461	1676	-465.7036	0	52448.4126	0
462	1676	-465.7034	0	52448.4133	0
463	1676	-465.7032	0	52448.4144	0
464	1676	-465.7030	0	52448.4171	0
465	1676	-465.7030	0	52448.4186	0
466	1676	-465.7029	0	52448.4212	0
467	1676	-465.7030	0	52448.4210	0
468	1676	-465.7030	0	52448.4211	0
469	1676	-465.7030	0	52448.4217	0
470	1676	-465.7031	0	52448.4222	0
471	1676	-465.7031	0	52448.4229	0
472	1676	-465.7029	0	52448.4242	0
473	1676	-465.7026	0	52448.4256	0
474	1676	-465.7026	0	52448.4241	0
475	1676	-465.7025	0	52448.4174	0
476	1676	-465.7026	0	52448.4211	0
477	1676	-465.7027	0	52448.4246	0
478	1676	-465.7028	0	52448.4264	0
479	1676	-465.7029	0	52448.4271	0
480	1676	-465.7030	0	52448.4282	0
481	1676	-465.7030	0	52448.4307	0
482	1676	-465.7030	0	52448.4330	0
483	1676	-465.7030	0	52448.4330	0
484	1676	-465.7030	0	52448.4332	0
485	1676	-465.7030	0	52448.4319	0
486	1676	-465.7030	0	52448.4328	0
487	1676	-465.7030	0	52448.4325	0
488	1676	-465.7031	0	52448.4326	0
489	1676	-465.7030	0	52448.4318	0
490	1676	-465.7029	0	52448.4326	0
491	1676	-465.7032	0	52448.4343	0
492	1676	-465.7036	0	52448.4388	0
493	1676	-465.7039	0	52448.4422	0
494	1676	-465.7041	0	52448.4438	0
495	1676	-465.7041	0	52448.4448	0
496	1676	-465.7040	0	52448.4447	0
497	1676	-465.7038	0	52448.4438	0
498	1676	-465.7037	0	52448.4452	0
499	1676	-465.7037	0	52448.4442	0
500	1676	-465.7037	0	52448.4446	0
501	1676	-465.7035	0	52448.4419	0
502	1676	-465.7034	0	52448.4426	0
503	1676	-465.7034	0	52448.4439	0
504	1676	-465.7035	0	52448.4454	0
505	1676	-465.7036	0	52448.4477	0
506	1676	-465.7038	0	52448.4475	0
507	1676	-465.7038	0	52448.4487	0
508	1676	-465.7038	0	52448.4491	0
509	1676	-465.7036	0	52448.4502	0
510	1676	-465.7034	0	52448.4496	0
511	1676	-465.7030	0	52448.4504	0
512	1676	-465.7028	0	52448.4509	0
513	1676	-465.7027	0	52448.4501	0
514	1676	-465.7026	0	52448.4530	0
515	1676	-465.7026	0	52448.4540	0
516	1676	-465.7026	0	52448.4546	0
517	1676	-465.7027	0	52448.4548	0
518	1676	-465.7029	0	52448.4541	0
519	1676	-465.7031	0	52448.4526	0
520	1676	-465.7032	0	52448.4517	0
521	1676	-465.7031	0	52448.4524	0
522	1676	-465.7032	0	52448.4549	0
523	1676	-465.7030	0	52448.4587	0
524	1676	-465.7028	0	52448.4605	0
525	1676	-465.7026	0	52448.4612	0
526	1676	-465.7025	0	52448.4628	0
527	1676	-465.7024	0	52448.4636	0
528	1676	-465.7023	0	52448.4650	0
529	1676	-465.7023	0	52448.4646	0
530	1676	-465.7025	0	52448.4649	0
531	1676	-465.7025	0	52448.4661	0
532	1676	-465.7023	0	52448.4663	0
533	1676	-465.7020	0	52448.4693	0
534	1676	-465.7017	0	52448.4730	0
535	1676	-465.7014	0	52448.4748	0
536	1676	-465.7012	0	52448.4763	0
537	1676	-465.7010	0	52448.4785	0
538	1676	-465.7009	0	52448.4790	0
539	1676	-465.7009	0	52448.4797	0
540	1676	-465.7009	0	52448.4805	0
541	1676	-465.7008	0	52448.4796	0
542	1676	-465.7007	0	52448.4777	0
543	1676	-465.7005	0	52448.4784	0
544	1676	-465.7003	0	52448.4819	0
545	1676	-465.7002	0	52448.4856	0
546	1676	-465.6998	0	52448.4876	0
547	1676	-465.6995	0	52448.4887	0
548	1676	-465.6993	0	52448.4899	0
549	1676	-465.6991	0	52448.4911	0
550	1676	-465.6988	0	52448.4925	0
551	1676	-465.6988	0	52448.4934	0
552	1676	-465.6984	0	52448.4945	0
553	1676	-465.6980	0	52448.4968	0
554	1676	-465.6976	0	52448.4987	0
555	1676	-465.6972	0	52448.5004	0
556	1676	-465.6968	0	52448.5012	0
557	1676	-465.6966	0	52448.5014	0
558	1676	-465.6963	0	52448.5021	0
559	1676	-465.6961	0	52448.5028	0
560	1676	-465.6959	0	52448.5040	0
561	1676	-465.6957	0	52448.5059	0
562	1676	-465.6954	0	52448.5071	0
563	1676	-465.6949	0	52448.5081	0
564	1676	-465.6943	0	52448.5092	0
565	1676	-465.6937	0	52448.5108	0
566	1676	-465.6931	0	52448.5130	0
567	1676	-465.6927	0	52448.5152	0
568	1676	-465.6921	0	52448.5152	0
569	1676	-465.6917	0	52448.5153	0
570	1676	-465.6914	0	52448.5156	0
571	1676	-465.6912	0	52448.5164	0
572	1676	-465.6912	0	52448.5177	0
573	1676	-465.6913	0	52448.5197	0
574	1676	-465.6914	0	52448.5190	0
575	1676	-465.6915	0	52448.5196	0
576	1676	-465.6921	0	52448.5228	0
577	1676	-465.6928	0	52448.5240	0
578	1676	-465.6937	0	52448.5265	0
579	1676	-465.6944	0	52448.5269	0
580	1676	-465.6951	0	52448.5271	0
581	1676	-465.6957	0	52448.5267	0
582	1676	-465.6963	0	52448.5245	0
583	1676	-465.6969	0	52448.5229	0
584	1676	-465.6972	0	52448.5209	0
585	1676	-465.6974	0	52448.5169	0
586	1676	-465.6976	0	52448.5181	0
587	1676	-465.6968	0	52448.5185	0
588	1676	-465.6980	0	52448.5195	0
589	1676	-465.6984	0	52448.5213	0
590	1676	-465.6986	0	52448.5264	0
591	1676	-465.6987	0	52448.5279	0
592	1676	-465.6987	0	52448.5310	0
593	1676	-465.6990	0	52448.5303	0
594	1676	-465.6995	0	52448.5309	0
595	1676	-465.6999	0	52448.5306	0
596	1676	-465.7001	0	52448.5299	0
597	1676	-465.7001	0	52448.5291	0
598	1676	-465.7000	0	52448.5291	0
599	1676	-465.6998	0	52448.5290	0
600	1676	-465.6999	0	52448.5289	0
601	1676	-465.7001	0	52448.5284	0
602	1676	-465.7002	0	52448.5281	0
603	1676	-465.7008	0	52448.5284	0
604	1676	-465.7012	0	52448.5285	0
605	1676	-465.7017	0	52448.5291	0
606	1676	-465.7024	0	52448.5298	0
607	1676	-465.7031	0	52448.5297	0
608	1676	-465.7036	0	52448.5305	0
609	1676	-465.7041	0	52448.5318	0
610	1676	-465.7043	0	52448.5336	0
611	1676	-465.7044	0	52448.5349	0
612	1676	-465.7046	0	52448.5353	0
613	1676	-465.7050	0	52448.5353	0
614	1676	-465.7053	0	52448.5366	0
615	1676	-465.7055	0	52448.5396	0
616	1676	-465.7056	0	52448.5454	0
617	1676	-465.7054	0	52448.5514	0
618	1676	-465.7051	0	52448.5586	0
619	1676	-465.7045	0	52448.5662	0
620	1676	-465.7039	0	52448.5735	0
621	1676	-465.7033	0	52448.5799	0
622	1676	-465.7029	0	52448.5850	0
623	1676	-465.7027	0	52448.5877	0
624	1676	-465.7028	0	52448.5889	0
625	1676	-465.7030	0	52448.5894	0
626	1676	-465.7031	0	52448.5903	0
627	1676	-465.7032	0	52448.5914	0
628	1676	-465.7034	0	52448.5923	0
629	1676	-465.7036	0	52448.5925	0
630	1676	-465.7036	0	52448.5928	0
631	1676	-465.7035	0	52448.5937	0
632	1676	-465.7035	0	52448.5948	0
633	1676	-465.7033	0	52448.5961	0
634	1676	-465.7031	0	52448.5965	0
635	1676	-465.7030	0	52448.5967	0
636	1676	-465.7028	0	52448.5968	0
637	1676	-465.7028	0	52448.5980	0
638	1676	-465.7028	0	52448.5993	0
639	1676	-465.7028	0	52448.6004	0
640	1676	-465.7028	0	52448.6007	0
641	1676	-465.7028	0	52448.6009	0
642	1676	-465.7025	0	52448.6018	0
643	1676	-465.7022	0	52448.6033	0
644	1676	-465.7019	0	52448.6045	0
645	1676	-465.7016	0	52448.6050	0
646	1676	-465.7014	0	52448.6054	0
647	1676	-465.7012	0	52448.6058	0
648	1676	-465.7011	0	52448.6073	0
649	1676	-465.7011	0	52448.6085	0
650	1676	-465.7011	0	52448.6095	0
651	1676	-465.7011	0	52448.6097	0
652	1676	-465.7010	0	52448.6102	0
653	1676	-465.7008	0	52448.6113	0
654	1676	-465.7005	0	52448.6127	0
655	1676	-465.7001	0	52448.6141	0
656	1676	-465.6998	0	52448.6150	0
657	1676	-465.6996	0	52448.6154	0
658	1676	-465.6994	0	52448.6162	0
659	1676	-465.6994	0	52448.6178	0
660	1676	-465.6993	0	52448.6194	0
661	1676	-465.6993	0	52448.6202	0
662	1676	-465.6992	0	52448.6206	0
663	1676	-465.6989	0	52448.6211	0
664	1676	-465.6984	0	52448.6226	0
665	1676	-465.6979	0	52448.6242	0
666	1676	-465.6975	0	52448.6256	0
667	1676	-465.6972	0	52448.6264	0
668	1676	-465.6972	0	52448.6269	0
669	1676	-465.6972	0	52448.6274	0
670	1676	-465.6972	0	52448.6293	0
671	1676	-465.6971	0	52448.6308	0
672	1676	-465.6970	0	52448.6317	0
673	1676	-465.6967	0	52448.6323	0
674	1676	-465.6964	0	52448.6333	0
675	1676	-465.6960	0	52448.6351	0
676	1676	-465.6955	0	52448.6367	0
677	1676	-465.6953	0	52448.6375	0
678	1676	-465.6952	0	52448.6379	0
679	1676	-465.6953	0	52448.6387	0
680	1676	-465.6955	0	52448.6402	0
681	1676	-465.6955	0	52448.6418	0
682	1676	-465.6956	0	52448.6426	0
683	1676	-465.6956	0	52448.6431	0
684	1676	-465.6955	0	52448.6437	0
685	1676	-465.6954	0	52448.6451	0
686	1676	-465.6953	0	52448.6468	0
687	1676	-465.6951	0	52448.6485	0
688	1676	-465.6951	0	52448.6494	0
689	1676	-465.6950	0	52448.6499	0
690	1676	-465.6950	0	52448.6503	0
691	1676	-465.6949	0	52448.6507	0
692	1676	-465.6949	0	52448.6512	0
693	1676	-465.6949	0	52448.6516	0
694	1676	-465.6946	0	52448.6520	0
695	1676	-465.6944	0	52448.6523	0
696	1676	-465.6941	0	52448.6527	0
697	1676	-465.6938	0	52448.6533	0
698	1676	-465.6934	0	52448.6538	0
699	1676	-465.6930	0	52448.6542	0
700	1676	-465.6927	0	52448.6546	0
701	1676	-465.6924	0	52448.6553	0
702	1676	-465.6923	0	52448.6559	0
703	1676	-465.6923	0	52448.6564	0
704	1676	-465.6924	0	52448.6566	0
705	1676	-465.6924	0	52448.6570	0
706	1676	-465.6923	0	52448.6574	0
707	1676	-465.6921	0	52448.6582	0
708	1676	-465.6917	0	52448.6591	0
709	1676	-465.6913	0	52448.6598	0
710	1676	-465.6908	0	52448.6610	0
711	1676	-465.6906	0	52448.6618	0
712	1676	-465.6906	0	52448.6626	0
713	1676	-465.6908	0	52448.6634	0
714	1676	-465.6913	0	52448.6638	0
715	1676	-465.6916	0	52448.6642	0
716	1676	-465.6915	0	52448.6644	0
717	1676	-465.6912	0	52448.6649	0
718	1676	-465.6912	0	52448.6653	0
719	1676	-465.6915	0	52448.6658	0
720	1676	-465.6916	0	52448.6662	0
721	1676	-465.6919	0	52448.6667	0
722	1676	-465.6927	0	52448.6670	0
723	1676	-465.6931	0	52448.6673	0
724	1676	-465.6925	0	52448.6678	0
725	1676	-465.6928	0	52448.6681	0
726	1676	-465.6931	0	52448.6684	0
727	1676	-465.6931	0	52448.6690	0
728	1676	-465.6925	0	52448.6698	0
729	1676	-465.6919	0	52448.6707	0
