1	1677	-447.5556	0	52582.4527	0
2	1677	-447.5357	0	52582.2386	0
3	1677	-447.5190	0	52582.2018	0
4	1677	-447.5298	0	52582.2438	0
5	1677	-447.5641	0	52582.2587	0
6	1677	-447.5677	0	52582.1310	0
7	1677	-447.5667	0	52582.1729	0
8	1677	-447.5505	0	52582.0192	0
9	1677	-447.5586	0	52581.9205	0
10	1677	-447.5613	0	52581.8874	0
11	1677	-447.5633	0	52581.8760	0
12	1677	-447.5592	0	52581.8745	0
13	1677	-447.5563	0	52581.8341	0
14	1677	-447.5712	0	52581.6513	0
15	1677	-447.5839	0	52581.6699	0
16	1677	-447.5895	0	52581.5095	0
17	1677	-447.5848	0	52581.1955	0
18	1677	-447.5960	0	52581.1668	0
19	1677	-447.6169	0	52581.3293	0
20	1677	-447.6038	0	52581.3497	0
21	1677	-447.6066	0	52581.3606	0
22	1677	-447.5955	0	52581.2397	0
23	1677	-447.5975	0	52581.1519	0
24	1677	-447.6165	0	52581.1642	0
25	1677	-447.6455	0	52581.1276	0
26	1677	-447.6783	0	52581.2013	0
27	1677	-447.7242	0	52581.0600	0
28	1677	-447.7824	0	52580.9226	0
29	1677	-447.8343	0	52580.8306	0
30	1677	-447.8735	0	52580.6680	0
31	1677	-447.9296	0	52580.5220	0
32	1677	-447.9637	0	52580.3822	0
33	1677	-447.9897	0	52580.4209	0
34	1677	-448.0314	0	52580.4822	0
35	1677	-448.0360	0	52580.4213	0
36	1677	-448.0474	0	52580.2681	0
37	1677	-448.0669	0	52580.2134	0
38	1677	-448.0873	0	52580.1966	0
39	1677	-448.0773	0	52580.0149	0
40	1677	-448.0602	0	52579.8139	0
41	1677	-448.0403	0	52579.6956	0
42	1677	-448.0366	0	52579.7005	0
43	1677	-448.0359	0	52579.7045	0
44	1677	-448.0368	0	52579.8002	0
45	1677	-448.0270	0	52579.8386	0
46	1677	-448.0152	0	52579.7650	0
47	1677	-448.0150	0	52579.7390	0
48	1677	-448.0166	0	52579.6402	0
49	1677	-448.0119	0	52579.6052	0
50	1677	-447.9428	0	52579.5468	0
51	1677	-447.8954	0	52579.5265	0
52	1677	-447.8369	0	52579.5654	0
53	1677	-447.7851	0	52579.5355	0
54	1677	-447.7518	0	52579.2978	0
55	1677	-447.7162	0	52579.0703	0
56	1677	-447.6884	0	52578.9404	0
57	1677	-447.6848	0	52578.8947	0
58	1677	-447.6710	0	52578.8333	0
59	1677	-447.6645	0	52578.7665	0
60	1677	-447.6774	0	52578.6510	0
61	1677	-447.7060	0	52578.5643	0
62	1677	-447.7307	0	52578.4882	0
63	1677	-447.7492	0	52578.2741	0
64	1677	-447.7590	0	52578.1472	0
65	1677	-447.7736	0	52578.2004	0
66	1677	-447.7934	0	52578.2243	0
67	1677	-447.8141	0	52578.1880	0
68	1677	-447.8198	0	52577.8910	0
69	1677	-447.8320	0	52577.8774	0
70	1677	-447.8429	0	52577.8268	0
71	1677	-447.8424	0	52577.7629	0
72	1677	-447.8522	0	52577.7425	0
73	1677	-447.8486	0	52577.7861	0
74	1677	-447.8678	0	52577.7576	0
75	1677	-447.9000	0	52577.6529	0
76	1677	-447.9252	0	52577.5171	0
77	1677	-447.9521	0	52577.3721	0
78	1677	-447.9733	0	52577.3691	0
79	1677	-447.9804	0	52577.3705	0
80	1677	-447.9834	0	52577.4228	0
81	1677	-447.9969	0	52577.3960	0
82	1677	-447.9968	0	52577.3398	0
83	1677	-447.9829	0	52577.1717	0
84	1677	-447.9545	0	52576.9605	0
85	1677	-447.9474	0	52576.8330	0
86	1677	-447.9368	0	52576.6872	0
87	1677	-447.9277	0	52576.5840	0
88	1677	-447.9296	0	52576.7509	0
89	1677	-447.9508	0	52576.7665	0
90	1677	-447.9667	0	52576.5749	0
91	1677	-447.9986	0	52576.4543	0
92	1677	-448.0388	0	52576.4139	0
93	1677	-448.0701	0	52576.2995	0
94	1677	-448.0719	0	52576.1560	0
95	1677	-448.0796	0	52576.1566	0
96	1677	-448.1067	0	52576.1619	0
97	1677	-448.0960	0	52576.0627	0
98	1677	-448.0944	0	52575.9770	0
99	1677	-448.0851	0	52575.9458	0
100	1677	-448.0533	0	52575.7820	0
101	1677	-448.0351	0	52575.6704	0
102	1677	-448.0292	0	52575.6312	0
103	1677	-448.0275	0	52575.6185	0
104	1677	-448.0275	0	52575.6181	0
105	1677	-448.0377	0	52575.5683	0
106	1677	-448.0635	0	52575.3955	0
107	1677	-448.1052	0	52575.1743	0
108	1677	-448.1385	0	52575.0954	0
109	1677	-448.1745	0	52574.9624	0
110	1677	-448.2011	0	52574.9166	0
111	1677	-448.2303	0	52574.7425	0
112	1677	-448.2315	0	52574.7868	0
113	1677	-448.2398	0	52574.7553	0
114	1677	-448.2368	0	52574.7465	0
115	1677	-448.2199	0	52574.6900	0
116	1677	-448.2023	0	52574.6717	0
117	1677	-448.2056	0	52574.5066	0
118	1677	-448.2123	0	52574.6088	0
119	1677	-448.2078	0	52574.5410	0
120	1677	-448.1851	0	52574.4628	0
121	1677	-448.1664	0	52574.4352	0
122	1677	-448.1463	0	52574.3727	0
123	1677	-448.1467	0	52574.2966	0
124	1677	-448.1614	0	52574.2701	0
125	1677	-448.1947	0	52574.3197	0
126	1677	-448.2096	0	52574.3385	0
127	1677	-448.1949	0	52574.1834	0
128	1677	-448.1909	0	52574.2355	0
129	1677	-448.1797	0	52574.2575	0
130	1677	-448.1908	0	52574.1025	0
131	1677	-448.1987	0	52574.1550	0
132	1677	-448.1990	0	52574.0133	0
133	1677	-448.1977	0	52573.9590	0
134	1677	-448.2063	0	52573.9419	0
135	1677	-448.2091	0	52573.9368	0
136	1677	-448.2038	0	52573.9367	0
137	1677	-448.2382	0	52573.8280	0
138	1677	-448.2593	0	52573.7349	0
139	1677	-448.2694	0	52573.5882	0
140	1677	-448.2559	0	52573.4781	0
141	1677	-448.2552	0	52573.4961	0
142	1677	-448.2429	0	52573.3350	0
143	1677	-448.1941	0	52573.3874	0
144	1677	-448.1784	0	52573.3535	0
145	1677	-448.1585	0	52573.3432	0
146	1677	-448.1628	0	52573.0580	0
147	1677	-448.1396	0	52573.1203	0
148	1677	-448.1345	0	52573.0333	0
149	1677	-448.1331	0	52572.9458	0
150	1677	-448.1366	0	52572.9161	0
151	1677	-448.1518	0	52572.9077	0
152	1677	-448.1695	0	52572.8503	0
153	1677	-448.1755	0	52572.7729	0
154	1677	-448.1686	0	52572.7455	0
155	1677	-448.1781	0	52572.7382	0
156	1677	-448.1749	0	52572.7384	0
157	1677	-448.1668	0	52572.6816	0
158	1677	-448.1626	0	52572.5456	0
159	1677	-448.1748	0	52572.2644	0
160	1677	-448.1803	0	52572.0420	0
161	1677	-448.1841	0	52572.1385	0
162	1677	-448.2082	0	52572.1205	0
163	1677	-448.2520	0	52571.9998	0
164	1677	-448.2843	0	52571.8408	0
165	1677	-448.3052	0	52571.7239	0
166	1677	-448.3300	0	52571.6249	0
167	1677	-448.3341	0	52571.5304	0
168	1677	-448.3464	0	52571.4397	0
169	1677	-448.3691	0	52571.2899	0
170	1677	-448.3718	0	52571.1139	0
171	1677	-448.3880	0	52571.0526	0
172	1677	-448.3967	0	52570.7292	0
173	1677	-448.3977	0	52570.6103	0
174	1677	-448.3961	0	52570.5698	0
175	1677	-448.3937	0	52570.5586	0
176	1677	-448.3683	0	52570.6193	0
177	1677	-448.3591	0	52570.6501	0
178	1677	-448.3674	0	52570.5386	0
179	1677	-448.4204	0	52570.3759	0
180	1677	-448.4583	0	52570.3206	0
181	1677	-448.4815	0	52570.2424	0
182	1677	-448.4892	0	52570.2139	0
183	1677	-448.4710	0	52570.0810	0
184	1677	-448.4597	0	52570.0955	0
185	1677	-448.4628	0	52569.9810	0
186	1677	-448.4441	0	52569.8125	0
187	1677	-448.4341	0	52569.5604	0
188	1677	-448.4291	0	52569.4688	0
189	1677	-448.4105	0	52569.2449	0
190	1677	-448.4110	0	52569.4264	0
191	1677	-448.4051	0	52569.4933	0
192	1677	-448.4091	0	52569.4590	0
193	1677	-448.4151	0	52569.2563	0
194	1677	-448.4632	0	52569.2516	0
195	1677	-448.4931	0	52569.0589	0
196	1677	-448.5015	0	52568.9224	0
197	1677	-448.5130	0	52568.8099	0
198	1677	-448.5047	0	52568.7709	0
199	1677	-448.4894	0	52568.6933	0
200	1677	-448.4525	0	52568.5997	0
201	1677	-448.4218	0	52568.4992	0
202	1677	-448.4111	0	52568.3998	0
203	1677	-448.4099	0	52568.2988	0
204	1677	-448.4037	0	52568.1322	0
205	1677	-448.4024	0	52568.0049	0
206	1677	-448.4216	0	52568.0315	0
207	1677	-448.4482	0	52568.1128	0
208	1677	-448.4760	0	52568.0124	0
209	1677	-448.5133	0	52567.9797	0
210	1677	-448.5511	0	52567.7707	0
211	1677	-448.5675	0	52567.6951	0
212	1677	-448.5684	0	52567.6679	0
213	1677	-448.5653	0	52567.7292	0
214	1677	-448.5677	0	52567.6213	0
215	1677	-448.5685	0	52567.5142	0
216	1677	-448.5717	0	52567.4083	0
217	1677	-448.5695	0	52567.3023	0
218	1677	-448.5657	0	52567.2652	0
219	1677	-448.5624	0	52567.2543	0
220	1677	-448.5489	0	52567.1830	0
221	1677	-448.5482	0	52567.2989	0
222	1677	-448.5464	0	52567.2738	0
223	1677	-448.5768	0	52567.1998	0
224	1677	-448.6108	0	52567.1747	0
225	1677	-448.6351	0	52567.0307	0
226	1677	-448.6421	0	52566.9782	0
227	1677	-448.6387	0	52567.0294	0
228	1677	-448.6476	0	52566.9837	0
229	1677	-448.6525	0	52567.0372	0
230	1677	-448.6533	0	52567.0570	0
231	1677	-448.6720	0	52567.1376	0
232	1677	-448.6806	0	52566.9632	0
233	1677	-448.6814	0	52566.8979	0
234	1677	-448.6783	0	52567.0110	0
235	1677	-448.6761	0	52567.0539	0
236	1677	-448.6743	0	52567.0723	0
237	1677	-448.6746	0	52567.0107	0
238	1677	-448.6998	0	52566.9188	0
239	1677	-448.7386	0	52566.6794	0
240	1677	-448.7662	0	52566.5916	0
241	1677	-448.8032	0	52566.4910	0
242	1677	-448.8156	0	52566.4557	0
243	1677	-448.8209	0	52566.5158	0
244	1677	-448.8021	0	52566.5369	0
245	1677	-448.7929	0	52566.5470	0
246	1677	-448.7728	0	52566.4815	0
247	1677	-448.7500	0	52566.2451	0
248	1677	-448.7263	0	52566.1558	0
249	1677	-448.7070	0	52566.1967	0
250	1677	-448.6925	0	52566.2816	0
251	1677	-448.6627	0	52566.3148	0
252	1677	-448.6520	0	52566.1175	0
253	1677	-448.6346	0	52565.9692	0
254	1677	-448.6334	0	52565.7728	0
255	1677	-448.6527	0	52565.6322	0
256	1677	-448.6581	0	52565.5100	0
257	1677	-448.6629	0	52565.4667	0
258	1677	-448.6523	0	52565.4515	0
259	1677	-448.6238	0	52565.4480	0
260	1677	-448.6045	0	52565.3044	0
261	1677	-448.6006	0	52565.1068	0
262	1677	-448.5941	0	52565.0347	0
263	1677	-448.5800	0	52565.0096	0
264	1677	-448.5681	0	52565.0013	0
265	1677	-448.5630	0	52565.1499	0
266	1677	-448.5630	0	52565.2073	0
267	1677	-448.5677	0	52565.0845	0
268	1677	-448.5705	0	52564.9675	0
269	1677	-448.5976	0	52565.0008	0
270	1677	-448.6110	0	52564.8676	0
271	1677	-448.6260	0	52564.7473	0
272	1677	-448.6261	0	52564.5545	0
273	1677	-448.5996	0	52564.4822	0
274	1677	-448.5816	0	52564.3087	0
275	1677	-448.5582	0	52564.1691	0
276	1677	-448.5344	0	52563.8896	0
277	1677	-448.5173	0	52563.7121	0
278	1677	-448.5026	0	52563.5741	0
279	1677	-448.4943	0	52563.4490	0
280	1677	-448.4830	0	52563.4046	0
281	1677	-448.4877	0	52563.3180	0
282	1677	-448.4944	0	52563.2126	0
283	1677	-448.4940	0	52563.1773	0
284	1677	-448.4887	0	52563.0909	0
285	1677	-448.4881	0	52562.9053	0
286	1677	-448.4767	0	52562.9177	0
287	1677	-448.4565	0	52562.8464	0
288	1677	-448.4424	0	52562.9004	0
289	1677	-448.4174	0	52562.7678	0
290	1677	-448.3991	0	52562.6389	0
291	1677	-448.3903	0	52562.3590	0
292	1677	-448.3871	0	52562.2552	0
293	1677	-448.3711	0	52562.2192	0
294	1677	-448.3771	0	52562.1308	0
295	1677	-448.3890	0	52562.1835	0
296	1677	-448.4045	0	52562.3676	0
297	1677	-448.4364	0	52562.2822	0
298	1677	-448.4656	0	52562.0958	0
299	1677	-448.4739	0	52561.9478	0
300	1677	-448.4868	0	52561.8132	0
301	1677	-448.4747	0	52561.8467	0
302	1677	-448.4700	0	52561.8605	0
303	1677	-448.4561	0	52561.8677	0
304	1677	-448.4506	0	52561.8742	0
305	1677	-448.4651	0	52561.9596	0
306	1677	-448.4717	0	52561.9928	0
307	1677	-448.4878	0	52562.0882	0
308	1677	-448.4936	0	52562.1232	0
309	1677	-448.4945	0	52562.1385	0
310	1677	-448.4959	0	52562.1455	0
311	1677	-448.5140	0	52561.9894	0
312	1677	-448.5330	0	52561.8509	0
313	1677	-448.5487	0	52561.7200	0
314	1677	-448.5436	0	52561.7528	0
315	1677	-448.5157	0	52561.9236	0
316	1677	-448.4737	0	52561.9058	0
317	1677	-448.4225	0	52561.8171	0
318	1677	-448.3917	0	52561.6197	0
319	1677	-448.3662	0	52561.5465	0
320	1677	-448.3424	0	52561.2758	0
321	1677	-448.3328	0	52561.1734	0
322	1677	-448.3077	0	52561.1348	0
323	1677	-448.3137	0	52561.1272	0
324	1677	-448.3357	0	52561.2086	0
325	1677	-448.3470	0	52561.0796	0
326	1677	-448.3630	0	52561.0319	0
327	1677	-448.3700	0	52560.9354	0
328	1677	-448.3733	0	52560.9016	0
329	1677	-448.3670	0	52560.7235	0
330	1677	-448.3366	0	52560.8220	0
331	1677	-448.3123	0	52560.6946	0
332	1677	-448.2702	0	52560.5619	0
333	1677	-448.2599	0	52560.4325	0
334	1677	-448.2539	0	52560.3843	0
335	1677	-448.2354	0	52560.3682	0
336	1677	-448.2274	0	52560.3635	0
337	1677	-448.2311	0	52560.3660	0
338	1677	-448.2202	0	52560.3687	0
339	1677	-448.2131	0	52560.2874	0
340	1677	-448.2130	0	52560.0882	0
341	1677	-448.2297	0	52560.1042	0
342	1677	-448.2365	0	52559.9418	0
343	1677	-448.2320	0	52559.9668	0
344	1677	-448.2126	0	52559.8929	0
345	1677	-448.2028	0	52559.7800	0
346	1677	-448.2095	0	52559.7435	0
347	1677	-448.2125	0	52559.5614	0
348	1677	-448.2171	0	52559.3236	0
349	1677	-448.2134	0	52559.3202	0
350	1677	-448.2126	0	52559.3245	0
351	1677	-448.2093	0	52559.2430	0
352	1677	-448.2054	0	52559.1277	0
353	1677	-448.2247	0	52559.0018	0
354	1677	-448.2565	0	52558.9598	0
355	1677	-448.2839	0	52558.8637	0
356	1677	-448.2795	0	52558.8262	0
357	1677	-448.2573	0	52558.9020	0
358	1677	-448.2489	0	52558.9312	0
359	1677	-448.2353	0	52558.7722	0
360	1677	-448.2319	0	52558.5371	0
361	1677	-448.2175	0	52558.4485	0
362	1677	-448.2136	0	52558.2441	0
363	1677	-448.1931	0	52558.2547	0
364	1677	-448.1908	0	52558.1754	0
365	1677	-448.1997	0	52558.2375	0
366	1677	-448.1965	0	52558.0872	0
367	1677	-448.2110	0	52557.8519	0
368	1677	-448.2139	0	52557.6795	0
369	1677	-448.2403	0	52557.6212	0
370	1677	-448.2521	0	52557.4213	0
371	1677	-448.2584	0	52557.3493	0
372	1677	-448.2457	0	52557.3261	0
373	1677	-448.2415	0	52557.1384	0
374	1677	-448.2395	0	52556.8896	0
375	1677	-448.2396	0	52556.6134	0
376	1677	-448.2378	0	52556.5147	0
377	1677	-448.2344	0	52556.3873	0
378	1677	-448.2633	0	52556.3496	0
379	1677	-448.2942	0	52556.1565	0
380	1677	-448.3248	0	52555.9025	0
381	1677	-448.3787	0	52555.8168	0
382	1677	-448.4106	0	52555.6971	0
383	1677	-448.4326	0	52555.5610	0
384	1677	-448.4190	0	52555.6111	0
385	1677	-448.4172	0	52555.4421	0
386	1677	-448.4168	0	52555.3862	0
387	1677	-448.4211	0	52555.2711	0
388	1677	-448.4231	0	52554.9450	0
389	1677	-448.4425	0	52554.7312	0
390	1677	-448.4462	0	52554.5597	0
391	1677	-448.4574	0	52554.4016	0
392	1677	-448.4454	0	52554.0493	0
393	1677	-448.4396	0	52553.9249	0
394	1677	-448.4460	0	52553.7855	0
395	1677	-448.4603	0	52553.6417	0
396	1677	-448.4769	0	52553.4951	0
397	1677	-448.4684	0	52553.4444	0
398	1677	-448.4495	0	52553.4292	0
399	1677	-448.4460	0	52553.2285	0
400	1677	-448.4421	0	52553.0550	0
401	1677	-448.4483	0	52552.8955	0
402	1677	-448.4350	0	52552.7360	0
403	1677	-448.4510	0	52552.7878	0
404	1677	-448.4886	0	52552.8180	0
405	1677	-448.5106	0	52552.7306	0
406	1677	-448.5385	0	52552.5019	0
407	1677	-448.5835	0	52552.5242	0
408	1677	-448.6006	0	52552.5375	0
409	1677	-448.5989	0	52552.6506	0
410	1677	-448.5934	0	52552.7964	0
411	1677	-448.5827	0	52552.7514	0
412	1677	-448.5738	0	52552.6339	0
413	1677	-448.5783	0	52552.5893	0
414	1677	-448.5909	0	52552.4770	0
415	1677	-448.6077	0	52552.3342	0
416	1677	-448.6262	0	52552.4890	0
417	1677	-448.6490	0	52552.5539	0
418	1677	-448.6902	0	52552.5821	0
419	1677	-448.7221	0	52552.2891	0
420	1677	-448.7632	0	52552.1822	0
421	1677	-448.7920	0	52552.0429	0
422	1677	-448.7981	0	52552.0977	0
423	1677	-448.7906	0	52552.2222	0
424	1677	-448.7952	0	52552.1675	0
425	1677	-448.7883	0	52551.9417	0
426	1677	-448.8020	0	52551.6483	0
427	1677	-448.8069	0	52551.5408	0
428	1677	-448.8078	0	52551.5045	0
429	1677	-448.8063	0	52551.3869	0
430	1677	-448.8107	0	52551.3461	0
431	1677	-448.8577	0	52551.3424	0
432	1677	-448.8961	0	52551.1339	0
433	1677	-448.9142	0	52550.8454	0
434	1677	-448.9374	0	52550.7400	0
435	1677	-448.9454	0	52550.7060	0
436	1677	-448.9445	0	52550.5905	0
437	1677	-448.9408	0	52550.4390	0
438	1677	-448.9685	0	52550.5028	0
439	1677	-448.9786	0	52550.5270	0
440	1677	-448.9906	0	52550.1118	0
441	1677	-449.0081	0	52550.0656	0
442	1677	-449.0128	0	52549.8357	0
443	1677	-449.0204	0	52549.9721	0
444	1677	-449.0439	0	52549.8098	0
445	1677	-449.0816	0	52549.6486	0
446	1677	-449.1208	0	52549.5946	0
447	1677	-449.1750	0	52549.4718	0
448	1677	-449.1963	0	52549.4303	0
449	1677	-449.2108	0	52549.5316	0
450	1677	-449.2051	0	52549.3497	0
451	1677	-449.2032	0	52549.2838	0
452	1677	-449.2105	0	52549.1516	0
453	1677	-449.2251	0	52548.9980	0
454	1677	-449.2404	0	52548.9431	0
455	1677	-449.2559	0	52549.0397	0
456	1677	-449.2454	0	52549.2993	0
457	1677	-449.2677	0	52549.2938	0
458	1677	-449.2721	0	52549.1785	0
459	1677	-449.2936	0	52549.1428	0
460	1677	-449.3417	0	52548.9135	0
461	1677	-449.3522	0	52548.9381	0
462	1677	-449.3567	0	52548.9492	0
463	1677	-449.3415	0	52548.8398	0
464	1677	-449.3328	0	52548.6878	0
465	1677	-449.3521	0	52548.5229	0
466	1677	-449.3576	0	52548.4628	0
467	1677	-449.3551	0	52548.3303	0
468	1677	-449.3709	0	52548.2872	0
469	1677	-449.4086	0	52548.2763	0
470	1677	-449.4230	0	52548.2782	0
471	1677	-449.4387	0	52548.1670	0
472	1677	-449.4643	0	52548.0173	0
473	1677	-449.5088	0	52547.9679	0
474	1677	-449.5226	0	52547.9510	0
475	1677	-449.5247	0	52547.8339	0
476	1677	-449.5221	0	52547.7914	0
477	1677	-449.5061	0	52547.8891	0
478	1677	-449.5048	0	52547.8173	0
479	1677	-449.5167	0	52547.7925	0
480	1677	-449.5022	0	52547.7831	0
481	1677	-449.4859	0	52547.8921	0
482	1677	-449.4809	0	52547.9363	0
483	1677	-449.4918	0	52547.8418	0
484	1677	-449.5144	0	52547.8083	0
485	1677	-449.5385	0	52547.8011	0
486	1677	-449.5474	0	52547.8001	0
487	1677	-449.5675	0	52547.8016	0
488	1677	-449.5964	0	52547.5745	0
489	1677	-449.5882	0	52547.3727	0
490	1677	-449.5599	0	52547.4102	0
491	1677	-449.5661	0	52547.4307	0
492	1677	-449.5817	0	52547.3245	0
493	1677	-449.5844	0	52547.1691	0
494	1677	-449.5854	0	52547.1122	0
495	1677	-449.5948	0	52547.2123	0
496	1677	-449.6010	0	52547.2523	0
497	1677	-449.5992	0	52546.9163	0
498	1677	-449.6291	0	52546.5557	0
499	1677	-449.6748	0	52545.9488	0
500	1677	-449.6549	0	52545.9606	0
501	1677	-449.6418	0	52545.9705	0
502	1677	-449.6399	0	52545.9801	0
503	1677	-449.6639	0	52545.7502	0
504	1677	-449.6873	0	52545.5514	0
505	1677	-449.6815	0	52545.3571	0
506	1677	-449.6754	0	52545.0393	0
507	1677	-449.6824	0	52545.0569	0
508	1677	-449.7028	0	52545.0709	0
509	1677	-449.6935	0	52545.0769	0
510	1677	-449.6995	0	52545.2063	0
511	1677	-449.7280	0	52545.0225	0
512	1677	-449.7568	0	52544.9561	0
513	1677	-449.7620	0	52544.6881	0
514	1677	-449.7499	0	52544.5865	0
515	1677	-449.7319	0	52544.5536	0
516	1677	-449.7134	0	52544.2880	0
517	1677	-449.6919	0	52543.8143	0
518	1677	-449.6790	0	52543.6380	0
519	1677	-449.6695	0	52543.4492	0
520	1677	-449.6584	0	52543.1288	0
521	1677	-449.6393	0	52543.0099	0
522	1677	-449.6173	0	52542.4466	0
523	1677	-449.6227	0	52542.1117	0
524	1677	-449.6519	0	52541.7352	0
525	1677	-449.6144	0	52541.7368	0
526	1677	-449.5486	0	52541.5979	0
527	1677	-449.6308	0	52540.0964	0
528	1677	-449.7085	0	52539.1428	0
529	1677	-449.6594	0	52539.8181	0
530	1677	-449.7715	0	52539.4595	0
531	1677	-449.8059	0	52539.7278	0
532	1677	-449.6080	0	52540.4791	0
533	1677	-449.5345	0	52540.3838	0
534	1677	-449.5329	0	52540.5070	0
535	1677	-449.5211	0	52540.6856	0
536	1677	-449.5149	0	52540.6207	0
537	1677	-449.5251	0	52540.3251	0
538	1677	-449.5173	0	52540.2155	0
539	1677	-449.5450	0	52540.4653	0
540	1677	-449.5653	0	52540.8269	0
541	1677	-449.5730	0	52540.9686	0
542	1677	-449.5573	0	52541.0162	0
543	1677	-449.5413	0	52540.9024	0
544	1677	-449.5185	0	52540.9880	0
545	1677	-449.4898	0	52541.1526	0
546	1677	-449.4459	0	52541.4696	0
547	1677	-449.4021	0	52541.5831	0
548	1677	-449.3533	0	52541.8826	0
549	1677	-449.3364	0	52541.8630	0
550	1677	-449.3034	0	52541.7222	0
551	1677	-449.2925	0	52541.3989	0
552	1677	-449.2741	0	52541.0056	0
553	1677	-449.2622	0	52540.7159	0
554	1677	-449.2815	0	52540.7530	0
555	1677	-449.3036	0	52540.7662	0
556	1677	-449.3036	0	52540.6389	0
557	1677	-449.2876	0	52540.1782	0
558	1677	-449.2729	0	52539.5886	0
559	1677	-449.2709	0	52539.3705	0
560	1677	-449.2446	0	52539.5753	0
561	1677	-449.1847	0	52539.2217	0
562	1677	-449.1343	0	52539.3782	0
563	1677	-449.1120	0	52539.8522	0
564	1677	-449.0599	0	52539.3390	0
565	1677	-448.9966	0	52539.4119	0
569	1677	-448.7939	0	52540.1328	0
570	1677	-448.7187	0	52539.6535	0
571	1677	-448.6935	0	52539.4830	0
572	1677	-448.7030	0	52539.9876	0
573	1677	-448.6766	0	52540.6895	0
574	1677	-448.6717	0	52541.6235	0
575	1677	-448.6714	0	52542.0988	0
576	1677	-448.6633	0	52542.1554	0
577	1677	-448.6972	0	52542.1772	0
578	1677	-448.7391	0	52542.4400	0
579	1677	-448.7834	0	52542.7964	0
580	1677	-448.8104	0	52542.8026	0
581	1677	-448.8177	0	52542.6683	0
582	1677	-448.8066	0	52542.3518	0
583	1677	-448.7954	0	52541.7028	0
584	1677	-448.7987	0	52541.7118	0
585	1677	-448.8005	0	52541.4582	0
586	1677	-448.7708	0	52541.0878	0
587	1677	-448.7365	0	52540.4044	0
588	1677	-448.7131	0	52540.2775	0
589	1677	-448.6902	0	52539.9555	0
590	1677	-448.6450	0	52539.5554	0
591	1677	-448.6043	0	52538.9839	0
592	1677	-448.5639	0	52538.3406	0
593	1677	-448.5450	0	52537.6744	0
594	1677	-448.5054	0	52536.6915	0
595	1677	-448.5027	0	52536.1862	0
596	1677	-448.5049	0	52535.7098	0
597	1677	-448.4763	0	52534.9320	0
598	1677	-448.4713	0	52534.3457	0
599	1677	-448.4577	0	52533.8280	0
600	1677	-448.4428	0	52533.0160	0
601	1677	-448.4295	0	52532.2397	0
602	1677	-448.4078	0	52531.6384	0
603	1677	-448.3771	0	52530.9340	0
604	1677	-448.3889	0	52530.3584	0
605	1677	-448.3972	0	52529.8307	0
606	1677	-448.3910	0	52529.4781	0
607	1677	-448.4115	0	52529.0314	0
608	1677	-448.4146	0	52528.7070	0
609	1677	-448.4114	0	52528.4354	0
610	1677	-448.4117	0	52528.3528	0
611	1677	-448.4101	0	52527.8146	0
612	1677	-448.4269	0	52527.1022	0
613	1677	-448.4522	0	52526.8571	0
614	1677	-448.4317	0	52526.2329	0
615	1677	-448.4321	0	52525.8352	0
616	1677	-448.4666	0	52526.4093	0
617	1677	-448.4835	0	52527.8760	0
618	1677	-448.4931	0	52530.1449	0
619	1677	-448.4324	0	52533.3992	0
620	1677	-448.3847	0	52535.9332	0
621	1677	-448.3616	0	52537.8585	0
622	1677	-448.3507	0	52539.0939	0
623	1677	-448.3407	0	52539.8038	0
624	1677	-448.3567	0	52540.0445	0
625	1677	-448.3717	0	52539.9732	0
626	1677	-448.3717	0	52539.7851	0
627	1677	-448.3525	0	52539.6805	0
628	1677	-448.3341	0	52539.7611	0
629	1677	-448.3155	0	52539.6304	0
630	1677	-448.3073	0	52539.5717	0
631	1677	-448.3033	0	52539.5323	0
632	1677	-448.3067	0	52539.3691	0
633	1677	-448.2999	0	52539.1605	0
634	1677	-448.3096	0	52538.9338	0
635	1677	-448.3289	0	52538.8418	0
636	1677	-448.3450	0	52538.9476	0
637	1677	-448.3687	0	52538.9845	0
638	1677	-448.3843	0	52538.8566	0
639	1677	-448.3715	0	52538.5155	0
640	1677	-448.3892	0	52538.5331	0
641	1677	-448.4014	0	52538.3981	0
642	1677	-448.3923	0	52538.4820	0
643	1677	-448.3713	0	52538.2281	0
644	1677	-448.3448	0	52538.1302	0
645	1677	-448.3341	0	52538.3780	0
646	1677	-448.3266	0	52538.6103	0
647	1677	-448.3273	0	52538.7013	0
648	1677	-448.3245	0	52539.0128	0
649	1677	-448.3250	0	52539.1287	0
650	1677	-448.3383	0	52539.0313	0
651	1677	-448.3622	0	52539.4191	0
652	1677	-448.3812	0	52539.4222	0
653	1677	-448.4079	0	52539.2834	0
654	1677	-448.4163	0	52539.3696	0
663	1677	-448.6122	0	52538.8313	0
664	1677	-448.5627	0	52539.2045	0
665	1677	-448.5147	0	52539.4708	0
666	1677	-448.4668	0	52539.7059	0
667	1677	-448.4385	0	52539.6533	0
668	1677	-448.4098	0	52539.6261	0
669	1677	-448.3872	0	52539.8906	0
670	1677	-448.3386	0	52540.2497	0
671	1677	-448.3017	0	52540.3812	0
672	1677	-448.2643	0	52540.4194	0
673	1677	-448.2342	0	52540.4292	0
674	1677	-448.2113	0	52540.8326	0
675	1677	-448.1648	0	52540.9720	0
676	1677	-448.1404	0	52541.0212	0
677	1677	-448.1243	0	52540.6305	0
678	1677	-448.0926	0	52540.6097	0
679	1677	-448.0513	0	52540.8601	0
680	1677	-448.0491	0	52541.2257	0
681	1677	-448.0192	0	52541.0848	0
682	1677	-447.9930	0	52540.8920	0
683	1677	-447.9367	0	52540.9415	0
684	1677	-447.9138	0	52541.2229	0
685	1677	-447.8852	0	52541.5929	0
686	1677	-447.8628	0	52541.5906	0
687	1677	-447.8683	0	52541.5917	0
688	1677	-447.8486	0	52541.5852	0
689	1677	-447.8388	0	52541.5765	0
690	1677	-447.8312	0	52541.8361	0
691	1677	-447.8254	0	52541.6662	0
692	1677	-447.8386	0	52541.7314	0
693	1677	-447.8454	0	52541.7558	0
723	1677	-447.6221	0	52542.3002	0
724	1677	-447.6114	0	52542.2965	0
725	1677	-447.5921	0	52542.4243	0
726	1677	-447.5868	0	52542.6073	0
727	1677	-447.5589	0	52542.6669	0
728	1677	-447.5595	0	52542.2875	0
729	1677	-447.5871	0	52542.1538	0
730	1677	-447.5946	0	52542.2348	0
731	1677	-447.5857	0	52542.5237	0
732	1677	-447.5833	0	52542.2428	0
733	1677	-447.6081	0	52542.4019	0
734	1677	-447.6534	0	52542.3394	0
735	1677	-447.6933	0	52542.3190	0
736	1677	-447.7170	0	52542.3136	0
737	1677	-447.7744	0	52542.3191	0
738	1677	-447.7991	0	52542.0594	0
739	1677	-447.8341	0	52541.8358	0
740	1677	-447.8552	0	52541.0876	0
741	1677	-447.8809	0	52540.8073	0
742	1677	-447.9310	0	52540.1635	0
743	1677	-447.9459	0	52540.2129	0
744	1677	-447.9769	0	52539.9606	0
745	1677	-448.0107	0	52539.8798	0
746	1677	-448.0337	0	52539.5805	0
747	1677	-448.0270	0	52538.9033	0
748	1677	-448.0019	0	52538.2105	0
749	1677	-447.9803	0	52537.9773	0
750	1677	-448.0062	0	52537.7628	0
751	1677	-448.0367	0	52537.5529	0
752	1677	-448.0724	0	52537.9445	0
753	1677	-448.1073	0	52538.0875	0
754	1677	-448.1192	0	52538.2896	0
755	1677	-448.1435	0	52538.2381	0
756	1677	-448.1562	0	52538.5033	0
757	1677	-448.1632	0	52538.4679	0
758	1677	-448.1932	0	52538.4639	0
759	1677	-448.2737	0	52538.7568	0
760	1677	-448.3160	0	52538.8735	0
761	1677	-448.3486	0	52538.9181	0
762	1677	-448.3717	0	52539.0800	0
763	1677	-448.3905	0	52538.8642	0
764	1677	-448.4474	0	52538.6456	0
765	1677	-448.4990	0	52538.8565	0
766	1677	-448.5536	0	52538.9418	0
768	1677	-448.5827	0	52539.8081	0
769	1677	-448.6250	0	52541.6671	0
770	1677	-448.6193	0	52543.6815	0
771	1677	-448.6124	0	52544.5542	0
772	1677	-448.6055	0	52544.6199	0
773	1677	-448.5872	0	52544.7481	0
774	1677	-448.5815	0	52544.9024	0
775	1677	-448.5980	0	52544.8274	0
776	1677	-448.6758	0	52543.9457	0
777	1677	-448.7535	0	52543.3622	0
778	1677	-448.8079	0	52543.1269	0
779	1677	-448.8155	0	52543.1469	0
780	1677	-448.7705	0	52543.6423	0
781	1677	-448.7349	0	52543.8229	0
782	1677	-448.7353	0	52543.6330	0
783	1677	-448.6531	0	52544.5486	0
784	1677	-448.6099	0	52545.0127	0
785	1677	-448.5655	0	52545.2916	0
786	1677	-448.5643	0	52545.3859	0
787	1677	-448.5332	0	52545.4080	0
788	1677	-448.5357	0	52545.4063	0
789	1677	-448.5547	0	52545.5251	0
791	1677	-448.5578	0	52545.4129	0
792	1677	-448.5686	0	52545.3582	0
793	1677	-448.5692	0	52545.3399	0
794	1677	-448.5659	0	52545.5742	0
795	1677	-448.5558	0	52545.4184	0
796	1677	-448.5455	0	52545.6023	0
797	1677	-448.5399	0	52545.7901	0
798	1677	-448.5222	0	52545.9732	0
799	1677	-448.4997	0	52546.1568	0
800	1677	-448.4962	0	52546.1098	0
801	1677	-448.4965	0	52546.2063	0
802	1677	-448.4843	0	52546.0031	0
803	1677	-448.4843	0	52545.9239	0
804	1677	-448.4986	0	52545.8933	0
805	1677	-448.5016	0	52545.8786	0
806	1677	-448.5141	0	52545.8750	0
807	1677	-448.5185	0	52545.8725	0
808	1677	-448.5240	0	52545.3936	0
809	1677	-448.5615	0	52545.8236	0
810	1677	-448.5612	0	52545.8589	0
811	1677	-448.5520	0	52545.6293	0
812	1677	-448.5413	0	52545.6631	0
813	1677	-448.5176	0	52545.0532	0
814	1677	-448.5626	0	52545.3392	0
815	1677	-448.5504	0	52545.3134	0
816	1677	-448.5584	0	52545.4293	0
817	1677	-448.5284	0	52545.2279	0
818	1677	-448.5192	0	52545.3976	0
819	1677	-448.5072	0	52545.4578	0
820	1677	-448.4993	0	52545.2356	0
821	1677	-448.5118	0	52545.0283	0
822	1677	-448.4989	0	52544.8252	0
823	1677	-448.5450	0	52545.1404	0
824	1677	-448.5780	0	52545.2554	0
825	1677	-448.5803	0	52545.0545	0
826	1677	-448.6049	0	52545.5933	0
827	1677	-448.6550	0	52547.0705	0
828	1677	-448.6775	0	52547.8399	0
829	1677	-448.7042	0	52548.1507	0
830	1677	-448.6807	0	52547.6079	0
831	1677	-448.6527	0	52546.8998	0
832	1677	-448.6266	0	52546.1352	0
833	1677	-448.6151	0	52545.4726	0
834	1677	-448.6112	0	52545.2321	0
835	1677	-448.6166	0	52545.7649	0
836	1677	-448.6341	0	52546.0821	0
837	1677	-448.6225	0	52545.6045	0
838	1677	-448.6416	0	52546.0277	0
839	1677	-448.6516	0	52545.2282	0
840	1677	-448.6608	0	52544.4034	0
841	1677	-448.6936	0	52543.8419	0
842	1677	-448.7496	0	52543.9177	0
843	1677	-448.7928	0	52544.0789	0
844	1677	-448.8082	0	52544.0170	0
845	1677	-448.8302	0	52543.6246	0
846	1677	-448.8379	0	52543.4800	0
847	1677	-448.8649	0	52543.3074	0
848	1677	-448.8797	0	52543.5039	0
849	1677	-448.8844	0	52543.5824	0
850	1677	-448.8973	0	52543.2416	0
851	1677	-448.8872	0	52542.7278	0
852	1677	-448.8894	0	52542.4033	0
853	1677	-448.8886	0	52542.0283	0
854	1677	-448.9038	0	52542.0310	0
855	1677	-448.9086	0	52541.7704	0
856	1677	-448.9134	0	52541.6825	0
857	1677	-448.9202	0	52541.6598	0
858	1677	-448.9325	0	52540.9834	0
859	1677	-448.9574	0	52540.7385	0
860	1677	-448.9828	0	52540.1097	0
861	1677	-449.0135	0	52539.8898	0
862	1677	-449.0387	0	52539.6826	0
863	1677	-449.0572	0	52539.4744	0
864	1677	-449.0630	0	52539.4082	0
865	1677	-449.0879	0	52539.5398	0
866	1677	-449.0789	0	52539.5903	0
867	1677	-449.0760	0	52539.6189	0
868	1677	-449.0581	0	52539.3535	0
869	1677	-449.0502	0	52539.2603	0
870	1677	-449.0330	0	52539.3658	0
871	1677	-449.0318	0	52539.1369	0
872	1677	-449.0251	0	52538.9110	0
873	1677	-449.0373	0	52538.8352	0
874	1677	-449.0449	0	52538.9492	0
875	1677	-449.0417	0	52539.2714	0
876	1677	-449.0448	0	52539.1261	0
877	1677	-449.0630	0	52539.7664	0
878	1677	-449.0690	0	52540.0006	0
879	1677	-449.0695	0	52540.0940	0
880	1677	-449.0776	0	52539.8633	0
881	1677	-449.0883	0	52539.3582	0
882	1677	-449.0617	0	52538.5923	0
883	1677	-449.0686	0	52538.1598	0
884	1677	-449.0510	0	52537.2624	0
886	1677	-449.1113	0	52537.9152	0
887	1677	-449.0854	0	52537.1880	0
888	1677	-449.0763	0	52536.6074	0
889	1677	-449.0823	0	52536.7062	0
890	1677	-449.0795	0	52536.4537	0
891	1677	-449.0766	0	52537.4096	0
892	1677	-449.0829	0	52537.7537	0
893	1677	-449.1428	0	52536.7561	0
894	1677	-449.1838	0	52536.2227	0
895	1677	-449.2394	0	52536.1943	0
896	1677	-449.2936	0	52536.1951	0
897	1677	-449.3122	0	52536.0535	0
898	1677	-449.3305	0	52535.8636	0
899	1677	-449.3383	0	52535.7970	0
900	1677	-449.3651	0	52535.9340	0
901	1677	-449.3843	0	52535.8438	0
902	1677	-449.4137	0	52535.9670	0
903	1677	-449.4197	0	52535.8671	0
904	1677	-449.4240	0	52535.5395	0
905	1677	-449.4158	0	52534.9567	0
906	1677	-449.4341	0	52534.2773	0
915	1677	-449.4324	0	52535.0717	0
922	1677	-449.4404	0	52535.4145	0
923	1677	-449.4383	0	52535.2748	0
924	1677	-449.4391	0	52535.2277	0
925	1677	-449.4526	0	52535.2177	0
926	1677	-449.4634	0	52534.9078	0
927	1677	-449.4807	0	52534.6385	0
928	1677	-449.4874	0	52534.5374	0
929	1677	-449.4934	0	52534.6543	0
947	1677	-449.4946	0	52535.8762	0
948	1677	-449.5089	0	52535.9103	0
949	1677	-449.5233	0	52535.9233	0
950	1677	-449.5162	0	52536.0679	0
951	1677	-449.5417	0	52535.8311	0
952	1677	-449.5453	0	52536.0396	0
953	1677	-449.5159	0	52535.8084	0
954	1677	-449.4220	0	52536.3044	0
955	1677	-449.3840	0	52536.4883	0
956	1677	-449.3565	0	52536.6970	0
957	1677	-449.3641	0	52536.4775	0
958	1677	-449.3384	0	52536.5369	0
959	1677	-449.3248	0	52536.4049	0
960	1677	-449.3069	0	52536.4973	0
961	1677	-449.2869	0	52536.6788	0
962	1677	-449.2395	0	52536.5844	0
963	1677	-449.2703	0	52536.2555	0
964	1677	-449.3400	0	52536.5903	0
965	1677	-449.4005	0	52536.7271	0
966	1677	-449.4374	0	52536.7785	0
967	1677	-449.4494	0	52536.7949	0
968	1677	-449.4536	0	52536.9449	0
969	1677	-449.4531	0	52537.0015	0
970	1677	-449.4673	0	52537.0207	0
971	1677	-449.4787	0	52537.3188	0
972	1677	-449.4919	0	52537.7178	0
973	1677	-449.4735	0	52537.8602	0
974	1677	-449.4357	0	52537.7633	0
975	1677	-449.4130	0	52537.7184	0
976	1677	-449.3934	0	52537.8416	0
977	1677	-449.3812	0	52537.7391	0
978	1677	-449.3792	0	52537.8442	0
979	1677	-449.3730	0	52537.8763	0
980	1677	-449.3834	0	52537.7505	0
981	1677	-449.4059	0	52537.8436	0
982	1677	-449.4048	0	52537.5890	0
983	1677	-449.4080	0	52537.6367	0
984	1677	-449.4113	0	52537.7952	0
985	1677	-449.4182	0	52537.8588	0
986	1677	-449.4261	0	52538.0248	0
987	1677	-449.4420	0	52538.0874	0
988	1677	-449.4224	0	52537.9612	0
989	1677	-449.4161	0	52538.0554	0
990	1677	-449.4055	0	52538.2273	0
991	1677	-449.4019	0	52538.2922	0
992	1677	-449.4011	0	52538.3153	0
993	1677	-449.3888	0	52538.4609	0
994	1677	-449.3773	0	52538.9365	0
995	1677	-449.3565	0	52539.2474	0
996	1677	-449.3386	0	52539.3598	0
997	1677	-449.3575	0	52539.4006	0
998	1677	-449.3890	0	52539.8383	0
999	1677	-449.4049	0	52539.8518	0
1000	1677	-449.4416	0	52539.7181	0
1001	1677	-449.4834	0	52539.3884	0
1002	1677	-449.5232	0	52539.1283	0
1003	1677	-449.5598	0	52538.8942	0
1004	1677	-449.6513	0	52536.4253	0
1009	1677	-449.7748	0	52537.7389	0
1010	1677	-449.8140	0	52536.9872	0
1011	1677	-449.7816	0	52537.3291	0
1012	1677	-449.7748	0	52537.4587	0
1013	1677	-449.7481	0	52537.7956	0
1014	1677	-449.7573	0	52537.9207	0
1015	1677	-449.7826	0	52537.6718	0
1016	1677	-449.7739	0	52538.0083	0
1017	1677	-449.7243	0	52538.5556	0
1018	1677	-449.7113	0	52538.9007	0
1019	1677	-449.7090	0	52539.0223	0
1020	1677	-449.7181	0	52538.7777	0
1021	1677	-449.7157	0	52539.1035	0
1022	1677	-449.7147	0	52539.2202	0
1023	1677	-449.7511	0	52538.8454	0
1024	1677	-449.7563	0	52538.9825	0
1025	1677	-449.7553	0	52538.8889	0
1026	1677	-449.7967	0	52538.8587	0
1027	1677	-449.8326	0	52538.9876	0
1028	1677	-449.8314	0	52539.0311	0
1029	1677	-449.8278	0	52538.9049	0
1030	1677	-449.8153	0	52538.5707	0
1031	1677	-449.8181	0	52538.5885	0
1032	1677	-449.8084	0	52539.0186	0
1036	1677	-449.8802	0	52538.0710	0
1037	1677	-449.9024	0	52537.8139	0
1038	1677	-449.8605	0	52538.5619	0
1040	1677	-450.0150	0	52536.9028	0
1041	1677	-450.1890	0	52535.3080	0
1043	1677	-450.1865	0	52535.3486	0
1044	1677	-450.1703	0	52535.7112	0
1045	1677	-450.2457	0	52535.0964	0
1046	1677	-450.2843	0	52535.0235	0
1048	1677	-450.5696	0	52533.7836	0
1049	1677	-450.6793	0	52533.8561	0
1050	1677	-450.7589	0	52533.8952	0
1051	1677	-450.8606	0	52533.1732	0
1052	1677	-450.8591	0	52533.9571	0
1053	1677	-450.8642	0	52534.4402	0
1054	1677	-451.0129	0	52533.4206	0
1055	1677	-450.8826	0	52533.9002	0
1056	1677	-450.8299	0	52534.2866	0
1057	1677	-450.8494	0	52534.1280	0
1058	1677	-450.8650	0	52534.3938	0
1059	1677	-451.1038	0	52533.1069	0
1060	1677	-451.0547	0	52533.8337	0
1061	1677	-451.1179	0	52533.6972	0
1062	1677	-451.2029	0	52533.0401	0
1063	1677	-451.2205	0	52533.1034	0
1064	1677	-451.3013	0	52533.1563	0
1065	1677	-451.4099	0	52532.4121	0
1066	1677	-451.2928	0	52532.4069	0
1067	1677	-451.2364	0	52532.4137	0
1068	1677	-451.1785	0	52532.4182	0
1069	1677	-451.1848	0	52531.7659	0
1070	1677	-451.2035	0	52531.5386	0
1071	1677	-451.2285	0	52531.4712	0
1072	1677	-451.2561	0	52531.4571	0
1073	1677	-451.3343	0	52531.3095	0
1074	1677	-451.4344	0	52530.6194	0
1075	1677	-451.4754	0	52530.1966	0
1076	1677	-451.5366	0	52529.5473	0
1077	1677	-451.5081	0	52529.9682	0
1078	1677	-451.5432	0	52529.6457	0
1079	1677	-451.5280	0	52529.8618	0
1080	1677	-451.6460	0	52529.8154	0
1083	1677	-451.7927	0	52530.0380	0
1084	1677	-451.8816	0	52529.4159	0
1085	1677	-451.9778	0	52529.2198	0
1086	1677	-452.0031	0	52529.3171	0
1087	1677	-452.0143	0	52529.3629	0
1088	1677	-452.0249	0	52529.2110	0
1089	1677	-452.0355	0	52529.3392	0
1090	1677	-452.0629	0	52529.2188	0
1091	1677	-452.0412	0	52529.0002	0
1092	1677	-452.0298	0	52528.7465	0
1093	1677	-452.0478	0	52528.6611	0
1094	1677	-452.0570	0	52528.8068	0
1095	1677	-452.0934	0	52528.5279	0
1096	1677	-452.1799	0	52527.9140	0
1097	1677	-452.2297	0	52527.8685	0
1098	1677	-452.3076	0	52527.3481	0
1099	1677	-452.3513	0	52527.1544	0
1100	1677	-452.3347	0	52527.7969	0
1101	1677	-452.3650	0	52528.0560	0
1102	1677	-452.4112	0	52528.1620	0
1103	1677	-452.4715	0	52528.0372	0
1104	1677	-452.4999	0	52528.3447	0
1105	1677	-452.5539	0	52528.4706	0
1106	1677	-452.5985	0	52529.0527	0
1107	1677	-452.6329	0	52529.0952	0
1108	1677	-452.6867	0	52528.9470	0
1109	1677	-452.7177	0	52529.0656	0
1110	1677	-452.8013	0	52528.5930	0
1111	1677	-452.8707	0	52528.6101	0
1112	1677	-452.9156	0	52528.9613	0
1113	1677	-452.9362	0	52529.2689	0
1114	1677	-452.9880	0	52528.8819	0
1115	1677	-453.0034	0	52529.4322	0
1117	1677	-453.1138	0	52529.8802	0
1118	1677	-453.1916	0	52529.6344	0
1119	1677	-453.2808	0	52529.3948	0
1120	1677	-453.3716	0	52529.1411	0
1121	1677	-453.4437	0	52528.7168	0
1122	1677	-453.5269	0	52528.0498	0
1123	1677	-453.5764	0	52527.9763	0
1124	1677	-453.5800	0	52527.7707	0
1125	1677	-453.6096	0	52528.0683	0
1126	1677	-453.6219	0	52528.0001	0
1127	1677	-453.6309	0	52527.9809	0
1128	1677	-453.6722	0	52527.8081	0
1129	1677	-453.6819	0	52528.0967	0
1130	1677	-453.6848	0	52528.5544	0
1131	1677	-453.6884	0	52528.8996	0
1132	1677	-453.7277	0	52528.8705	0
1133	1677	-453.7876	0	52528.5239	0
1134	1677	-453.8122	0	52528.3912	0
1135	1677	-453.8617	0	52527.9996	0
1136	1677	-453.8962	0	52528.0351	0
1137	1677	-453.8961	0	52528.0478	0
1138	1677	-453.9106	0	52528.2332	0
1139	1677	-453.9513	0	52528.1362	0
1140	1677	-453.9697	0	52527.9305	0
1141	1677	-454.0476	0	52527.6896	0
1142	1677	-454.0918	0	52527.7838	0
1143	1677	-454.1083	0	52527.9899	0
1144	1677	-454.1324	0	52528.0835	0
1145	1677	-454.1018	0	52528.6261	0
1146	1677	-454.1472	0	52528.4977	0
1147	1677	-454.2288	0	52527.9506	0
1148	1677	-454.2789	0	52527.7412	0
1149	1677	-454.2724	0	52528.0084	0
1150	1677	-454.2889	0	52528.1120	0
1151	1677	-454.2878	0	52528.3299	0
1152	1677	-454.2311	0	52528.9116	0
1153	1677	-454.2131	0	52529.1320	0
1154	1677	-454.2639	0	52528.8754	0
1155	1677	-454.2786	0	52528.9535	0
1156	1677	-454.3007	0	52529.4968	0
1157	1677	-454.3275	0	52529.5326	0
1158	1677	-454.3251	0	52529.7116	0
1159	1677	-454.3443	0	52529.4410	0
1160	1677	-454.3718	0	52528.9949	0
1161	1677	-454.4018	0	52528.6568	0
1162	1677	-454.3910	0	52528.6962	0
1163	1677	-454.4081	0	52528.3727	0
1164	1677	-454.3901	0	52528.5875	0
1165	1677	-454.3864	0	52528.5003	0
1166	1677	-454.3826	0	52528.4696	0
1167	1677	-454.3967	0	52528.4589	0
1168	1677	-454.3440	0	52528.6131	0
1169	1677	-454.3197	0	52528.8518	0
1170	1677	-454.2950	0	52528.7589	0
1171	1677	-454.3019	0	52528.3797	0
1172	1677	-454.3269	0	52527.8997	0
1173	1677	-454.3195	0	52527.7103	0
1174	1677	-454.3322	0	52527.6479	0
1179	1677	-454.3435	0	52528.3590	0
1180	1677	-454.3360	0	52528.0739	0
1181	1677	-454.3105	0	52528.1471	0
1182	1677	-454.3269	0	52527.4692	0
1183	1677	-454.3168	0	52527.7512	0
1184	1677	-454.2462	0	52528.3600	0
1185	1677	-454.2947	0	52527.9093	0
