1	1682	-452.3057	0	52533.9553	0
2	1682	-452.2797	0	52534.1548	0
3	1682	-452.2989	0	52534.0081	0
4	1682	-452.2829	0	52534.1339	0
5	1682	-452.2569	0	52534.1731	0
6	1682	-452.2516	0	52534.1866	0
7	1682	-452.2530	0	52534.1883	0
8	1682	-452.2770	0	52534.0317	0
9	1682	-452.2879	0	52533.9757	0
10	1682	-452.2951	0	52533.7942	0
11	1682	-452.2791	0	52533.5665	0
12	1682	-452.2603	0	52533.6369	0
13	1682	-452.2510	0	52533.5076	0
14	1682	-452.2920	0	52533.6305	0
15	1682	-452.3252	0	52533.6842	0
16	1682	-452.3364	0	52533.7013	0
17	1682	-452.3420	0	52533.7116	0
18	1682	-452.3268	0	52533.7134	0
19	1682	-452.3228	0	52533.7117	0
20	1682	-452.3226	0	52533.7152	0
21	1682	-452.3108	0	52533.8673	0
22	1682	-452.3177	0	52534.0878	0
23	1682	-452.3430	0	52534.1713	0
24	1682	-452.3733	0	52534.2099	0
25	1682	-452.4207	0	52534.2296	0
26	1682	-452.4142	0	52534.2292	0
27	1682	-452.3833	0	52534.3782	0
28	1682	-452.4092	0	52534.1317	0
29	1682	-452.4179	0	52534.0364	0
30	1682	-452.4392	0	52534.0016	0
31	1682	-452.4313	0	52533.9872	0
32	1682	-452.4300	0	52533.9831	0
33	1682	-452.4117	0	52534.1299	0
34	1682	-452.4072	0	52534.1882	0
35	1682	-452.3905	0	52534.2060	0
36	1682	-452.3918	0	52534.3689	0
37	1682	-452.4055	0	52534.2787	0
38	1682	-452.4173	0	52534.3995	0
39	1682	-452.4014	0	52534.2864	0
40	1682	-452.3986	0	52534.2394	0
41	1682	-452.4159	0	52534.5365	0
42	1682	-452.4367	0	52534.3401	0
43	1682	-452.4424	0	52534.1108	0
44	1682	-452.4703	0	52533.5641	0
45	1682	-452.4238	0	52533.6518	0
46	1682	-452.4413	0	52533.5432	0
47	1682	-452.4408	0	52533.3456	0
48	1682	-452.4221	0	52533.4241	0
49	1682	-452.3759	0	52533.7580	0
50	1682	-452.3556	0	52533.8858	0
51	1682	-452.3457	0	52533.9334	0
52	1682	-452.3220	0	52533.7935	0
53	1682	-452.3250	0	52533.5911	0
54	1682	-452.3085	0	52533.6652	0
55	1682	-452.2859	0	52533.6874	0
56	1682	-452.2801	0	52533.6990	0
57	1682	-452.2826	0	52533.5458	0
58	1682	-452.3019	0	52533.1798	0
59	1682	-452.3517	0	52532.8934	0
60	1682	-452.3719	0	52532.7860	0
61	1682	-452.3578	0	52532.9037	0
62	1682	-452.3702	0	52532.9541	0
63	1682	-452.3558	0	52532.9731	0
64	1682	-452.3305	0	52532.9780	0
65	1682	-452.2985	0	52533.1348	0
66	1682	-452.3049	0	52533.3577	0
67	1682	-452.3069	0	52533.5990	0
83	1682	-452.3085	0	52532.7845	0
87	1682	-452.1633	0	52533.1531	1
88	1682	-452.1727	0	52533.3703	1
89	1682	-452.1673	0	52533.2852	1
90	1682	-452.1767	0	52533.2522	1
91	1682	-452.1861	0	52533.2390	1
92	1682	-452.1795	0	52533.2284	1
93	1682	-452.1675	0	52533.2253	1
94	1682	-452.1409	0	52533.2156	1
95	1682	-452.1364	0	52533.2112	1
96	1682	-452.1591	0	52533.2177	1
97	1682	-452.0560	0	52533.1910	1
98	1682	-452.1207	0	52533.2068	1
99	1682	-452.1875	0	52533.2229	1
100	1682	-452.2309	0	52533.2288	1
101	1682	-452.2671	0	52533.2378	1
102	1682	-452.2454	0	52533.0752	1
103	1682	-452.1840	0	52533.1616	1
104	1682	-452.1005	0	52533.3336	1
105	1682	-452.0519	0	52533.3971	1
106	1682	-452.1476	0	52533.2874	1
107	1682	-452.2165	0	52533.0915	1
