5	1685	-454.3645	0	52527.5608	0
6	1685	-454.3349	0	52527.8393	0
7	1685	-454.3109	0	52527.7273	0
8	1685	-454.3275	0	52527.4804	0
9	1685	-454.3508	0	52527.4068	0
10	1685	-454.3584	0	52527.3817	0
13	1685	-454.3688	0	52527.1596	0
14	1685	-454.4068	0	52526.9474	0
15	1685	-454.4383	0	52526.7056	0
16	1685	-454.4494	0	52526.6151	0
17	1685	-454.4333	0	52526.7601	0
18	1685	-454.4751	0	52526.1051	0
19	1685	-454.5121	0	52525.4959	0
20	1685	-454.5170	0	52525.4526	0
21	1685	-454.4861	0	52525.9771	0
22	1685	-454.4583	0	52526.0003	0
23	1685	-454.4547	0	52525.6505	0
24	1685	-454.4982	0	52524.0328	0
25	1685	-454.4614	0	52523.2022	0
26	1685	-454.4209	0	52523.1083	0
27	1685	-454.4082	0	52523.0829	0
28	1685	-454.4336	0	52522.6994	0
29	1685	-454.3579	0	52522.9384	0
30	1685	-454.2948	0	52522.8359	0
31	1685	-454.2640	0	52522.8050	0
32	1685	-454.2419	0	52522.9913	0
33	1685	-454.2089	0	52523.0582	0
34	1685	-454.1345	0	52523.2650	0
35	1685	-454.0852	0	52523.3395	0
36	1685	-454.0309	0	52523.1717	0
37	1685	-454.0031	0	52522.9142	0
38	1685	-453.9535	0	52522.9967	0
39	1685	-453.9520	0	52522.8491	0
40	1685	-453.9101	0	52522.9753	0
41	1685	-453.8763	0	52522.6329	0
42	1685	-453.8975	0	52522.3211	0
45	1685	-453.9254	0	52520.4085	0
46	1685	-453.9147	0	52519.4974	0
47	1685	-453.9439	0	52518.3549	0
48	1685	-453.9528	0	52518.1300	0
49	1685	-453.9507	0	52518.2685	0
50	1685	-453.9297	0	52518.5297	0
51	1685	-453.9522	0	52517.8219	0
52	1685	-453.9763	0	52517.5697	0
53	1685	-453.9373	0	52518.0961	0
54	1685	-453.8744	0	52518.5067	0
55	1685	-453.8448	0	52518.8770	0
56	1685	-453.8484	0	52518.8136	0
57	1685	-453.8679	0	52518.3803	0
58	1685	-453.8904	0	52517.8067	0
59	1685	-453.9219	0	52517.1695	0
60	1685	-453.9340	0	52516.9343	0
61	1685	-453.9368	0	52517.0734	0
62	1685	-453.9631	0	52516.7137	0
63	1685	-453.9575	0	52516.5781	0
64	1685	-453.9942	0	52516.3263	0
65	1685	-454.0150	0	52516.2441	0
66	1685	-453.9617	0	52516.8490	0
67	1685	-453.9779	0	52516.8819	0
68	1685	-453.9875	0	52516.6847	0
69	1685	-453.9815	0	52516.3898	0
70	1685	-454.0165	0	52516.0741	0
71	1685	-454.0275	0	52516.1784	0
72	1685	-454.0340	0	52516.0106	0
73	1685	-454.0156	0	52516.1655	0
74	1685	-454.0091	0	52516.2274	0
75	1685	-454.0055	0	52516.4691	0
76	1685	-453.9904	0	52516.5602	0
77	1685	-453.9842	0	52516.8102	0
78	1685	-454.0086	0	52516.6967	0
79	1685	-454.0164	0	52516.6553	0
80	1685	-454.0734	0	52516.0034	0
81	1685	-454.0807	0	52515.7477	0
82	1685	-454.1010	0	52515.8861	0
83	1685	-454.1173	0	52515.5037	0
84	1685	-454.1241	0	52515.3627	0
85	1685	-454.1325	0	52515.0884	0
86	1685	-454.1836	0	52514.5551	0
87	1685	-454.1469	0	52515.0235	0
88	1685	-454.1014	0	52515.6367	0
89	1685	-454.0807	0	52515.8656	0
106	1685	-454.0752	0	52514.3397	0
107	1685	-454.0838	0	52514.3053	0
108	1685	-454.0904	0	52514.5233	0
109	1685	-454.0919	0	52514.6047	0
117	1685	-454.1443	0	52513.6838	0
118	1685	-454.1244	0	52513.8726	0
119	1685	-454.1423	0	52513.7117	0
120	1685	-454.1553	0	52513.4237	0
121	1685	-454.1618	0	52513.3179	0
122	1685	-454.2117	0	52512.8379	0
123	1685	-454.2094	0	52512.6572	0
124	1685	-454.1835	0	52513.0455	0
128	1685	-454.1356	0	52513.2290	0
129	1685	-454.1565	0	52513.0417	0
130	1685	-454.1223	0	52513.1953	0
131	1685	-454.1589	0	52512.8057	0
132	1685	-454.1011	0	52513.3294	0
133	1685	-454.1312	0	52513.0850	0
134	1685	-454.1438	0	52512.9971	0
135	1685	-454.1253	0	52513.1823	0
136	1685	-454.1668	0	52512.8122	0
137	1685	-454.1321	0	52512.8891	0
138	1685	-454.0931	0	52513.1442	0
139	1685	-454.0509	0	52513.4590	0
140	1685	-454.0309	0	52513.5742	0
141	1685	-454.0249	0	52513.3927	0
142	1685	-453.9757	0	52513.5314	0
143	1685	-453.9751	0	52513.3641	0
144	1685	-453.9721	0	52513.5240	0
145	1685	-453.9243	0	52513.7979	0
146	1685	-453.8537	0	52514.1112	0
147	1685	-453.8299	0	52514.0001	0
148	1685	-453.8181	0	52513.5016	0
149	1685	-453.7782	0	52512.6083	0
150	1685	-453.7408	0	52512.2516	0
152	1685	-453.6706	0	52512.3403	0
153	1685	-453.6409	0	52512.1202	0
154	1685	-453.6306	0	52511.8144	0
155	1685	-453.6233	0	52511.9318	0
156	1685	-453.6170	0	52512.2155	0
157	1685	-453.5926	0	52512.0917	0
158	1685	-453.5589	0	52512.0444	0
159	1685	-453.5463	0	52511.7944	0
160	1685	-453.5253	0	52511.4629	0
162	1685	-453.5059	0	52511.0437	0
163	1685	-453.5011	0	52510.9743	0
164	1685	-453.5265	0	52510.4812	0
165	1685	-453.5151	0	52510.2928	0
166	1685	-453.5088	0	52510.4679	0
167	1685	-453.5066	0	52510.5340	0
168	1685	-453.5054	0	52510.5650	0
169	1685	-453.4838	0	52510.5768	0
170	1685	-453.4746	0	52510.8223	0
171	1685	-453.4686	0	52510.9109	0
172	1685	-453.4469	0	52510.7077	0
173	1685	-453.4408	0	52510.8643	0
174	1685	-453.4578	0	52510.9359	0
175	1685	-453.4865	0	52510.4937	0
176	1685	-453.5176	0	52510.0958	0
177	1685	-453.5313	0	52509.9395	0
178	1685	-453.5368	0	52509.8861	0
179	1685	-453.5561	0	52509.8762	0
182	1685	-453.6001	0	52509.2837	0
183	1685	-453.6068	0	52509.4521	0
184	1685	-453.6117	0	52509.7587	0
185	1685	-453.6394	0	52509.6338	0
186	1685	-453.6679	0	52509.8452	0
187	1685	-453.6803	0	52509.4392	0
188	1685	-453.6825	0	52509.5297	0
189	1685	-453.7056	0	52509.3245	0
190	1685	-453.7238	0	52509.2503	0
