32	1692	-465.7165	0	52447.7315	0
35	1692	-465.7184	0	52447.7315	0
36	1692	-465.7188	0	52447.7160	0
37	1692	-465.7189	0	52447.7106	0
38	1692	-465.7196	0	52447.7070	0
39	1692	-465.7203	0	52447.7038	0
40	1692	-465.7208	0	52447.7072	0
41	1692	-465.7214	0	52447.7108	0
42	1692	-465.7219	0	52447.7123	0
43	1692	-465.7222	0	52447.7130	0
44	1692	-465.7225	0	52447.7093	0
45	1692	-465.7226	0	52447.7100	0
46	1692	-465.7229	0	52447.7104	0
47	1692	-465.7237	0	52447.7087	0
48	1692	-465.7244	0	52447.7103	0
49	1692	-465.7251	0	52447.7111	0
50	1692	-465.7253	0	52447.7094	0
51	1692	-465.7260	0	52447.7089	0
52	1692	-465.7260	0	52447.7087	0
53	1692	-465.7260	0	52447.7086	0
54	1692	-465.7261	0	52447.7066	0
55	1692	-465.7263	0	52447.7059	0
56	1692	-465.7262	0	52447.7014	0
57	1692	-465.7263	0	52447.6998	0
58	1692	-465.7266	0	52447.6972	0
59	1692	-465.7269	0	52447.6942	0
60	1692	-465.7270	0	52447.6974	0
61	1692	-465.7269	0	52447.7089	0
62	1692	-465.7265	0	52447.7030	0
63	1692	-465.7260	0	52447.7047	0
64	1692	-465.7259	0	52447.7096	0
65	1692	-465.7261	0	52447.7154	0
66	1692	-465.7263	0	52447.7197	0
67	1692	-465.7266	0	52447.7214	0
68	1692	-465.7268	0	52447.7200	0
69	1692	-465.7268	0	52447.7214	0
70	1692	-465.7267	0	52447.7199	0
71	1692	-465.7266	0	52447.7193	0
72	1692	-465.7263	0	52447.7189	0
73	1692	-465.7264	0	52447.7188	0
74	1692	-465.7263	0	52447.7187	0
75	1692	-465.7263	0	52447.7187	0
76	1692	-465.7263	0	52447.7187	0
77	1692	-465.7263	0	52447.7227	0
78	1692	-465.7263	0	52447.7282	0
79	1692	-465.7265	0	52447.7303	0
80	1692	-465.7266	0	52447.7330	0
81	1692	-465.7267	0	52447.7320	0
82	1692	-465.7272	0	52447.7276	0
83	1692	-465.7281	0	52447.7262	0
84	1692	-465.7288	0	52447.7258	0
85	1692	-465.7295	0	52447.7237	0
86	1692	-465.7301	0	52447.7230	0
87	1692	-465.7310	0	52447.7229	0
88	1692	-465.7318	0	52447.7210	0
89	1692	-465.7325	0	52447.7184	0
90	1692	-465.7329	0	52447.7154	0
91	1692	-465.7336	0	52447.7104	0
92	1692	-465.7337	0	52447.7104	0
93	1692	-465.7336	0	52447.7125	0
94	1692	-465.7337	0	52447.7135	0
95	1692	-465.7342	0	52447.7140	0
96	1692	-465.7340	0	52447.7161	0
97	1692	-465.7342	0	52447.7149	0
98	1692	-465.7348	0	52447.7209	0
99	1692	-465.7357	0	52447.7212	0
100	1692	-465.7361	0	52447.7214	0
101	1692	-465.7364	0	52447.7235	0
102	1692	-465.7363	0	52447.7221	0
118	1692	-465.7459	0	52447.7116	0
119	1692	-465.7458	0	52447.7155	0
120	1692	-465.7457	0	52447.7169	0
121	1692	-465.7456	0	52447.7214	0
122	1692	-465.7458	0	52447.7232	0
123	1692	-465.7461	0	52447.7219	0
124	1692	-465.7462	0	52447.7235	0
125	1692	-465.7462	0	52447.7260	0
126	1692	-465.7462	0	52447.7310	0
127	1692	-465.7465	0	52447.7309	0
128	1692	-465.7466	0	52447.7328	0
129	1692	-465.7466	0	52447.7315	0
130	1692	-465.7464	0	52447.7349	0
131	1692	-465.7464	0	52447.7382	0
132	1692	-465.7465	0	52447.7394	0
133	1692	-465.7465	0	52447.7378	0
134	1692	-465.7467	0	52447.7391	0
135	1692	-465.7467	0	52447.7416	0
136	1692	-465.7468	0	52447.7425	0
137	1692	-465.7467	0	52447.7427	0
138	1692	-465.7469	0	52447.7409	0
139	1692	-465.7469	0	52447.7460	0
140	1692	-465.7469	0	52447.7479	0
141	1692	-465.7469	0	52447.7486	0
142	1692	-465.7466	0	52447.7525	0
143	1692	-465.7467	0	52447.7522	0
144	1692	-465.7466	0	52447.7519	0
145	1692	-465.7465	0	52447.7517	0
146	1692	-465.7467	0	52447.7478	0
147	1692	-465.7468	0	52447.7463	0
148	1692	-465.7468	0	52447.7477	0
149	1692	-465.7464	0	52447.7519	0
150	1692	-465.7465	0	52447.7497	0
151	1692	-465.7466	0	52447.7489	0
152	1692	-465.7469	0	52447.7446	0
153	1692	-465.7468	0	52447.7430	0
154	1692	-465.7467	0	52447.7405	0
155	1692	-465.7466	0	52447.7415	0
156	1692	-465.7466	0	52447.7419	0
157	1692	-465.7468	0	52447.7421	0
158	1692	-465.7468	0	52447.7461	0
159	1692	-465.7469	0	52447.7476	0
160	1692	-465.7469	0	52447.7501	0
161	1692	-465.7469	0	52447.7510	0
162	1692	-465.7469	0	52447.7494	0
163	1692	-465.7470	0	52447.7507	0
164	1692	-465.7470	0	52447.7512	0
165	1692	-465.7467	0	52447.7532	0
166	1692	-465.7468	0	52447.7521	0
167	1692	-465.7470	0	52447.7498	0
168	1692	-465.7469	0	52447.7507	0
169	1692	-465.7468	0	52447.7530	0
170	1692	-465.7468	0	52447.7538	0
171	1692	-465.7469	0	52447.7504	0
172	1692	-465.7471	0	52447.7471	0
173	1692	-465.7471	0	52447.7458	0
174	1692	-465.7468	0	52447.7492	0
175	1692	-465.7469	0	52447.7506	0
176	1692	-465.7467	0	52447.7509	0
177	1692	-465.7466	0	52447.7511	0
178	1692	-465.7466	0	52447.7492	0
179	1692	-465.7465	0	52447.7504	0
180	1692	-465.7466	0	52447.7489	0
181	1692	-465.7465	0	52447.7484	0
182	1692	-465.7463	0	52447.7501	0
183	1692	-465.7465	0	52447.7469	0
184	1692	-465.7462	0	52447.7514	0
185	1692	-465.7464	0	52447.7473	0
186	1692	-465.7463	0	52447.7535	0
187	1692	-465.7463	0	52447.7520	0
188	1692	-465.7465	0	52447.7496	0
189	1692	-465.7467	0	52447.7467	0
190	1692	-465.7467	0	52447.7457	0
191	1692	-465.7468	0	52447.7452	0
192	1692	-465.7467	0	52447.7451	0
193	1692	-465.7465	0	52447.7470	0
194	1692	-465.7466	0	52447.7458	0
195	1692	-465.7468	0	52447.7434	0
196	1692	-465.7467	0	52447.7463	0
197	1692	-465.7469	0	52447.7456	0
198	1692	-465.7470	0	52447.7434	0
199	1692	-465.7472	0	52447.7407	0
200	1692	-465.7474	0	52447.7358	0
201	1692	-465.7474	0	52447.7359	0
202	1692	-465.7473	0	52447.7340	0
203	1692	-465.7473	0	52447.7333	0
204	1692	-465.7473	0	52447.7331	0
205	1692	-465.7475	0	52447.7331	0
206	1692	-465.7475	0	52447.7351	0
207	1692	-465.7474	0	52447.7359	0
208	1692	-465.7473	0	52447.7381	0
209	1692	-465.7474	0	52447.7370	0
210	1692	-465.7474	0	52447.7386	0
211	1692	-465.7476	0	52447.7373	0
212	1692	-465.7476	0	52447.7368	0
213	1692	-465.7475	0	52447.7366	0
214	1692	-465.7476	0	52447.7365	0
215	1692	-465.7476	0	52447.7365	0
216	1692	-465.7476	0	52447.7365	0
217	1692	-465.7476	0	52447.7365	0
218	1692	-465.7476	0	52447.7365	0
219	1692	-465.7473	0	52447.7404	0
220	1692	-465.7474	0	52447.7419	0
221	1692	-465.7474	0	52447.7425	0
222	1692	-465.7474	0	52447.7426	0
223	1692	-465.7472	0	52447.7465	0
224	1692	-465.7474	0	52447.7441	0
225	1692	-465.7474	0	52447.7432	0
226	1692	-465.7472	0	52447.7447	0
227	1692	-465.7471	0	52447.7473	0
228	1692	-465.7471	0	52447.7501	0
229	1692	-465.7471	0	52447.7511	0
230	1692	-465.7469	0	52447.7534	0
231	1692	-465.7471	0	52447.7523	0
232	1692	-465.7471	0	52447.7538	0
233	1692	-465.7470	0	52447.7581	0
234	1692	-465.7468	0	52447.7558	0
235	1692	-465.7467	0	52447.7606	0
236	1692	-465.7466	0	52447.7605	0
237	1692	-465.7465	0	52447.7642	0
238	1692	-465.7467	0	52447.7636	0
239	1692	-465.7466	0	52447.7634	0
240	1692	-465.7466	0	52447.7575	0
241	1692	-465.7466	0	52447.7552	0
242	1692	-465.7465	0	52447.7601	0
243	1692	-465.7465	0	52447.7620	0
244	1692	-465.7465	0	52447.7626	0
245	1692	-465.7464	0	52447.7666	0
246	1692	-465.7466	0	52447.7681	0
247	1692	-465.7466	0	52447.7686	0
248	1692	-465.7463	0	52447.7724	0
249	1692	-465.7462	0	52447.7737	0
250	1692	-465.7457	0	52447.7760	0
251	1692	-465.7457	0	52447.7749	0
252	1692	-465.7458	0	52447.7727	0
253	1692	-465.7458	0	52447.7718	0
254	1692	-465.7459	0	52447.7714	0
255	1692	-465.7459	0	52447.7712	0
256	1692	-465.7457	0	52447.7711	0
257	1692	-465.7456	0	52447.7711	0
258	1692	-465.7458	0	52447.7692	0
259	1692	-465.7461	0	52447.7667	0
260	1692	-465.7462	0	52447.7676	0
261	1692	-465.7460	0	52447.7697	0
262	1692	-465.7460	0	52447.7669	0
263	1692	-465.7462	0	52447.7658	0
264	1692	-465.7462	0	52447.7654	0
265	1692	-465.7461	0	52447.7671	0
266	1692	-465.7460	0	52447.7677	0
267	1692	-465.7462	0	52447.7643	0
268	1692	-465.7463	0	52447.7611	0
269	1692	-465.7462	0	52447.7618	0
270	1692	-465.7461	0	52447.7640	0
271	1692	-465.7461	0	52447.7629	0
272	1692	-465.7462	0	52447.7607	0
273	1692	-465.7462	0	52447.7598	0
274	1692	-465.7462	0	52447.7595	0
275	1692	-465.7461	0	52447.7594	0
276	1692	-465.7459	0	52447.7631	0
277	1692	-465.7458	0	52447.7626	0
278	1692	-465.7458	0	52447.7624	0
279	1692	-465.7459	0	52447.7606	0
280	1692	-465.7460	0	52447.7617	0
281	1692	-465.7460	0	52447.7622	0
282	1692	-465.7464	0	52447.7586	0
283	1692	-465.7465	0	52447.7535	0
284	1692	-465.7465	0	52447.7515	0
285	1692	-465.7465	0	52447.7508	0
286	1692	-465.7466	0	52447.7506	0
287	1692	-465.7466	0	52447.7506	0
288	1692	-465.7466	0	52447.7506	0
289	1692	-465.7466	0	52447.7525	0
290	1692	-465.7465	0	52447.7514	0
291	1692	-465.7464	0	52447.7491	0
292	1692	-465.7463	0	52447.7501	0
293	1692	-465.7462	0	52447.7524	0
294	1692	-465.7461	0	52447.7533	0
295	1692	-465.7461	0	52447.7536	0
296	1692	-465.7459	0	52447.7575	0
297	1692	-465.7457	0	52447.7590	0
298	1692	-465.7457	0	52447.7595	0
299	1692	-465.7457	0	52447.7578	0
300	1692	-465.7455	0	52447.7590	0
301	1692	-465.7456	0	52447.7576	0
302	1692	-465.7456	0	52447.7589	0
303	1692	-465.7456	0	52447.7594	0
304	1692	-465.7454	0	52447.7614	0
305	1692	-465.7453	0	52447.7621	0
306	1692	-465.7452	0	52447.7642	0
307	1692	-465.7451	0	52447.7650	0
308	1692	-465.7450	0	52447.7652	0
309	1692	-465.7450	0	52447.7654	0
310	1692	-465.7450	0	52447.7672	0
311	1692	-465.7448	0	52447.7678	0
312	1692	-465.7446	0	52447.7680	0
313	1692	-465.7445	0	52447.7680	0
314	1692	-465.7441	0	52447.7716	0
315	1692	-465.7438	0	52447.7748	0
316	1692	-465.7434	0	52447.7776	0
317	1692	-465.7433	0	52447.7769	0
318	1692	-465.7428	0	52447.7801	0
319	1692	-465.7426	0	52447.7794	0
320	1692	-465.7426	0	52447.7773	0
321	1692	-465.7426	0	52447.7765	0
322	1692	-465.7423	0	52447.7779	0
323	1692	-465.7421	0	52447.7783	0
324	1692	-465.7422	0	52447.7767	0
325	1692	-465.7422	0	52447.7761	0
326	1692	-465.7423	0	52447.7758	0
327	1692	-465.7423	0	52447.7757	0
328	1692	-465.7423	0	52447.7775	0
329	1692	-465.7422	0	52447.7800	0
330	1692	-465.7423	0	52447.7828	0
331	1692	-465.7422	0	52447.7837	0
332	1692	-465.7424	0	52447.7841	0
333	1692	-465.7422	0	52447.7860	0
334	1692	-465.7422	0	52447.7849	0
335	1692	-465.7419	0	52447.7843	0
336	1692	-465.7420	0	52447.7823	0
337	1692	-465.7421	0	52447.7816	0
338	1692	-465.7420	0	52447.7830	0
339	1692	-465.7418	0	52447.7836	0
340	1692	-465.7417	0	52447.7820	0
341	1692	-465.7417	0	52447.7813	0
342	1692	-465.7415	0	52447.7828	0
343	1692	-465.7414	0	52447.7834	0
344	1692	-465.7415	0	52447.7818	0
345	1692	-465.7415	0	52447.7812	0
346	1692	-465.7415	0	52447.7810	0
347	1692	-465.7415	0	52447.7809	0
348	1692	-465.7414	0	52447.7809	0
349	1692	-465.7414	0	52447.7808	0
350	1692	-465.7414	0	52447.7808	0
351	1692	-465.7416	0	52447.7772	0
352	1692	-465.7417	0	52447.7777	0
353	1692	-465.7420	0	52447.7780	0
354	1692	-465.7421	0	52447.7781	0
355	1692	-465.7421	0	52447.7782	0
356	1692	-465.7419	0	52447.7781	0
357	1692	-465.7421	0	52447.7800	0
358	1692	-465.7421	0	52447.7807	0
359	1692	-465.7422	0	52447.7792	0
360	1692	-465.7422	0	52447.7804	0
361	1692	-465.7424	0	52447.7809	0
362	1692	-465.7425	0	52447.7793	0
363	1692	-465.7427	0	52447.7805	0
364	1692	-465.7430	0	52447.7792	0
365	1692	-465.7431	0	52447.7787	0
366	1692	-465.7434	0	52447.7786	0
367	1692	-465.7438	0	52447.7750	0
368	1692	-465.7439	0	52447.7755	0
369	1692	-465.7442	0	52447.7757	0
370	1692	-465.7445	0	52447.7759	0
371	1692	-465.7449	0	52447.7724	0
372	1692	-465.7453	0	52447.7711	0
373	1692	-465.7455	0	52447.7725	0
374	1692	-465.7455	0	52447.7694	0
375	1692	-465.7458	0	52447.7664	0
376	1692	-465.7459	0	52447.7672	0
377	1692	-465.7461	0	52447.7675	0
378	1692	-465.7463	0	52447.7659	0
379	1692	-465.7464	0	52447.7653	0
380	1692	-465.7464	0	52447.7651	0
381	1692	-465.7467	0	52447.7632	0
382	1692	-465.7468	0	52447.7607	0
383	1692	-465.7468	0	52447.7597	0
384	1692	-465.7467	0	52447.7594	0
385	1692	-465.7469	0	52447.7594	0
386	1692	-465.7470	0	52447.7594	0
387	1692	-465.7473	0	52447.7576	0
388	1692	-465.7476	0	52447.7551	0
389	1692	-465.7475	0	52447.7541	0
390	1692	-465.7477	0	52447.7558	0
391	1692	-465.7481	0	52447.7527	0
392	1692	-465.7482	0	52447.7496	0
393	1692	-465.7482	0	52447.7485	0
394	1692	-465.7484	0	52447.7462	0
395	1692	-465.7486	0	52447.7455	0
396	1692	-465.7487	0	52447.7433	0
397	1692	-465.7487	0	52447.7445	0
398	1692	-465.7488	0	52447.7450	0
399	1692	-465.7489	0	52447.7433	0
400	1692	-465.7489	0	52447.7427	0
401	1692	-465.7489	0	52447.7406	0
402	1692	-465.7491	0	52447.7398	0
403	1692	-465.7492	0	52447.7396	0
404	1692	-465.7492	0	52447.7396	0
405	1692	-465.7492	0	52447.7395	0
406	1692	-465.7494	0	52447.7377	0
407	1692	-465.7497	0	52447.7351	0
408	1692	-465.7497	0	52447.7381	0
409	1692	-465.7496	0	52447.7411	0
410	1692	-465.7495	0	52447.7424	0
411	1692	-465.7497	0	52447.7429	0
412	1692	-465.7497	0	52447.7431	0
413	1692	-465.7495	0	52447.7470	0
414	1692	-465.7497	0	52447.7446	0
415	1692	-465.7497	0	52447.7456	0
416	1692	-465.7497	0	52447.7479	0
417	1692	-465.7498	0	52447.7469	0
418	1692	-465.7498	0	52447.7504	0
419	1692	-465.7501	0	52447.7478	0
420	1692	-465.7502	0	52447.7488	0
421	1692	-465.7502	0	52447.7511	0
422	1692	-465.7504	0	52447.7501	0
423	1692	-465.7506	0	52447.7478	0
424	1692	-465.7507	0	52447.7488	0
425	1692	-465.7509	0	52447.7492	0
426	1692	-465.7510	0	52447.7494	0
427	1692	-465.7511	0	52447.7475	0
428	1692	-465.7511	0	52447.7468	0
429	1692	-465.7512	0	52447.7466	0
430	1692	-465.7512	0	52447.7465	0
431	1692	-465.7512	0	52447.7464	0
432	1692	-465.7513	0	52447.7445	0
433	1692	-465.7515	0	52447.7419	0
434	1692	-465.7513	0	52447.7428	0
435	1692	-465.7513	0	52447.7431	0
436	1692	-465.7513	0	52447.7434	0
437	1692	-465.7513	0	52447.7434	0
438	1692	-465.7513	0	52447.7435	0
439	1692	-465.7515	0	52447.7416	0
440	1692	-465.7516	0	52447.7409	0
441	1692	-465.7515	0	52447.7386	0
442	1692	-465.7517	0	52447.7359	0
443	1692	-465.7518	0	52447.7349	0
444	1692	-465.7519	0	52447.7345	0
445	1692	-465.7520	0	52447.7325	0
446	1692	-465.7519	0	52447.7337	0
447	1692	-465.7519	0	52447.7342	0
448	1692	-465.7519	0	52447.7344	0
449	1692	-465.7521	0	52447.7345	0
450	1692	-465.7519	0	52447.7346	0
451	1692	-465.7518	0	52447.7346	0
452	1692	-465.7519	0	52447.7346	0
453	1692	-465.7521	0	52447.7347	0
454	1692	-465.7522	0	52447.7347	0
455	1692	-465.7523	0	52447.7328	0
456	1692	-465.7522	0	52447.7341	0
457	1692	-465.7523	0	52447.7326	0
458	1692	-465.7520	0	52447.7359	0
459	1692	-465.7519	0	52447.7372	0
460	1692	-465.7516	0	52447.7395	0
461	1692	-465.7514	0	52447.7424	0
462	1692	-465.7512	0	52447.7414	0
463	1692	-465.7511	0	52447.7430	0
464	1692	-465.7511	0	52447.7416	0
465	1692	-465.7513	0	52447.7392	0
466	1692	-465.7514	0	52447.7402	0
467	1692	-465.7514	0	52447.7406	0
468	1692	-465.7514	0	52447.7407	0
469	1692	-465.7514	0	52447.7407	0
470	1692	-465.7514	0	52447.7388	0
471	1692	-465.7515	0	52447.7380	0
472	1692	-465.7517	0	52447.7359	0
473	1692	-465.7518	0	52447.7351	0
474	1692	-465.7518	0	52447.7367	0
475	1692	-465.7516	0	52447.7393	0
476	1692	-465.7517	0	52447.7383	0
477	1692	-465.7517	0	52447.7399	0
478	1692	-465.7517	0	52447.7425	0
479	1692	-465.7515	0	52447.7434	0
480	1692	-465.7514	0	52447.7437	0
481	1692	-465.7513	0	52447.7457	0
482	1692	-465.7513	0	52447.7464	0
483	1692	-465.7513	0	52447.7467	0
484	1692	-465.7513	0	52447.7468	0
485	1692	-465.7512	0	52447.7487	0
486	1692	-465.7512	0	52447.7494	0
487	1692	-465.7510	0	52447.7516	0
488	1692	-465.7511	0	52447.7543	0
489	1692	-465.7511	0	52447.7553	0
490	1692	-465.7513	0	52447.7557	0
491	1692	-465.7512	0	52447.7576	0
492	1692	-465.7514	0	52447.7583	0
493	1692	-465.7515	0	52447.7568	0
494	1692	-465.7516	0	52447.7561	0
495	1692	-465.7516	0	52447.7577	0
496	1692	-465.7513	0	52447.7582	0
497	1692	-465.7515	0	52447.7566	0
498	1692	-465.7517	0	52447.7560	0
499	1692	-465.7517	0	52447.7538	0
500	1692	-465.7516	0	52447.7529	0
501	1692	-465.7516	0	52447.7526	0
502	1692	-465.7517	0	52447.7525	0
503	1692	-465.7520	0	52447.7486	0
504	1692	-465.7521	0	52447.7472	0
505	1692	-465.7521	0	52447.7467	0
506	1692	-465.7521	0	52447.7465	0
507	1692	-465.7519	0	52447.7464	0
508	1692	-465.7518	0	52447.7464	0
509	1692	-465.7517	0	52447.7483	0
510	1692	-465.7517	0	52447.7452	0
511	1692	-465.7516	0	52447.7440	0
512	1692	-465.7516	0	52447.7455	0
513	1692	-465.7514	0	52447.7441	0
514	1692	-465.7511	0	52447.7435	0
515	1692	-465.7509	0	52447.7414	0
516	1692	-465.7503	0	52447.7423	0
517	1692	-465.7500	0	52447.7427	0
518	1692	-465.7496	0	52447.7429	0
519	1692	-465.7495	0	52447.7409	0
520	1692	-465.7497	0	52447.7383	0
