250	1721	-465.7083	0	52447.2025	0
251	1721	-465.7086	0	52447.2077	0
252	1721	-465.7084	0	52447.1994	0
253	1721	-465.7086	0	52447.1914	0
254	1721	-465.7087	0	52447.1986	0
255	1721	-465.7089	0	52447.1875	0
266	1721	-465.7118	0	52447.1840	0
267	1721	-465.7118	0	52447.1839	0
268	1721	-465.7118	0	52447.1884	0
272	1721	-465.7121	0	52447.1737	0
273	1721	-465.7123	0	52447.1671	0
274	1721	-465.7121	0	52447.1694	0
275	1721	-465.7121	0	52447.1703	0
276	1721	-465.7121	0	52447.1707	0
277	1721	-465.7124	0	52447.1710	0
296	1721	-465.7122	0	52447.2232	0
297	1721	-465.7122	0	52447.2244	0
