273	1724	-465.7206	0	52447.2087	0
274	1724	-465.7203	0	52447.2186	0
275	1724	-465.7202	0	52447.2219	0
276	1724	-465.7204	0	52447.2179	0
277	1724	-465.7205	0	52447.2118	0
278	1724	-465.7209	0	52447.2097	0
280	1724	-465.7208	0	52447.2141	0
282	1724	-465.7207	0	52447.2044	0
283	1724	-465.7207	0	52447.2113	0
284	1724	-465.7205	0	52447.2136	0
285	1724	-465.7203	0	52447.2102	0
286	1724	-465.7203	0	52447.2088	0
287	1724	-465.7203	0	52447.2083	0
288	1724	-465.7206	0	52447.1998	0
289	1724	-465.7208	0	52447.1965	0
290	1724	-465.7208	0	52447.1953	0
291	1724	-465.7207	0	52447.1993	0
292	1724	-465.7204	0	52447.2050	0
293	1724	-465.7205	0	52447.2072	0
294	1724	-465.7205	0	52447.1996	0
295	1724	-465.7203	0	52447.2052	0
296	1724	-465.7196	0	52447.2157	0
297	1724	-465.7194	0	52447.2196	0
298	1724	-465.7194	0	52447.2210	0
299	1724	-465.7193	0	52447.2129	0
300	1724	-465.7193	0	52447.2099	0
301	1724	-465.7190	0	52447.2214	0
307	1724	-465.7190	0	52447.2156	0
308	1724	-465.7190	0	52447.2149	0
309	1724	-465.7190	0	52447.2191	0
310	1724	-465.7191	0	52447.2120	0
311	1724	-465.7191	0	52447.2093	0
312	1724	-465.7190	0	52447.2126	0
313	1724	-465.7188	0	52447.2179	0
314	1724	-465.7187	0	52447.2157	0
317	1724	-465.7180	0	52447.2139	0
323	1724	-465.7178	0	52447.2069	0
324	1724	-465.7176	0	52447.2065	0
325	1724	-465.7176	0	52447.2108	0
326	1724	-465.7174	0	52447.2123	0
327	1724	-465.7176	0	52447.2086	0
328	1724	-465.7177	0	52447.2074	0
329	1724	-465.7175	0	52447.2111	0
330	1724	-465.7174	0	52447.2127	0
334	1724	-465.7176	0	52447.2015	0
335	1724	-465.7172	0	52447.2132	0
336	1724	-465.7172	0	52447.2087	0
337	1724	-465.7173	0	52447.2072	0
338	1724	-465.7171	0	52447.2151	0
339	1724	-465.7172	0	52447.2141	0
340	1724	-465.7173	0	52447.2095	0
341	1724	-465.7173	0	52447.2077	0
348	1724	-465.7173	0	52447.2007	0
349	1724	-465.7174	0	52447.2003	0
350	1724	-465.7174	0	52447.2003	0
351	1724	-465.7178	0	52447.1961	0
352	1724	-465.7182	0	52447.1946	0
353	1724	-465.7183	0	52447.1897	0
354	1724	-465.7187	0	52447.1924	0
355	1724	-465.7184	0	52447.1933	0
357	1724	-465.7188	0	52447.1992	0
