430	1748	-465.6179	0	52448.6793	0
431	1748	-465.6188	0	52448.6787	0
432	1748	-465.6205	0	52448.6776	0
433	1748	-465.6215	0	52448.6767	0
434	1748	-465.6225	0	52448.6760	0
435	1748	-465.6237	0	52448.6754	0
436	1748	-465.6249	0	52448.6750	0
437	1748	-465.6267	0	52448.6743	0
438	1748	-465.6284	0	52448.6735	0
439	1748	-465.6297	0	52448.6726	0
440	1748	-465.6308	0	52448.6719	0
441	1748	-465.6315	0	52448.6713	0
442	1748	-465.6328	0	52448.6706	0
443	1748	-465.6340	0	52448.6695	0
444	1748	-465.6349	0	52448.6685	0
445	1748	-465.6352	0	52448.6677	0
446	1748	-465.6359	0	52448.6672	0
447	1748	-465.6368	0	52448.6669	0
448	1748	-465.6376	0	52448.6665	0
449	1748	-465.6390	0	52448.6657	0
450	1748	-465.6399	0	52448.6649	0
451	1748	-465.6408	0	52448.6642	0
452	1748	-465.6416	0	52448.6636	0
453	1748	-465.6426	0	52448.6629	0
454	1748	-465.6435	0	52448.6621	0
455	1748	-465.6439	0	52448.6614	0
456	1748	-465.6444	0	52448.6606	0
457	1748	-465.6447	0	52448.6603	0
458	1748	-465.6452	0	52448.6600	0
459	1748	-465.6459	0	52448.6594	0
460	1748	-465.6468	0	52448.6586	0
461	1748	-465.6475	0	52448.6577	0
462	1748	-465.6481	0	52448.6571	0
463	1748	-465.6486	0	52448.6567	0
464	1748	-465.6493	0	52448.6560	0
465	1748	-465.6499	0	52448.6550	0
466	1748	-465.6503	0	52448.6542	0
467	1748	-465.6506	0	52448.6538	0
468	1748	-465.6509	0	52448.6534	0
469	1748	-465.6515	0	52448.6532	0
470	1748	-465.6522	0	52448.6527	0
471	1748	-465.6529	0	52448.6520	0
472	1748	-465.6535	0	52448.6514	0
473	1748	-465.6540	0	52448.6509	0
474	1748	-465.6546	0	52448.6504	0
475	1748	-465.6552	0	52448.6498	0
476	1748	-465.6557	0	52448.6488	0
477	1748	-465.6555	0	52448.6474	0
478	1748	-465.6555	0	52448.6466	0
479	1748	-465.6555	0	52448.6463	0
480	1748	-465.6559	0	52448.6453	0
481	1748	-465.6561	0	52448.6436	0
482	1748	-465.6562	0	52448.6410	0
483	1748	-465.6567	0	52448.6391	0
484	1748	-465.6573	0	52448.6381	0
485	1748	-465.6577	0	52448.6377	0
486	1748	-465.6584	0	52448.6365	0
487	1748	-465.6586	0	52448.6342	0
488	1748	-465.6586	0	52448.6322	0
489	1748	-465.6590	0	52448.6311	0
490	1748	-465.6600	0	52448.6304	0
491	1748	-465.6608	0	52448.6297	0
492	1748	-465.6613	0	52448.6289	0
493	1748	-465.6614	0	52448.6300	0
494	1748	-465.6630	0	52448.6260	0
495	1748	-465.6644	0	52448.6242	0
496	1748	-465.6657	0	52448.6238	0
497	1748	-465.6664	0	52448.6228	0
498	1748	-465.6666	0	52448.6213	0
499	1748	-465.6672	0	52448.6194	0
500	1748	-465.6682	0	52448.6181	0
501	1748	-465.6688	0	52448.6178	0
502	1748	-465.6698	0	52448.6174	0
503	1748	-465.6706	0	52448.6160	0
504	1748	-465.6713	0	52448.6147	0
505	1748	-465.6724	0	52448.6135	0
506	1748	-465.6732	0	52448.6130	0
507	1748	-465.6743	0	52448.6120	0
508	1748	-465.6752	0	52448.6105	0
509	1748	-465.6758	0	52448.6089	0
510	1748	-465.6764	0	52448.6077	0
511	1748	-465.6768	0	52448.6073	0
512	1748	-465.6775	0	52448.6073	0
513	1748	-465.6782	0	52448.6069	0
514	1748	-465.6788	0	52448.6063	0
515	1748	-465.6796	0	52448.6053	0
516	1748	-465.6801	0	52448.6049	0
517	1748	-465.6806	0	52448.6044	0
518	1748	-465.6814	0	52448.6033	0
519	1748	-465.6817	0	52448.6013	0
520	1748	-465.6821	0	52448.5994	0
521	1748	-465.6824	0	52448.5985	0
522	1748	-465.6827	0	52448.5983	0
523	1748	-465.6830	0	52448.5983	0
524	1748	-465.6836	0	52448.5979	0
525	1748	-465.6841	0	52448.5968	0
526	1748	-465.6846	0	52448.5957	0
527	1748	-465.6851	0	52448.5953	0
528	1748	-465.6855	0	52448.5947	0
529	1748	-465.6856	0	52448.5922	0
530	1748	-465.6855	0	52448.5900	0
531	1748	-465.6854	0	52448.5885	0
532	1748	-465.6852	0	52448.5880	0
533	1748	-465.6852	0	52448.5870	0
534	1748	-465.6853	0	52448.5851	0
535	1748	-465.6853	0	52448.5822	0
536	1748	-465.6854	0	52448.5805	0
537	1748	-465.6854	0	52448.5798	0
538	1748	-465.6855	0	52448.5790	0
539	1748	-465.6852	0	52448.5769	0
540	1748	-465.6850	0	52448.5746	0
541	1748	-465.6848	0	52448.5728	0
542	1748	-465.6845	0	52448.5719	0
543	1748	-465.6843	0	52448.5716	0
544	1748	-465.6843	0	52448.5706	0
545	1748	-465.6842	0	52448.5676	0
546	1748	-465.6842	0	52448.5661	0
547	1748	-465.6842	0	52448.5654	0
548	1748	-465.6840	0	52448.5647	0
549	1748	-465.6838	0	52448.5636	0
550	1748	-465.6834	0	52448.5608	0
551	1748	-465.6830	0	52448.5591	0
552	1748	-465.6827	0	52448.5579	0
553	1748	-465.6825	0	52448.5578	0
554	1748	-465.6824	0	52448.5569	0
555	1748	-465.6823	0	52448.5541	0
556	1748	-465.6821	0	52448.5523	0
557	1748	-465.6819	0	52448.5513	0
558	1748	-465.6817	0	52448.5506	0
559	1748	-465.6815	0	52448.5499	0
560	1748	-465.6809	0	52448.5471	0
561	1748	-465.6804	0	52448.5455	0
562	1748	-465.6799	0	52448.5448	0
563	1748	-465.6794	0	52448.5445	0
564	1748	-465.6790	0	52448.5440	0
565	1748	-465.6786	0	52448.5429	0
566	1748	-465.6783	0	52448.5403	0
567	1748	-465.6778	0	52448.5390	0
568	1748	-465.6774	0	52448.5385	0
569	1748	-465.6768	0	52448.5376	0
570	1748	-465.6764	0	52448.5367	0
571	1748	-465.6756	0	52448.5331	0
572	1748	-465.6750	0	52448.5294	0
573	1748	-465.6747	0	52448.5275	0
574	1748	-465.6745	0	52448.5270	0
575	1748	-465.6747	0	52448.5262	0
576	1748	-465.6754	0	52448.5241	0
577	1748	-465.6763	0	52448.5221	0
578	1748	-465.6773	0	52448.5207	0
579	1748	-465.6782	0	52448.5199	0
580	1748	-465.6791	0	52448.5189	0
581	1748	-465.6797	0	52448.5170	0
582	1748	-465.6799	0	52448.5139	0
583	1748	-465.6801	0	52448.5122	0
584	1748	-465.6803	0	52448.5111	0
585	1748	-465.6804	0	52448.5104	0
586	1748	-465.6806	0	52448.5094	0
587	1748	-465.6807	0	52448.5067	0
588	1748	-465.6808	0	52448.5044	0
589	1748	-465.6812	0	52448.5021	0
590	1748	-465.6813	0	52448.5005	0
591	1748	-465.6814	0	52448.4983	0
592	1748	-465.6817	0	52448.4949	0
593	1748	-465.6814	0	52448.4899	0
594	1748	-465.6812	0	52448.4868	0
595	1748	-465.6811	0	52448.4842	0
596	1748	-465.6810	0	52448.4819	0
597	1748	-465.6810	0	52448.4789	0
598	1748	-465.6810	0	52448.4742	0
599	1748	-465.6812	0	52448.4702	0
600	1748	-465.6816	0	52448.4669	0
601	1748	-465.6817	0	52448.4649	0
602	1748	-465.6818	0	52448.4626	0
603	1748	-465.6820	0	52448.4599	0
604	1748	-465.6820	0	52448.4559	0
605	1748	-465.6820	0	52448.4530	0
606	1748	-465.6821	0	52448.4515	0
607	1748	-465.6823	0	52448.4511	0
608	1748	-465.6827	0	52448.4495	0
609	1748	-465.6829	0	52448.4459	0
610	1748	-465.6832	0	52448.4434	0
611	1748	-465.6836	0	52448.4420	0
612	1748	-465.6838	0	52448.4413	0
613	1748	-465.6841	0	52448.4406	0
614	1748	-465.6842	0	52448.4391	0
615	1748	-465.6842	0	52448.4394	0
616	1748	-465.6841	0	52448.4423	0
617	1748	-465.6840	0	52448.4485	0
618	1748	-465.6837	0	52448.4576	0
619	1748	-465.6837	0	52448.4670	0
620	1748	-465.6836	0	52448.4726	0
621	1748	-465.6835	0	52448.4777	0
622	1748	-465.6835	0	52448.4810	0
623	1748	-465.6837	0	52448.4834	0
624	1748	-465.6839	0	52448.4845	0
625	1748	-465.6839	0	52448.4816	0
626	1748	-465.6840	0	52448.4795	0
627	1748	-465.6841	0	52448.4778	0
628	1748	-465.6841	0	52448.4767	0
629	1748	-465.6842	0	52448.4754	0
630	1748	-465.6846	0	52448.4741	0
631	1748	-465.6846	0	52448.4710	0
632	1748	-465.6848	0	52448.4688	0
633	1748	-465.6851	0	52448.4676	0
634	1748	-465.6853	0	52448.4666	0
635	1748	-465.6855	0	52448.4658	0
636	1748	-465.6856	0	52448.4639	0
637	1748	-465.6856	0	52448.4616	0
638	1748	-465.6854	0	52448.4600	0
639	1748	-465.6854	0	52448.4585	0
640	1748	-465.6854	0	52448.4579	0
641	1748	-465.6855	0	52448.4566	0
642	1748	-465.6856	0	52448.4534	0
643	1748	-465.6856	0	52448.4514	0
644	1748	-465.6857	0	52448.4500	0
645	1748	-465.6859	0	52448.4495	0
646	1748	-465.6859	0	52448.4491	0
647	1748	-465.6858	0	52448.4475	0
648	1748	-465.6856	0	52448.4449	0
649	1748	-465.6855	0	52448.4442	0
650	1748	-465.6854	0	52448.4430	0
651	1748	-465.6854	0	52448.4428	0
652	1748	-465.6855	0	52448.4418	0
653	1748	-465.6855	0	52448.4398	0
654	1748	-465.6856	0	52448.4381	0
655	1748	-465.6857	0	52448.4367	0
656	1748	-465.6857	0	52448.4365	0
657	1748	-465.6857	0	52448.4359	0
658	1748	-465.6856	0	52448.4346	0
659	1748	-465.6855	0	52448.4323	0
660	1748	-465.6855	0	52448.4306	0
661	1748	-465.6855	0	52448.4295	0
662	1748	-465.6856	0	52448.4291	0
663	1748	-465.6858	0	52448.4279	0
664	1748	-465.6857	0	52448.4258	0
665	1748	-465.6858	0	52448.4233	0
666	1748	-465.6859	0	52448.4225	0
667	1748	-465.6858	0	52448.4222	0
668	1748	-465.6858	0	52448.4218	0
669	1748	-465.6858	0	52448.4212	0
670	1748	-465.6856	0	52448.4198	0
671	1748	-465.6854	0	52448.4182	0
672	1748	-465.6853	0	52448.4167	0
673	1748	-465.6853	0	52448.4168	0
674	1748	-465.6855	0	52448.4163	0
675	1748	-465.6856	0	52448.4147	0
676	1748	-465.6858	0	52448.4141	0
677	1748	-465.6859	0	52448.4130	0
678	1748	-465.6858	0	52448.4117	0
679	1748	-465.6859	0	52448.4122	0
680	1748	-465.6857	0	52448.4121	0
681	1748	-465.6856	0	52448.4109	0
682	1748	-465.6854	0	52448.4093	0
683	1748	-465.6855	0	52448.4084	0
684	1748	-465.6854	0	52448.4084	0
685	1748	-465.6855	0	52448.4078	0
686	1748	-465.6856	0	52448.4067	0
687	1748	-465.6857	0	52448.4051	0
688	1748	-465.6858	0	52448.4042	0
689	1748	-465.6858	0	52448.4032	0
690	1748	-465.6859	0	52448.4036	0
691	1748	-465.6859	0	52448.4028	0
692	1748	-465.6858	0	52448.4003	0
693	1748	-465.6857	0	52448.3991	0
694	1748	-465.6856	0	52448.3983	0
695	1748	-465.6856	0	52448.3990	0
696	1748	-465.6857	0	52448.3987	0
697	1748	-465.6858	0	52448.3976	0
698	1748	-465.6859	0	52448.3969	0
699	1748	-465.6859	0	52448.3964	0
700	1748	-465.6859	0	52448.3962	0
701	1748	-465.6859	0	52448.3962	0
702	1748	-465.6858	0	52448.3949	0
703	1748	-465.6855	0	52448.3931	0
704	1748	-465.6853	0	52448.3918	0
705	1748	-465.6851	0	52448.3910	0
706	1748	-465.6851	0	52448.3911	0
707	1748	-465.6850	0	52448.3905	0
708	1748	-465.6851	0	52448.3893	0
709	1748	-465.6852	0	52448.3882	0
710	1748	-465.6852	0	52448.3878	0
711	1748	-465.6851	0	52448.3880	0
712	1748	-465.6853	0	52448.3878	0
713	1748	-465.6852	0	52448.3874	0
714	1748	-465.6850	0	52448.3859	0
715	1748	-465.6849	0	52448.3847	0
716	1748	-465.6847	0	52448.3839	0
717	1748	-465.6846	0	52448.3833	0
718	1748	-465.6846	0	52448.3831	0
719	1748	-465.6846	0	52448.3821	0
720	1748	-465.6848	0	52448.3813	0
721	1748	-465.6850	0	52448.3800	0
722	1748	-465.6851	0	52448.3796	0
723	1748	-465.6852	0	52448.3794	0
724	1748	-465.6853	0	52448.3780	0
725	1748	-465.6852	0	52448.3771	0
726	1748	-465.6852	0	52448.3758	0
727	1748	-465.6850	0	52448.3749	0
728	1748	-465.6849	0	52448.3754	0
729	1748	-465.6849	0	52448.3738	0
730	1748	-465.6850	0	52448.3718	0
731	1748	-465.6851	0	52448.3703	0
732	1748	-465.6851	0	52448.3691	0
733	1748	-465.6851	0	52448.3686	0
734	1748	-465.6853	0	52448.3682	0
735	1748	-465.6852	0	52448.3673	0
736	1748	-465.6851	0	52448.3662	0
737	1748	-465.6850	0	52448.3652	0
738	1748	-465.6850	0	52448.3640	0
739	1748	-465.6849	0	52448.3640	0
740	1748	-465.6849	0	52448.3633	0
741	1748	-465.6852	0	52448.3623	0
742	1748	-465.6853	0	52448.3616	0
743	1748	-465.6854	0	52448.3610	0
744	1748	-465.6855	0	52448.3604	0
745	1748	-465.6855	0	52448.3606	0
746	1748	-465.6855	0	52448.3596	0
747	1748	-465.6855	0	52448.3577	0
748	1748	-465.6854	0	52448.3558	0
749	1748	-465.6852	0	52448.3544	0
750	1748	-465.6850	0	52448.3535	0
751	1748	-465.6850	0	52448.3524	0
752	1748	-465.6852	0	52448.3505	0
753	1748	-465.6854	0	52448.3490	0
754	1748	-465.6854	0	52448.3473	0
755	1748	-465.6854	0	52448.3471	0
756	1748	-465.6854	0	52448.3471	0
757	1748	-465.6854	0	52448.3459	0
758	1748	-465.6852	0	52448.3443	0
759	1748	-465.6851	0	52448.3433	0
760	1748	-465.6850	0	52448.3426	0
761	1748	-465.6849	0	52448.3428	0
762	1748	-465.6847	0	52448.3416	0
763	1748	-465.6849	0	52448.3409	0
764	1748	-465.6849	0	52448.3394	0
765	1748	-465.6851	0	52448.3384	0
766	1748	-465.6851	0	52448.3385	0
767	1748	-465.6851	0	52448.3386	0
768	1748	-465.6851	0	52448.3374	0
769	1748	-465.6852	0	52448.3362	0
770	1748	-465.6851	0	52448.3353	0
771	1748	-465.6851	0	52448.3342	0
772	1748	-465.6850	0	52448.3342	0
773	1748	-465.6852	0	52448.3338	0
774	1748	-465.6854	0	52448.3320	0
775	1748	-465.6856	0	52448.3301	0
776	1748	-465.6857	0	52448.3290	0
777	1748	-465.6858	0	52448.3286	0
778	1748	-465.6859	0	52448.3285	0
779	1748	-465.6858	0	52448.3272	0
780	1748	-465.6857	0	52448.3263	0
781	1748	-465.6856	0	52448.3247	0
782	1748	-465.6854	0	52448.3237	0
783	1748	-465.6853	0	52448.3229	0
784	1748	-465.6855	0	52448.3218	0
785	1748	-465.6856	0	52448.3205	0
786	1748	-465.6859	0	52448.3192	0
787	1748	-465.6860	0	52448.3183	0
788	1748	-465.6861	0	52448.3180	0
789	1748	-465.6862	0	52448.3183	0
790	1748	-465.6860	0	52448.3172	0
791	1748	-465.6859	0	52448.3154	0
792	1748	-465.6858	0	52448.3152	0
793	1748	-465.6857	0	52448.3156	0
794	1748	-465.6857	0	52448.3149	0
795	1748	-465.6857	0	52448.3138	0
796	1748	-465.6859	0	52448.3134	0
797	1748	-465.6862	0	52448.3119	0
798	1748	-465.6863	0	52448.3109	0
799	1748	-465.6863	0	52448.3106	0
800	1748	-465.6863	0	52448.3114	0
801	1748	-465.6862	0	52448.3085	0
802	1748	-465.6860	0	52448.3070	0
803	1748	-465.6858	0	52448.3050	0
804	1748	-465.6856	0	52448.3043	0
805	1748	-465.6856	0	52448.3050	0
806	1748	-465.6857	0	52448.3039	0
807	1748	-465.6859	0	52448.3026	0
808	1748	-465.6859	0	52448.3007	0
809	1748	-465.6859	0	52448.3000	0
810	1748	-465.6860	0	52448.3003	0
811	1748	-465.6860	0	52448.2990	0
812	1748	-465.6859	0	52448.2966	0
813	1748	-465.6859	0	52448.2948	0
814	1748	-465.6857	0	52448.2941	0
815	1748	-465.6855	0	52448.2939	0
816	1748	-465.6855	0	52448.2934	0
817	1748	-465.6857	0	52448.2932	0
818	1748	-465.6857	0	52448.2917	0
819	1748	-465.6858	0	52448.2907	0
820	1748	-465.6858	0	52448.2899	0
821	1748	-465.6858	0	52448.2901	0
822	1748	-465.6859	0	52448.2897	0
823	1748	-465.6860	0	52448.2876	0
824	1748	-465.6859	0	52448.2868	0
825	1748	-465.6858	0	52448.2856	0
826	1748	-465.6857	0	52448.2846	0
827	1748	-465.6856	0	52448.2843	0
828	1748	-465.6857	0	52448.2837	0
829	1748	-465.6858	0	52448.2820	0
830	1748	-465.6859	0	52448.2809	0
831	1748	-465.6860	0	52448.2795	0
832	1748	-465.6860	0	52448.2790	0
833	1748	-465.6860	0	52448.2778	0
834	1748	-465.6861	0	52448.2758	0
835	1748	-465.6861	0	52448.2746	0
836	1748	-465.6860	0	52448.2731	0
837	1748	-465.6858	0	52448.2726	0
838	1748	-465.6858	0	52448.2714	0
839	1748	-465.6860	0	52448.2710	0
840	1748	-465.6862	0	52448.2693	0
841	1748	-465.6864	0	52448.2671	0
842	1748	-465.6865	0	52448.2663	0
843	1748	-465.6867	0	52448.2655	0
844	1748	-465.6867	0	52448.2642	0
845	1748	-465.6866	0	52448.2615	0
846	1748	-465.6867	0	52448.2606	0
847	1748	-465.6867	0	52448.2581	0
848	1748	-465.6866	0	52448.2571	0
849	1748	-465.6865	0	52448.2563	0
850	1748	-465.6867	0	52448.2538	0
851	1748	-465.6869	0	52448.2507	0
852	1748	-465.6870	0	52448.2495	0
853	1748	-465.6872	0	52448.2486	0
854	1748	-465.6872	0	52448.2489	0
855	1748	-465.6873	0	52448.2479	0
856	1748	-465.6874	0	52448.2464	0
857	1748	-465.6874	0	52448.2442	0
858	1748	-465.6874	0	52448.2405	0
859	1748	-465.6874	0	52448.2397	0
860	1748	-465.6875	0	52448.2383	0
861	1748	-465.6877	0	52448.2373	0
862	1748	-465.6878	0	52448.2363	0
863	1748	-465.6881	0	52448.2343	0
864	1748	-465.6882	0	52448.2323	0
865	1748	-465.6883	0	52448.2317	0
866	1748	-465.6884	0	52448.2303	0
867	1748	-465.6884	0	52448.2286	0
868	1748	-465.6883	0	52448.2268	0
869	1748	-465.6884	0	52448.2262	0
870	1748	-465.6884	0	52448.2254	0
871	1748	-465.6887	0	52448.2251	0
872	1748	-465.6890	0	52448.2245	0
873	1748	-465.6891	0	52448.2224	0
874	1748	-465.6891	0	52448.2211	0
875	1748	-465.6892	0	52448.2200	0
876	1748	-465.6892	0	52448.2190	0
877	1748	-465.6893	0	52448.2181	0
878	1748	-465.6892	0	52448.2158	0
879	1748	-465.6891	0	52448.2144	0
880	1748	-465.6889	0	52448.2133	0
881	1748	-465.6889	0	52448.2136	0
882	1748	-465.6890	0	52448.2131	0
883	1748	-465.6893	0	52448.2117	0
884	1748	-465.6894	0	52448.2092	0
885	1748	-465.6895	0	52448.2070	0
886	1748	-465.6896	0	52448.2056	0
887	1748	-465.6896	0	52448.2031	0
888	1748	-465.6896	0	52448.2016	0
889	1748	-465.6896	0	52448.1977	0
890	1748	-465.6894	0	52448.1956	0
891	1748	-465.6893	0	52448.1942	0
892	1748	-465.6893	0	52448.1938	0
893	1748	-465.6893	0	52448.1930	0
894	1748	-465.6895	0	52448.1928	0
895	1748	-465.6897	0	52448.1914	0
896	1748	-465.6897	0	52448.1895	0
897	1748	-465.6897	0	52448.1882	0
898	1748	-465.6897	0	52448.1871	0
899	1748	-465.6895	0	52448.1853	0
900	1748	-465.6893	0	52448.1818	0
901	1748	-465.6891	0	52448.1799	0
902	1748	-465.6890	0	52448.1785	0
903	1748	-465.6892	0	52448.1787	0
904	1748	-465.6894	0	52448.1782	0
905	1748	-465.6897	0	52448.1766	0
906	1748	-465.6898	0	52448.1732	0
907	1748	-465.6899	0	52448.1713	0
908	1748	-465.6899	0	52448.1691	0
909	1748	-465.6900	0	52448.1676	0
910	1748	-465.6900	0	52448.1649	0
911	1748	-465.6900	0	52448.1625	0
912	1748	-465.6899	0	52448.1608	0
913	1748	-465.6897	0	52448.1596	0
914	1748	-465.6897	0	52448.1591	0
915	1748	-465.6899	0	52448.1599	0
916	1748	-465.6901	0	52448.1594	0
917	1748	-465.6902	0	52448.1570	0
918	1748	-465.6903	0	52448.1562	0
919	1748	-465.6904	0	52448.1559	0
920	1748	-465.6903	0	52448.1544	0
921	1748	-465.6903	0	52448.1507	0
922	1748	-465.6902	0	52448.1486	0
923	1748	-465.6903	0	52448.1463	0
924	1748	-465.6902	0	52448.1455	0
925	1748	-465.6904	0	52448.1461	0
926	1748	-465.6906	0	52448.1448	0
927	1748	-465.6909	0	52448.1420	0
928	1748	-465.6911	0	52448.1410	0
929	1748	-465.6911	0	52448.1407	0
930	1748	-465.6911	0	52448.1414	0
931	1748	-465.6912	0	52448.1417	0
932	1748	-465.6912	0	52448.1387	0
933	1748	-465.6911	0	52448.1376	0
934	1748	-465.6910	0	52448.1356	0
935	1748	-465.6909	0	52448.1357	0
936	1748	-465.6909	0	52448.1350	0
937	1748	-465.6910	0	52448.1331	0
938	1748	-465.6911	0	52448.1317	0
939	1748	-465.6911	0	52448.1303	0
940	1748	-465.6912	0	52448.1299	0
941	1748	-465.6911	0	52448.1306	0
942	1748	-465.6911	0	52448.1301	0
943	1748	-465.6909	0	52448.1282	0
944	1748	-465.6910	0	52448.1276	0
945	1748	-465.6907	0	52448.1274	0
946	1748	-465.6908	0	52448.1273	0
947	1748	-465.6910	0	52448.1274	0
948	1748	-465.6913	0	52448.1266	0
949	1748	-465.6914	0	52448.1247	0
950	1748	-465.6915	0	52448.1240	0
951	1748	-465.6915	0	52448.1238	0
952	1748	-465.6917	0	52448.1246	0
953	1748	-465.6916	0	52448.1224	0
954	1748	-465.6916	0	52448.1216	0
955	1748	-465.6915	0	52448.1204	0
956	1748	-465.6915	0	52448.1192	0
957	1748	-465.6916	0	52448.1179	0
958	1748	-465.6918	0	52448.1184	0
959	1748	-465.6919	0	52448.1186	0
960	1748	-465.6919	0	52448.1178	0
961	1748	-465.6920	0	52448.1175	0
962	1748	-465.6921	0	52448.1166	0
963	1748	-465.6919	0	52448.1172	0
964	1748	-465.6918	0	52448.1165	0
965	1748	-465.6917	0	52448.1163	0
966	1748	-465.6916	0	52448.1154	0
967	1748	-465.6915	0	52448.1142	0
968	1748	-465.6917	0	52448.1138	0
969	1748	-465.6919	0	52448.1136	0
970	1748	-465.6921	0	52448.1119	0
971	1748	-465.6922	0	52448.1113	0
972	1748	-465.6923	0	52448.1111	0
973	1748	-465.6924	0	52448.1128	0
974	1748	-465.6926	0	52448.1126	0
975	1748	-465.6926	0	52448.1108	0
976	1748	-465.6926	0	52448.1110	0
977	1748	-465.6926	0	52448.1128	0
978	1748	-465.6926	0	52448.1126	0
979	1748	-465.6926	0	52448.1109	0
980	1748	-465.6927	0	52448.1085	0
981	1748	-465.6929	0	52448.1076	0
982	1748	-465.6929	0	52448.1073	0
983	1748	-465.6930	0	52448.1081	0
984	1748	-465.6932	0	52448.1075	0
985	1748	-465.6932	0	52448.1065	0
986	1748	-465.6931	0	52448.1052	0
987	1748	-465.6931	0	52448.1047	0
988	1748	-465.6931	0	52448.1055	0
989	1748	-465.6930	0	52448.1075	0
990	1748	-465.6930	0	52448.1083	0
991	1748	-465.6930	0	52448.1086	0
992	1748	-465.6929	0	52448.1078	0
993	1748	-465.6929	0	52448.1058	0
994	1748	-465.6930	0	52448.1050	0
995	1748	-465.6931	0	52448.1057	0
996	1748	-465.6929	0	52448.1041	0
997	1748	-465.6927	0	52448.1044	0
998	1748	-465.6925	0	52448.1036	0
999	1748	-465.6928	0	52448.1007	0
1000	1748	-465.6941	0	52448.0871	0
1001	1748	-465.6948	0	52448.0803	0
1002	1748	-465.6946	0	52448.0819	0
1003	1748	-465.6942	0	52448.0846	0
1004	1748	-465.6937	0	52448.0903	0
1005	1748	-465.6934	0	52448.0906	0
1006	1748	-465.6933	0	52448.0926	0
1007	1748	-465.6932	0	52448.0906	0
1008	1748	-465.6933	0	52448.0881	0
1009	1748	-465.6934	0	52448.0890	0
1010	1748	-465.6934	0	52448.0885	0
1011	1748	-465.6933	0	52448.0864	0
1012	1748	-465.6934	0	52448.0848	0
1013	1748	-465.6935	0	52448.0823	0
1014	1748	-465.6936	0	52448.0805	0
1015	1748	-465.6937	0	52448.0799	0
1016	1748	-465.6938	0	52448.0778	0
1017	1748	-465.6938	0	52448.0771	0
1018	1748	-465.6937	0	52448.0749	0
1019	1748	-465.6936	0	52448.0732	0
1020	1748	-465.6935	0	52448.0716	0
1021	1748	-465.6933	0	52448.0711	0
1022	1748	-465.6932	0	52448.0719	0
1023	1748	-465.6933	0	52448.0713	0
1024	1748	-465.6935	0	52448.0692	0
1025	1748	-465.6936	0	52448.0703	0
1026	1748	-465.6936	0	52448.0689	0
1027	1748	-465.6936	0	52448.0694	0
1028	1748	-465.6936	0	52448.0667	0
1029	1748	-465.6936	0	52448.0647	0
1030	1748	-465.6934	0	52448.0640	0
1031	1748	-465.6932	0	52448.0627	0
1032	1748	-465.6930	0	52448.0613	0
1033	1748	-465.6928	0	52448.0598	0
1034	1748	-465.6927	0	52448.0613	0
1035	1748	-465.6926	0	52448.0599	0
1036	1748	-465.6924	0	52448.0594	0
1037	1748	-465.6923	0	52448.0582	0
1038	1748	-465.6921	0	52448.0558	0
1039	1748	-465.6919	0	52448.0539	0
1040	1748	-465.6919	0	52448.0502	0
1041	1748	-465.6917	0	52448.0448	0
1042	1748	-465.6918	0	52448.0396	0
1043	1748	-465.6917	0	52448.0377	0
1044	1748	-465.6915	0	52448.0381	0
1045	1748	-465.6915	0	52448.0363	0
1046	1748	-465.6915	0	52448.0346	0
1047	1748	-465.6913	0	52448.0319	0
1048	1748	-465.6913	0	52448.0299	0
1049	1748	-465.6911	0	52448.0292	0
1050	1748	-465.6909	0	52448.0279	0
1051	1748	-465.6908	0	52448.0253	0
1052	1748	-465.6906	0	52448.0233	0
1053	1748	-465.6904	0	52448.0226	0
1054	1748	-465.6902	0	52448.0213	0
1055	1748	-465.6899	0	52448.0209	0
1056	1748	-465.6896	0	52448.0153	0
1057	1748	-465.6894	0	52448.0098	0
1058	1748	-465.6890	0	52448.0078	0
1059	1748	-465.6887	0	52448.0060	0
1060	1748	-465.6884	0	52448.0042	0
1061	1748	-465.6882	0	52448.0013	0
1062	1748	-465.6880	0	52447.9969	0
1063	1748	-465.6875	0	52447.9929	0
1064	1748	-465.6870	0	52447.9914	0
1065	1748	-465.6865	0	52447.9910	0
1066	1748	-465.6862	0	52447.9897	0
1067	1748	-465.6860	0	52447.9857	0
1068	1748	-465.6858	0	52447.9831	0
1069	1748	-465.6856	0	52447.9797	0
1070	1748	-465.6854	0	52447.9810	0
1071	1748	-465.6852	0	52447.9815	0
1072	1748	-465.6848	0	52447.9806	0
1073	1748	-465.6844	0	52447.9778	0
1074	1748	-465.6841	0	52447.9744	0
1075	1748	-465.6837	0	52447.9719	0
1076	1748	-465.6835	0	52447.9723	0
1077	1748	-465.6831	0	52447.9700	0
1078	1748	-465.6829	0	52447.9692	0
1079	1748	-465.6825	0	52447.9664	0
1080	1748	-465.6823	0	52447.9654	0
1081	1748	-465.6819	0	52447.9675	0
1082	1748	-465.6814	0	52447.9670	0
1083	1748	-465.6807	0	52447.9657	0
1084	1748	-465.6800	0	52447.9588	0
1085	1748	-465.6796	0	52447.9575	0
1086	1748	-465.6792	0	52447.9558	0
1087	1748	-465.6788	0	52447.9539	0
1088	1748	-465.6787	0	52447.9533	0
1089	1748	-465.6784	0	52447.9505	0
1090	1748	-465.6782	0	52447.9468	0
1091	1748	-465.6787	0	52447.9523	0
1092	1748	-465.6784	0	52447.9554	0
1093	1748	-465.6782	0	52447.9554	0
1094	1748	-465.6781	0	52447.9566	0
1095	1748	-465.6778	0	52447.9545	0
1096	1748	-465.6775	0	52447.9550	0
1097	1748	-465.6773	0	52447.9552	0
1098	1748	-465.6769	0	52447.9565	0
1099	1748	-465.6767	0	52447.9570	0
1100	1748	-465.6766	0	52447.9559	0
1101	1748	-465.6764	0	52447.9542	0
1102	1748	-465.6763	0	52447.9574	0
1103	1748	-465.6761	0	52447.9636	0
1104	1748	-465.6758	0	52447.9658	0
1105	1748	-465.6754	0	52447.9666	0
1106	1748	-465.6750	0	52447.9668	0
1107	1748	-465.6750	0	52447.9718	0
1108	1748	-465.6750	0	52447.9748	0
1109	1748	-465.6751	0	52447.9748	0
1110	1748	-465.6750	0	52447.9685	0
1111	1748	-465.6749	0	52447.9597	0
1112	1748	-465.6750	0	52447.9590	0
1113	1748	-465.6750	0	52447.9652	0
