530	1759	-454.6884	0	52521.2877	0
532	1759	-454.6970	0	52520.1381	0
533	1759	-454.6698	0	52519.9393	0
534	1759	-454.6103	0	52520.1041	0
535	1759	-454.4912	0	52520.3710	0
536	1759	-454.4541	0	52520.2514	0
537	1759	-454.3982	0	52520.2016	0
538	1759	-454.3585	0	52520.1867	0
539	1759	-454.3232	0	52519.9684	0
540	1759	-454.3123	0	52519.6881	0
541	1759	-454.3035	0	52519.5814	0
542	1759	-454.2899	0	52519.5443	0
543	1759	-454.2557	0	52519.5220	0
544	1759	-454.2105	0	52519.7123	0
545	1759	-454.1065	0	52520.1655	0
546	1759	-454.0496	0	52520.1368	0
547	1759	-453.9642	0	52520.3100	0
548	1759	-453.9151	0	52520.1687	0
549	1759	-453.8769	0	52520.1087	0
550	1759	-453.8463	0	52519.8749	0
551	1759	-453.8342	0	52519.7866	0
552	1759	-453.8324	0	52519.7574	0
553	1759	-453.8350	0	52519.7489	0
554	1759	-453.8358	0	52519.7483	0
555	1759	-453.8367	0	52519.5448	0
556	1759	-453.8229	0	52519.2604	0
557	1759	-453.8184	0	52519.1539	0
558	1759	-453.8118	0	52519.1154	0
559	1759	-453.7936	0	52519.0988	0
560	1759	-453.7889	0	52518.8858	0
561	1759	-453.7575	0	52519.0121	0
562	1759	-453.7478	0	52518.6413	0
563	1759	-453.7169	0	52518.7090	0
564	1759	-453.6625	0	52518.9282	0
565	1759	-453.6191	0	52519.0119	0
566	1759	-453.5999	0	52519.0446	0
567	1759	-453.5720	0	52519.0485	0
568	1759	-453.5357	0	52519.2485	0
569	1759	-453.5022	0	52519.1164	0
570	1759	-453.4874	0	52519.2689	0
571	1759	-453.4400	0	52519.5195	0
572	1759	-453.4232	0	52519.6133	0
573	1759	-453.4374	0	52519.6581	0
574	1759	-453.4455	0	52519.6712	0
575	1759	-453.4495	0	52519.6758	0
576	1759	-453.4857	0	52519.4794	0
577	1759	-453.5260	0	52519.6206	0
578	1759	-453.5711	0	52519.6780	0
579	1759	-453.6305	0	52520.1240	0
580	1759	-453.6945	0	52520.0982	0
581	1759	-453.7223	0	52519.8771	0
582	1759	-453.7523	0	52519.5941	0
583	1759	-453.7401	0	52519.4821	0
584	1759	-453.7550	0	52519.0310	0
585	1759	-453.7584	0	52518.4431	0
586	1759	-453.7376	0	52518.2184	0
587	1759	-453.7262	0	52517.4997	0
588	1759	-453.6979	0	52517.2293	0
589	1759	-453.7063	0	52516.7093	0
590	1759	-453.7109	0	52516.0842	0
591	1759	-453.7089	0	52515.1946	0
592	1759	-453.7074	0	52514.6464	0
593	1759	-453.6843	0	52513.9920	0
594	1759	-453.7029	0	52512.8567	0
595	1759	-453.7128	0	52512.2053	0
596	1759	-453.7168	0	52511.5109	0
597	1759	-453.7616	0	52510.5648	0
598	1759	-453.7844	0	52509.5031	0
599	1759	-453.8201	0	52508.3863	0
600	1759	-453.8589	0	52507.2382	0
601	1759	-453.8527	0	52506.5721	0
602	1759	-453.8777	0	52505.5791	0
603	1759	-453.9166	0	52504.4585	0
604	1759	-453.9632	0	52503.5405	0
605	1759	-454.0023	0	52502.9599	0
606	1759	-453.9950	0	52502.4922	0
607	1759	-454.0148	0	52502.0860	0
608	1759	-454.0229	0	52501.4085	0
609	1759	-454.0677	0	52500.6445	0
610	1759	-454.0836	0	52500.0893	0
611	1759	-454.0834	0	52499.6259	0
612	1759	-454.1121	0	52498.9209	0
613	1759	-454.1144	0	52498.6816	0
614	1759	-454.1086	0	52498.6062	0
615	1759	-454.0725	0	52498.8766	0
616	1759	-453.9821	0	52500.0943	0
617	1759	-453.8737	0	52501.1171	0
618	1759	-453.7693	0	52503.4209	0
619	1759	-453.6343	0	52506.2793	0
620	1759	-453.5274	0	52508.8226	0
621	1759	-453.4068	0	52510.1855	0
622	1759	-453.3399	0	52511.3928	0
623	1759	-453.3100	0	52512.5028	0
624	1759	-453.2797	0	52512.8879	0
625	1759	-453.2681	0	52513.0059	0
626	1759	-453.2316	0	52512.5514	0
627	1759	-453.2222	0	52512.0971	0
628	1759	-453.2414	0	52511.4425	0
629	1759	-453.2484	0	52511.1850	0
630	1759	-453.2499	0	52511.0854	0
631	1759	-453.2574	0	52510.5631	0
632	1759	-453.2596	0	52510.5971	0
633	1759	-453.2831	0	52510.6087	0
634	1759	-453.2944	0	52510.6122	0
635	1759	-453.3230	0	52510.1347	0
636	1759	-453.3359	0	52510.1932	0
637	1759	-453.3433	0	52509.9737	0
638	1759	-453.3431	0	52510.1333	0
639	1759	-453.3631	0	52509.9549	0
640	1759	-453.3689	0	52509.8917	0
641	1759	-453.3287	0	52510.0898	0
642	1759	-453.3313	0	52509.9294	0
643	1759	-453.3132	0	52509.6276	0
644	1759	-453.3077	0	52509.2615	0
645	1759	-453.3025	0	52509.3751	0
646	1759	-453.2584	0	52509.6452	0
647	1759	-453.2452	0	52509.9997	0
648	1759	-453.2360	0	52510.8575	0
649	1759	-453.2362	0	52510.9313	0
650	1759	-453.2406	0	52510.7188	0
651	1759	-453.2447	0	52510.6280	0
652	1759	-453.2491	0	52510.8331	0
653	1759	-453.2519	0	52511.1534	0
654	1759	-453.2143	0	52511.7211	0
655	1759	-453.2022	0	52511.6987	0
656	1759	-453.1753	0	52511.9146	0
657	1759	-453.1636	0	52511.7528	0
658	1759	-453.1638	0	52511.4526	0
659	1759	-453.1637	0	52511.5711	0
660	1759	-453.1691	0	52511.6094	0
661	1759	-453.1537	0	52511.8530	0
662	1759	-453.1686	0	52512.4193	0
663	1759	-453.1759	0	52512.3926	0
664	1759	-453.2021	0	52511.9234	0
665	1759	-453.1946	0	52511.7305	0
666	1759	-453.2124	0	52511.6600	0
667	1759	-453.1754	0	52512.0885	0
668	1759	-453.1575	0	52512.4824	0
669	1759	-453.1316	0	52512.3891	0
670	1759	-453.1389	0	52512.3560	0
671	1759	-453.1210	0	52512.1058	0
672	1759	-453.1133	0	52512.2403	0
673	1759	-453.1117	0	52511.8231	0
674	1759	-453.0941	0	52511.8895	0
675	1759	-453.0879	0	52512.1493	0
676	1759	-453.1072	0	52512.2567	0
677	1759	-453.0960	0	52512.2846	0
678	1759	-453.0930	0	52512.7634	0
679	1759	-453.0935	0	52512.9371	0
680	1759	-453.0953	0	52512.9996	0
681	1759	-453.0930	0	52513.4738	0
682	1759	-453.0892	0	52514.1033	0
683	1759	-453.0662	0	52514.5477	0
684	1759	-453.0563	0	52514.7115	0
685	1759	-453.0499	0	52514.9818	0
686	1759	-453.0232	0	52515.7242	0
687	1759	-452.9915	0	52516.2104	0
688	1759	-453.0017	0	52516.3927	0
689	1759	-452.9829	0	52516.6558	0
690	1759	-452.9838	0	52516.5343	0
691	1759	-452.9825	0	52516.6938	0
692	1759	-452.9625	0	52516.9499	0
693	1759	-452.9711	0	52517.2582	0
694	1759	-452.9528	0	52517.7868	0
695	1759	-452.9456	0	52517.7642	0
696	1759	-452.9408	0	52517.9560	0
697	1759	-452.9343	0	52518.2236	0
698	1759	-452.9320	0	52518.1121	0
699	1759	-452.9094	0	52518.4717	0
700	1759	-452.8780	0	52519.2130	0
701	1759	-452.8666	0	52519.2779	0
702	1759	-452.8490	0	52519.2886	0
703	1759	-452.8618	0	52519.2888	0
704	1759	-452.8439	0	52519.4765	0
705	1759	-452.8392	0	52519.3358	0
706	1759	-452.8147	0	52519.6819	0
707	1759	-452.8061	0	52520.0128	0
708	1759	-452.7821	0	52520.3207	0
709	1759	-452.7727	0	52520.2324	0
710	1759	-452.7697	0	52520.1866	0
711	1759	-452.7456	0	52520.5623	0
712	1759	-452.7419	0	52520.7011	0
713	1759	-452.7395	0	52520.9431	0
714	1759	-452.7377	0	52521.0280	0
715	1759	-452.7365	0	52521.0541	0
716	1759	-452.7374	0	52520.8581	0
717	1759	-452.7171	0	52520.9710	0
718	1759	-452.6692	0	52521.3997	0
719	1759	-452.6355	0	52521.7486	0
720	1759	-452.6213	0	52521.8706	0
721	1759	-452.6161	0	52521.7183	0
722	1759	-452.6154	0	52521.6478	0
723	1759	-452.6160	0	52521.6211	0
724	1759	-452.5977	0	52521.5964	0
725	1759	-452.5931	0	52521.5900	0
726	1759	-452.5940	0	52521.5799	0
727	1759	-452.5962	0	52521.5764	0
728	1759	-452.5992	0	52521.5729	0
729	1759	-452.5831	0	52521.9635	0
730	1759	-452.5786	0	52522.1061	0
731	1759	-452.5753	0	52522.1538	0
732	1759	-452.5720	0	52521.9705	0
733	1759	-452.5888	0	52521.7092	0
734	1759	-452.5963	0	52521.4152	0
735	1759	-452.5986	0	52521.4979	0
736	1759	-452.5993	0	52521.5274	0
737	1759	-452.6007	0	52521.7353	0
738	1759	-452.6222	0	52521.4273	0
739	1759	-452.6337	0	52520.9087	0
740	1759	-452.6598	0	52520.7170	0
741	1759	-452.6680	0	52520.8580	0
742	1759	-452.6518	0	52520.7013	0
743	1759	-452.6624	0	52520.4450	0
744	1759	-452.6254	0	52520.3440	0
745	1759	-452.6120	0	52520.3064	0
746	1759	-452.6042	0	52520.3009	0
747	1759	-452.5807	0	52520.2918	0
751	1759	-452.5950	0	52520.2801	0
752	1759	-452.5777	0	52520.0797	0
753	1759	-452.5697	0	52520.0038	0
754	1759	-452.5447	0	52520.3819	0
755	1759	-452.5345	0	52520.3227	0
756	1759	-452.5092	0	52520.6944	0
757	1759	-452.4804	0	52520.8294	0
758	1759	-452.4861	0	52520.8873	0
759	1759	-452.4859	0	52520.9071	0
760	1759	-452.4670	0	52520.9139	0
761	1759	-452.4598	0	52520.9120	0
762	1759	-452.4372	0	52520.9070	0
763	1759	-452.4301	0	52520.9009	0
764	1759	-452.4486	0	52520.9098	0
765	1759	-452.4554	0	52520.9086	0
766	1759	-452.4571	0	52520.9081	0
767	1759	-452.4566	0	52521.1076	0
768	1759	-452.4552	0	52521.1818	0
769	1759	-452.4334	0	52521.4011	0
770	1759	-452.4443	0	52521.4882	0
771	1759	-452.4471	0	52521.5193	0
772	1759	-452.4475	0	52521.3321	0
773	1759	-452.4461	0	52521.4507	0
774	1759	-452.4273	0	52521.6895	0
775	1759	-452.4397	0	52521.5867	0
776	1759	-452.4487	0	52521.5448	0
777	1759	-452.4770	0	52521.5352	0
778	1759	-452.4906	0	52521.3352	0
779	1759	-452.4818	0	52521.2561	0
781	1759	-452.4745	0	52521.4398	0
782	1759	-452.5134	0	52521.2875	0
783	1759	-452.5083	0	52521.4246	0
784	1759	-452.5271	0	52521.6830	0
785	1759	-452.5513	0	52521.7872	0
786	1759	-452.5611	0	52521.8218	0
787	1759	-452.5636	0	52521.8347	0
788	1759	-452.5836	0	52521.6507	0
789	1759	-452.5892	0	52521.5766	0
790	1759	-452.5898	0	52521.9479	0
791	1759	-452.5915	0	52521.8896	0
792	1759	-452.5513	0	52522.0480	0
793	1759	-452.5566	0	52521.9156	0
794	1759	-452.5555	0	52522.0605	0
795	1759	-452.5610	0	52521.5334	0
796	1759	-452.6056	0	52521.3302	0
797	1759	-452.6257	0	52521.2619	0
798	1759	-452.6372	0	52521.2405	0
799	1759	-452.6502	0	52521.6405	0
800	1759	-452.6963	0	52521.3958	0
801	1759	-452.7306	0	52521.1088	0
803	1759	-452.8021	0	52521.2166	0
804	1759	-452.8201	0	52521.6295	0
805	1759	-452.8470	0	52521.9897	0
806	1759	-452.8734	0	52521.9420	0
807	1759	-452.8817	0	52521.9214	0
808	1759	-452.8636	0	52522.2906	0
809	1759	-452.8768	0	52522.4447	0
810	1759	-452.8974	0	52522.6939	0
811	1759	-452.9236	0	52522.7932	0
812	1759	-452.9501	0	52523.0244	0
817	1759	-452.9623	0	52523.1903	0
818	1759	-452.9613	0	52523.1834	0
819	1759	-452.9589	0	52523.3728	0
820	1759	-452.9588	0	52523.6290	0
821	1759	-452.9225	0	52524.0945	0
822	1759	-452.9453	0	52524.0802	0
823	1759	-452.9708	0	52523.6924	0
824	1759	-452.9802	0	52523.7289	0
825	1759	-452.9977	0	52523.5522	0
826	1759	-453.0005	0	52523.4847	0
827	1759	-452.9822	0	52523.2610	0
828	1759	-452.9692	0	52522.9793	0
829	1759	-452.9810	0	52522.6807	0
830	1759	-452.9673	0	52522.9500	0
831	1759	-452.9567	0	52522.8640	0
836	1759	-453.0111	0	52521.7724	0
837	1759	-453.0094	0	52521.4565	0
841	1759	-452.9504	0	52521.0327	0
842	1759	-452.9468	0	52520.9995	0
843	1759	-452.9463	0	52520.7848	0
844	1759	-452.9490	0	52520.5113	0
845	1759	-452.9481	0	52520.6189	0
846	1759	-452.9719	0	52520.2616	0
847	1759	-453.0175	0	52519.5274	0
