581	1767	-432.4419	0	52604.4519	0
582	1767	-432.4784	0	52604.3855	0
583	1767	-432.5246	0	52604.3606	0
584	1767	-432.5249	0	52604.3048	0
585	1767	-432.5064	0	52604.2229	0
586	1767	-432.5093	0	52604.1792	0
587	1767	-432.4995	0	52604.1351	0
588	1767	-432.4810	0	52604.0589	0
589	1767	-432.4576	0	52603.9714	0
590	1767	-432.4085	0	52603.8337	0
591	1767	-432.3641	0	52603.7074	0
592	1767	-432.3237	0	52603.5851	0
593	1767	-432.2512	0	52603.4344	0
594	1767	-432.1854	0	52603.2869	0
595	1767	-432.1135	0	52603.1080	0
596	1767	-432.0244	0	52602.9333	0
597	1767	-431.9166	0	52602.7109	0
598	1767	-431.8335	0	52602.5324	0
599	1767	-431.7449	0	52602.3201	0
600	1767	-431.6632	0	52602.1625	0
601	1767	-431.6430	0	52602.1076	0
602	1767	-431.6335	0	52602.0922	0
603	1767	-431.5190	0	52601.8735	0
