797	1806	-465.7389	0	52447.9418	0
798	1806	-465.7391	0	52447.9400	0
799	1806	-465.7392	0	52447.9363	0
800	1806	-465.7397	0	52447.9307	0
802	1806	-465.7400	0	52447.9422	0
803	1806	-465.7406	0	52447.9333	0
804	1806	-465.7409	0	52447.9285	0
805	1806	-465.7414	0	52447.9270	0
806	1806	-465.7415	0	52447.9251	0
807	1806	-465.7413	0	52447.9218	0
808	1806	-465.7417	0	52447.9165	0
809	1806	-465.7420	0	52447.9148	0
810	1806	-465.7423	0	52447.9115	0
811	1806	-465.7425	0	52447.9104	0
812	1806	-465.7427	0	52447.9087	0
813	1806	-465.7430	0	52447.9083	0
814	1806	-465.7429	0	52447.9082	0
815	1806	-465.7429	0	52447.9068	0
816	1806	-465.7433	0	52447.9065	0
817	1806	-465.7436	0	52447.9065	0
818	1806	-465.7437	0	52447.9051	0
819	1806	-465.7438	0	52447.9047	0
820	1806	-465.7440	0	52447.9032	0
821	1806	-465.7441	0	52447.9013	0
834	1806	-465.7472	0	52447.8658	1
835	1806	-465.7475	0	52447.8617	1
836	1806	-465.7473	0	52447.8618	1
837	1806	-465.7472	0	52447.8620	1
838	1806	-465.7470	0	52447.8605	1
839	1806	-465.7469	0	52447.8585	1
840	1806	-465.7469	0	52447.8547	1
841	1806	-465.7469	0	52447.8518	1
842	1806	-465.7471	0	52447.8492	1
843	1806	-465.7472	0	52447.8468	1
844	1806	-465.7475	0	52447.8428	1
845	1806	-465.7471	0	52447.8412	1
846	1806	-465.7474	0	52447.8376	1
847	1806	-465.7475	0	52447.8364	1
848	1806	-465.7474	0	52447.8343	1
849	1806	-465.7478	0	52447.8304	1
850	1806	-465.7483	0	52447.8241	1
851	1806	-465.7478	0	52447.8268	1
852	1806	-465.7477	0	52447.8278	1
859	1806	-465.7490	0	52447.8147	1
860	1806	-465.7493	0	52447.8124	1
861	1806	-465.7494	0	52447.8116	1
862	1806	-465.7493	0	52447.8079	1
863	1806	-465.7490	0	52447.8048	1
864	1806	-465.7492	0	52447.8038	1
865	1806	-465.7493	0	52447.8035	1
866	1806	-465.7491	0	52447.8051	1
867	1806	-465.7488	0	52447.8075	1
868	1806	-465.7490	0	52447.8015	1
869	1806	-465.7488	0	52447.8028	1
870	1806	-465.7493	0	52447.7963	1
871	1806	-465.7498	0	52447.7941	1
872	1806	-465.7500	0	52447.7950	1
874	1806	-465.7498	0	52447.7976	0
875	1806	-465.7497	0	52447.7983	0
876	1806	-465.7497	0	52447.7986	0
882	1806	-465.7498	0	52447.7911	1
884	1806	-465.7504	0	52447.7865	1
889	1806	-465.7506	0	52447.7832	1
890	1806	-465.7507	0	52447.7812	1
892	1806	-465.7508	0	52447.7781	1
893	1806	-465.7513	0	52447.7739	1
894	1806	-465.7516	0	52447.7706	1
898	1806	-465.7517	0	52447.7640	1
899	1806	-465.7516	0	52447.7655	1
900	1806	-465.7515	0	52447.7659	1
901	1806	-465.7518	0	52447.7662	1
902	1806	-465.7519	0	52447.7682	1
903	1806	-465.7516	0	52447.7689	1
904	1806	-465.7517	0	52447.7655	1
905	1806	-465.7519	0	52447.7643	1
906	1806	-465.7520	0	52447.7620	1
907	1806	-465.7519	0	52447.7593	1
908	1806	-465.7521	0	52447.7583	1
909	1806	-465.7526	0	52447.7543	1
910	1806	-465.7526	0	52447.7528	1
911	1806	-465.7526	0	52447.7541	1
912	1806	-465.7529	0	52447.7529	1
913	1806	-465.7528	0	52447.7543	1
914	1806	-465.7525	0	52447.7567	1
915	1806	-465.7524	0	52447.7557	1
916	1806	-465.7521	0	52447.7554	1
917	1806	-465.7520	0	52447.7533	1
918	1806	-465.7522	0	52447.7526	1
919	1806	-465.7522	0	52447.7543	1
920	1806	-465.7521	0	52447.7550	1
921	1806	-465.7521	0	52447.7533	1
922	1806	-465.7524	0	52447.7508	1
923	1806	-465.7525	0	52447.7499	1
924	1806	-465.7523	0	52447.7514	1
925	1806	-465.7521	0	52447.7520	1
928	1806	-465.7525	0	52447.7476	0
929	1806	-465.7523	0	52447.7489	0
930	1806	-465.7518	0	52447.7510	0
931	1806	-465.7516	0	52447.7520	0
932	1806	-465.7517	0	52447.7523	0
947	1806	-465.7511	0	52447.7495	0
948	1806	-465.7506	0	52447.7513	0
949	1806	-465.7500	0	52447.7556	0
950	1806	-465.7498	0	52447.7592	0
951	1806	-465.7500	0	52447.7586	0
952	1806	-465.7501	0	52447.7584	0
953	1806	-465.7501	0	52447.7563	0
954	1806	-465.7497	0	52447.7611	0
955	1806	-465.7494	0	52447.7628	0
956	1806	-465.7495	0	52447.7616	0
957	1806	-465.7495	0	52447.7649	0
958	1806	-465.7492	0	52447.7698	0
960	1806	-465.7488	0	52447.7717	0
961	1806	-465.7490	0	52447.7700	0
962	1806	-465.7493	0	52447.7695	0
963	1806	-465.7494	0	52447.7693	0
964	1806	-465.7494	0	52447.7692	0
965	1806	-465.7491	0	52447.7728	0
966	1806	-465.7492	0	52447.7723	0
967	1806	-465.7488	0	52447.7758	0
968	1806	-465.7487	0	52447.7770	0
969	1806	-465.7491	0	52447.7775	0
970	1806	-465.7490	0	52447.7795	0
971	1806	-465.7488	0	52447.7819	0
972	1806	-465.7485	0	52447.7828	0
973	1806	-465.7485	0	52447.7831	0
974	1806	-465.7484	0	52447.7850	0
975	1806	-465.7484	0	52447.7856	0
976	1806	-465.7485	0	52447.7822	0
977	1806	-465.7487	0	52447.7791	0
978	1806	-465.7488	0	52447.7779	0
979	1806	-465.7489	0	52447.7757	0
980	1806	-465.7491	0	52447.7749	0
981	1806	-465.7493	0	52447.7746	0
982	1806	-465.7497	0	52447.7690	0
983	1806	-465.7492	0	52447.7648	0
984	1806	-465.7491	0	52447.7593	0
985	1806	-465.7492	0	52447.7534	0
996	1806	-465.7497	0	52447.7363	0
1003	1806	-465.7508	0	52447.7365	0
1004	1806	-465.7509	0	52447.7368	0
1006	1806	-465.7511	0	52447.7301	0
1007	1806	-465.7514	0	52447.7267	0
1008	1806	-465.7516	0	52447.7256	0
1009	1806	-465.7517	0	52447.7252	0
1010	1806	-465.7513	0	52447.7289	0
1011	1806	-465.7513	0	52447.7284	0
1012	1806	-465.7510	0	52447.7321	0
1013	1806	-465.7506	0	52447.7410	0
1014	1806	-465.7503	0	52447.7502	0
1015	1806	-465.7501	0	52447.7590	0
1016	1806	-465.7498	0	52447.7677	0
1017	1806	-465.7490	0	52447.7727	0
1048	1806	-465.7391	0	52447.8869	0
