833	1819	-465.6912	0	52447.9067	0
834	1819	-465.6911	0	52447.9057	0
835	1819	-465.6913	0	52447.9121	0
836	1819	-465.6913	0	52447.9155	0
837	1819	-465.6922	0	52447.9063	0
838	1819	-465.6925	0	52447.9012	0
839	1819	-465.6925	0	52447.9009	0
840	1819	-465.6926	0	52447.9009	0
841	1819	-465.6928	0	52447.9024	0
842	1819	-465.6928	0	52447.8942	0
843	1819	-465.6932	0	52447.8912	0
844	1819	-465.6934	0	52447.8902	0
845	1819	-465.6936	0	52447.8885	0
846	1819	-465.6940	0	52447.8864	0
847	1819	-465.6947	0	52447.8844	0
848	1819	-465.6949	0	52447.8821	0
849	1819	-465.6952	0	52447.8800	0
850	1819	-465.6954	0	52447.8777	0
851	1819	-465.6956	0	52447.8724	0
852	1819	-465.6959	0	52447.8674	0
853	1819	-465.6964	0	52447.8627	0
854	1819	-465.6970	0	52447.8580	0
855	1819	-465.6973	0	52447.8579	0
856	1819	-465.6977	0	52447.8580	0
857	1819	-465.6982	0	52447.8583	0
858	1819	-465.6988	0	52447.8570	0
859	1819	-465.6993	0	52447.8566	0
860	1819	-465.6998	0	52447.8519	0
861	1819	-465.7000	0	52447.8503	0
862	1819	-465.7005	0	52447.8466	0
863	1819	-465.7008	0	52447.8405	0
864	1819	-465.7009	0	52447.8383	0
865	1819	-465.7010	0	52447.8409	0
866	1819	-465.7013	0	52447.8404	0
867	1819	-465.7016	0	52447.8370	0
868	1819	-465.7020	0	52447.8359	0
869	1819	-465.7024	0	52447.8340	0
870	1819	-465.7027	0	52447.8300	0
871	1819	-465.7029	0	52447.8287	0
872	1819	-465.7031	0	52447.8283	0
873	1819	-465.7034	0	52447.8266	0
874	1819	-465.7037	0	52447.8244	0
875	1819	-465.7038	0	52447.8253	0
876	1819	-465.7038	0	52447.8241	0
877	1819	-465.7043	0	52447.8238	0
878	1819	-465.7048	0	52447.8221	0
879	1819	-465.7055	0	52447.8184	0
880	1819	-465.7059	0	52447.8187	0
881	1819	-465.7063	0	52447.8189	0
882	1819	-465.7068	0	52447.8175	0
883	1819	-465.7073	0	52447.8136	0
884	1819	-465.7077	0	52447.8021	0
885	1819	-465.7084	0	52447.7887	0
886	1819	-465.7088	0	52447.7857	0
887	1819	-465.7091	0	52447.7865	0
888	1819	-465.7092	0	52447.7870	0
889	1819	-465.7094	0	52447.7838	0
890	1819	-465.7100	0	52447.7791	0
891	1819	-465.7103	0	52447.7720	0
892	1819	-465.7105	0	52447.7713	0
893	1819	-465.7105	0	52447.7711	0
894	1819	-465.7103	0	52447.7711	0
895	1819	-465.7103	0	52447.7713	0
896	1819	-465.7103	0	52447.7658	0
897	1819	-465.7108	0	52447.7603	0
898	1819	-465.7108	0	52447.7563	0
899	1819	-465.7105	0	52447.7586	0
900	1819	-465.7107	0	52447.7559	0
901	1819	-465.7109	0	52447.7531	0
902	1819	-465.7110	0	52447.7541	0
903	1819	-465.7111	0	52447.7489	0
904	1819	-465.7110	0	52447.7488	0
905	1819	-465.7110	0	52447.7489	0
906	1819	-465.7110	0	52447.7490	0
907	1819	-465.7112	0	52447.7415	0
908	1819	-465.7115	0	52447.7367	0
909	1819	-465.7116	0	52447.7370	0
910	1819	-465.7117	0	52447.7313	0
911	1819	-465.7119	0	52447.7333	0
912	1819	-465.7121	0	52447.7322	0
913	1819	-465.7124	0	52447.7279	0
914	1819	-465.7124	0	52447.7243	0
915	1819	-465.7123	0	52447.7230	0
916	1819	-465.7120	0	52447.7246	0
917	1819	-465.7121	0	52447.7233	0
918	1819	-465.7123	0	52447.7209	0
919	1819	-465.7124	0	52447.7201	0
920	1819	-465.7124	0	52447.7137	0
921	1819	-465.7122	0	52447.7134	0
922	1819	-465.7127	0	52447.7093	0
923	1819	-465.7131	0	52447.7058	0
924	1819	-465.7129	0	52447.7066	0
925	1819	-465.7128	0	52447.7049	0
926	1819	-465.7128	0	52447.7065	0
927	1819	-465.7128	0	52447.7071	0
928	1819	-465.7126	0	52447.7073	0
929	1819	-465.7128	0	52447.7034	0
930	1819	-465.7129	0	52447.6999	0
931	1819	-465.7129	0	52447.7007	0
932	1819	-465.7130	0	52447.6990	0
933	1819	-465.7130	0	52447.6984	0
934	1819	-465.7132	0	52447.6940	0
935	1819	-465.7131	0	52447.6924	0
936	1819	-465.7128	0	52447.6939	0
937	1819	-465.7129	0	52447.6903	0
938	1819	-465.7128	0	52447.6890	0
939	1819	-465.7129	0	52447.6864	0
940	1819	-465.7129	0	52447.6855	0
941	1819	-465.7129	0	52447.6830	0
942	1819	-465.7125	0	52447.6886	0
943	1819	-465.7126	0	52447.6886	0
944	1819	-465.7126	0	52447.6887	0
945	1819	-465.7121	0	52447.6886	0
946	1819	-465.7122	0	52447.6865	0
947	1819	-465.7122	0	52447.6857	0
948	1819	-465.7122	0	52447.6876	0
949	1819	-465.7122	0	52447.6883	0
950	1819	-465.7122	0	52447.6865	0
951	1819	-465.7122	0	52447.6792	0
952	1819	-465.7123	0	52447.6744	0
953	1819	-465.7126	0	52447.6705	0
954	1819	-465.7129	0	52447.6691	0
955	1819	-465.7130	0	52447.6687	0
956	1819	-465.7131	0	52447.6686	0
957	1819	-465.7129	0	52447.6730	0
958	1819	-465.7126	0	52447.6725	0
976	1819	-465.7127	0	52447.6982	0
977	1819	-465.7129	0	52447.6969	0
978	1819	-465.7126	0	52447.6963	0
979	1819	-465.7124	0	52447.6982	0
980	1819	-465.7127	0	52447.6947	0
981	1819	-465.7130	0	52447.6913	0
982	1819	-465.7130	0	52447.6942	0
984	1819	-465.7133	0	52447.6956	0
985	1819	-465.7133	0	52447.6979	0
1006	1819	-465.7132	0	52447.6862	0
1007	1819	-465.7134	0	52447.6837	0
1008	1819	-465.7133	0	52447.6828	0
1009	1819	-465.7133	0	52447.6825	0
1010	1819	-465.7132	0	52447.6803	0
1011	1819	-465.7135	0	52447.6751	0
1012	1819	-465.7135	0	52447.6710	0
1013	1819	-465.7132	0	52447.6738	0
1014	1819	-465.7130	0	52447.6726	0
1015	1819	-465.7133	0	52447.6702	0
1016	1819	-465.7129	0	52447.6691	0
1017	1819	-465.7127	0	52447.6666	0
1021	1819	-465.7114	0	52447.6528	0
1022	1819	-465.7113	0	52447.6467	0
1023	1819	-465.7111	0	52447.6445	0
1024	1819	-465.7111	0	52447.6391	0
1025	1819	-465.7109	0	52447.6396	0
1026	1819	-465.7110	0	52447.6376	0
1027	1819	-465.7112	0	52447.6322	0
1028	1819	-465.7115	0	52447.6232	0
1035	1819	-465.7100	0	52447.6282	0
1036	1819	-465.7100	0	52447.6242	0
1037	1819	-465.7097	0	52447.6227	0
1038	1819	-465.7094	0	52447.6268	0
1039	1819	-465.7088	0	52447.6260	0
1042	1819	-465.7070	0	52447.6163	0
1043	1819	-465.7068	0	52447.6149	0
1044	1819	-465.7069	0	52447.6121	0
1045	1819	-465.7069	0	52447.6110	0
1046	1819	-465.7066	0	52447.6155	0
1047	1819	-465.7069	0	52447.6149	0
1048	1819	-465.7071	0	52447.6099	0
1049	1819	-465.7073	0	52447.6104	0
1050	1819	-465.7072	0	52447.6058	0
1051	1819	-465.7072	0	52447.6015	0
