932	1861	-465.7635	0	52447.8573	0
933	1861	-465.7626	0	52447.8556	0
934	1861	-465.7617	0	52447.8531	0
937	1861	-465.7607	0	52447.8342	1
938	1861	-465.7606	0	52447.8265	1
939	1861	-465.7601	0	52447.8222	1
940	1861	-465.7601	0	52447.8174	1
941	1861	-465.7601	0	52447.8124	1
942	1861	-465.7599	0	52447.8107	1
943	1861	-465.7596	0	52447.8102	1
944	1861	-465.7596	0	52447.8067	1
945	1861	-465.7597	0	52447.8038	1
946	1861	-465.7600	0	52447.7995	1
947	1861	-465.7604	0	52447.7963	1
948	1861	-465.7608	0	52447.7917	1
949	1861	-465.7611	0	52447.7883	1
950	1861	-465.7617	0	52447.7819	1
951	1861	-465.7617	0	52447.7796	1
952	1861	-465.7621	0	52447.7735	1
953	1861	-465.7622	0	52447.7732	1
954	1861	-465.7620	0	52447.7732	1
955	1861	-465.7620	0	52447.7716	1
956	1861	-465.7622	0	52447.7654	1
957	1861	-465.7622	0	52447.7632	1
958	1861	-465.7621	0	52447.7606	1
959	1861	-465.7619	0	52447.7559	1
960	1861	-465.7614	0	52447.7561	1
961	1861	-465.7612	0	52447.7524	1
962	1861	-465.7612	0	52447.7493	1
964	1861	-465.7608	0	52447.7408	0
965	1861	-465.7602	0	52447.7391	0
972	1861	-465.7569	0	52447.7265	0
973	1861	-465.7570	0	52447.7176	0
974	1861	-465.7567	0	52447.7188	0
975	1861	-465.7563	0	52447.7212	0
976	1861	-465.7560	0	52447.7201	0
977	1861	-465.7559	0	52447.7178	0
978	1861	-465.7559	0	52447.7130	0
979	1861	-465.7558	0	52447.7091	0
980	1861	-465.7562	0	52447.7015	0
981	1861	-465.7566	0	52447.6922	0
983	1861	-465.7570	0	52447.6828	0
