943	1864	-465.6814	0	52447.7630	2
944	1864	-465.6822	0	52447.7649	2
945	1864	-465.6820	0	52447.7698	2
946	1864	-465.6823	0	52447.7693	2
947	1864	-465.6827	0	52447.7671	2
948	1864	-465.6831	0	52447.7683	2
949	1864	-465.6833	0	52447.7765	2
950	1864	-465.6844	0	52447.7815	2
951	1864	-465.6860	0	52447.7909	2
952	1864	-465.6875	0	52447.7926	2
953	1864	-465.6884	0	52447.7950	2
954	1864	-465.6895	0	52447.7942	2
955	1864	-465.6916	0	52447.7996	2
956	1864	-465.6945	0	52447.8019	2
957	1864	-465.6972	0	52447.8066	2
958	1864	-465.7001	0	52447.8156	2
959	1864	-465.7029	0	52447.8209	2
960	1864	-465.7053	0	52447.8231	2
961	1864	-465.7082	0	52447.8292	2
962	1864	-465.7100	0	52447.8349	2
963	1864	-465.7118	0	52447.8387	2
964	1864	-465.7143	0	52447.8421	2
965	1864	-465.7168	0	52447.8468	2
967	1864	-465.7200	0	52447.8512	2
968	1864	-465.7224	0	52447.8521	2
969	1864	-465.7245	0	52447.8574	2
970	1864	-465.7253	0	52447.8593	2
971	1864	-465.7260	0	52447.8600	2
972	1864	-465.7271	0	52447.8618	2
973	1864	-465.7286	0	52447.8658	2
974	1864	-465.7308	0	52447.8706	2
975	1864	-465.7323	0	52447.8709	2
976	1864	-465.7352	0	52447.8806	2
977	1864	-465.7377	0	52447.8872	2
978	1864	-465.7407	0	52447.8915	2
979	1864	-465.7421	0	52447.8945	2
980	1864	-465.7432	0	52447.8985	2
981	1864	-465.7447	0	52447.9001	2
982	1864	-465.7464	0	52447.9022	2
983	1864	-465.7473	0	52447.9058	2
984	1864	-465.7477	0	52447.9071	2
985	1864	-465.7493	0	52447.9091	2
986	1864	-465.7503	0	52447.9112	2
987	1864	-465.7517	0	52447.9122	2
988	1864	-465.7534	0	52447.9140	2
989	1864	-465.7543	0	52447.9161	2
990	1864	-465.7551	0	52447.9182	2
991	1864	-465.7558	0	52447.9191	2
992	1864	-465.7561	0	52447.9206	2
993	1864	-465.7575	0	52447.9228	2
994	1864	-465.7576	0	52447.9248	2
995	1864	-465.7579	0	52447.9255	2
996	1864	-465.7590	0	52447.9246	2
997	1864	-465.7598	0	52447.9269	2
998	1864	-465.7603	0	52447.9278	2
999	1864	-465.7602	0	52447.9280	2
1000	1864	-465.7608	0	52447.9268	2
1001	1864	-465.7612	0	52447.9263	2
1002	1864	-465.7617	0	52447.9262	2
1003	1864	-465.7623	0	52447.9261	2
1004	1864	-465.7637	0	52447.9250	2
1005	1864	-465.7642	0	52447.9259	2
1006	1864	-465.7652	0	52447.9236	2
1007	1864	-465.7662	0	52447.9257	2
1008	1864	-465.7678	0	52447.9293	2
1009	1864	-465.7694	0	52447.9322	2
1010	1864	-465.7708	0	52447.9321	2
1011	1864	-465.7719	0	52447.9321	2
1012	1864	-465.7723	0	52447.9321	2
1013	1864	-465.7718	0	52447.9320	2
1014	1864	-465.7708	0	52447.9318	2
1015	1864	-465.7705	0	52447.9316	2
1016	1864	-465.7701	0	52447.9289	2
1017	1864	-465.7731	0	52447.9284	2
1018	1864	-465.7755	0	52447.9285	2
1019	1864	-465.7767	0	52447.9286	2
1020	1864	-465.7775	0	52447.9287	2
1021	1864	-465.7780	0	52447.9288	2
1022	1864	-465.7786	0	52447.9289	2
1023	1864	-465.7794	0	52447.9304	2
1024	1864	-465.7799	0	52447.9310	2
1025	1864	-465.7803	0	52447.9313	2
1026	1864	-465.7801	0	52447.9326	2
1027	1864	-465.7799	0	52447.9317	2
1028	1864	-465.7801	0	52447.9315	2
1029	1864	-465.7811	0	52447.9302	2
1030	1864	-465.7813	0	52447.9284	2
1031	1864	-465.7813	0	52447.9276	2
1032	1864	-465.7809	0	52447.9246	2
1033	1864	-465.7805	0	52447.9248	2
1034	1864	-465.7813	0	52447.9237	2
1035	1864	-465.7814	0	52447.9246	2
1036	1864	-465.7821	0	52447.9251	2
1037	1864	-465.7836	0	52447.9256	2
1038	1864	-465.7846	0	52447.9299	2
1039	1864	-465.7852	0	52447.9289	2
1040	1864	-465.7875	0	52447.9262	2
1041	1864	-465.7890	0	52447.9253	2
1042	1864	-465.7888	0	52447.9194	2
1043	1864	-465.7929	0	52447.9222	2
1044	1864	-465.7945	0	52447.9259	2
1045	1864	-465.7950	0	52447.9259	2
1046	1864	-465.7973	0	52447.9278	2
1047	1864	-465.7997	0	52447.9274	2
1048	1864	-465.8014	0	52447.9261	2
1049	1864	-465.8028	0	52447.9258	2
1050	1864	-465.8043	0	52447.9272	2
1051	1864	-465.8043	0	52447.9276	2
1052	1864	-465.8038	0	52447.9304	2
1053	1864	-465.8055	0	52447.9318	2
1054	1864	-465.8063	0	52447.9323	2
1055	1864	-465.8057	0	52447.9310	2
1056	1864	-465.8059	0	52447.9306	2
1057	1864	-465.8065	0	52447.9305	2
1058	1864	-465.8069	0	52447.9305	2
1059	1864	-465.8083	0	52447.9321	2
1060	1864	-465.8093	0	52447.9315	2
1061	1864	-465.8104	0	52447.9287	2
1062	1864	-465.8101	0	52447.9302	2
1063	1864	-465.8113	0	52447.9297	2
1064	1864	-465.8119	0	52447.9268	2
1065	1864	-465.8125	0	52447.9231	2
1066	1864	-465.8137	0	52447.9192	2
1067	1864	-465.8136	0	52447.9176	2
