1056	1906	-448.3696	0	52562.6161	0
1057	1906	-448.3731	0	52562.7988	0
1058	1906	-448.3504	0	52562.9502	0
1059	1906	-448.3426	0	52562.9915	0
1060	1906	-448.3486	0	52562.8275	0
1061	1906	-448.3447	0	52562.7667	0
1062	1906	-448.3799	0	52562.9123	0
1063	1906	-448.3721	0	52562.8022	0
1064	1906	-448.3815	0	52562.8412	0
1065	1906	-448.4150	0	52562.9364	0
1066	1906	-448.4410	0	52562.8166	0
1067	1906	-448.4705	0	52562.6919	0
1068	1906	-448.5137	0	52562.8838	0
1069	1906	-448.5375	0	52562.8799	0
1070	1906	-448.4738	0	52562.9477	0
1071	1906	-448.4297	0	52563.0493	0
1072	1906	-448.3883	0	52563.0060	0
1073	1906	-448.3524	0	52562.9097	0
1074	1906	-448.3195	0	52562.8707	0
1075	1906	-448.3136	0	52562.7773	0
1076	1906	-448.2885	0	52562.8187	0
1077	1906	-448.2889	0	52563.0704	0
1078	1906	-448.2619	0	52563.0052	0
1079	1906	-448.2228	0	52562.9779	0
1080	1906	-448.1406	0	52562.9615	0
1081	1906	-448.1016	0	52563.0299	0
1082	1906	-448.0811	0	52563.0557	0
1083	1906	-448.0621	0	52563.0649	0
1084	1906	-448.0541	0	52563.0655	0
1085	1906	-448.0412	0	52562.9888	0
1086	1906	-448.0216	0	52563.1096	0
1087	1906	-447.9890	0	52563.1550	0
1088	1906	-447.9668	0	52563.3996	0
1089	1906	-447.9531	0	52563.5680	0
1090	1906	-447.9223	0	52563.6260	0
1091	1906	-447.8916	0	52563.5696	0
1092	1906	-447.8769	0	52563.4688	0
1093	1906	-447.8791	0	52563.5832	0
1094	1906	-447.8566	0	52563.8494	0
1095	1906	-447.7996	0	52564.0938	0
1096	1906	-447.7656	0	52564.1833	0
1097	1906	-447.7407	0	52564.0630	0
1098	1906	-447.7208	0	52563.9387	0
1099	1906	-447.6913	0	52563.8885	0
1100	1906	-447.6848	0	52564.0940	0
1101	1906	-447.6928	0	52564.2454	0
1102	1906	-447.6935	0	52564.5226	0
1103	1906	-447.7180	0	52564.6267	0
1104	1906	-447.7255	0	52564.5902	0
1105	1906	-447.7344	0	52564.6455	0
1106	1906	-447.7287	0	52564.7370	0
1107	1906	-447.7152	0	52564.7695	0
1108	1906	-447.7056	0	52564.9976	0
1109	1906	-447.6899	0	52565.0789	0
1110	1906	-447.6839	0	52565.1087	0
1111	1906	-447.6741	0	52565.1880	0
1112	1906	-447.6729	0	52565.3587	0
1113	1906	-447.6656	0	52565.4944	0
1114	1906	-447.6553	0	52565.7566	0
1115	1906	-447.6694	0	52565.9230	0
1116	1906	-447.6660	0	52566.0525	0
1117	1906	-447.6606	0	52566.0259	0
1118	1906	-447.6824	0	52566.2255	0
1119	1906	-447.6711	0	52566.3661	0
1120	1906	-447.6616	0	52566.4836	0
1121	1906	-447.6484	0	52566.5932	0
1122	1906	-447.6275	0	52566.5606	0
1123	1906	-447.6139	0	52566.6124	0
1124	1906	-447.6218	0	52566.7681	0
1125	1906	-447.6404	0	52566.8248	0
1126	1906	-447.6533	0	52566.9803	0
1127	1906	-447.6783	0	52567.0364	0
1128	1906	-447.7048	0	52567.1950	0
1129	1906	-447.7048	0	52567.3169	0
1130	1906	-447.6959	0	52567.4261	0
1131	1906	-447.6804	0	52567.6665	0
1132	1906	-447.6538	0	52567.9535	0
1133	1906	-447.6246	0	52568.1216	0
1134	1906	-447.5979	0	52568.1781	0
1135	1906	-447.5825	0	52568.1939	0
1136	1906	-447.5586	0	52568.2620	0
1137	1906	-447.5493	0	52568.4813	0
1138	1906	-447.5427	0	52568.6891	0
1139	1906	-447.5395	0	52568.8941	0
1140	1906	-447.5623	0	52568.9686	0
1141	1906	-447.5771	0	52569.0562	0
1142	1906	-447.5824	0	52569.0843	0
1143	1906	-447.6046	0	52569.1549	0
1144	1906	-447.6132	0	52569.3071	0
1145	1906	-447.6180	0	52569.4889	0
1146	1906	-447.6200	0	52569.6785	0
1147	1906	-447.6323	0	52569.6199	0
1148	1906	-447.6471	0	52569.5930	0
1149	1906	-447.6507	0	52569.5792	0
1150	1906	-447.6522	0	52569.8251	0
1151	1906	-447.6636	0	52569.9783	0
1152	1906	-447.6987	0	52570.1580	0
1153	1906	-447.6994	0	52570.4099	0
1154	1906	-447.7011	0	52570.4978	0
1155	1906	-447.6989	0	52570.6512	0
1156	1906	-447.6796	0	52570.8863	0
1157	1906	-447.6499	0	52571.0897	0
1158	1906	-447.6333	0	52571.2229	0
1159	1906	-447.6138	0	52571.2655	0
1160	1906	-447.5978	0	52571.3373	0
1161	1906	-447.5723	0	52571.4172	0
1162	1906	-447.5505	0	52571.5633	0
1163	1906	-447.5592	0	52571.7919	0
1164	1906	-447.5685	0	52571.9337	0
1165	1906	-447.5642	0	52571.9809	0
1166	1906	-447.5965	0	52571.9965	0
1167	1906	-447.6074	0	52572.1153	0
1168	1906	-447.6053	0	52572.3298	0
1169	1906	-447.6137	0	52572.5229	0
1170	1906	-447.6023	0	52572.6485	0
1171	1906	-447.5938	0	52572.6338	0
1172	1906	-447.5998	0	52572.6222	0
1173	1906	-447.6037	0	52572.6158	0
1174	1906	-447.5950	0	52572.7804	0
1175	1906	-447.5997	0	52573.0669	0
1176	1906	-447.6021	0	52573.2291	0
1177	1906	-447.5979	0	52573.2293	0
1178	1906	-447.6034	0	52573.1679	0
1179	1906	-447.5977	0	52573.1967	0
1180	1906	-447.5957	0	52573.3752	0
1181	1906	-447.5832	0	52573.7158	0
1182	1906	-447.5631	0	52573.9509	0
1183	1906	-447.5411	0	52574.0341	0
1184	1906	-447.5199	0	52573.9507	0
1185	1906	-447.5121	0	52574.0791	0
1186	1906	-447.4934	0	52574.2327	0
1187	1906	-447.4893	0	52574.4508	0
1188	1906	-447.4856	0	52574.6367	0
1189	1906	-447.5035	0	52574.7021	0
1190	1906	-447.5081	0	52574.7223	0
1191	1906	-447.5117	0	52574.7799	0
1192	1906	-447.5127	0	52574.7968	0
1193	1906	-447.5076	0	52574.8539	0
1194	1906	-447.5024	0	52575.0843	0
1195	1906	-447.4867	0	52575.1660	0
1196	1906	-447.4816	0	52575.2471	0
1197	1906	-447.4791	0	52575.2730	0
1198	1906	-447.4814	0	52575.5417	0
1199	1906	-447.4847	0	52575.7431	0
1200	1906	-447.4909	0	52575.9186	0
1201	1906	-447.5142	0	52576.0321	0
1202	1906	-447.5640	0	52576.1228	0
1203	1906	-447.6067	0	52576.1530	0
1204	1906	-447.6350	0	52576.2633	0
1205	1906	-447.6761	0	52576.5559	0
1206	1906	-447.6891	0	52576.7605	0
1207	1906	-447.6979	0	52576.8830	0
1208	1906	-447.6953	0	52576.8734	0
1209	1906	-447.7078	0	52576.9148	0
1210	1906	-447.7113	0	52577.0268	0
1211	1906	-447.6990	0	52577.1137	0
1212	1906	-447.7048	0	52577.2410	0
1213	1906	-447.7198	0	52577.3835	0
1214	1906	-447.7465	0	52577.4336	0
1215	1906	-447.7742	0	52577.5460	0
1216	1906	-447.7946	0	52577.5857	0
1217	1906	-447.8098	0	52577.6935	0
1218	1906	-447.8170	0	52577.8750	0
1219	1906	-447.8156	0	52578.0337	0
1220	1906	-447.8192	0	52578.0435	0
1221	1906	-447.8180	0	52578.0417	0
1222	1906	-447.8150	0	52578.0380	0
1223	1906	-447.8067	0	52578.0814	0
1224	1906	-447.8021	0	52578.1889	0
1225	1906	-447.8005	0	52578.3212	0
1226	1906	-447.8139	0	52578.5103	0
1227	1906	-447.8159	0	52578.5314	0
1228	1906	-447.8171	0	52578.5355	0
1229	1906	-447.8168	0	52578.6273	0
1230	1906	-447.8103	0	52578.7524	0
1231	1906	-447.7806	0	52578.9349	0
1232	1906	-447.7579	0	52579.1844	0
1233	1906	-447.7416	0	52579.2274	0
1234	1906	-447.7251	0	52579.1486	0
1235	1906	-447.7000	0	52579.2521	0
1236	1906	-447.6793	0	52579.3782	0
1237	1906	-447.6560	0	52579.5588	0
1238	1906	-447.6524	0	52579.7577	0
1239	1906	-447.6478	0	52579.7846	0
1240	1906	-447.6467	0	52579.7902	0
1241	1906	-447.6487	0	52579.8338	0
1242	1906	-447.6555	0	52579.9363	0
1243	1906	-447.6397	0	52580.1041	0
1244	1906	-447.6125	0	52580.2959	0
1245	1906	-447.5817	0	52580.3648	0
1246	1906	-447.5616	0	52580.2989	0
1247	1906	-447.5506	0	52580.3582	0
1248	1906	-447.5364	0	52580.5510	0
1249	1906	-447.5352	0	52580.7503	0
1250	1906	-447.5283	0	52580.9087	0
1251	1906	-447.5418	0	52580.9216	0
1252	1906	-447.5574	0	52580.9222	0
1253	1906	-447.5767	0	52581.0485	0
1254	1906	-447.5785	0	52581.1344	0
1255	1906	-447.5763	0	52581.3332	0
1256	1906	-447.5752	0	52581.4880	0
1257	1906	-447.5734	0	52581.5432	0
1258	1906	-447.5721	0	52581.5600	0
1259	1906	-447.5758	0	52581.6463	0
1260	1906	-447.5670	0	52581.7579	0
1261	1906	-447.5733	0	52581.9619	0
1262	1906	-447.5733	0	52582.0772	0
1263	1906	-447.5844	0	52582.1973	0
1264	1906	-447.6062	0	52582.1986	0
1265	1906	-447.6224	0	52582.2770	0
1266	1906	-447.6425	0	52582.3436	0
1267	1906	-447.6479	0	52582.4459	0
1268	1906	-447.6424	0	52582.6018	0
1269	1906	-447.6347	0	52582.6973	0
1270	1906	-447.6287	0	52582.6100	0
1271	1906	-447.6260	0	52582.5723	0
1272	1906	-447.6141	0	52582.5560	0
1273	1906	-447.6034	0	52582.6283	0
1274	1906	-447.6031	0	52582.7739	0
1275	1906	-447.6168	0	52582.9450	0
1276	1906	-447.6314	0	52583.0070	0
1277	1906	-447.6506	0	52583.0670	0
1278	1906	-447.6674	0	52583.1263	0
1279	1906	-447.6711	0	52583.2240	0
1280	1906	-447.6429	0	52583.2969	0
1281	1906	-447.6354	0	52583.4394	0
1282	1906	-447.6229	0	52583.4898	0
1283	1906	-447.6292	0	52583.5050	0
1284	1906	-447.6294	0	52583.5859	0
1285	1906	-447.6192	0	52583.6907	0
1286	1906	-447.6193	0	52583.9182	0
1287	1906	-447.6155	0	52584.1143	0
1288	1906	-447.6297	0	52584.2225	0
1289	1906	-447.6368	0	52584.2597	0
1290	1906	-447.6519	0	52584.2706	0
1291	1906	-447.6839	0	52584.4585	0
1292	1906	-447.6944	0	52584.5991	0
1293	1906	-447.6986	0	52584.6851	0
1294	1906	-447.7045	0	52584.8604	0
1295	1906	-447.6941	0	52584.8879	0
1296	1906	-447.6850	0	52584.9295	0
1297	1906	-447.6812	0	52584.8680	0
1298	1906	-447.6780	0	52584.9156	0
1299	1906	-447.6646	0	52585.0397	0
1300	1906	-447.6685	0	52585.3379	0
1301	1906	-447.6770	0	52585.4456	0
1302	1906	-447.6734	0	52585.4832	0
1303	1906	-447.6805	0	52585.4929	0
1304	1906	-447.6851	0	52585.5288	0
1305	1906	-447.6781	0	52585.6453	0
1306	1906	-447.6688	0	52585.7923	0
1307	1906	-447.6515	0	52585.8450	0
1308	1906	-447.6425	0	52585.8622	0
1309	1906	-447.6218	0	52585.9005	0
1310	1906	-447.5970	0	52586.0162	0
1311	1906	-447.5666	0	52586.1618	0
1312	1906	-447.5500	0	52586.3864	0
1313	1906	-447.5499	0	52586.6376	0
1314	1906	-447.5543	0	52586.6946	0
1315	1906	-447.5575	0	52586.6445	0
1316	1906	-447.5609	0	52586.6554	0
1317	1906	-447.5615	0	52586.7233	0
1318	1906	-447.5494	0	52586.8477	0
1319	1906	-447.5401	0	52586.9585	0
1320	1906	-447.5191	0	52586.9978	0
1321	1906	-447.4976	0	52587.0426	0
1322	1906	-447.4810	0	52587.0564	0
1323	1906	-447.4807	0	52587.1925	0
1324	1906	-447.4825	0	52587.4058	0
1325	1906	-447.4931	0	52587.6452	0
1326	1906	-447.5013	0	52587.7002	0
1327	1906	-447.5056	0	52587.7497	0
1328	1906	-447.5095	0	52587.7965	0
1329	1906	-447.5063	0	52587.9068	0
1330	1906	-447.4976	0	52587.9778	0
1331	1906	-447.4717	0	52588.2241	0
1332	1906	-447.4674	0	52588.4085	0
1333	1906	-447.4575	0	52588.4421	0
1334	1906	-447.4462	0	52588.4824	0
1335	1906	-447.4422	0	52588.4632	0
1336	1906	-447.4475	0	52588.5148	0
1337	1906	-447.4295	0	52588.6867	0
1338	1906	-447.4361	0	52588.8711	0
1339	1906	-447.4236	0	52588.9383	0
1340	1906	-447.4031	0	52588.9293	0
1341	1906	-447.3854	0	52588.9527	0
1342	1906	-447.3955	0	52589.0509	0
1343	1906	-447.3925	0	52589.1757	0
1344	1906	-447.3827	0	52589.3715	0
1345	1906	-447.3673	0	52589.5015	0
1346	1906	-447.3511	0	52589.4578	0
1347	1906	-447.3316	0	52589.4095	0
1348	1906	-447.3128	0	52589.4472	0
1349	1906	-447.2717	0	52589.5487	0
1350	1906	-447.2526	0	52589.7635	0
1351	1906	-447.2442	0	52589.9589	0
1352	1906	-447.2588	0	52589.9703	0
1353	1906	-447.2773	0	52590.0002	0
1354	1906	-447.2869	0	52590.0374	0
1355	1906	-447.2803	0	52590.1065	0
1356	1906	-447.2629	0	52590.2468	0
1357	1906	-447.2520	0	52590.3833	0
1358	1906	-447.2406	0	52590.4892	0
1359	1906	-447.2188	0	52590.5267	0
1360	1906	-447.1953	0	52590.5372	0
1361	1906	-447.1872	0	52590.5665	0
1362	1906	-447.1775	0	52590.6888	0
1363	1906	-447.1836	0	52590.8449	0
1364	1906	-447.1911	0	52591.0965	0
1365	1906	-447.1981	0	52591.1051	0
1366	1906	-447.2025	0	52591.0489	0
1367	1906	-447.2145	0	52591.0509	0
1368	1906	-447.2150	0	52591.1611	0
1369	1906	-447.1961	0	52591.3378	0
1370	1906	-447.1820	0	52591.4842	0
1371	1906	-447.1542	0	52591.5640	0
1372	1906	-447.1262	0	52591.5920	0
1373	1906	-447.0968	0	52591.5726	0
1374	1906	-447.0634	0	52591.6172	0
1375	1906	-447.0470	0	52591.7664	0
1376	1906	-447.0226	0	52591.9013	0
1377	1906	-447.0444	0	52592.0552	0
1378	1906	-447.0639	0	52592.1880	0
1379	1906	-447.0889	0	52592.2874	0
1380	1906	-447.1140	0	52592.3213	0
1381	1906	-447.1328	0	52592.3820	0
1382	1906	-447.1493	0	52592.5578	0
1383	1906	-447.1435	0	52592.7747	0
1384	1906	-447.1182	0	52592.8797	0
1385	1906	-447.1031	0	52592.8903	0
1386	1906	-447.0853	0	52592.8908	0
1387	1906	-447.0481	0	52592.9397	0
1388	1906	-447.0296	0	52593.1072	0
1389	1906	-447.0099	0	52593.2429	0
1390	1906	-447.0079	0	52593.3894	0
1391	1906	-446.9972	0	52593.4427	0
1392	1906	-446.9866	0	52593.4343	0
1393	1906	-446.9655	0	52593.4285	0
1394	1906	-446.9503	0	52593.5473	0
1395	1906	-446.9261	0	52593.7371	0
1396	1906	-446.8879	0	52593.8316	0
1397	1906	-446.8487	0	52593.9857	0
1398	1906	-446.8295	0	52594.0645	0
1399	1906	-446.8087	0	52594.0916	0
1400	1906	-446.7938	0	52594.1467	0
1401	1906	-446.7723	0	52594.3318	0
1402	1906	-446.7809	0	52594.5625	0
1403	1906	-446.7783	0	52594.6464	0
1404	1906	-446.7777	0	52594.6739	0
1405	1906	-446.7686	0	52594.6573	0
1406	1906	-446.7604	0	52594.6947	0
1407	1906	-446.7552	0	52594.8218	0
1408	1906	-446.7524	0	52595.0048	0
1409	1906	-446.7408	0	52595.1615	0
1410	1906	-446.7242	0	52595.1730	0
1411	1906	-446.7096	0	52595.1733	0
1412	1906	-446.6875	0	52595.2396	0
1413	1906	-446.6686	0	52595.3299	0
1414	1906	-446.6419	0	52595.4968	0
1415	1906	-446.6292	0	52595.6681	0
1416	1906	-446.6447	0	52595.6840	0
1417	1906	-446.6728	0	52595.7292	0
1418	1906	-446.6917	0	52595.7865	0
1419	1906	-446.6997	0	52595.8925	0
1420	1906	-446.6924	0	52596.0830	0
1421	1906	-446.6814	0	52596.3229	0
1422	1906	-446.6597	0	52596.5586	0
1423	1906	-446.6438	0	52596.6017	0
1424	1906	-446.6246	0	52596.6562	0
1425	1906	-446.6114	0	52596.7357	0
1426	1906	-446.6087	0	52596.8872	0
1427	1906	-446.6018	0	52597.0641	0
1428	1906	-446.6111	0	52597.2075	0
1429	1906	-446.6320	0	52597.2967	0
1430	1906	-446.6450	0	52597.3459	0
1431	1906	-446.6589	0	52597.4206	0
1432	1906	-446.6654	0	52597.5841	0
1433	1906	-446.6614	0	52597.7611	0
1434	1906	-446.6646	0	52597.9411	0
1435	1906	-446.6494	0	52598.0254	0
1436	1906	-446.6434	0	52598.0526	0
1437	1906	-446.6176	0	52598.1376	0
1438	1906	-446.6106	0	52598.2618	0
1439	1906	-446.6018	0	52598.4006	0
1440	1906	-446.6113	0	52598.5428	0
1441	1906	-446.6284	0	52598.5916	0
1442	1906	-446.6412	0	52598.6802	0
1443	1906	-446.6507	0	52598.7845	0
1444	1906	-446.6494	0	52598.9498	0
1445	1906	-446.6269	0	52599.1189	0
1446	1906	-446.6044	0	52599.3063	0
1447	1906	-446.5765	0	52599.3564	0
1448	1906	-446.5539	0	52599.3719	0
1449	1906	-446.5216	0	52599.4469	0
1450	1906	-446.5095	0	52599.5959	0
1451	1906	-446.5182	0	52599.7537	0
1452	1906	-446.5408	0	52599.9300	0
1453	1906	-446.5740	0	52600.0081	0
1454	1906	-446.6120	0	52600.1004	0
1455	1906	-446.6424	0	52600.1643	0
1456	1906	-446.6583	0	52600.3541	0
1457	1906	-446.6621	0	52600.5394	0
1458	1906	-446.6552	0	52600.7055	0
1459	1906	-446.6463	0	52600.7974	0
1460	1906	-446.6340	0	52600.8608	0
1461	1906	-446.6092	0	52600.8822	0
1462	1906	-446.5882	0	52601.0174	0
1463	1906	-446.5746	0	52601.1782	0
1464	1906	-446.5757	0	52601.3462	0
1465	1906	-446.5808	0	52601.3893	0
1466	1906	-446.5907	0	52601.4008	0
1467	1906	-446.6058	0	52601.4638	0
1468	1906	-446.6267	0	52601.6400	0
1469	1906	-446.6204	0	52601.8278	0
1470	1906	-446.6118	0	52602.0174	0
1471	1906	-446.5878	0	52602.1622	0
1472	1906	-446.5733	0	52602.2435	0
1473	1906	-446.5579	0	52602.2707	0
1474	1906	-446.5372	0	52602.3678	0
1475	1906	-446.5144	0	52602.4761	0
1476	1906	-446.4955	0	52602.5878	0
1477	1906	-446.5086	0	52602.7415	0
1478	1906	-446.5352	0	52602.7941	0
1479	1906	-446.5631	0	52602.8517	0
1480	1906	-446.5916	0	52602.9403	0
1481	1906	-446.6124	0	52603.1268	0
1482	1906	-446.6041	0	52603.3205	0
1483	1906	-446.5794	0	52603.4750	0
1484	1906	-446.5563	0	52603.5715	0
1485	1906	-446.5268	0	52603.6193	0
1486	1906	-446.5005	0	52603.6482	0
1487	1906	-446.4730	0	52603.7798	0
1488	1906	-446.4423	0	52603.9622	0
1489	1906	-446.4167	0	52604.1481	0
1490	1906	-446.4077	0	52604.2536	0
1491	1906	-446.4055	0	52604.3027	0
1492	1906	-446.4075	0	52604.3427	0
1493	1906	-446.4255	0	52604.4309	0
1494	1906	-446.4349	0	52604.6023	0
1495	1906	-446.4229	0	52604.7791	0
1496	1906	-446.4072	0	52604.9309	0
1497	1906	-446.3747	0	52605.0119	0
1498	1906	-446.3486	0	52605.0520	0
1499	1906	-446.3296	0	52605.1013	0
1500	1906	-446.3168	0	52605.2770	0
1501	1906	-446.3058	0	52605.4617	0
1502	1906	-446.3136	0	52605.6341	0
1503	1906	-446.3156	0	52605.7071	0
1504	1906	-446.3223	0	52605.7419	0
1505	1906	-446.3287	0	52605.7742	0
1506	1906	-446.3486	0	52605.9342	0
1507	1906	-446.3576	0	52606.0942	0
1508	1906	-446.3544	0	52606.2318	0
1509	1906	-446.3473	0	52606.3261	0
1510	1906	-446.3404	0	52606.4032	0
1511	1906	-446.3296	0	52606.4406	0
1512	1906	-446.3226	0	52606.5858	0
1513	1906	-446.3158	0	52606.7476	0
1514	1906	-446.3221	0	52606.9350	0
1515	1906	-446.3581	0	52607.0411	0
1516	1906	-446.3972	0	52607.0962	0
1517	1906	-446.4340	0	52607.1639	0
1518	1906	-446.4738	0	52607.2784	0
1519	1906	-446.5060	0	52607.4521	0
1520	1906	-446.5232	0	52607.6262	0
1521	1906	-446.5227	0	52607.7394	0
1522	1906	-446.5150	0	52607.7988	0
1523	1906	-446.5073	0	52607.8178	0
1524	1906	-446.4969	0	52607.9325	0
1525	1906	-446.4848	0	52608.0919	0
1526	1906	-446.4901	0	52608.2648	0
1527	1906	-446.5148	0	52608.3721	0
1528	1906	-446.5507	0	52608.4255	0
1529	1906	-446.5898	0	52608.4676	0
1530	1906	-446.6049	0	52608.5177	0
1531	1906	-446.6126	0	52608.6566	0
1532	1906	-446.6106	0	52608.7994	0
1533	1906	-446.6051	0	52608.9333	0
1534	1906	-446.5992	0	52609.0538	0
1535	1906	-446.5807	0	52609.1156	0
1536	1906	-446.5585	0	52609.1638	0
1537	1906	-446.5391	0	52609.2519	0
1538	1906	-446.5330	0	52609.4067	0
1539	1906	-446.5200	0	52609.5678	0
1540	1906	-446.5202	0	52609.6939	0
1541	1906	-446.5177	0	52609.7727	0
1542	1906	-446.5097	0	52609.8164	0
1543	1906	-446.5030	0	52609.9066	0
1544	1906	-446.4908	0	52610.0397	0
1545	1906	-446.4692	0	52610.1551	0
1546	1906	-446.4558	0	52610.3358	0
1547	1906	-446.4242	0	52610.4196	0
1548	1906	-446.3875	0	52610.4748	0
1549	1906	-446.3595	0	52610.5017	0
1550	1906	-446.3479	0	52610.6613	0
1551	1906	-446.3335	0	52610.8213	0
1552	1906	-446.3098	0	52610.9660	0
1553	1906	-446.2899	0	52611.0799	0
1554	1906	-446.2633	0	52611.1294	0
1555	1906	-446.2127	0	52611.1411	0
1556	1906	-446.1795	0	52611.2277	0
1557	1906	-446.1245	0	52611.3682	0
1558	1906	-446.0785	0	52611.5028	0
1559	1906	-446.0506	0	52611.6396	0
1560	1906	-445.9969	0	52611.7295	0
1561	1906	-445.9421	0	52611.8147	0
1562	1906	-445.9089	0	52611.9240	0
1563	1906	-445.8919	0	52612.0969	0
1564	1906	-445.8367	0	52612.2202	0
1565	1906	-445.7858	0	52612.3359	0
1566	1906	-445.7173	0	52612.4095	0
1567	1906	-445.6340	0	52612.4544	0
1568	1906	-445.5278	0	52612.4971	0
1569	1906	-445.3780	0	52612.6189	0
1570	1906	-445.2903	0	52612.7328	0
1571	1906	-445.2451	0	52612.8406	0
1572	1906	-445.1862	0	52612.8770	0
1573	1906	-445.1337	0	52612.9043	0
1574	1906	-445.1150	0	52613.0494	0
1575	1906	-445.0653	0	52613.2027	0
1576	1906	-444.9829	0	52613.3353	0
1577	1906	-444.9281	0	52613.4045	0
1578	1906	-444.8437	0	52613.4541	0
1579	1906	-444.7588	0	52613.4950	0
1580	1906	-444.6631	0	52613.5342	0
1581	1906	-444.5710	0	52613.5784	0
1582	1906	-444.4907	0	52613.6169	0
1583	1906	-444.4255	0	52613.6772	0
1584	1906	-444.3749	0	52613.7191	0
1585	1906	-444.3108	0	52613.7445	0
1586	1906	-444.2491	0	52613.7878	0
1587	1906	-444.2004	0	52613.8361	0
1588	1906	-444.1386	0	52613.9135	0
1589	1906	-444.0765	0	52613.9944	0
1590	1906	-443.9920	0	52614.0297	0
1591	1906	-443.9118	0	52614.0837	0
1592	1906	-443.8231	0	52614.1276	0
1593	1906	-443.7601	0	52614.1822	0
1594	1906	-443.6407	0	52614.2553	0
1595	1906	-443.5635	0	52614.3208	0
1596	1906	-443.4842	0	52614.3734	0
1597	1906	-443.4081	0	52614.4146	0
1598	1906	-443.3552	0	52614.4490	0
1599	1906	-443.3092	0	52614.4990	0
1600	1906	-443.2773	0	52614.5770	0
1601	1906	-443.2317	0	52614.6672	0
1602	1906	-443.1761	0	52614.7262	0
1603	1906	-443.1067	0	52614.7751	0
1604	1906	-443.0104	0	52614.8351	0
1605	1906	-442.9412	0	52614.8822	0
1606	1906	-442.8860	0	52614.9536	0
1607	1906	-442.8138	0	52615.0244	0
1608	1906	-442.6724	0	52615.1149	0
1609	1906	-442.5292	0	52615.1796	0
1610	1906	-442.4567	0	52615.2318	0
1611	1906	-442.4995	0	52615.2788	0
1612	1906	-442.4656	0	52615.3450	0
1613	1906	-442.4287	0	52615.4263	0
1614	1906	-442.3792	0	52615.5022	0
1615	1906	-442.3578	0	52615.5483	0
1616	1906	-442.2689	0	52615.6063	0
1617	1906	-442.1838	0	52615.6647	0
1618	1906	-442.0878	0	52615.7247	0
1619	1906	-441.9723	0	52615.8098	0
1620	1906	-441.8698	0	52615.9064	0
1622	1906	-441.6565	0	52616.0322	0
1623	1906	-441.6319	0	52616.0652	0
