1099	1916	-455.9259	0	52601.5787	0
1100	1916	-455.9260	0	52601.5801	0
1101	1916	-455.9262	0	52601.5816	0
1102	1916	-455.9263	0	52601.5802	0
1103	1916	-455.9267	0	52601.5806	0
1104	1916	-455.9272	0	52601.5807	0
1105	1916	-455.9274	0	52601.5817	0
1106	1916	-455.9275	0	52601.5828	0
1107	1916	-455.9278	0	52601.5816	0
1108	1916	-455.9281	0	52601.5820	0
1109	1916	-455.9285	0	52601.5821	0
1110	1916	-455.9287	0	52601.5805	0
1111	1916	-455.9289	0	52601.5790	0
1112	1916	-455.9290	0	52601.5776	0
1113	1916	-455.9293	0	52601.5763	0
1114	1916	-455.9295	0	52601.5749	0
1115	1916	-455.9297	0	52601.5762	0
1116	1916	-455.9301	0	52601.5767	0
1117	1916	-455.9303	0	52601.5769	0
1118	1916	-455.9305	0	52601.5753	0
1119	1916	-455.9309	0	52601.5739	0
1120	1916	-455.9312	0	52601.5725	0
1121	1916	-455.9313	0	52601.5720	0
1122	1916	-455.9312	0	52601.5718	0
1123	1916	-455.9310	0	52601.5718	0
1124	1916	-455.9307	0	52601.5700	0
1125	1916	-455.9306	0	52601.5694	0
1126	1916	-455.9307	0	52601.5692	0
1127	1916	-455.9308	0	52601.5691	0
1128	1916	-455.9308	0	52601.5691	0
1129	1916	-455.9308	0	52601.5692	0
1130	1916	-455.9309	0	52601.5683	0
1131	1916	-455.9311	0	52601.5680	0
1132	1916	-455.9312	0	52601.5662	0
1133	1916	-455.9312	0	52601.5664	0
1134	1916	-455.9310	0	52601.5665	0
1135	1916	-455.9308	0	52601.5665	0
1136	1916	-455.9306	0	52601.5657	0
1137	1916	-455.9306	0	52601.5654	0
1138	1916	-455.9306	0	52601.5652	0
1139	1916	-455.9307	0	52601.5652	0
1140	1916	-455.9307	0	52601.5661	0
1141	1916	-455.9309	0	52601.5647	0
1142	1916	-455.9312	0	52601.5633	0
1143	1916	-455.9314	0	52601.5620	0
1144	1916	-455.9313	0	52601.5623	0
1145	1916	-455.9312	0	52601.5634	0
1146	1916	-455.9311	0	52601.5629	0
1147	1916	-455.9309	0	52601.5627	0
1148	1916	-455.9305	0	52601.5617	0
1149	1916	-455.9305	0	52601.5605	0
1150	1916	-455.9304	0	52601.5591	0
1151	1916	-455.9305	0	52601.5596	0
1152	1916	-455.9307	0	52601.5598	0
1153	1916	-455.9308	0	52601.5599	0
1154	1916	-455.9311	0	52601.5590	0
1155	1916	-455.9312	0	52601.5588	0
1156	1916	-455.9313	0	52601.5578	0
1157	1916	-455.9313	0	52601.5583	0
1158	1916	-455.9312	0	52601.5585	0
1159	1916	-455.9310	0	52601.5577	0
1160	1916	-455.9309	0	52601.5556	0
1161	1916	-455.9309	0	52601.5548	0
1162	1916	-455.9310	0	52601.5554	0
1163	1916	-455.9311	0	52601.5566	0
1164	1916	-455.9313	0	52601.5571	0
1165	1916	-455.9313	0	52601.5555	0
1166	1916	-455.9316	0	52601.5549	0
1167	1916	-455.9318	0	52601.5538	0
1168	1916	-455.9319	0	52601.5534	0
1169	1916	-455.9318	0	52601.5533	0
1170	1916	-455.9316	0	52601.5523	0
1171	1916	-455.9317	0	52601.5510	0
1172	1916	-455.9315	0	52601.5497	0
1173	1916	-455.9316	0	52601.5482	0
1174	1916	-455.9316	0	52601.5468	0
1175	1916	-455.9317	0	52601.5473	0
1176	1916	-455.9316	0	52601.5474	0
1177	1916	-455.9317	0	52601.5466	0
1178	1916	-455.9316	0	52601.5444	0
1179	1916	-455.9314	0	52601.5436	0
1180	1916	-455.9314	0	52601.5424	0
1181	1916	-455.9320	0	52601.5430	0
1182	1916	-455.9321	0	52601.5414	0
1183	1916	-455.9320	0	52601.5408	0
1184	1916	-455.9320	0	52601.5406	0
1185	1916	-455.9321	0	52601.5415	0
1186	1916	-455.9324	0	52601.5419	0
1187	1916	-455.9324	0	52601.5420	0
1188	1916	-455.9327	0	52601.5422	0
1189	1916	-455.9328	0	52601.5413	0
1190	1916	-455.9324	0	52601.5400	0
1191	1916	-455.9319	0	52601.5394	0
1192	1916	-455.9317	0	52601.5402	0
1193	1916	-455.9315	0	52601.5396	0
1194	1916	-455.9317	0	52601.5394	0
1195	1916	-455.9320	0	52601.5384	0
1196	1916	-455.9323	0	52601.5380	0
1197	1916	-455.9323	0	52601.5370	0
1198	1916	-455.9322	0	52601.5375	0
1199	1916	-455.9321	0	52601.5387	0
1200	1916	-455.9322	0	52601.5392	0
1201	1916	-455.9323	0	52601.5384	0
1202	1916	-455.9323	0	52601.5381	0
1203	1916	-455.9323	0	52601.5390	0
1204	1916	-455.9321	0	52601.5383	0
1205	1916	-455.9317	0	52601.5390	0
1206	1916	-455.9313	0	52601.5392	0
1207	1916	-455.9311	0	52601.5383	0
1208	1916	-455.9315	0	52601.5371	0
1209	1916	-455.9317	0	52601.5367	0
1210	1916	-455.9318	0	52601.5365	0
1211	1916	-455.9320	0	52601.5365	0
1212	1916	-455.9322	0	52601.5356	0
1213	1916	-455.9322	0	52601.5333	0
1214	1916	-455.9318	0	52601.5334	0
1215	1916	-455.9316	0	52601.5353	0
1216	1916	-455.9314	0	52601.5351	0
1217	1916	-455.9313	0	52601.5350	0
1218	1916	-455.9310	0	52601.5359	0
1219	1916	-455.9308	0	52601.5353	0
1220	1916	-455.9306	0	52601.5341	0
1221	1916	-455.9303	0	52601.5317	0
1222	1916	-455.9300	0	52601.5317	0
1223	1916	-455.9298	0	52601.5299	0
1224	1916	-455.9296	0	52601.5311	0
1225	1916	-455.9296	0	52601.5306	0
1226	1916	-455.9295	0	52601.5275	0
1227	1916	-455.9295	0	52601.5264	0
1228	1916	-455.9296	0	52601.5269	0
1229	1916	-455.9295	0	52601.5262	0
1230	1916	-455.9294	0	52601.5259	0
1231	1916	-455.9292	0	52601.5268	0
1232	1916	-455.9292	0	52601.5252	0
1233	1916	-455.9293	0	52601.5237	0
1234	1916	-455.9294	0	52601.5211	0
1235	1916	-455.9294	0	52601.5222	0
1236	1916	-455.9296	0	52601.5226	0
1237	1916	-455.9296	0	52601.5228	0
1238	1916	-455.9300	0	52601.5210	0
1239	1916	-455.9299	0	52601.5203	0
1240	1916	-455.9298	0	52601.5190	0
1241	1916	-455.9297	0	52601.5196	0
1242	1916	-455.9294	0	52601.5188	0
1243	1916	-455.9290	0	52601.5165	0
1244	1916	-455.9290	0	52601.5146	0
1245	1916	-455.9288	0	52601.5139	0
1246	1916	-455.9285	0	52601.5127	0
1247	1916	-455.9284	0	52601.5123	0
1248	1916	-455.9285	0	52601.5131	0
1249	1916	-455.9285	0	52601.5135	0
1250	1916	-455.9286	0	52601.5117	0
1251	1916	-455.9286	0	52601.5089	0
1252	1916	-455.9285	0	52601.5100	0
1253	1916	-455.9283	0	52601.5104	0
1254	1916	-455.9282	0	52601.5105	0
1255	1916	-455.9279	0	52601.5096	0
1256	1916	-455.9280	0	52601.5052	0
1257	1916	-455.9281	0	52601.5025	0
1258	1916	-455.9279	0	52601.5045	0
1259	1916	-455.9277	0	52601.5064	0
1260	1916	-455.9277	0	52601.5061	0
1261	1916	-455.9277	0	52601.5050	0
1262	1916	-455.9279	0	52601.5005	0
1263	1916	-455.9280	0	52601.4988	0
1265	1916	-455.9293	0	52601.4846	0
1266	1916	-455.9295	0	52601.4815	0
1267	1916	-455.9295	0	52601.4792	0
1268	1916	-455.9291	0	52601.4773	0
1269	1916	-455.9288	0	52601.4766	0
1270	1916	-455.9283	0	52601.4818	0
1271	1916	-455.9280	0	52601.4871	0
1272	1916	-455.9277	0	52601.4913	0
1273	1916	-455.9282	0	52601.4908	0
1274	1916	-455.9283	0	52601.4895	0
1275	1916	-455.9283	0	52601.4901	0
1276	1916	-455.9282	0	52601.4914	0
1277	1916	-455.9283	0	52601.4876	0
1278	1916	-455.9287	0	52601.4765	0
1279	1916	-455.9287	0	52601.4797	0
1280	1916	-455.9287	0	52601.4822	0
1281	1916	-455.9286	0	52601.4865	0
1282	1916	-455.9286	0	52601.4870	0
1283	1916	-455.9287	0	52601.4850	0
1284	1916	-455.9284	0	52601.4853	0
1285	1916	-455.9282	0	52601.4897	0
1286	1916	-455.9281	0	52601.4882	0
1287	1916	-455.9276	0	52601.4907	0
1288	1916	-455.9273	0	52601.4917	0
1289	1916	-455.9270	0	52601.4898	0
1290	1916	-455.9267	0	52601.4891	0
1291	1916	-455.9264	0	52601.4888	0
1292	1916	-455.9264	0	52601.4919	0
1293	1916	-455.9263	0	52601.4920	0
1294	1916	-455.9263	0	52601.4920	0
1295	1916	-455.9261	0	52601.4866	0
1296	1916	-455.9259	0	52601.4823	0
1297	1916	-455.9260	0	52601.4808	0
1298	1916	-455.9259	0	52601.4824	0
1299	1916	-455.9255	0	52601.4797	0
1300	1916	-455.9252	0	52601.4798	0
1301	1916	-455.9247	0	52601.4776	0
1302	1916	-455.9241	0	52601.4790	0
1303	1916	-455.9240	0	52601.4739	0
1304	1916	-455.9238	0	52601.4710	0
1305	1916	-455.9235	0	52601.4721	0
1306	1916	-455.9229	0	52601.4736	0
1307	1916	-455.9222	0	52601.4775	0
1308	1916	-455.9216	0	52601.4778	0
1309	1916	-455.9210	0	52601.4768	0
1310	1916	-455.9199	0	52601.4740	0
1311	1916	-455.9193	0	52601.4707	0
1312	1916	-455.9187	0	52601.4728	0
