1104	1922	-465.6070	0	52448.6800	0
1105	1922	-465.6093	0	52448.6790	0
1106	1922	-465.6121	0	52448.6776	0
1107	1922	-465.6149	0	52448.6763	0
1108	1922	-465.6170	0	52448.6754	0
1109	1922	-465.6192	0	52448.6745	0
1110	1922	-465.6216	0	52448.6733	0
1111	1922	-465.6240	0	52448.6720	0
1112	1922	-465.6261	0	52448.6709	0
1113	1922	-465.6274	0	52448.6703	0
1114	1922	-465.6290	0	52448.6697	0
1115	1922	-465.6307	0	52448.6688	0
1116	1922	-465.6325	0	52448.6677	0
1117	1922	-465.6341	0	52448.6668	0
1118	1922	-465.6355	0	52448.6660	0
1119	1922	-465.6370	0	52448.6651	0
1120	1922	-465.6382	0	52448.6641	0
1121	1922	-465.6395	0	52448.6629	0
1122	1922	-465.6409	0	52448.6622	0
1123	1922	-465.6419	0	52448.6619	0
1124	1922	-465.6428	0	52448.6615	0
1125	1922	-465.6440	0	52448.6607	0
1126	1922	-465.6453	0	52448.6596	0
1127	1922	-465.6463	0	52448.6590	0
1128	1922	-465.6473	0	52448.6585	0
1129	1922	-465.6483	0	52448.6578	0
1130	1922	-465.6490	0	52448.6571	0
1131	1922	-465.6501	0	52448.6560	0
1132	1922	-465.6507	0	52448.6556	0
1133	1922	-465.6512	0	52448.6553	0
1134	1922	-465.6520	0	52448.6549	0
1135	1922	-465.6531	0	52448.6542	0
1136	1922	-465.6542	0	52448.6535	0
1137	1922	-465.6552	0	52448.6525	0
1138	1922	-465.6560	0	52448.6520	0
1139	1922	-465.6566	0	52448.6518	0
1140	1922	-465.6571	0	52448.6503	0
1141	1922	-465.6572	0	52448.6489	0
1142	1922	-465.6576	0	52448.6476	0
1143	1922	-465.6579	0	52448.6473	0
1144	1922	-465.6581	0	52448.6461	0
1145	1922	-465.6584	0	52448.6438	0
1146	1922	-465.6590	0	52448.6418	0
1147	1922	-465.6596	0	52448.6411	0
1148	1922	-465.6602	0	52448.6402	0
1149	1922	-465.6606	0	52448.6392	0
1150	1922	-465.6604	0	52448.6369	0
1151	1922	-465.6604	0	52448.6349	0
1152	1922	-465.6608	0	52448.6341	0
1153	1922	-465.6611	0	52448.6329	0
1154	1922	-465.6613	0	52448.6316	0
1155	1922	-465.6617	0	52448.6290	0
1156	1922	-465.6621	0	52448.6272	0
1157	1922	-465.6627	0	52448.6261	0
1158	1922	-465.6630	0	52448.6255	0
1159	1922	-465.6633	0	52448.6241	0
1160	1922	-465.6634	0	52448.6211	0
1161	1922	-465.6635	0	52448.6191	0
1162	1922	-465.6638	0	52448.6184	0
1163	1922	-465.6641	0	52448.6180	0
1164	1922	-465.6644	0	52448.6163	0
1165	1922	-465.6645	0	52448.6137	0
1166	1922	-465.6649	0	52448.6121	0
1167	1922	-465.6652	0	52448.6112	0
1168	1922	-465.6656	0	52448.6106	0
1169	1922	-465.6657	0	52448.6082	0
1170	1922	-465.6658	0	52448.6055	0
1171	1922	-465.6659	0	52448.6044	0
1172	1922	-465.6659	0	52448.6039	0
1173	1922	-465.6658	0	52448.6028	0
1174	1922	-465.6657	0	52448.6003	0
1175	1922	-465.6657	0	52448.5982	0
1176	1922	-465.6657	0	52448.5973	0
1177	1922	-465.6656	0	52448.5966	0
1178	1922	-465.6656	0	52448.5956	0
1179	1922	-465.6651	0	52448.5930	0
1180	1922	-465.6649	0	52448.5909	0
1181	1922	-465.6649	0	52448.5900	0
1182	1922	-465.6647	0	52448.5898	0
1183	1922	-465.6645	0	52448.5888	0
1184	1922	-465.6641	0	52448.5867	0
1185	1922	-465.6637	0	52448.5853	0
1186	1922	-465.6633	0	52448.5843	0
1187	1922	-465.6633	0	52448.5839	0
1188	1922	-465.6634	0	52448.5828	0
1189	1922	-465.6632	0	52448.5795	0
1190	1922	-465.6629	0	52448.5777	0
1191	1922	-465.6629	0	52448.5771	0
1192	1922	-465.6629	0	52448.5765	0
1193	1922	-465.6627	0	52448.5754	0
1194	1922	-465.6625	0	52448.5729	0
1195	1922	-465.6623	0	52448.5711	0
1196	1922	-465.6622	0	52448.5705	0
1197	1922	-465.6620	0	52448.5699	0
1198	1922	-465.6617	0	52448.5690	0
1199	1922	-465.6613	0	52448.5663	0
1200	1922	-465.6609	0	52448.5641	0
1201	1922	-465.6606	0	52448.5627	0
1202	1922	-465.6604	0	52448.5623	0
1203	1922	-465.6603	0	52448.5608	0
1204	1922	-465.6601	0	52448.5586	0
1205	1922	-465.6600	0	52448.5574	0
1206	1922	-465.6597	0	52448.5562	0
1207	1922	-465.6592	0	52448.5537	0
1208	1922	-465.6586	0	52448.5501	0
1209	1922	-465.6581	0	52448.5457	0
1210	1922	-465.6579	0	52448.5423	0
1211	1922	-465.6582	0	52448.5423	0
1212	1922	-465.6590	0	52448.5446	0
1213	1922	-465.6590	0	52448.5428	0
1214	1922	-465.6590	0	52448.5411	0
1215	1922	-465.6593	0	52448.5408	0
1216	1922	-465.6596	0	52448.5406	0
1217	1922	-465.6598	0	52448.5404	0
1218	1922	-465.6601	0	52448.5399	0
1219	1922	-465.6603	0	52448.5379	0
1220	1922	-465.6604	0	52448.5367	0
1221	1922	-465.6605	0	52448.5357	0
1222	1922	-465.6606	0	52448.5347	0
1223	1922	-465.6606	0	52448.5329	0
1224	1922	-465.6606	0	52448.5304	0
1225	1922	-465.6606	0	52448.5286	0
1226	1922	-465.6606	0	52448.5282	0
1227	1922	-465.6605	0	52448.5262	0
1228	1922	-465.6605	0	52448.5240	0
1229	1922	-465.6606	0	52448.5224	0
1230	1922	-465.6607	0	52448.5218	0
1231	1922	-465.6609	0	52448.5216	0
1232	1922	-465.6611	0	52448.5208	0
1233	1922	-465.6612	0	52448.5187	0
1234	1922	-465.6612	0	52448.5162	0
1235	1922	-465.6612	0	52448.5148	0
1236	1922	-465.6613	0	52448.5136	0
1237	1922	-465.6613	0	52448.5121	0
1238	1922	-465.6613	0	52448.5098	0
1239	1922	-465.6612	0	52448.5084	0
1240	1922	-465.6612	0	52448.5081	0
1241	1922	-465.6612	0	52448.5073	0
1242	1922	-465.6613	0	52448.5067	0
1243	1922	-465.6612	0	52448.5029	0
1244	1922	-465.6611	0	52448.5003	0
1245	1922	-465.6609	0	52448.4993	0
1246	1922	-465.6608	0	52448.4983	0
1247	1922	-465.6609	0	52448.4972	0
1248	1922	-465.6610	0	52448.4959	0
1249	1922	-465.6611	0	52448.4950	0
1250	1922	-465.6611	0	52448.4947	0
1251	1922	-465.6611	0	52448.4939	0
1252	1922	-465.6611	0	52448.4922	0
1253	1922	-465.6612	0	52448.4899	0
1254	1922	-465.6613	0	52448.4879	0
1255	1922	-465.6614	0	52448.4874	0
1256	1922	-465.6615	0	52448.4866	0
1257	1922	-465.6614	0	52448.4847	0
1258	1922	-465.6612	0	52448.4821	0
1259	1922	-465.6611	0	52448.4809	0
1260	1922	-465.6611	0	52448.4805	0
1261	1922	-465.6610	0	52448.4794	0
1262	1922	-465.6611	0	52448.4772	0
1263	1922	-465.6611	0	52448.4751	0
1264	1922	-465.6613	0	52448.4739	0
1265	1922	-465.6615	0	52448.4735	0
1266	1922	-465.6619	0	52448.4723	0
1267	1922	-465.6620	0	52448.4696	0
1268	1922	-465.6622	0	52448.4679	0
1269	1922	-465.6623	0	52448.4664	0
1270	1922	-465.6622	0	52448.4649	0
1271	1922	-465.6623	0	52448.4635	0
1272	1922	-465.6623	0	52448.4608	0
1273	1922	-465.6624	0	52448.4589	0
1274	1922	-465.6627	0	52448.4590	0
1275	1922	-465.6628	0	52448.4586	0
1276	1922	-465.6631	0	52448.4577	0
1277	1922	-465.6635	0	52448.4542	0
1278	1922	-465.6636	0	52448.4522	0
1279	1922	-465.6636	0	52448.4518	0
1280	1922	-465.6637	0	52448.4504	0
1281	1922	-465.6636	0	52448.4494	0
1282	1922	-465.6635	0	52448.4465	0
1283	1922	-465.6635	0	52448.4452	0
1284	1922	-465.6637	0	52448.4443	0
1285	1922	-465.6637	0	52448.4434	0
1286	1922	-465.6638	0	52448.4419	0
1287	1922	-465.6638	0	52448.4400	0
1288	1922	-465.6637	0	52448.4391	0
1289	1922	-465.6636	0	52448.4385	0
1290	1922	-465.6637	0	52448.4376	0
1291	1922	-465.6637	0	52448.4351	0
1292	1922	-465.6637	0	52448.4331	0
1293	1922	-465.6638	0	52448.4324	0
1294	1922	-465.6639	0	52448.4324	0
1295	1922	-465.6639	0	52448.4314	0
1296	1922	-465.6640	0	52448.4297	0
1297	1922	-465.6641	0	52448.4262	0
1298	1922	-465.6641	0	52448.4246	0
1299	1922	-465.6641	0	52448.4235	0
1300	1922	-465.6641	0	52448.4223	0
1301	1922	-465.6642	0	52448.4210	0
1302	1922	-465.6640	0	52448.4185	0
1303	1922	-465.6640	0	52448.4174	0
1304	1922	-465.6640	0	52448.4167	0
1305	1922	-465.6640	0	52448.4162	0
1306	1922	-465.6639	0	52448.4137	0
1307	1922	-465.6639	0	52448.4121	0
1308	1922	-465.6638	0	52448.4116	0
1309	1922	-465.6636	0	52448.4109	0
1310	1922	-465.6637	0	52448.4094	0
1311	1922	-465.6637	0	52448.4061	0
1312	1922	-465.6638	0	52448.4043	0
1313	1922	-465.6639	0	52448.4033	0
1314	1922	-465.6640	0	52448.4030	0
1315	1922	-465.6639	0	52448.4014	0
1316	1922	-465.6638	0	52448.3985	0
1317	1922	-465.6638	0	52448.3975	0
1318	1922	-465.6635	0	52448.3969	0
1319	1922	-465.6637	0	52448.3964	0
1320	1922	-465.6637	0	52448.3952	0
1321	1922	-465.6638	0	52448.3929	0
1322	1922	-465.6637	0	52448.3910	0
1323	1922	-465.6639	0	52448.3917	0
1324	1922	-465.6641	0	52448.3904	0
1325	1922	-465.6642	0	52448.3892	0
1326	1922	-465.6642	0	52448.3871	0
1327	1922	-465.6642	0	52448.3857	0
1328	1922	-465.6644	0	52448.3852	0
1329	1922	-465.6645	0	52448.3844	0
1330	1922	-465.6645	0	52448.3814	0
1331	1922	-465.6646	0	52448.3792	0
1332	1922	-465.6649	0	52448.3792	0
1333	1922	-465.6651	0	52448.3792	0
1334	1922	-465.6654	0	52448.3778	0
1335	1922	-465.6657	0	52448.3752	0
1336	1922	-465.6658	0	52448.3739	0
1337	1922	-465.6661	0	52448.3735	0
1338	1922	-465.6663	0	52448.3730	0
1339	1922	-465.6664	0	52448.3707	0
1340	1922	-465.6663	0	52448.3673	0
1341	1922	-465.6664	0	52448.3638	0
1342	1922	-465.6665	0	52448.3622	0
1343	1922	-465.6665	0	52448.3624	0
1344	1922	-465.6667	0	52448.3625	0
1345	1922	-465.6669	0	52448.3623	0
1346	1922	-465.6669	0	52448.3622	0
1347	1922	-465.6670	0	52448.3630	0
1348	1922	-465.6669	0	52448.3626	0
1349	1922	-465.6668	0	52448.3609	0
1350	1922	-465.6666	0	52448.3561	0
1351	1922	-465.6664	0	52448.3500	0
1352	1922	-465.6664	0	52448.3481	0
1353	1922	-465.6667	0	52448.3503	0
1354	1922	-465.6669	0	52448.3496	0
1355	1922	-465.6669	0	52448.3482	0
1356	1922	-465.6666	0	52448.3449	0
1357	1922	-465.6664	0	52448.3429	0
1358	1922	-465.6663	0	52448.3405	0
1359	1922	-465.6660	0	52448.3354	0
1360	1922	-465.6660	0	52448.3292	0
1361	1922	-465.6660	0	52448.3257	0
1362	1922	-465.6661	0	52448.3241	0
1363	1922	-465.6663	0	52448.3223	0
1364	1922	-465.6667	0	52448.3208	0
1365	1922	-465.6670	0	52448.3195	0
1366	1922	-465.6670	0	52448.3186	0
1367	1922	-465.6670	0	52448.3184	0
1368	1922	-465.6671	0	52448.3175	0
1369	1922	-465.6672	0	52448.3158	0
1370	1922	-465.6675	0	52448.3158	0
1371	1922	-465.6677	0	52448.3167	0
1372	1922	-465.6679	0	52448.3175	0
1373	1922	-465.6679	0	52448.3175	0
1374	1922	-465.6680	0	52448.3161	0
1375	1922	-465.6678	0	52448.3148	0
1376	1922	-465.6675	0	52448.3143	0
1377	1922	-465.6676	0	52448.3151	0
1378	1922	-465.6680	0	52448.3149	0
1379	1922	-465.6681	0	52448.3117	0
1380	1922	-465.6684	0	52448.3092	0
1381	1922	-465.6685	0	52448.3077	0
1382	1922	-465.6684	0	52448.3077	0
1383	1922	-465.6683	0	52448.3063	0
1384	1922	-465.6681	0	52448.3040	0
1385	1922	-465.6679	0	52448.3022	0
1386	1922	-465.6678	0	52448.3011	0
1387	1922	-465.6678	0	52448.2997	0
1388	1922	-465.6680	0	52448.2988	0
1389	1922	-465.6681	0	52448.2956	0
1390	1922	-465.6682	0	52448.2944	0
1391	1922	-465.6684	0	52448.2945	0
1392	1922	-465.6685	0	52448.2937	0
1393	1922	-465.6685	0	52448.2914	0
1394	1922	-465.6685	0	52448.2891	0
1395	1922	-465.6686	0	52448.2868	0
1396	1922	-465.6686	0	52448.2859	0
1397	1922	-465.6686	0	52448.2852	0
1398	1922	-465.6689	0	52448.2824	0
1399	1922	-465.6689	0	52448.2799	0
1400	1922	-465.6691	0	52448.2795	0
1401	1922	-465.6691	0	52448.2799	0
1402	1922	-465.6692	0	52448.2797	0
1403	1922	-465.6693	0	52448.2775	0
1404	1922	-465.6693	0	52448.2747	0
1405	1922	-465.6695	0	52448.2726	0
1406	1922	-465.6696	0	52448.2724	0
1407	1922	-465.6696	0	52448.2719	0
1408	1922	-465.6698	0	52448.2696	0
1409	1922	-465.6698	0	52448.2671	0
1410	1922	-465.6698	0	52448.2657	0
1411	1922	-465.6698	0	52448.2664	0
1412	1922	-465.6699	0	52448.2667	0
1413	1922	-465.6699	0	52448.2636	0
1414	1922	-465.6701	0	52448.2613	0
1415	1922	-465.6701	0	52448.2600	0
1416	1922	-465.6702	0	52448.2601	0
1417	1922	-465.6703	0	52448.2580	0
1418	1922	-465.6703	0	52448.2539	0
1419	1922	-465.6703	0	52448.2518	0
1420	1922	-465.6705	0	52448.2522	0
1421	1922	-465.6706	0	52448.2519	0
1422	1922	-465.6709	0	52448.2507	0
1423	1922	-465.6708	0	52448.2480	0
1424	1922	-465.6708	0	52448.2458	0
1425	1922	-465.6708	0	52448.2451	0
1426	1922	-465.6707	0	52448.2455	0
1427	1922	-465.6710	0	52448.2433	0
1428	1922	-465.6709	0	52448.2414	0
1429	1922	-465.6710	0	52448.2413	0
1430	1922	-465.6711	0	52448.2419	0
1431	1922	-465.6712	0	52448.2422	0
1432	1922	-465.6712	0	52448.2406	0
1433	1922	-465.6712	0	52448.2376	0
1434	1922	-465.6711	0	52448.2372	0
1435	1922	-465.6712	0	52448.2376	0
1436	1922	-465.6711	0	52448.2367	0
1437	1922	-465.6711	0	52448.2357	0
1438	1922	-465.6712	0	52448.2324	0
1439	1922	-465.6711	0	52448.2300	0
1440	1922	-465.6709	0	52448.2297	0
1441	1922	-465.6708	0	52448.2290	0
1442	1922	-465.6709	0	52448.2270	0
1443	1922	-465.6710	0	52448.2238	0
1444	1922	-465.6710	0	52448.2220	0
1445	1922	-465.6711	0	52448.2226	0
1446	1922	-465.6711	0	52448.2223	0
1447	1922	-465.6712	0	52448.2197	0
1448	1922	-465.6712	0	52448.2182	0
1449	1922	-465.6713	0	52448.2176	0
1450	1922	-465.6714	0	52448.2175	0
1451	1922	-465.6714	0	52448.2168	0
1452	1922	-465.6715	0	52448.2160	0
1453	1922	-465.6716	0	52448.2145	0
1454	1922	-465.6716	0	52448.2139	0
1455	1922	-465.6717	0	52448.2144	0
1456	1922	-465.6717	0	52448.2140	0
1457	1922	-465.6718	0	52448.2126	0
1458	1922	-465.6718	0	52448.2114	0
1459	1922	-465.6718	0	52448.2110	0
1460	1922	-465.6718	0	52448.2103	0
1461	1922	-465.6720	0	52448.2100	0
1462	1922	-465.6721	0	52448.2074	0
1463	1922	-465.6723	0	52448.2051	0
1464	1922	-465.6724	0	52448.2049	0
1465	1922	-465.6727	0	52448.2056	0
1466	1922	-465.6729	0	52448.2045	0
1467	1922	-465.6731	0	52448.2029	0
1468	1922	-465.6732	0	52448.2009	0
1469	1922	-465.6734	0	52448.2003	0
1470	1922	-465.6733	0	52448.2000	0
1471	1922	-465.6734	0	52448.1980	0
1472	1922	-465.6735	0	52448.1952	0
1473	1922	-465.6737	0	52448.1935	0
1474	1922	-465.6738	0	52448.1923	0
1475	1922	-465.6739	0	52448.1912	0
1476	1922	-465.6741	0	52448.1908	0
1477	1922	-465.6741	0	52448.1886	0
1478	1922	-465.6742	0	52448.1872	0
1479	1922	-465.6743	0	52448.1867	0
1480	1922	-465.6741	0	52448.1865	0
1481	1922	-465.6741	0	52448.1851	0
1482	1922	-465.6742	0	52448.1832	0
1483	1922	-465.6742	0	52448.1811	0
1484	1922	-465.6741	0	52448.1797	0
1485	1922	-465.6740	0	52448.1785	0
1486	1922	-465.6740	0	52448.1766	0
1487	1922	-465.6738	0	52448.1738	0
1488	1922	-465.6738	0	52448.1720	0
1489	1922	-465.6737	0	52448.1714	0
1490	1922	-465.6735	0	52448.1713	0
1491	1922	-465.6732	0	52448.1698	0
1492	1922	-465.6731	0	52448.1685	0
1493	1922	-465.6729	0	52448.1666	0
1494	1922	-465.6728	0	52448.1659	0
1495	1922	-465.6727	0	52448.1665	0
1496	1922	-465.6725	0	52448.1645	0
1497	1922	-465.6725	0	52448.1615	0
1498	1922	-465.6724	0	52448.1597	0
1499	1922	-465.6722	0	52448.1590	0
1500	1922	-465.6720	0	52448.1588	0
1501	1922	-465.6721	0	52448.1588	0
1502	1922	-465.6720	0	52448.1566	0
1503	1922	-465.6719	0	52448.1542	0
1504	1922	-465.6720	0	52448.1542	0
1505	1922	-465.6720	0	52448.1550	0
1506	1922	-465.6718	0	52448.1545	0
1507	1922	-465.6719	0	52448.1529	0
1508	1922	-465.6722	0	52448.1515	0
1509	1922	-465.6724	0	52448.1511	0
1510	1922	-465.6724	0	52448.1517	0
1511	1922	-465.6724	0	52448.1504	0
1512	1922	-465.6724	0	52448.1492	0
1513	1922	-465.6725	0	52448.1472	0
1514	1922	-465.6725	0	52448.1457	0
1515	1922	-465.6727	0	52448.1452	0
1516	1922	-465.6728	0	52448.1443	0
1517	1922	-465.6730	0	52448.1432	0
1518	1922	-465.6731	0	52448.1420	0
1519	1922	-465.6731	0	52448.1416	0
1520	1922	-465.6730	0	52448.1415	0
1521	1922	-465.6729	0	52448.1415	0
1522	1922	-465.6729	0	52448.1391	0
1523	1922	-465.6729	0	52448.1374	0
1524	1922	-465.6729	0	52448.1360	0
1525	1922	-465.6729	0	52448.1364	0
1526	1922	-465.6729	0	52448.1357	0
1527	1922	-465.6729	0	52448.1347	0
1528	1922	-465.6731	0	52448.1327	0
1529	1922	-465.6731	0	52448.1312	0
1530	1922	-465.6730	0	52448.1315	0
1531	1922	-465.6732	0	52448.1308	0
1532	1922	-465.6731	0	52448.1290	0
1533	1922	-465.6730	0	52448.1274	0
1534	1922	-465.6731	0	52448.1278	0
1535	1922	-465.6732	0	52448.1287	0
1536	1922	-465.6733	0	52448.1283	0
1537	1922	-465.6735	0	52448.1257	0
1538	1922	-465.6736	0	52448.1248	0
1539	1922	-465.6736	0	52448.1245	0
1540	1922	-465.6736	0	52448.1244	0
1541	1922	-465.6736	0	52448.1235	0
1542	1922	-465.6737	0	52448.1207	0
1543	1922	-465.6738	0	52448.1189	0
1544	1922	-465.6738	0	52448.1182	0
1545	1922	-465.6739	0	52448.1188	0
1546	1922	-465.6740	0	52448.1191	0
1547	1922	-465.6740	0	52448.1184	0
1548	1922	-465.6741	0	52448.1173	0
1549	1922	-465.6742	0	52448.1169	0
1550	1922	-465.6742	0	52448.1160	0
1551	1922	-465.6742	0	52448.1139	0
1552	1922	-465.6744	0	52448.1115	0
1553	1922	-465.6745	0	52448.1115	0
1554	1922	-465.6745	0	52448.1115	0
1555	1922	-465.6747	0	52448.1124	0
1556	1922	-465.6748	0	52448.1111	0
1557	1922	-465.6750	0	52448.1089	0
1558	1922	-465.6751	0	52448.1072	0
1559	1922	-465.6751	0	52448.1057	0
1560	1922	-465.6751	0	52448.1052	0
1561	1922	-465.6752	0	52448.1042	0
1562	1922	-465.6753	0	52448.1012	0
1563	1922	-465.6754	0	52448.1001	0
1564	1922	-465.6754	0	52448.1006	0
1565	1922	-465.6756	0	52448.1009	0
1566	1922	-465.6759	0	52448.0983	0
1567	1922	-465.6760	0	52448.0956	0
1568	1922	-465.6763	0	52448.0928	0
1569	1922	-465.6762	0	52448.0918	0
1570	1922	-465.6762	0	52448.0915	0
1571	1922	-465.6762	0	52448.0887	0
1572	1922	-465.6762	0	52448.0849	0
1573	1922	-465.6764	0	52448.0835	0
1574	1922	-465.6765	0	52448.0840	0
1575	1922	-465.6765	0	52448.0842	0
1576	1922	-465.6766	0	52448.0825	0
1577	1922	-465.6768	0	52448.0810	0
1578	1922	-465.6769	0	52448.0787	0
1579	1922	-465.6771	0	52448.0769	0
1580	1922	-465.6770	0	52448.0762	0
1581	1922	-465.6769	0	52448.0732	0
1582	1922	-465.6769	0	52448.0701	0
1583	1922	-465.6771	0	52448.0681	0
1584	1922	-465.6770	0	52448.0684	0
1585	1922	-465.6770	0	52448.0666	0
1586	1922	-465.6770	0	52448.0650	0
1587	1922	-465.6771	0	52448.0615	0
1588	1922	-465.6772	0	52448.0603	0
1589	1922	-465.6770	0	52448.0589	0
1590	1922	-465.6770	0	52448.0594	0
1591	1922	-465.6770	0	52448.0567	0
1592	1922	-465.6772	0	52448.0517	0
1593	1922	-465.6771	0	52448.0509	0
1594	1922	-465.6771	0	52448.0496	0
1595	1922	-465.6772	0	52448.0472	0
1596	1922	-465.6772	0	52448.0453	0
1597	1922	-465.6772	0	52448.0426	0
1598	1922	-465.6774	0	52448.0438	0
1599	1922	-465.6773	0	52448.0432	0
1600	1922	-465.6773	0	52448.0420	0
1601	1922	-465.6773	0	52448.0406	0
1602	1922	-465.6773	0	52448.0380	0
1603	1922	-465.6773	0	52448.0361	0
1604	1922	-465.6772	0	52448.0354	0
1605	1922	-465.6772	0	52448.0342	0
1606	1922	-465.6774	0	52448.0327	0
1607	1922	-465.6775	0	52448.0312	0
1608	1922	-465.6776	0	52448.0306	0
1609	1922	-465.6776	0	52448.0316	0
1610	1922	-465.6775	0	52448.0309	0
1611	1922	-465.6773	0	52448.0307	0
1612	1922	-465.6772	0	52448.0306	0
1613	1922	-465.6772	0	52448.0307	0
1614	1922	-465.6771	0	52448.0296	0
1615	1922	-465.6771	0	52448.0293	0
1616	1922	-465.6769	0	52448.0259	0
1617	1922	-465.6770	0	52448.0258	0
1618	1922	-465.6769	0	52448.0246	0
1619	1922	-465.6767	0	52448.0253	0
1620	1922	-465.6767	0	52448.0235	0
1621	1922	-465.6768	0	52448.0217	0
1622	1922	-465.6768	0	52448.0200	0
1623	1922	-465.6765	0	52448.0204	0
1624	1922	-465.6765	0	52448.0207	0
1625	1922	-465.6765	0	52448.0208	0
1626	1922	-465.6765	0	52448.0187	0
1627	1922	-465.6766	0	52448.0179	0
1628	1922	-465.6768	0	52448.0155	0
1629	1922	-465.6769	0	52448.0146	0
1630	1922	-465.6773	0	52448.0110	0
1631	1922	-465.6775	0	52448.0097	0
1632	1922	-465.6778	0	52448.0104	0
1633	1922	-465.6778	0	52448.0118	0
1634	1922	-465.6781	0	52448.0113	0
1635	1922	-465.6783	0	52448.0101	0
1636	1922	-465.6785	0	52448.0074	0
1637	1922	-465.6785	0	52448.0075	0
1638	1922	-465.6785	0	52448.0076	0
1639	1922	-465.6783	0	52448.0065	0
1640	1922	-465.6782	0	52448.0050	0
1641	1922	-465.6784	0	52448.0034	0
1642	1922	-465.6781	0	52448.0016	0
1643	1922	-465.6777	0	52447.9998	0
1644	1922	-465.6773	0	52447.9968	0
1645	1922	-465.6768	0	52447.9933	0
1646	1922	-465.6764	0	52447.9944	0
1647	1922	-465.6755	0	52447.9959	0
1648	1922	-465.6747	0	52447.9964	0
1649	1922	-465.6732	0	52447.9929	0
1650	1922	-465.6729	0	52447.9882	0
1651	1922	-465.6728	0	52447.9923	0
1652	1922	-465.6725	0	52447.9998	0
