1127	1929	-465.7859	0	52447.8642	0
1128	1929	-465.7859	0	52447.8613	0
1129	1929	-465.7855	0	52447.8603	0
1130	1929	-465.7852	0	52447.8582	0
1134	1929	-465.7830	0	52447.8638	0
1135	1929	-465.7829	0	52447.8662	0
1136	1929	-465.7829	0	52447.8669	0
1137	1929	-465.7826	0	52447.8702	0
1150	1929	-465.7806	0	52447.8824	0
1151	1929	-465.7812	0	52447.8827	0
1155	1929	-465.7800	0	52447.8905	0
1164	1929	-465.7773	0	52447.9014	0
1166	1929	-465.7774	0	52447.8985	0
1167	1929	-465.7769	0	52447.9034	0
1168	1929	-465.7761	0	52447.9065	0
1169	1929	-465.7755	0	52447.9144	0
1170	1929	-465.7750	0	52447.9187	0
1171	1929	-465.7741	0	52447.9201	0
1172	1929	-465.7740	0	52447.9151	0
1173	1929	-465.7735	0	52447.9117	0
1175	1929	-465.7708	0	52447.9080	0
1176	1929	-465.7699	0	52447.9070	0
1177	1929	-465.7697	0	52447.9038	0
1179	1929	-465.7678	0	52447.8967	0
1180	1929	-465.7667	0	52447.8994	0
1181	1929	-465.7668	0	52447.8933	0
1182	1929	-465.7654	0	52447.8949	0
1183	1929	-465.7643	0	52447.8955	0
1184	1929	-465.7632	0	52447.8942	0
1185	1929	-465.7627	0	52447.8908	0
1186	1929	-465.7619	0	52447.8923	0
1187	1929	-465.7612	0	52447.8914	0
1188	1929	-465.7610	0	52447.8867	0
1190	1929	-465.7593	0	52447.8878	0
1191	1929	-465.7585	0	52447.8882	0
1192	1929	-465.7577	0	52447.8868	0
1193	1929	-465.7571	0	52447.8847	0
1194	1929	-465.7568	0	52447.8809	0
1195	1929	-465.7564	0	52447.8780	0
1196	1929	-465.7564	0	52447.8739	0
1197	1929	-465.7561	0	52447.8693	0
1198	1929	-465.7563	0	52447.8645	0
1199	1929	-465.7563	0	52447.8629	0
1200	1929	-465.7560	0	52447.8623	0
1201	1929	-465.7559	0	52447.8605	0
1202	1929	-465.7556	0	52447.8599	0
1203	1929	-465.7554	0	52447.8566	0
1204	1929	-465.7554	0	52447.8539	0
1205	1929	-465.7554	0	52447.8513	0
1206	1929	-465.7553	0	52447.8489	0
1207	1929	-465.7554	0	52447.8480	0
1208	1929	-465.7556	0	52447.8430	0
1209	1929	-465.7555	0	52447.8412	0
1210	1929	-465.7557	0	52447.8390	0
1211	1929	-465.7555	0	52447.8398	0
1212	1929	-465.7555	0	52447.8386	0
1213	1929	-465.7557	0	52447.8317	0
1214	1929	-465.7555	0	52447.8324	0
1215	1929	-465.7554	0	52447.8311	0
1216	1929	-465.7554	0	52447.8290	0
1217	1929	-465.7557	0	52447.8234	0
1218	1929	-465.7559	0	52447.8163	0
1219	1929	-465.7559	0	52447.8171	0
1220	1929	-465.7558	0	52447.8192	0
1221	1929	-465.7556	0	52447.8183	0
1222	1929	-465.7555	0	52447.8146	0
1223	1929	-465.7557	0	52447.8099	0
1224	1929	-465.7556	0	52447.8082	0
1225	1929	-465.7556	0	52447.8077	0
1226	1929	-465.7553	0	52447.8092	0
1227	1929	-465.7551	0	52447.8064	0
1228	1929	-465.7549	0	52447.8036	0
1229	1929	-465.7552	0	52447.7992	0
1230	1929	-465.7550	0	52447.7976	0
1231	1929	-465.7550	0	52447.7970	0
1232	1929	-465.7550	0	52447.7969	0
1233	1929	-465.7553	0	52447.7935	0
1234	1929	-465.7555	0	52447.7887	0
1235	1929	-465.7555	0	52447.7906	0
1236	1929	-465.7552	0	52447.7912	0
1237	1929	-465.7552	0	52447.7898	0
1238	1929	-465.7552	0	52447.7875	0
1239	1929	-465.7556	0	52447.7832	0
1240	1929	-465.7559	0	52447.7798	0
1241	1929	-465.7560	0	52447.7787	0
1242	1929	-465.7563	0	52447.7765	0
1243	1929	-465.7563	0	52447.7758	0
1244	1929	-465.7565	0	52447.7719	0
1245	1929	-465.7564	0	52447.7686	0
1246	1929	-465.7564	0	52447.7675	0
1247	1929	-465.7567	0	52447.7597	0
1248	1929	-465.7569	0	52447.7549	0
1249	1929	-465.7567	0	52447.7551	0
1250	1929	-465.7568	0	52447.7553	0
1251	1929	-465.7569	0	52447.7517	0
1252	1929	-465.7569	0	52447.7504	0
1253	1929	-465.7571	0	52447.7481	0
1254	1929	-465.7570	0	52447.7473	0
1255	1929	-465.7573	0	52447.7432	0
1256	1929	-465.7576	0	52447.7399	0
1257	1929	-465.7575	0	52447.7367	0
1258	1929	-465.7572	0	52447.7376	0
1259	1929	-465.7571	0	52447.7380	0
1260	1929	-465.7574	0	52447.7323	0
1261	1929	-465.7576	0	52447.7263	0
1262	1929	-465.7578	0	52447.7220	0
1263	1929	-465.7578	0	52447.7226	0
1264	1929	-465.7578	0	52447.7209	0
1265	1929	-465.7579	0	52447.7163	0
1266	1929	-465.7584	0	52447.7106	0
1267	1929	-465.7585	0	52447.7064	0
1268	1929	-465.7586	0	52447.7008	0
1269	1929	-465.7589	0	52447.6989	0
1270	1929	-465.7589	0	52447.6982	0
1271	1929	-465.7593	0	52447.6939	0
1272	1929	-465.7596	0	52447.6882	0
1273	1929	-465.7600	0	52447.6841	0
1274	1929	-465.7599	0	52447.6826	0
1275	1929	-465.7596	0	52447.6842	0
1276	1929	-465.7595	0	52447.6850	0
1277	1929	-465.7595	0	52447.6810	0
1278	1929	-465.7597	0	52447.6775	0
1279	1929	-465.7599	0	52447.6763	0
1280	1929	-465.7601	0	52447.6716	0
1281	1929	-465.7604	0	52447.6700	0
1282	1929	-465.7606	0	52447.6673	0
1283	1929	-465.7605	0	52447.6709	0
1284	1929	-465.7603	0	52447.6722	0
1285	1929	-465.7604	0	52447.6728	0
1286	1929	-465.7605	0	52447.6709	0
1287	1929	-465.7608	0	52447.6681	0
1288	1929	-465.7610	0	52447.6649	0
1289	1929	-465.7615	0	52447.6570	0
1290	1929	-465.7615	0	52447.6564	0
1291	1929	-465.7616	0	52447.6539	0
1292	1929	-465.7617	0	52447.6509	0
1294	1929	-465.7612	0	52447.6547	0
1295	1929	-465.7611	0	52447.6559	0
1296	1929	-465.7615	0	52447.6496	0
1312	1929	-465.7638	0	52447.6116	0
1313	1929	-465.7640	0	52447.6083	0
1314	1929	-465.7642	0	52447.6047	0
