1192	1942	-465.7311	0	52447.7820	0
1193	1942	-465.7306	0	52447.7874	0
1194	1942	-465.7301	0	52447.7911	0
1195	1942	-465.7295	0	52447.7961	0
1196	1942	-465.7290	0	52447.8013	0
1197	1942	-465.7286	0	52447.8010	0
1198	1942	-465.7284	0	52447.8006	0
1199	1942	-465.7284	0	52447.8004	0
1200	1942	-465.7287	0	52447.7965	0
1201	1942	-465.7287	0	52447.7969	0
1202	1942	-465.7287	0	52447.7952	0
1203	1942	-465.7291	0	52447.7929	0
1204	1942	-465.7291	0	52447.7902	0
1205	1942	-465.7293	0	52447.7874	0
1206	1942	-465.7292	0	52447.7899	0
1207	1942	-465.7293	0	52447.7890	0
1208	1942	-465.7290	0	52447.7869	0
1209	1942	-465.7285	0	52447.7895	0
1210	1942	-465.7280	0	52447.7922	0
1211	1942	-465.7278	0	52447.7880	0
1212	1942	-465.7278	0	52447.7827	0
1213	1942	-465.7282	0	52447.7735	0
1214	1942	-465.7284	0	52447.7701	0
1215	1942	-465.7269	0	52447.7898	0
1216	1942	-465.7259	0	52447.7988	0
1217	1942	-465.7254	0	52447.8006	0
1218	1942	-465.7251	0	52447.7925	0
1219	1942	-465.7240	0	52447.8091	0
1220	1942	-465.7236	0	52447.8180	0
1221	1942	-465.7227	0	52447.8276	0
1222	1942	-465.7224	0	52447.8295	0
1223	1942	-465.7226	0	52447.8236	0
1224	1942	-465.7230	0	52447.8111	0
1225	1942	-465.7235	0	52447.8097	0
1226	1942	-465.7237	0	52447.8005	0
1227	1942	-465.7238	0	52447.7969	0
1228	1942	-465.7236	0	52447.8026	0
1229	1942	-465.7236	0	52447.8030	0
1230	1942	-465.7238	0	52447.7962	0
1231	1942	-465.7237	0	52447.7972	0
1232	1942	-465.7236	0	52447.7975	0
1233	1942	-465.7236	0	52447.7941	0
1234	1942	-465.7240	0	52447.7875	0
1235	1942	-465.7239	0	52447.7868	0
1236	1942	-465.7239	0	52447.7849	0
1237	1942	-465.7239	0	52447.7805	0
1238	1942	-465.7240	0	52447.7714	0
1239	1942	-465.7241	0	52447.7702	0
1240	1942	-465.7242	0	52447.7660	0
1241	1942	-465.7240	0	52447.7683	0
1242	1942	-465.7238	0	52447.7691	0
1243	1942	-465.7237	0	52447.7677	0
1244	1942	-465.7234	0	52447.7671	0
1245	1942	-465.7234	0	52447.7670	0
1246	1942	-465.7231	0	52447.7688	0
1247	1942	-465.7230	0	52447.7695	0
1248	1942	-465.7230	0	52447.7680	0
1249	1942	-465.7234	0	52447.7619	0
1250	1942	-465.7234	0	52447.7635	0
1251	1942	-465.7234	0	52447.7640	0
1252	1942	-465.7235	0	52447.7625	0
1253	1942	-465.7234	0	52447.7619	0
1254	1942	-465.7234	0	52447.7617	0
1255	1942	-465.7234	0	52447.7597	0
1256	1942	-465.7234	0	52447.7591	0
1257	1942	-465.7234	0	52447.7589	0
1258	1942	-465.7235	0	52447.7570	0
1259	1942	-465.7235	0	52447.7562	0
1260	1942	-465.7235	0	52447.7541	0
1261	1942	-465.7235	0	52447.7534	0
1262	1942	-465.7235	0	52447.7512	0
1263	1942	-465.7233	0	52447.7503	0
1264	1942	-465.7234	0	52447.7482	0
1265	1942	-465.7234	0	52447.7493	0
1266	1942	-465.7231	0	52447.7516	0
1267	1942	-465.7231	0	52447.7507	0
1268	1942	-465.7230	0	52447.7503	0
1269	1942	-465.7230	0	52447.7483	0
1270	1942	-465.7228	0	52447.7475	0
1271	1942	-465.7229	0	52447.7434	0
1272	1942	-465.7227	0	52447.7418	0
1273	1942	-465.7226	0	52447.7412	0
1274	1942	-465.7226	0	52447.7411	0
1275	1942	-465.7226	0	52447.7391	0
1276	1942	-465.7229	0	52447.7384	0
1277	1942	-465.7228	0	52447.7402	0
1278	1942	-465.7228	0	52447.7409	0
1279	1942	-465.7227	0	52447.7411	0
1280	1942	-465.7225	0	52447.7412	0
1281	1942	-465.7222	0	52447.7431	0
1282	1942	-465.7221	0	52447.7419	0
1283	1942	-465.7220	0	52447.7376	0
1284	1942	-465.7219	0	52447.7359	0
1285	1942	-465.7219	0	52447.7334	0
1286	1942	-465.7218	0	52447.7324	0
1287	1942	-465.7217	0	52447.7340	0
1288	1942	-465.7217	0	52447.7307	0
1289	1942	-465.7219	0	52447.7295	0
1290	1942	-465.7219	0	52447.7311	0
1291	1942	-465.7221	0	52447.7318	0
1292	1942	-465.7219	0	52447.7320	0
1293	1942	-465.7219	0	52447.7321	0
1294	1942	-465.7218	0	52447.7321	0
1295	1942	-465.7220	0	52447.7282	0
1296	1942	-465.7223	0	52447.7269	0
1297	1942	-465.7220	0	52447.7282	0
1298	1942	-465.7220	0	52447.7268	0
1299	1942	-465.7219	0	52447.7263	0
1300	1942	-465.7217	0	52447.7261	0
1301	1942	-465.7216	0	52447.7240	0
1302	1942	-465.7218	0	52447.7191	0
1311	1942	-465.7217	0	52447.7166	0
1313	1942	-465.7221	0	52447.7094	0
1314	1942	-465.7224	0	52447.7080	0
1315	1942	-465.7225	0	52447.7055	0
1316	1942	-465.7225	0	52447.7046	0
1317	1942	-465.7225	0	52447.7064	0
1318	1942	-465.7227	0	52447.7051	0
1319	1942	-465.7227	0	52447.7025	0
1320	1942	-465.7230	0	52447.6996	0
1321	1942	-465.7230	0	52447.7006	0
1322	1942	-465.7230	0	52447.6989	0
1323	1942	-465.7229	0	52447.6983	0
1324	1942	-465.7230	0	52447.6960	0
1325	1942	-465.7229	0	52447.6973	0
1326	1942	-465.7230	0	52447.6999	0
1327	1942	-465.7231	0	52447.6989	0
1328	1942	-465.7235	0	52447.6922	0
1329	1942	-465.7236	0	52447.6897	0
1330	1942	-465.7235	0	52447.6909	0
1331	1942	-465.7236	0	52447.6894	0
1332	1942	-465.7236	0	52447.6888	0
1333	1942	-465.7236	0	52447.6886	0
1334	1942	-465.7239	0	52447.6866	0
1335	1942	-465.7240	0	52447.6858	0
1336	1942	-465.7241	0	52447.6834	0
1337	1942	-465.7238	0	52447.6867	0
1338	1942	-465.7239	0	52447.6881	0
1339	1942	-465.7236	0	52447.6907	0
1340	1942	-465.7235	0	52447.6938	0
1341	1942	-465.7238	0	52447.6886	0
1342	1942	-465.7241	0	52447.6824	0
1343	1942	-465.7243	0	52447.6823	0
1344	1942	-465.7246	0	52447.6823	0
1345	1942	-465.7250	0	52447.6803	0
1346	1942	-465.7251	0	52447.6796	0
