1201	1945	-458.0112	0	52539.0599	0
1202	1945	-457.9618	0	52539.1472	0
1203	1945	-457.9542	0	52539.5065	0
1204	1945	-457.9596	0	52539.3137	0
1205	1945	-457.9469	0	52539.3822	0
1206	1945	-457.9212	0	52539.3982	0
1207	1945	-457.8900	0	52539.3945	0
1208	1945	-457.8737	0	52539.3903	0
1209	1945	-457.8405	0	52539.5232	0
1210	1945	-457.7310	0	52538.9875	0
1211	1945	-457.7327	0	52539.0775	0
1212	1945	-457.7375	0	52538.9680	0
1213	1945	-457.7020	0	52539.2066	0
1214	1945	-457.6848	0	52539.2915	0
1215	1945	-457.6518	0	52539.4574	0
1216	1945	-457.6362	0	52539.5181	0
1217	1945	-457.6087	0	52539.5359	0
1218	1945	-457.5709	0	52539.6767	0
1219	1945	-457.4953	0	52539.8469	0
1220	1945	-457.4439	0	52540.3181	0
1221	1945	-457.4295	0	52540.2235	0
1222	1945	-457.3980	0	52540.3098	0
1223	1945	-457.3997	0	52540.2075	0
1224	1945	-457.3614	0	52540.4306	0
1225	1945	-457.3387	0	52540.2436	0
1226	1945	-457.3207	0	52540.2971	0
1227	1945	-457.2838	0	52540.4498	0
1228	1945	-457.2523	0	52540.4990	0
1229	1945	-457.2382	0	52540.5121	0
1230	1945	-457.2224	0	52540.6523	0
1231	1945	-457.1860	0	52540.9608	0
1232	1945	-457.1618	0	52541.2102	0
1233	1945	-457.1402	0	52541.1616	0
1234	1945	-457.1096	0	52541.2709	0
1235	1945	-457.0772	0	52541.1672	0
1236	1945	-457.0354	0	52541.2546	0
1237	1945	-457.0386	0	52541.1543	0
1238	1945	-457.0356	0	52540.8456	0
1239	1945	-457.0211	0	52540.5854	0
1240	1945	-456.9989	0	52541.0222	0
1241	1945	-456.9825	0	52541.1839	0
1242	1945	-456.9582	0	52540.9826	0
1243	1945	-456.9303	0	52541.1598	0
1244	1945	-456.9361	0	52540.8303	0
1245	1945	-456.8821	0	52541.3612	0
1246	1945	-456.8579	0	52541.2937	0
1247	1945	-456.8372	0	52541.1338	0
1248	1945	-456.8064	0	52541.1959	0
1249	1945	-456.7867	0	52540.8209	0
1250	1945	-456.7712	0	52540.9438	0
1251	1945	-456.7904	0	52540.7288	0
1252	1945	-456.7499	0	52540.6331	0
1253	1945	-456.7043	0	52540.5909	0
1254	1945	-456.6728	0	52540.8464	0
1255	1945	-456.6127	0	52541.4620	0
1256	1945	-456.6029	0	52541.4372	0
1257	1945	-456.6105	0	52541.4235	0
1258	1945	-456.6244	0	52540.7609	0
1259	1945	-456.6127	0	52541.3119	0
1260	1945	-456.6372	0	52540.9908	0
1261	1945	-456.6310	0	52540.8557	0
1262	1945	-456.6387	0	52540.8051	0
1263	1945	-456.6114	0	52540.7803	0
1264	1945	-456.5776	0	52540.9000	0
1265	1945	-456.5186	0	52540.9352	0
1266	1945	-456.4875	0	52540.8109	0
1267	1945	-456.4918	0	52540.3575	0
1268	1945	-456.4843	0	52540.3276	0
1269	1945	-456.4447	0	52540.3075	0
1270	1945	-456.4291	0	52540.3046	0
1274	1945	-456.4293	0	52539.9354	0
1275	1945	-456.4257	0	52540.0468	0
1279	1945	-456.5034	0	52540.2720	0
1280	1945	-456.4775	0	52540.5760	0
1281	1945	-456.4920	0	52540.5529	0
1282	1945	-456.5251	0	52540.5494	0
1283	1945	-456.5530	0	52540.5528	0
1284	1945	-456.5279	0	52540.6811	0
1285	1945	-456.5182	0	52540.7304	0
1286	1945	-456.5064	0	52540.8837	0
1287	1945	-456.4803	0	52541.0670	0
1288	1945	-456.4717	0	52541.4022	0
1289	1945	-456.4440	0	52541.9114	0
1290	1945	-456.4676	0	52541.5976	0
1291	1945	-456.4871	0	52541.4659	0
1292	1945	-456.4481	0	52542.0571	0
1300	1945	-456.4974	0	52542.9872	0
1301	1945	-456.4911	0	52543.8013	0
1302	1945	-456.4874	0	52544.3078	0
1303	1945	-456.4771	0	52544.2595	0
1304	1945	-456.3806	0	52544.7013	0
1306	1945	-456.3459	0	52544.7977	0
1307	1945	-456.4009	0	52544.3103	0
1308	1945	-456.4750	0	52543.4963	0
1309	1945	-456.5038	0	52542.7842	0
1310	1945	-456.5036	0	52542.7801	0
1311	1945	-456.5463	0	52542.1228	0
1312	1945	-456.5759	0	52542.0125	0
1313	1945	-456.5769	0	52541.8353	0
1314	1945	-456.6032	0	52541.6416	0
1315	1945	-456.6131	0	52541.5778	0
1316	1945	-456.6091	0	52541.6903	0
1317	1945	-456.6296	0	52541.6017	0
1318	1945	-456.6395	0	52541.7062	0
1319	1945	-456.6422	0	52541.8813	0
1320	1945	-456.6628	0	52541.9514	0
1321	1945	-456.6682	0	52542.1081	0
1322	1945	-456.6893	0	52542.0378	0
1323	1945	-456.6965	0	52542.0145	0
1324	1945	-456.6834	0	52542.0012	0
1325	1945	-456.6717	0	52542.1243	0
1326	1945	-456.6491	0	52542.2973	0
1327	1945	-456.6489	0	52542.2347	0
1328	1945	-456.6346	0	52542.2068	0
1329	1945	-456.6538	0	52542.0702	0
1330	1945	-456.6608	0	52542.1469	0
1331	1945	-456.6644	0	52542.3092	0
1332	1945	-456.6742	0	52542.3716	0
1333	1945	-456.7043	0	52542.5281	0
1334	1945	-456.7316	0	52542.5883	0
1335	1945	-456.7567	0	52542.6141	0
1336	1945	-456.7696	0	52542.4920	0
1337	1945	-456.7720	0	52542.4428	0
1338	1945	-456.7798	0	52542.4233	0
1339	1945	-456.7377	0	52542.5380	0
1340	1945	-456.7095	0	52542.7067	0
1341	1945	-456.6221	0	52543.1316	0
1342	1945	-456.5311	0	52543.4088	0
1346	1945	-456.5453	0	52544.4235	0
1347	1945	-456.5983	0	52543.9428	0
1348	1945	-456.7029	0	52542.2185	0
1352	1945	-456.7802	0	52542.3653	0
1353	1945	-456.8122	0	52542.2504	0
1354	1945	-456.7809	0	52542.3378	0
1355	1945	-456.7803	0	52542.2434	0
1356	1945	-456.7608	0	52542.3368	0
1357	1945	-456.7543	0	52542.3721	0
1358	1945	-456.7526	0	52542.3857	0
1359	1945	-456.7484	0	52542.5228	0
1360	1945	-456.7298	0	52542.7024	0
1361	1945	-456.7473	0	52542.6434	0
1362	1945	-456.7592	0	52542.4860	0
1363	1945	-456.7826	0	52542.4342	0
1364	1945	-456.7969	0	52542.2856	0
1365	1945	-456.7597	0	52542.4834	0
1366	1945	-456.7599	0	52542.4288	0
1367	1945	-456.7582	0	52542.4081	0
1368	1945	-456.7561	0	52542.4022	0
1369	1945	-456.7736	0	52542.2730	0
1370	1945	-456.7809	0	52542.2272	0
1371	1945	-456.7685	0	52542.2059	0
1372	1945	-456.7459	0	52542.3234	0
1373	1945	-456.7465	0	52542.5044	0
1374	1945	-456.7286	0	52542.5668	0
1375	1945	-456.7065	0	52542.5854	0
1376	1945	-456.7103	0	52542.3383	0
1377	1945	-456.7105	0	52542.3707	0
1378	1945	-456.6940	0	52542.3810	0
1379	1945	-456.6894	0	52542.3853	0
1380	1945	-456.6529	0	52542.3796	0
1381	1945	-456.6449	0	52542.2494	0
1382	1945	-456.6392	0	52542.2025	0
1385	1945	-456.5553	0	52542.6528	0
1387	1945	-456.5354	0	52542.8913	0
1388	1945	-456.5329	0	52542.9366	0
1389	1945	-456.5298	0	52542.9504	0
1390	1945	-456.5384	0	52542.7023	0
1391	1945	-456.5013	0	52542.8559	0
1392	1945	-456.4892	0	52542.9155	0
1393	1945	-456.4839	0	52542.9372	0
1394	1945	-456.4861	0	52542.8165	0
1395	1945	-456.5030	0	52542.7726	0
1396	1945	-456.5365	0	52542.5062	0
1397	1945	-456.5217	0	52542.6553	0
1398	1945	-456.5160	0	52542.7110	0
1399	1945	-456.4942	0	52542.8589	0
1400	1945	-456.4858	0	52542.9165	0
1401	1945	-456.4860	0	52542.9354	0
1402	1945	-456.5258	0	52542.6930	0
1403	1945	-456.5414	0	52542.6010	0
1404	1945	-456.5106	0	52542.6887	0
1405	1945	-456.5007	0	52542.5938	0
1406	1945	-456.4819	0	52542.5566	0
1407	1945	-456.4393	0	52542.6658	0
1408	1945	-456.4200	0	52542.7061	0
1409	1945	-456.3936	0	52542.7170	0
1410	1945	-456.3094	0	52543.4700	0
1411	1945	-456.2491	0	52543.9836	0
1412	1945	-456.1797	0	52544.0549	0
1413	1945	-456.0665	0	52544.0646	0
1415	1945	-455.6015	0	52544.9061	1
1416	1945	-455.4264	0	52544.7079	1
1417	1945	-455.2410	0	52544.8679	1
1423	1945	-454.8466	0	52541.2091	0
