1211	1947	-465.7639	0	52447.9170	0
1212	1947	-465.7635	0	52447.9191	0
1213	1947	-465.7629	0	52447.9213	0
1214	1947	-465.7628	0	52447.9204	0
1215	1947	-465.7628	0	52447.9186	0
1216	1947	-465.7627	0	52447.9165	0
1217	1947	-465.7628	0	52447.9157	0
1218	1947	-465.7627	0	52447.9154	0
1219	1947	-465.7623	0	52447.9180	0
1220	1947	-465.7619	0	52447.9203	0
1221	1947	-465.7616	0	52447.9198	0
1222	1947	-465.7613	0	52447.9196	0
1223	1947	-465.7609	0	52447.9208	0
1224	1947	-465.7603	0	52447.9225	0
1225	1947	-465.7600	0	52447.9231	0
1226	1947	-465.7597	0	52447.9220	0
1227	1947	-465.7592	0	52447.9241	0
1228	1947	-465.7589	0	52447.9249	0
1229	1947	-465.7587	0	52447.9252	0
1230	1947	-465.7588	0	52447.9239	0
1231	1947	-465.7588	0	52447.9234	0
1232	1947	-465.7589	0	52447.9232	0
1233	1947	-465.7587	0	52447.9231	0
1234	1947	-465.7585	0	52447.9230	0
1235	1947	-465.7582	0	52447.9230	0
1236	1947	-465.7579	0	52447.9229	0
1237	1947	-465.7577	0	52447.9228	0
1238	1947	-465.7574	0	52447.9228	0
1239	1947	-465.7569	0	52447.9240	0
1240	1947	-465.7569	0	52447.9232	0
1241	1947	-465.7566	0	52447.9228	0
1242	1947	-465.7564	0	52447.9212	0
1243	1947	-465.7564	0	52447.9207	0
1244	1947	-465.7563	0	52447.9218	0
1245	1947	-465.7563	0	52447.9223	0
1246	1947	-465.7562	0	52447.9224	0
1247	1947	-465.7561	0	52447.9224	0
1248	1947	-465.7558	0	52447.9224	0
1249	1947	-465.7555	0	52447.9223	0
1250	1947	-465.7556	0	52447.9224	0
1251	1947	-465.7552	0	52447.9237	0
1252	1947	-465.7549	0	52447.9241	0
1253	1947	-465.7548	0	52447.9242	0
1254	1947	-465.7547	0	52447.9243	0
1255	1947	-465.7546	0	52447.9257	0
1256	1947	-465.7548	0	52447.9249	0
1257	1947	-465.7549	0	52447.9232	0
1258	1947	-465.7549	0	52447.9239	0
1259	1947	-465.7548	0	52447.9242	0
1260	1947	-465.7548	0	52447.9242	0
1261	1947	-465.7548	0	52447.9243	0
1262	1947	-465.7549	0	52447.9230	0
1263	1947	-465.7548	0	52447.9238	0
1264	1947	-465.7549	0	52447.9227	0
1265	1947	-465.7549	0	52447.9224	0
1266	1947	-465.7549	0	52447.9223	0
1267	1947	-465.7549	0	52447.9208	0
1268	1947	-465.7549	0	52447.9203	0
1269	1947	-465.7549	0	52447.9201	0
1270	1947	-465.7551	0	52447.9187	0
1271	1947	-465.7550	0	52447.9195	0
1272	1947	-465.7551	0	52447.9185	0
1273	1947	-465.7550	0	52447.9181	0
1274	1947	-465.7549	0	52447.9180	0
1275	1947	-465.7547	0	52447.9192	0
1276	1947	-465.7546	0	52447.9198	0
1277	1947	-465.7547	0	52447.9186	0
1278	1947	-465.7548	0	52447.9182	0
1279	1947	-465.7548	0	52447.9180	0
1280	1947	-465.7548	0	52447.9180	0
1281	1947	-465.7546	0	52447.9193	0
1282	1947	-465.7546	0	52447.9198	0
1283	1947	-465.7548	0	52447.9200	0
1284	1947	-465.7547	0	52447.9215	0
1285	1947	-465.7549	0	52447.9207	0
1286	1947	-465.7549	0	52447.9203	0
1287	1947	-465.7545	0	52447.9229	0
1288	1947	-465.7544	0	52447.9238	0
1289	1947	-465.7543	0	52447.9242	0
1290	1947	-465.7539	0	52447.9256	0
1291	1947	-465.7535	0	52447.9274	0
1292	1947	-465.7533	0	52447.9280	0
1293	1947	-465.7534	0	52447.9242	0
1302	1947	-465.7527	0	52447.9278	0
1303	1947	-465.7529	0	52447.9280	0
1304	1947	-465.7533	0	52447.9268	0
1305	1947	-465.7533	0	52447.9236	0
1306	1947	-465.7530	0	52447.9223	0
1307	1947	-465.7529	0	52447.9233	0
1308	1947	-465.7527	0	52447.9236	0
1309	1947	-465.7524	0	52447.9250	0
1310	1947	-465.7523	0	52447.9242	0
1311	1947	-465.7523	0	52447.9253	0
1312	1947	-465.7523	0	52447.9257	0
1313	1947	-465.7521	0	52447.9258	0
1314	1947	-465.7518	0	52447.9271	0
1315	1947	-465.7518	0	52447.9263	0
1316	1947	-465.7519	0	52447.9273	0
1317	1947	-465.7518	0	52447.9263	0
1318	1947	-465.7517	0	52447.9273	0
1319	1947	-465.7515	0	52447.9276	0
1320	1947	-465.7514	0	52447.9278	0
1321	1947	-465.7510	0	52447.9304	0
1322	1947	-465.7509	0	52447.9300	0
1323	1947	-465.7509	0	52447.9299	0
1324	1947	-465.7507	0	52447.9298	0
1325	1947	-465.7507	0	52447.9298	0
1326	1947	-465.7506	0	52447.9311	0
1327	1947	-465.7506	0	52447.9315	0
1328	1947	-465.7508	0	52447.9317	0
1329	1947	-465.7509	0	52447.9305	0
1330	1947	-465.7509	0	52447.9300	0
1331	1947	-465.7509	0	52447.9311	0
1332	1947	-465.7509	0	52447.9315	0
1333	1947	-465.7509	0	52447.9317	0
1334	1947	-465.7507	0	52447.9317	0
1335	1947	-465.7507	0	52447.9304	0
1336	1947	-465.7507	0	52447.9299	0
1337	1947	-465.7505	0	52447.9297	0
1338	1947	-465.7505	0	52447.9296	0
1339	1947	-465.7505	0	52447.9295	0
1340	1947	-465.7506	0	52447.9296	0
1341	1947	-465.7507	0	52447.9282	0
1342	1947	-465.7508	0	52447.9277	0
1343	1947	-465.7506	0	52447.9289	0
1344	1947	-465.7507	0	52447.9280	0
1345	1947	-465.7507	0	52447.9290	0
1346	1947	-465.7504	0	52447.9320	0
1347	1947	-465.7505	0	52447.9318	0
1348	1947	-465.7507	0	52447.9278	0
1352	1947	-465.7506	0	52447.9205	0
1353	1947	-465.7505	0	52447.9195	0
1354	1947	-465.7510	0	52447.9207	0
1355	1947	-465.7509	0	52447.9225	0
1356	1947	-465.7509	0	52447.9218	0
1357	1947	-465.7510	0	52447.9174	0
1358	1947	-465.7515	0	52447.9060	0
1359	1947	-465.7522	0	52447.9016	0
1360	1947	-465.7519	0	52447.9148	0
1361	1947	-465.7516	0	52447.9191	0
1362	1947	-465.7515	0	52447.9209	0
1363	1947	-465.7514	0	52447.9229	0
1364	1947	-465.7512	0	52447.9249	0
1365	1947	-465.7510	0	52447.9257	0
1366	1947	-465.7508	0	52447.9232	0
1367	1947	-465.7506	0	52447.9208	0
1368	1947	-465.7506	0	52447.9185	0
1369	1947	-465.7501	0	52447.9230	0
1370	1947	-465.7499	0	52447.9234	0
1371	1947	-465.7500	0	52447.9235	0
1372	1947	-465.7498	0	52447.9221	0
1373	1947	-465.7496	0	52447.9229	0
1374	1947	-465.7493	0	52447.9246	0
1375	1947	-465.7493	0	52447.9238	0
1376	1947	-465.7494	0	52447.9194	0
1377	1947	-465.7495	0	52447.9150	0
1378	1947	-465.7495	0	52447.9133	0
1379	1947	-465.7494	0	52447.9126	0
1380	1947	-465.7492	0	52447.9110	0
1381	1947	-465.7489	0	52447.9104	0
1382	1947	-465.7484	0	52447.9115	0
1383	1947	-465.7479	0	52447.9133	0
1384	1947	-465.7477	0	52447.9140	0
1385	1947	-465.7474	0	52447.9142	0
1386	1947	-465.7470	0	52447.9156	0
1387	1947	-465.7470	0	52447.9148	0
1388	1947	-465.7468	0	52447.9131	0
1389	1947	-465.7465	0	52447.9110	0
1390	1947	-465.7461	0	52447.9116	0
1391	1947	-465.7458	0	52447.9117	0
1392	1947	-465.7455	0	52447.9118	0
1393	1947	-465.7452	0	52447.9118	0
1394	1947	-465.7446	0	52447.9131	0
1395	1947	-465.7441	0	52447.9135	0
1396	1947	-465.7441	0	52447.9109	0
1397	1947	-465.7439	0	52447.9099	0
1398	1947	-465.7439	0	52447.9095	0
1399	1947	-465.7439	0	52447.9094	0
1400	1947	-465.7439	0	52447.9080	0
1401	1947	-465.7437	0	52447.9075	0
1402	1947	-465.7437	0	52447.9073	0
1403	1947	-465.7437	0	52447.9058	0
1404	1947	-465.7433	0	52447.9052	0
1405	1947	-465.7430	0	52447.9063	0
1406	1947	-465.7426	0	52447.9068	0
1407	1947	-465.7424	0	52447.9026	0
1408	1947	-465.7422	0	52447.9025	0
1409	1947	-465.7419	0	52447.9010	0
1410	1947	-465.7417	0	52447.9004	0
1411	1947	-465.7414	0	52447.9002	0
1412	1947	-465.7413	0	52447.9002	0
1413	1947	-465.7412	0	52447.9002	0
1414	1947	-465.7411	0	52447.8958	0
1415	1947	-465.7410	0	52447.8986	0
1416	1947	-465.7406	0	52447.9052	0
1417	1947	-465.7401	0	52447.9076	0
1418	1947	-465.7397	0	52447.9099	0
1419	1947	-465.7395	0	52447.9093	0
1420	1947	-465.7392	0	52447.9105	0
1421	1947	-465.7388	0	52447.9135	0
1422	1947	-465.7382	0	52447.9239	0
1423	1947	-465.7371	0	52447.9352	0
1424	1947	-465.7377	0	52447.9144	0
1425	1947	-465.7377	0	52447.9075	0
1426	1947	-465.7376	0	52447.9066	0
1427	1947	-465.7373	0	52447.9090	0
1428	1947	-465.7370	0	52447.9099	0
1429	1947	-465.7365	0	52447.9102	0
1430	1947	-465.7362	0	52447.9116	0
1431	1947	-465.7356	0	52447.9121	0
1432	1947	-465.7351	0	52447.9122	0
1433	1947	-465.7347	0	52447.9121	0
1434	1947	-465.7346	0	52447.9121	0
1435	1947	-465.7343	0	52447.9148	0
1436	1947	-465.7342	0	52447.9158	0
1437	1947	-465.7341	0	52447.9162	0
1438	1947	-465.7339	0	52447.9163	0
1439	1947	-465.7340	0	52447.9149	0
1440	1947	-465.7335	0	52447.9170	0
1441	1947	-465.7330	0	52447.9150	0
1442	1947	-465.7328	0	52447.9142	0
1443	1947	-465.7325	0	52447.9138	0
1444	1947	-465.7321	0	52447.9150	0
1445	1947	-465.7317	0	52447.9182	0
1446	1947	-465.7311	0	52447.9207	0
1447	1947	-465.7306	0	52447.9215	0
1448	1947	-465.7303	0	52447.9218	0
1449	1947	-465.7301	0	52447.9245	0
1450	1947	-465.7298	0	52447.9255	0
1451	1947	-465.7296	0	52447.9258	0
1452	1947	-465.7295	0	52447.9245	0
1453	1947	-465.7294	0	52447.9240	0
1454	1947	-465.7292	0	52447.9238	0
1455	1947	-465.7288	0	52447.9263	0
1456	1947	-465.7283	0	52447.9285	0
1480	1947	-465.7226	0	52447.8968	0
1484	1947	-465.7215	0	52447.9116	0
1506	1947	-465.7156	0	52447.9086	0
1507	1947	-465.7154	0	52447.9068	0
1509	1947	-465.7153	0	52447.9011	0
1510	1947	-465.7152	0	52447.9013	0
1511	1947	-465.7151	0	52447.9000	0
1512	1947	-465.7149	0	52447.9038	0
1513	1947	-465.7148	0	52447.9023	0
1514	1947	-465.7148	0	52447.9046	0
1515	1947	-465.7144	0	52447.9110	0
1516	1947	-465.7140	0	52447.9133	0
1517	1947	-465.7138	0	52447.9142	0
1518	1947	-465.7136	0	52447.9158	0
1519	1947	-465.7133	0	52447.9177	0
1520	1947	-465.7132	0	52447.9184	0
1521	1947	-465.7130	0	52447.9186	0
1522	1947	-465.7129	0	52447.9186	0
1523	1947	-465.7128	0	52447.9186	0
1524	1947	-465.7127	0	52447.9185	0
1525	1947	-465.7127	0	52447.9199	0
1526	1947	-465.7125	0	52447.9203	0
1527	1947	-465.7124	0	52447.9204	0
1528	1947	-465.7122	0	52447.9204	0
1529	1947	-465.7120	0	52447.9189	0
1530	1947	-465.7117	0	52447.9184	0
1531	1947	-465.7115	0	52447.9181	0
1532	1947	-465.7111	0	52447.9207	0
1533	1947	-465.7110	0	52447.9217	0
1534	1947	-465.7110	0	52447.9234	0
1535	1947	-465.7108	0	52447.9240	0
1536	1947	-465.7108	0	52447.9242	0
1537	1947	-465.7108	0	52447.9242	0
1538	1947	-465.7109	0	52447.9229	0
1539	1947	-465.7108	0	52447.9237	0
1540	1947	-465.7105	0	52447.9239	0
1541	1947	-465.7104	0	52447.9240	0
1542	1947	-465.7102	0	52447.9240	0
1543	1947	-465.7099	0	52447.9266	0
1544	1947	-465.7095	0	52447.9289	0
1545	1947	-465.7091	0	52447.9323	0
1546	1947	-465.7087	0	52447.9336	0
1547	1947	-465.7084	0	52447.9340	0
1548	1947	-465.7081	0	52447.9340	0
1549	1947	-465.7076	0	52447.9340	0
1550	1947	-465.7071	0	52447.9325	0
1551	1947	-465.7067	0	52447.9332	0
1552	1947	-465.7067	0	52447.9321	0
1553	1947	-465.7065	0	52447.9330	0
1554	1947	-465.7062	0	52447.9347	0
1555	1947	-465.7061	0	52447.9352	0
1556	1947	-465.7061	0	52447.9354	0
1557	1947	-465.7060	0	52447.9355	0
1558	1947	-465.7057	0	52447.9354	0
1559	1947	-465.7053	0	52447.9366	0
1560	1947	-465.7049	0	52447.9370	0
1561	1947	-465.7044	0	52447.9397	0
1562	1947	-465.7040	0	52447.9407	0
1563	1947	-465.7040	0	52447.9384	0
1564	1947	-465.7038	0	52447.9388	0
1565	1947	-465.7035	0	52447.9402	0
1566	1947	-465.7033	0	52447.9381	0
1567	1947	-465.7034	0	52447.9373	0
1568	1947	-465.7032	0	52447.9369	0
1569	1947	-465.7031	0	52447.9368	0
1570	1947	-465.7029	0	52447.9380	0
1571	1947	-465.7029	0	52447.9372	0
1572	1947	-465.7028	0	52447.9368	0
1573	1947	-465.7028	0	52447.9367	0
1574	1947	-465.7027	0	52447.9353	0
1575	1947	-465.7026	0	52447.9348	0
1576	1947	-465.7022	0	52447.9345	0
1577	1947	-465.7019	0	52447.9344	0
1578	1947	-465.7016	0	52447.9343	0
1579	1947	-465.7013	0	52447.9329	0
1580	1947	-465.7010	0	52447.9324	0
1581	1947	-465.7006	0	52447.9321	0
1582	1947	-465.7005	0	52447.9320	0
1583	1947	-465.7002	0	52447.9306	0
1584	1947	-465.7000	0	52447.9301	0
1585	1947	-465.6999	0	52447.9299	0
1586	1947	-465.6998	0	52447.9298	0
1587	1947	-465.6999	0	52447.9298	0
1588	1947	-465.7000	0	52447.9299	0
1589	1947	-465.7000	0	52447.9299	0
1590	1947	-465.6998	0	52447.9312	0
1591	1947	-465.6997	0	52447.9304	0
1592	1947	-465.6993	0	52447.9300	0
1593	1947	-465.6989	0	52447.9311	0
1594	1947	-465.6986	0	52447.9315	0
1595	1947	-465.6982	0	52447.9303	0
1596	1947	-465.6979	0	52447.9298	0
1597	1947	-465.6978	0	52447.9296	0
1598	1947	-465.6981	0	52447.9296	0
1599	1947	-465.6984	0	52447.9323	0
1600	1947	-465.6986	0	52447.9334	0
1601	1947	-465.6989	0	52447.9338	0
1602	1947	-465.6990	0	52447.9340	0
1603	1947	-465.6991	0	52447.9327	0
1604	1947	-465.6991	0	52447.9322	0
1605	1947	-465.6991	0	52447.9333	0
1606	1947	-465.6991	0	52447.9338	0
1607	1947	-465.6989	0	52447.9339	0
1608	1947	-465.6986	0	52447.9352	0
1609	1947	-465.6985	0	52447.9344	0
1610	1947	-465.6983	0	52447.9354	0
1611	1947	-465.6982	0	52447.9357	0
1612	1947	-465.6983	0	52447.9359	0
1613	1947	-465.6983	0	52447.9372	0
1614	1947	-465.6984	0	52447.9377	0
1615	1947	-465.6985	0	52447.9379	0
1616	1947	-465.6986	0	52447.9380	0
1617	1947	-465.6989	0	52447.9381	0
1618	1947	-465.6990	0	52447.9367	0
1619	1947	-465.6991	0	52447.9362	0
1620	1947	-465.6991	0	52447.9361	0
1621	1947	-465.6993	0	52447.9360	0
1622	1947	-465.6995	0	52447.9373	0
1623	1947	-465.6994	0	52447.9378	0
1624	1947	-465.6993	0	52447.9380	0
1625	1947	-465.6993	0	52447.9380	0
1626	1947	-465.6991	0	52447.9380	0
1627	1947	-465.6986	0	52447.9379	0
1628	1947	-465.6982	0	52447.9378	0
1629	1947	-465.6982	0	52447.9378	0
1630	1947	-465.6983	0	52447.9378	0
1631	1947	-465.6984	0	52447.9379	0
1632	1947	-465.6986	0	52447.9379	0
1633	1947	-465.6989	0	52447.9379	0
1634	1947	-465.6989	0	52447.9379	0
1635	1947	-465.6989	0	52447.9379	0
1636	1947	-465.6989	0	52447.9379	0
1637	1947	-465.6989	0	52447.9379	0
1638	1947	-465.6988	0	52447.9405	0
1639	1947	-465.6989	0	52447.9402	0
1640	1947	-465.6990	0	52447.9401	0
1641	1947	-465.6990	0	52447.9426	0
1642	1947	-465.6993	0	52447.9423	0
1643	1947	-465.6996	0	52447.9423	0
1644	1947	-465.6998	0	52447.9422	0
1645	1947	-465.7004	0	52447.9423	0
1646	1947	-465.7008	0	52447.9410	0
1647	1947	-465.7010	0	52447.9419	0
1648	1947	-465.7010	0	52447.9448	0
1649	1947	-465.7008	0	52447.9458	0
1650	1947	-465.7005	0	52447.9474	0
1651	1947	-465.7005	0	52447.9468	0
1652	1947	-465.7003	0	52447.9478	0
1653	1947	-465.7005	0	52447.9481	0
1654	1947	-465.7006	0	52447.9496	0
1655	1947	-465.7007	0	52447.9488	0
1656	1947	-465.7007	0	52447.9510	0
1657	1947	-465.7008	0	52447.9532	0
1658	1947	-465.7007	0	52447.9552	0
1659	1947	-465.7011	0	52447.9547	0
1660	1947	-465.7017	0	52447.9546	0
1661	1947	-465.7020	0	52447.9558	0
1662	1947	-465.7020	0	52447.9575	0
1663	1947	-465.7023	0	52447.9581	0
1664	1947	-465.7023	0	52447.9596	0
1665	1947	-465.7023	0	52447.9601	0
1666	1947	-465.7022	0	52447.9615	0
1667	1947	-465.7021	0	52447.9620	0
1668	1947	-465.7023	0	52447.9622	0
1669	1947	-465.7024	0	52447.9635	0
1670	1947	-465.7026	0	52447.9652	0
1671	1947	-465.7028	0	52447.9670	0
1672	1947	-465.7030	0	52447.9690	0
1673	1947	-465.7033	0	52447.9697	0
1674	1947	-465.7036	0	52447.9700	0
1675	1947	-465.7039	0	52447.9713	0
1676	1947	-465.7042	0	52447.9730	0
1677	1947	-465.7043	0	52447.9736	0
1678	1947	-465.7043	0	52447.9750	0
1679	1947	-465.7044	0	52447.9767	0
1680	1947	-465.7044	0	52447.9773	0
1681	1947	-465.7044	0	52447.9787	0
1682	1947	-465.7045	0	52447.9792	0
1683	1947	-465.7046	0	52447.9806	0
1684	1947	-465.7047	0	52447.9822	0
1685	1947	-465.7048	0	52447.9840	0
1686	1947	-465.7048	0	52447.9847	0
1687	1947	-465.7051	0	52447.9861	0
1688	1947	-465.7052	0	52447.9866	0
1689	1947	-465.7053	0	52447.9879	0
1690	1947	-465.7058	0	52447.9884	0
1691	1947	-465.7061	0	52447.9875	0
1692	1947	-465.7061	0	52447.9882	0
1693	1947	-465.7062	0	52447.9872	0
1694	1947	-465.7063	0	52447.9869	0
1695	1947	-465.7063	0	52447.9867	0
1696	1947	-465.7065	0	52447.9867	0
1697	1947	-465.7067	0	52447.9855	0
1698	1947	-465.7070	0	52447.9862	0
1699	1947	-465.7073	0	52447.9865	0
1700	1947	-465.7076	0	52447.9843	0
1701	1947	-465.7079	0	52447.9824	0
1702	1947	-465.7082	0	52447.9816	0
1703	1947	-465.7083	0	52447.9825	0
1704	1947	-465.7085	0	52447.9817	0
1705	1947	-465.7086	0	52447.9826	0
1706	1947	-465.7085	0	52447.9841	0
1707	1947	-465.7083	0	52447.9859	0
1708	1947	-465.7081	0	52447.9865	0
1709	1947	-465.7080	0	52447.9867	0
1710	1947	-465.7079	0	52447.9868	0
1711	1947	-465.7080	0	52447.9868	0
1712	1947	-465.7081	0	52447.9857	0
1713	1947	-465.7080	0	52447.9875	0
1714	1947	-465.7080	0	52447.9883	0
1715	1947	-465.7079	0	52447.9885	0
1716	1947	-465.7079	0	52447.9886	0
1717	1947	-465.7079	0	52447.9886	0
1718	1947	-465.7079	0	52447.9886	0
1719	1947	-465.7078	0	52447.9897	0
1720	1947	-465.7077	0	52447.9901	0
1721	1947	-465.7077	0	52447.9903	0
1722	1947	-465.7077	0	52447.9903	0
1723	1947	-465.7077	0	52447.9903	0
1724	1947	-465.7078	0	52447.9903	0
1725	1947	-465.7080	0	52447.9892	0
1726	1947	-465.7080	0	52447.9876	0
1727	1947	-465.7080	0	52447.9869	0
1728	1947	-465.7082	0	52447.9856	0
1729	1947	-465.7081	0	52447.9862	0
1730	1947	-465.7082	0	52447.9853	0
1731	1947	-465.7081	0	52447.9849	0
1732	1947	-465.7082	0	52447.9837	0
1733	1947	-465.7081	0	52447.9844	0
1734	1947	-465.7081	0	52447.9846	0
1735	1947	-465.7081	0	52447.9847	0
1736	1947	-465.7082	0	52447.9836	0
1737	1947	-465.7079	0	52447.9832	0
1738	1947	-465.7079	0	52447.9842	0
1739	1947	-465.7079	0	52447.9846	0
1740	1947	-465.7079	0	52447.9848	0
1741	1947	-465.7079	0	52447.9836	0
1742	1947	-465.7079	0	52447.9844	0
1743	1947	-465.7079	0	52447.9847	0
1744	1947	-465.7081	0	52447.9825	0
1745	1947	-465.7083	0	52447.9816	0
1746	1947	-465.7087	0	52447.9790	0
1747	1947	-465.7089	0	52447.9768	0
1748	1947	-465.7092	0	52447.9760	0
1749	1947	-465.7092	0	52447.9782	0
1750	1947	-465.7093	0	52447.9778	0
1751	1947	-465.7095	0	52447.9765	0
1752	1947	-465.7098	0	52447.9749	0
1753	1947	-465.7102	0	52447.9732	0
1754	1947	-465.7103	0	52447.9725	0
1755	1947	-465.7104	0	52447.9723	0
1756	1947	-465.7104	0	52447.9722	0
1757	1947	-465.7104	0	52447.9722	0
1758	1947	-465.7105	0	52447.9723	0
1759	1947	-465.7106	0	52447.9723	0
1760	1947	-465.7106	0	52447.9723	0
1761	1947	-465.7106	0	52447.9724	0
1762	1947	-465.7106	0	52447.9724	0
1763	1947	-465.7104	0	52447.9724	0
1764	1947	-465.7105	0	52447.9712	0
1765	1947	-465.7107	0	52447.9696	0
1766	1947	-465.7107	0	52447.9690	0
1767	1947	-465.7109	0	52447.9675	0
1768	1947	-465.7109	0	52447.9658	0
1769	1947	-465.7109	0	52447.9651	0
1770	1947	-465.7109	0	52447.9649	0
1771	1947	-465.7108	0	52447.9649	0
1772	1947	-465.7108	0	52447.9649	0
1773	1947	-465.7107	0	52447.9661	0
1774	1947	-465.7107	0	52447.9654	0
1775	1947	-465.7106	0	52447.9663	0
1776	1947	-465.7106	0	52447.9667	0
1777	1947	-465.7107	0	52447.9669	0
1778	1947	-465.7107	0	52447.9670	0
1779	1947	-465.7107	0	52447.9670	0
1780	1947	-465.7108	0	52447.9670	0
1781	1947	-465.7109	0	52447.9658	0
1782	1947	-465.7111	0	52447.9654	0
1783	1947	-465.7110	0	52447.9652	0
1784	1947	-465.7109	0	52447.9651	0
1785	1947	-465.7108	0	52447.9651	0
1786	1947	-465.7106	0	52447.9651	0
1787	1947	-465.7105	0	52447.9650	0
1788	1947	-465.7104	0	52447.9663	0
1789	1947	-465.7103	0	52447.9692	0
1790	1947	-465.7104	0	52447.9704	0
1791	1947	-465.7108	0	52447.9671	0
1792	1947	-465.7114	0	52447.9647	0
1793	1947	-465.7113	0	52447.9662	0
1794	1947	-465.7116	0	52447.9656	0
1795	1947	-465.7120	0	52447.9654	0
1796	1947	-465.7120	0	52447.9654	0
1797	1947	-465.7121	0	52447.9653	0
1798	1947	-465.7118	0	52447.9653	0
1799	1947	-465.7111	0	52447.9652	0
1800	1947	-465.7108	0	52447.9651	0
1808	1947	-465.7094	0	52447.9448	0
1809	1947	-465.7092	0	52447.9479	0
1810	1947	-465.7094	0	52447.9422	0
1811	1947	-465.7093	0	52447.9481	0
1812	1947	-465.7093	0	52447.9502	0
1813	1947	-465.7090	0	52447.9560	0
1814	1947	-465.7089	0	52447.9558	0
1815	1947	-465.7083	0	52447.9656	0
1816	1947	-465.7075	0	52447.9738	0
1817	1947	-465.7067	0	52447.9781	0
1818	1947	-465.7062	0	52447.9796	0
1819	1947	-465.7059	0	52447.9800	0
1820	1947	-465.7058	0	52447.9813	0
1821	1947	-465.7058	0	52447.9817	0
1822	1947	-465.7058	0	52447.9806	0
1823	1947	-465.7058	0	52447.9801	0
1824	1947	-465.7059	0	52447.9811	0
1825	1947	-465.7059	0	52447.9826	0
1826	1947	-465.7059	0	52447.9831	0
1827	1947	-465.7059	0	52447.9821	0
1828	1947	-465.7059	0	52447.9817	0
1829	1947	-465.7057	0	52447.9838	0
1830	1947	-465.7056	0	52447.9846	0
1831	1947	-465.7054	0	52447.9848	0
1832	1947	-465.7052	0	52447.9848	0
1833	1947	-465.7049	0	52447.9848	0
1834	1947	-465.7049	0	52447.9847	0
1835	1947	-465.7050	0	52447.9859	0
1836	1947	-465.7052	0	52447.9864	0
1837	1947	-465.7054	0	52447.9865	0
1838	1947	-465.7057	0	52447.9878	0
1839	1947	-465.7059	0	52447.9882	0
1840	1947	-465.7062	0	52447.9884	0
1841	1947	-465.7072	0	52447.9839	0
1842	1947	-465.7076	0	52447.9845	0
1843	1947	-465.7078	0	52447.9836	0
1844	1947	-465.7080	0	52447.9833	0
1845	1947	-465.7080	0	52447.9831	0
1846	1947	-465.7082	0	52447.9831	0
1847	1947	-465.7083	0	52447.9831	0
1848	1947	-465.7082	0	52447.9843	0
1849	1947	-465.7084	0	52447.9836	0
1850	1947	-465.7084	0	52447.9845	0
1851	1947	-465.7084	0	52447.9872	0
1852	1947	-465.7084	0	52447.9882	0
1853	1947	-465.7084	0	52447.9897	0
1854	1947	-465.7089	0	52447.9880	0
1855	1947	-465.7094	0	52447.9863	0
1856	1947	-465.7097	0	52447.9856	0
1857	1947	-465.7098	0	52447.9842	0
1858	1947	-465.7100	0	52447.9836	0
1859	1947	-465.7100	0	52447.9834	0
1860	1947	-465.7101	0	52447.9822	0
1861	1947	-465.7101	0	52447.9817	0
1862	1947	-465.7101	0	52447.9816	0
1863	1947	-465.7099	0	52447.9803	0
1864	1947	-465.7100	0	52447.9798	0
1865	1947	-465.7100	0	52447.9809	0
1866	1947	-465.7101	0	52447.9825	0
1867	1947	-465.7101	0	52447.9819	0
1868	1947	-465.7101	0	52447.9817	0
1869	1947	-465.7103	0	52447.9817	0
1870	1947	-465.7102	0	52447.9840	0
1871	1947	-465.7101	0	52447.9849	0
1872	1947	-465.7101	0	52447.9852	0
1873	1947	-465.7102	0	52447.9853	0
1874	1947	-465.7101	0	52447.9853	0
1875	1947	-465.7099	0	52447.9865	0
1876	1947	-465.7099	0	52447.9857	0
1877	1947	-465.7095	0	52447.9878	0
1878	1947	-465.7094	0	52447.9885	0
1879	1947	-465.7090	0	52447.9875	0
1880	1947	-465.7085	0	52447.9895	0
1881	1947	-465.7080	0	52447.9913	0
1882	1947	-465.7074	0	52447.9919	0
1883	1947	-465.7068	0	52447.9932	0
1884	1947	-465.7067	0	52447.9925	0
1885	1947	-465.7065	0	52447.9945	0
1886	1947	-465.7064	0	52447.9953	0
1887	1947	-465.7063	0	52447.9967	0
1888	1947	-465.7063	0	52447.9960	0
1889	1947	-465.7064	0	52447.9957	0
1890	1947	-465.7061	0	52447.9955	0
1891	1947	-465.7057	0	52447.9978	0
1892	1947	-465.7055	0	52447.9986	0
1893	1947	-465.7051	0	52447.9999	0
1894	1947	-465.7044	0	52448.0014	0
1895	1947	-465.7038	0	52448.0031	0
1896	1947	-465.7037	0	52448.0037	0
1897	1947	-465.7030	0	52448.0049	0
1898	1947	-465.7028	0	52448.0053	0
1899	1947	-465.7027	0	52448.0043	0
1900	1947	-465.7026	0	52448.0039	0
1901	1947	-465.7024	0	52448.0037	0
1902	1947	-465.7022	0	52448.0036	0
1903	1947	-465.7019	0	52448.0035	0
1904	1947	-465.7018	0	52448.0034	0
1905	1947	-465.7016	0	52448.0045	0
1906	1947	-465.7013	0	52448.0037	0
1907	1947	-465.7010	0	52448.0045	0
1908	1947	-465.7009	0	52448.0048	0
1909	1947	-465.7007	0	52448.0060	0
1910	1947	-465.7001	0	52448.0052	0
1911	1947	-465.6996	0	52448.0060	0
1912	1947	-465.6993	0	52448.0051	0
1913	1947	-465.6992	0	52448.0048	0
1914	1947	-465.6991	0	52448.0058	0
1915	1947	-465.6992	0	52448.0073	0
1916	1947	-465.6995	0	52448.0090	0
1917	1947	-465.6995	0	52448.0074	0
1918	1947	-465.6996	0	52448.0079	0
1919	1947	-465.6997	0	52448.0059	0
1920	1947	-465.6996	0	52448.0050	0
1921	1947	-465.6996	0	52448.0047	0
1922	1947	-465.6994	0	52448.0046	0
1923	1947	-465.6995	0	52448.0046	0
1924	1947	-465.6995	0	52448.0046	0
1925	1947	-465.6998	0	52448.0023	0
1926	1947	-465.7005	0	52448.0027	0
1927	1947	-465.7009	0	52448.0052	0
1928	1947	-465.7014	0	52448.0084	0
1929	1947	-465.7033	0	52448.0008	0
1930	1947	-465.7039	0	52447.9980	0
1931	1947	-465.7050	0	52447.9901	0
1932	1947	-465.7057	0	52447.9848	0
1933	1947	-465.7060	0	52447.9840	0
1934	1947	-465.7058	0	52447.9861	0
1935	1947	-465.7063	0	52447.9835	0
1936	1947	-465.7069	0	52447.9790	0
1937	1947	-465.7072	0	52447.9750	0
1938	1947	-465.7073	0	52447.9748	0
1939	1947	-465.7075	0	52447.9748	0
1940	1947	-465.7076	0	52447.9773	0
1941	1947	-465.7072	0	52447.9865	0
1942	1947	-465.7071	0	52447.9981	0
1943	1947	-465.7073	0	52448.0046	0
1944	1947	-465.7075	0	52448.0092	0
1945	1947	-465.7079	0	52448.0111	0
1946	1947	-465.7078	0	52448.0213	0
1947	1947	-465.7080	0	52448.0263	0
1948	1947	-465.7083	0	52448.0313	0
1949	1947	-465.7088	0	52448.0310	0
1950	1947	-465.7090	0	52448.0329	0
1951	1947	-465.7090	0	52448.0345	0
1952	1947	-465.7090	0	52448.0339	0
1953	1947	-465.7090	0	52448.0368	0
1954	1947	-465.7092	0	52448.0379	0
1955	1947	-465.7095	0	52448.0392	0
1956	1947	-465.7098	0	52448.0397	0
1957	1947	-465.7102	0	52448.0399	0
1958	1947	-465.7108	0	52448.0399	0
1959	1947	-465.7110	0	52448.0399	0
1960	1947	-465.7114	0	52448.0419	0
1961	1947	-465.7116	0	52448.0427	0
1962	1947	-465.7120	0	52448.0419	0
1963	1947	-465.7122	0	52448.0426	0
1964	1947	-465.7123	0	52448.0439	0
1965	1947	-465.7124	0	52448.0443	0
1966	1947	-465.7128	0	52448.0434	0
1967	1947	-465.7132	0	52448.0431	0
1968	1947	-465.7133	0	52448.0450	0
1969	1947	-465.7137	0	52448.0468	0
1970	1947	-465.7138	0	52448.0474	0
1971	1947	-465.7140	0	52448.0477	0
1972	1947	-465.7142	0	52448.0477	0
1973	1947	-465.7145	0	52448.0467	0
1974	1947	-465.7149	0	52448.0464	0
1975	1947	-465.7152	0	52448.0463	0
1976	1947	-465.7157	0	52448.0462	0
1977	1947	-465.7162	0	52448.0452	0
1978	1947	-465.7164	0	52448.0469	0
1979	1947	-465.7162	0	52448.0485	0
1980	1947	-465.7163	0	52448.0491	0
1981	1947	-465.7165	0	52448.0493	0
1982	1947	-465.7167	0	52448.0504	0
1983	1947	-465.7169	0	52448.0498	0
1984	1947	-465.7172	0	52448.0486	0
1985	1947	-465.7174	0	52448.0471	0
1986	1947	-465.7174	0	52448.0496	0
1987	1947	-465.7178	0	52448.0485	0
1988	1947	-465.7182	0	52448.0482	0
1989	1947	-465.7185	0	52448.0471	0
1990	1947	-465.7190	0	52448.0467	0
1991	1947	-465.7192	0	52448.0476	0
1992	1947	-465.7193	0	52448.0479	0
1993	1947	-465.7195	0	52448.0480	0
1994	1947	-465.7195	0	52448.0491	0
1995	1947	-465.7196	0	52448.0485	0
1996	1947	-465.7198	0	52448.0493	0
1997	1947	-465.7199	0	52448.0496	0
1998	1947	-465.7199	0	52448.0487	0
1999	1947	-465.7201	0	52448.0473	0
2000	1947	-465.7204	0	52448.0469	0
2001	1947	-465.7206	0	52448.0477	0
2002	1947	-465.7209	0	52448.0481	0
2003	1947	-465.7212	0	52448.0493	0
2004	1947	-465.7213	0	52448.0507	0
2005	1947	-465.7216	0	52448.0513	0
2006	1947	-465.7220	0	52448.0515	0
2007	1947	-465.7225	0	52448.0497	0
2008	1947	-465.7230	0	52448.0480	0
2009	1947	-465.7234	0	52448.0474	0
2010	1947	-465.7237	0	52448.0461	0
2011	1947	-465.7240	0	52448.0447	0
2012	1947	-465.7242	0	52448.0441	0
2013	1947	-465.7243	0	52448.0450	0
2014	1947	-465.7246	0	52448.0444	0
2015	1947	-465.7247	0	52448.0461	0
2016	1947	-465.7250	0	52448.0469	0
2017	1947	-465.7250	0	52448.0472	0
2018	1947	-465.7249	0	52448.0473	0
2019	1947	-465.7250	0	52448.0473	0
2020	1947	-465.7252	0	52448.0473	0
2021	1947	-465.7253	0	52448.0473	0
2022	1947	-465.7257	0	52448.0474	0
2023	1947	-465.7261	0	52448.0465	0
2024	1947	-465.7269	0	52448.0442	0
2025	1947	-465.7274	0	52448.0433	0
2026	1947	-465.7279	0	52448.0430	0
2027	1947	-465.7279	0	52448.0450	0
2028	1947	-465.7280	0	52448.0457	0
2029	1947	-465.7286	0	52448.0451	0
2030	1947	-465.7293	0	52448.0429	0
2031	1947	-465.7296	0	52448.0420	0
2032	1947	-465.7297	0	52448.0417	0
2033	1947	-465.7299	0	52448.0406	0
2034	1947	-465.7298	0	52448.0422	0
2035	1947	-465.7297	0	52448.0418	0
2036	1947	-465.7297	0	52448.0417	0
2037	1947	-465.7300	0	52448.0407	0
2038	1947	-465.7301	0	52448.0403	0
2039	1947	-465.7302	0	52448.0402	0
2040	1947	-465.7305	0	52448.0402	0
2041	1947	-465.7307	0	52448.0402	0
2042	1947	-465.7308	0	52448.0423	0
2043	1947	-465.7308	0	52448.0431	0
2044	1947	-465.7308	0	52448.0464	0
2045	1947	-465.7308	0	52448.0477	0
2046	1947	-465.7310	0	52448.0482	0
2047	1947	-465.7314	0	52448.0484	0
2048	1947	-465.7314	0	52448.0494	0
2049	1947	-465.7313	0	52448.0498	0
2050	1947	-465.7316	0	52448.0510	0
2051	1947	-465.7318	0	52448.0514	0
2052	1947	-465.7320	0	52448.0516	0
2053	1947	-465.7320	0	52448.0516	0
2054	1947	-465.7323	0	52448.0526	0
2055	1947	-465.7324	0	52448.0530	0
2056	1947	-465.7324	0	52448.0541	0
2057	1947	-465.7329	0	52448.0556	0
2058	1947	-465.7336	0	52448.0562	0
2059	1947	-465.7340	0	52448.0584	0
2060	1947	-465.7341	0	52448.0602	0
2061	1947	-465.7341	0	52448.0618	0
2062	1947	-465.7346	0	52448.0614	0
2063	1947	-465.7350	0	52448.0613	0
2064	1947	-465.7354	0	52448.0603	0
2065	1947	-465.7358	0	52448.0599	0
2066	1947	-465.7358	0	52448.0607	0
2067	1947	-465.7359	0	52448.0610	0
2068	1947	-465.7359	0	52448.0611	0
2069	1947	-465.7360	0	52448.0601	0
2070	1947	-465.7356	0	52448.0616	0
2071	1947	-465.7355	0	52448.0613	0
2072	1947	-465.7354	0	52448.0611	0
2073	1947	-465.7352	0	52448.0619	0
2074	1947	-465.7350	0	52448.0623	0
2075	1947	-465.7347	0	52448.0624	0
2076	1947	-465.7347	0	52448.0624	0
2077	1947	-465.7345	0	52448.0623	0
2078	1947	-465.7344	0	52448.0614	0
2079	1947	-465.7344	0	52448.0609	0
2080	1947	-465.7343	0	52448.0627	0
2081	1947	-465.7344	0	52448.0634	0
2082	1947	-465.7346	0	52448.0637	0
2083	1947	-465.7347	0	52448.0629	0
2084	1947	-465.7348	0	52448.0635	0
2085	1947	-465.7349	0	52448.0637	0
2086	1947	-465.7349	0	52448.0638	0
2087	1947	-465.7349	0	52448.0638	0
2088	1947	-465.7350	0	52448.0638	0
2089	1947	-465.7348	0	52448.0648	0
2090	1947	-465.7349	0	52448.0642	0
2091	1947	-465.7349	0	52448.0649	0
2092	1947	-465.7347	0	52448.0671	0
2093	1947	-465.7349	0	52448.0679	0
2094	1947	-465.7352	0	52448.0692	0
2095	1947	-465.7354	0	52448.0697	0
2096	1947	-465.7355	0	52448.0689	0
2097	1947	-465.7357	0	52448.0686	0
2098	1947	-465.7357	0	52448.0704	0
2099	1947	-465.7358	0	52448.0720	0
2100	1947	-465.7358	0	52448.0726	0
2101	1947	-465.7356	0	52448.0728	0
2102	1947	-465.7356	0	52448.0728	0
2103	1947	-465.7355	0	52448.0728	0
2104	1947	-465.7355	0	52448.0728	0
2105	1947	-465.7356	0	52448.0737	0
2106	1947	-465.7356	0	52448.0750	0
2107	1947	-465.7355	0	52448.0773	0
2108	1947	-465.7355	0	52448.0782	0
2109	1947	-465.7356	0	52448.0785	0
2110	1947	-465.7357	0	52448.0786	0
2111	1947	-465.7359	0	52448.0796	0
2112	1947	-465.7358	0	52448.0817	0
2113	1947	-465.7356	0	52448.0825	0
2114	1947	-465.7355	0	52448.0828	0
2115	1947	-465.7353	0	52448.0828	0
2116	1947	-465.7352	0	52448.0828	0
2117	1947	-465.7350	0	52448.0837	0
2118	1947	-465.7349	0	52448.0849	0
2119	1947	-465.7349	0	52448.0863	0
2120	1947	-465.7348	0	52448.0868	0
2121	1947	-465.7349	0	52448.0869	0
2122	1947	-465.7351	0	52448.0879	0
2123	1947	-465.7353	0	52448.0882	0
2124	1947	-465.7356	0	52448.0884	0
2125	1947	-465.7356	0	52448.0893	0
2126	1947	-465.7357	0	52448.0905	0
2127	1947	-465.7356	0	52448.0910	0
2128	1947	-465.7357	0	52448.0911	0
2129	1947	-465.7355	0	52448.0920	0
2130	1947	-465.7354	0	52448.0924	0
2131	1947	-465.7355	0	52448.0925	0
2132	1947	-465.7355	0	52448.0943	0
2133	1947	-465.7356	0	52448.0950	0
2134	1947	-465.7356	0	52448.0961	0
2135	1947	-465.7357	0	52448.0974	0
2136	1947	-465.7357	0	52448.0978	0
2137	1947	-465.7359	0	52448.0971	0
2138	1947	-465.7360	0	52448.0977	0
2139	1947	-465.7362	0	52448.0988	0
2140	1947	-465.7362	0	52448.0992	0
2141	1947	-465.7361	0	52448.1011	0
2142	1947	-465.7359	0	52448.1017	0
2143	1947	-465.7361	0	52448.1002	0
2144	1947	-465.7360	0	52448.1023	0
2145	1947	-465.7363	0	52448.1030	0
2146	1947	-465.7365	0	52448.1033	0
2147	1947	-465.7364	0	52448.1051	0
2148	1947	-465.7364	0	52448.1058	0
2149	1947	-465.7365	0	52448.1051	0
2150	1947	-465.7366	0	52448.1049	0
2151	1947	-465.7368	0	52448.1048	0
2152	1947	-465.7369	0	52448.1047	0
2153	1947	-465.7368	0	52448.1055	0
2154	1947	-465.7366	0	52448.1067	0
2155	1947	-465.7365	0	52448.1071	0
2156	1947	-465.7363	0	52448.1072	0
2157	1947	-465.7362	0	52448.1072	0
2158	1947	-465.7363	0	52448.1064	0
2159	1947	-465.7361	0	52448.1077	0
2160	1947	-465.7361	0	52448.1074	0
2161	1947	-465.7361	0	52448.1081	0
2162	1947	-465.7360	0	52448.1084	0
2163	1947	-465.7361	0	52448.1076	0
2164	1947	-465.7362	0	52448.1073	0
2165	1947	-465.7361	0	52448.1089	0
2166	1947	-465.7359	0	52448.1095	0
2167	1947	-465.7357	0	52448.1097	0
2168	1947	-465.7353	0	52448.1097	0
2169	1947	-465.7347	0	52448.1122	0
2170	1947	-465.7343	0	52448.1106	0
2171	1947	-465.7337	0	52448.1107	0
2172	1947	-465.7332	0	52448.1108	0
2173	1947	-465.7331	0	52448.1107	0
2174	1947	-465.7331	0	52448.1116	0
2175	1947	-465.7330	0	52448.1119	0
2176	1947	-465.7332	0	52448.1112	0
2177	1947	-465.7333	0	52448.1117	0
2178	1947	-465.7335	0	52448.1120	0
2179	1947	-465.7334	0	52448.1129	0
2180	1947	-465.7334	0	52448.1132	0
2181	1947	-465.7334	0	52448.1133	0
2182	1947	-465.7330	0	52448.1142	0
2183	1947	-465.7328	0	52448.1153	0
2184	1947	-465.7328	0	52448.1115	0
2185	1947	-465.7326	0	52448.1108	0
2186	1947	-465.7328	0	52448.1064	0
2187	1947	-465.7324	0	52448.1105	0
2188	1947	-465.7326	0	52448.1131	0
2189	1947	-465.7330	0	52448.1149	0
2190	1947	-465.7332	0	52448.1156	0
2191	1947	-465.7335	0	52448.1150	0
2192	1947	-465.7337	0	52448.1140	0
2193	1947	-465.7338	0	52448.1144	0
2194	1947	-465.7337	0	52448.1154	0
2195	1947	-465.7336	0	52448.1149	0
2196	1947	-465.7336	0	52448.1156	0
2197	1947	-465.7335	0	52448.1175	0
2198	1947	-465.7337	0	52448.1182	0
2199	1947	-465.7339	0	52448.1194	0
2200	1947	-465.7343	0	52448.1198	0
2201	1947	-465.7349	0	52448.1200	0
2202	1947	-465.7351	0	52448.1192	0
2203	1947	-465.7352	0	52448.1206	0
2204	1947	-465.7353	0	52448.1219	0
2205	1947	-465.7353	0	52448.1232	0
2206	1947	-465.7354	0	52448.1237	0
2207	1947	-465.7353	0	52448.1255	0
2208	1947	-465.7349	0	52448.1278	0
2209	1947	-465.7349	0	52448.1278	0
2210	1947	-465.7348	0	52448.1277	0
2211	1947	-465.7344	0	52448.1285	0
2212	1947	-465.7342	0	52448.1304	0
2213	1947	-465.7342	0	52448.1318	0
2214	1947	-465.7343	0	52448.1340	0
2215	1947	-465.7345	0	52448.1348	0
2216	1947	-465.7346	0	52448.1351	0
2217	1947	-465.7348	0	52448.1335	0
2218	1947	-465.7347	0	52448.1353	0
2219	1947	-465.7347	0	52448.1360	0
2220	1947	-465.7347	0	52448.1370	0
2221	1947	-465.7346	0	52448.1381	0
2222	1947	-465.7346	0	52448.1385	0
2223	1947	-465.7346	0	52448.1386	0
2224	1947	-465.7344	0	52448.1402	0
2225	1947	-465.7344	0	52448.1416	0
2226	1947	-465.7344	0	52448.1421	0
2227	1947	-465.7344	0	52448.1430	0
2228	1947	-465.7346	0	52448.1433	0
2229	1947	-465.7348	0	52448.1427	0
2230	1947	-465.7349	0	52448.1432	0
2231	1947	-465.7352	0	52448.1441	0
2232	1947	-465.7354	0	52448.1453	0
2233	1947	-465.7355	0	52448.1465	0
2234	1947	-465.7357	0	52448.1477	0
2235	1947	-465.7357	0	52448.1481	0
2236	1947	-465.7360	0	52448.1482	0
2237	1947	-465.7360	0	52448.1490	0
2238	1947	-465.7363	0	52448.1486	0
2239	1947	-465.7363	0	52448.1499	0
2240	1947	-465.7366	0	52448.1504	0
2241	1947	-465.7369	0	52448.1514	0
2242	1947	-465.7371	0	52448.1525	0
2243	1947	-465.7372	0	52448.1536	0
2244	1947	-465.7374	0	52448.1540	0
2245	1947	-465.7376	0	52448.1549	0
2246	1947	-465.7377	0	52448.1560	0
2247	1947	-465.7377	0	52448.1564	0
2248	1947	-465.7378	0	52448.1573	0
2249	1947	-465.7380	0	52448.1576	0
2250	1947	-465.7381	0	52448.1577	0
2251	1947	-465.7383	0	52448.1577	0
2252	1947	-465.7383	0	52448.1584	0
2253	1947	-465.7386	0	52448.1594	0
2254	1947	-465.7389	0	52448.1606	0
2255	1947	-465.7391	0	52448.1624	0
2256	1947	-465.7393	0	52448.1624	0
2257	1947	-465.7393	0	52448.1624	0
2258	1947	-465.7392	0	52448.1638	0
2259	1947	-465.7391	0	52448.1643	0
2260	1947	-465.7390	0	52448.1652	0
2261	1947	-465.7389	0	52448.1648	0
2262	1947	-465.7388	0	52448.1653	0
2263	1947	-465.7388	0	52448.1655	0
2264	1947	-465.7391	0	52448.1648	0
2265	1947	-465.7394	0	52448.1660	0
2266	1947	-465.7397	0	52448.1658	0
2267	1947	-465.7400	0	52448.1649	0
2268	1947	-465.7401	0	52448.1639	0
2269	1947	-465.7403	0	52448.1620	0
2270	1947	-465.7404	0	52448.1597	0
2271	1947	-465.7406	0	52448.1605	0
2272	1947	-465.7406	0	52448.1592	0
2273	1947	-465.7406	0	52448.1603	0
2274	1947	-465.7408	0	52448.1562	0
2275	1947	-465.7411	0	52448.1530	0
2276	1947	-465.7413	0	52448.1535	0
2277	1947	-465.7414	0	52448.1561	0
2278	1947	-465.7416	0	52448.1639	0
2279	1947	-465.7418	0	52448.1695	0
2280	1947	-465.7420	0	52448.1716	0
2281	1947	-465.7421	0	52448.1731	0
2282	1947	-465.7422	0	52448.1744	0
2283	1947	-465.7425	0	52448.1755	0
2284	1947	-465.7426	0	52448.1773	0
2285	1947	-465.7427	0	52448.1787	0
2286	1947	-465.7429	0	52448.1791	0
2287	1947	-465.7434	0	52448.1793	0
2288	1947	-465.7436	0	52448.1814	0
2289	1947	-465.7439	0	52448.1815	0
2290	1947	-465.7440	0	52448.1829	0
2291	1947	-465.7443	0	52448.1834	0
2292	1947	-465.7445	0	52448.1828	0
2293	1947	-465.7447	0	52448.1826	0
2294	1947	-465.7449	0	52448.1832	0
2295	1947	-465.7448	0	52448.1848	0
2296	1947	-465.7448	0	52448.1853	0
2297	1947	-465.7448	0	52448.1862	0
2298	1947	-465.7449	0	52448.1858	0
2299	1947	-465.7451	0	52448.1863	0
2300	1947	-465.7453	0	52448.1872	0
2301	1947	-465.7455	0	52448.1875	0
2302	1947	-465.7458	0	52448.1876	0
2303	1947	-465.7462	0	52448.1877	0
2304	1947	-465.7465	0	52448.1883	0
2305	1947	-465.7469	0	52448.1886	0
2306	1947	-465.7473	0	52448.1880	0
2307	1947	-465.7476	0	52448.1878	0
2308	1947	-465.7476	0	52448.1884	0
2309	1947	-465.7476	0	52448.1900	0
2310	1947	-465.7474	0	52448.1912	0
2311	1947	-465.7476	0	52448.1917	0
2312	1947	-465.7479	0	52448.1912	0
2313	1947	-465.7484	0	52448.1903	0
2314	1947	-465.7485	0	52448.1913	0
2315	1947	-465.7484	0	52448.1923	0
2316	1947	-465.7484	0	52448.1934	0
2317	1947	-465.7483	0	52448.1951	0
2318	1947	-465.7483	0	52448.1951	0
2319	1947	-465.7483	0	52448.1950	0
2320	1947	-465.7483	0	52448.1956	0
2321	1947	-465.7483	0	52448.1959	0
2322	1947	-465.7480	0	52448.1972	0
2323	1947	-465.7479	0	52448.1977	0
2324	1947	-465.7479	0	52448.1986	0
2325	1947	-465.7480	0	52448.1995	0
2326	1947	-465.7483	0	52448.1992	0
2327	1947	-465.7486	0	52448.1998	0
2328	1947	-465.7487	0	52448.2006	0
2329	1947	-465.7488	0	52448.2022	0
2330	1947	-465.7489	0	52448.2035	0
2331	1947	-465.7491	0	52448.2026	0
2332	1947	-465.7492	0	52448.2029	0
2333	1947	-465.7490	0	52448.2036	0
2334	1947	-465.7486	0	52448.2045	0
2335	1947	-465.7486	0	52448.2035	0
2336	1947	-465.7483	0	52448.2051	0
2337	1947	-465.7484	0	52448.2057	0
2338	1947	-465.7485	0	52448.2052	0
2339	1947	-465.7485	0	52448.2063	0
2340	1947	-465.7485	0	52448.2074	0
2341	1947	-465.7488	0	52448.2084	0
2342	1947	-465.7488	0	52448.2094	0
2343	1947	-465.7489	0	52448.2098	0
2344	1947	-465.7490	0	52448.2086	0
2345	1947	-465.7490	0	52448.2088	0
2346	1947	-465.7486	0	52448.2107	0
2347	1947	-465.7483	0	52448.2114	0
2348	1947	-465.7482	0	52448.2110	0
2349	1947	-465.7479	0	52448.2140	0
2350	1947	-465.7482	0	52448.2145	0
2351	1947	-465.7485	0	52448.2147	0
2352	1947	-465.7489	0	52448.2147	0
2353	1947	-465.7490	0	52448.2153	0
2354	1947	-465.7490	0	52448.2174	0
2355	1947	-465.7490	0	52448.2182	0
2356	1947	-465.7487	0	52448.2197	0
2357	1947	-465.7484	0	52448.2214	0
2358	1947	-465.7482	0	52448.2214	0
2359	1947	-465.7481	0	52448.2214	0
2360	1947	-465.7481	0	52448.2220	0
2361	1947	-465.7486	0	52448.2234	0
2362	1947	-465.7488	0	52448.2257	0
2363	1947	-465.7488	0	52448.2278	0
2364	1947	-465.7488	0	52448.2297	0
2365	1947	-465.7491	0	52448.2292	0
2366	1947	-465.7493	0	52448.2290	0
2367	1947	-465.7492	0	52448.2301	0
2368	1947	-465.7489	0	52448.2310	0
2369	1947	-465.7490	0	52448.2314	0
2370	1947	-465.7493	0	52448.2303	0
2371	1947	-465.7493	0	52448.2304	0
2372	1947	-465.7493	0	52448.2317	0
2373	1947	-465.7495	0	52448.2333	0
2374	1947	-465.7495	0	52448.2368	0
2375	1947	-465.7495	0	52448.2398	0
2376	1947	-465.7497	0	52448.2404	0
2377	1947	-465.7501	0	52448.2400	0
2378	1947	-465.7504	0	52448.2386	0
2379	1947	-465.7506	0	52448.2387	0
2380	1947	-465.7503	0	52448.2398	0
2381	1947	-465.7502	0	52448.2402	0
2382	1947	-465.7501	0	52448.2414	0
2383	1947	-465.7500	0	52448.2419	0
2384	1947	-465.7502	0	52448.2415	0
2385	1947	-465.7505	0	52448.2419	0
2386	1947	-465.7508	0	52448.2420	0
2387	1947	-465.7510	0	52448.2438	0
2388	1947	-465.7512	0	52448.2439	0
2389	1947	-465.7515	0	52448.2433	0
2390	1947	-465.7516	0	52448.2431	0
2391	1947	-465.7517	0	52448.2447	0
2392	1947	-465.7515	0	52448.2469	0
2393	1947	-465.7513	0	52448.2494	0
2394	1947	-465.7510	0	52448.2525	0
2395	1947	-465.7510	0	52448.2537	0
2396	1947	-465.7513	0	52448.2520	0
2397	1947	-465.7515	0	52448.2496	0
2398	1947	-465.7518	0	52448.2481	0
2399	1947	-465.7518	0	52448.2480	0
2400	1947	-465.7520	0	52448.2492	0
2401	1947	-465.7522	0	52448.2507	0
2402	1947	-465.7527	0	52448.2469	0
2403	1947	-465.7531	0	52448.2401	0
2404	1947	-465.7535	0	52448.2357	0
2405	1947	-465.7536	0	52448.2354	0
2406	1947	-465.7537	0	52448.2365	0
2407	1947	-465.7539	0	52448.2382	0
2408	1947	-465.7539	0	52448.2417	0
2409	1947	-465.7538	0	52448.2458	0
2410	1947	-465.7539	0	52448.2474	0
2411	1947	-465.7541	0	52448.2497	0
2412	1947	-465.7545	0	52448.2527	0
2413	1947	-465.7546	0	52448.2549	0
2414	1947	-465.7547	0	52448.2552	0
2415	1947	-465.7549	0	52448.2547	0
2416	1947	-465.7552	0	52448.2545	0
2417	1947	-465.7550	0	52448.2566	0
2418	1947	-465.7548	0	52448.2584	0
2419	1947	-465.7546	0	52448.2585	0
2420	1947	-465.7549	0	52448.2580	0
2421	1947	-465.7548	0	52448.2593	0
2422	1947	-465.7550	0	52448.2598	0
2423	1947	-465.7552	0	52448.2606	0
2424	1947	-465.7557	0	52448.2608	0
2425	1947	-465.7559	0	52448.2620	0
2426	1947	-465.7562	0	52448.2613	0
2427	1947	-465.7563	0	52448.2616	0
2428	1947	-465.7563	0	52448.2616	0
2429	1947	-465.7560	0	52448.2632	0
2430	1947	-465.7559	0	52448.2643	0
2431	1947	-465.7558	0	52448.2653	0
2432	1947	-465.7559	0	52448.2651	0
2433	1947	-465.7560	0	52448.2644	0
2434	1947	-465.7563	0	52448.2642	0
2435	1947	-465.7564	0	52448.2641	0
2436	1947	-465.7567	0	52448.2646	0
2437	1947	-465.7568	0	52448.2663	0
2438	1947	-465.7567	0	52448.2685	0
2439	1947	-465.7571	0	52448.2683	0
2440	1947	-465.7575	0	52448.2682	0
2441	1947	-465.7579	0	52448.2676	0
2442	1947	-465.7579	0	52448.2684	0
2443	1947	-465.7574	0	52448.2698	0
2444	1947	-465.7568	0	52448.2723	0
2445	1947	-465.7570	0	52448.2717	0
2446	1947	-465.7569	0	52448.2724	0
2447	1947	-465.7568	0	52448.2727	0
2448	1947	-465.7570	0	52448.2718	0
2449	1947	-465.7568	0	52448.2719	0
2450	1947	-465.7567	0	52448.2735	0
2451	1947	-465.7567	0	52448.2741	0
2452	1947	-465.7567	0	52448.2748	0
2453	1947	-465.7565	0	52448.2760	0
2454	1947	-465.7564	0	52448.2760	0
2455	1947	-465.7561	0	52448.2774	0
2456	1947	-465.7561	0	52448.2780	0
2457	1947	-465.7559	0	52448.2786	0
2458	1947	-465.7555	0	52448.2794	0
2459	1947	-465.7554	0	52448.2796	0
