1243	1958	-450.0241	0	52614.8333	0
1244	1958	-450.0320	0	52614.7962	0
1245	1958	-450.0721	0	52614.7443	0
1246	1958	-450.1340	0	52614.6884	0
1247	1958	-450.2229	0	52614.6083	0
1248	1958	-450.3202	0	52614.5203	0
1249	1958	-450.3803	0	52614.4587	0
1250	1958	-450.4126	0	52614.4144	0
1251	1958	-450.4121	0	52614.3753	0
1252	1958	-450.3984	0	52614.3331	0
1253	1958	-450.3992	0	52614.2719	0
1254	1958	-450.3884	0	52614.2149	0
1255	1958	-450.3817	0	52614.1686	0
1256	1958	-450.3683	0	52614.1374	0
1257	1958	-450.3620	0	52614.1012	0
1258	1958	-450.3727	0	52614.0505	0
1259	1958	-450.4013	0	52613.9770	0
1260	1958	-450.4005	0	52613.9193	0
1261	1958	-450.3794	0	52613.8795	0
1262	1958	-450.3481	0	52613.8524	0
1263	1958	-450.3148	0	52613.8143	0
1264	1958	-450.2784	0	52613.7663	0
1265	1958	-450.2474	0	52613.7135	0
1266	1958	-450.2112	0	52613.6701	0
1267	1958	-450.1810	0	52613.6402	0
1268	1958	-450.1582	0	52613.6043	0
1269	1958	-450.1437	0	52613.5703	0
1270	1958	-450.1323	0	52613.5262	0
1271	1958	-450.1275	0	52613.4827	0
1272	1958	-450.1217	0	52613.4173	0
1273	1958	-450.1024	0	52613.3728	0
1274	1958	-450.0808	0	52613.3418	0
1275	1958	-450.0682	0	52613.3148	0
1276	1958	-450.0478	0	52613.2851	0
1277	1958	-450.0305	0	52613.2418	0
1278	1958	-450.0239	0	52613.1976	0
1279	1958	-450.0217	0	52613.1645	0
1280	1958	-450.0301	0	52613.1403	0
1281	1958	-450.0283	0	52613.1215	0
1282	1958	-450.0407	0	52613.1022	0
1283	1958	-450.0512	0	52613.0720	0
1284	1958	-450.0517	0	52613.0444	0
1285	1958	-450.0592	0	52613.0104	0
1286	1958	-450.0523	0	52612.9820	0
1287	1958	-450.0378	0	52612.9678	0
1288	1958	-450.0165	0	52612.9537	0
1289	1958	-449.9930	0	52612.9154	0
1290	1958	-449.9709	0	52612.8853	0
1291	1958	-449.9381	0	52612.8598	0
1292	1958	-449.9055	0	52612.8538	0
1293	1958	-449.8960	0	52612.8340	0
1294	1958	-449.8917	0	52612.8093	0
1295	1958	-449.8844	0	52612.7894	0
1296	1958	-449.8844	0	52612.7703	0
1297	1958	-449.8954	0	52612.7318	0
1298	1958	-449.9121	0	52612.6793	0
1299	1958	-449.9275	0	52612.6282	0
1300	1958	-449.9264	0	52612.5668	0
1301	1958	-449.9068	0	52612.5343	0
1302	1958	-449.8860	0	52612.5122	0
1303	1958	-449.8630	0	52612.4435	0
1304	1958	-449.8300	0	52612.3577	0
1305	1958	-449.7852	0	52612.2130	0
1306	1958	-449.7465	0	52612.1021	0
1307	1958	-449.7112	0	52612.0181	0
1308	1958	-449.6882	0	52611.9831	0
1309	1958	-449.6744	0	52611.9531	0
1310	1958	-449.6647	0	52611.8971	0
1311	1958	-449.6641	0	52611.7889	0
1312	1958	-449.6596	0	52611.6115	0
1313	1958	-449.6594	0	52611.4968	0
1314	1958	-449.6575	0	52611.4430	0
1315	1958	-449.6506	0	52611.4124	0
1316	1958	-449.6362	0	52611.3623	0
1317	1958	-449.6111	0	52611.2552	0
1318	1958	-449.5984	0	52611.0858	0
1319	1958	-449.5858	0	52610.9733	0
1320	1958	-449.5784	0	52610.9128	0
1321	1958	-449.5729	0	52610.8787	0
1322	1958	-449.5758	0	52610.8461	0
1323	1958	-449.5975	0	52610.7513	0
1324	1958	-449.6144	0	52610.5717	0
1325	1958	-449.6336	0	52610.4584	0
1326	1958	-449.6504	0	52610.4027	0
1327	1958	-449.6457	0	52610.3784	0
1328	1958	-449.6392	0	52610.3499	0
1329	1958	-449.6202	0	52610.2574	0
1330	1958	-449.5938	0	52610.0914	0
1331	1958	-449.5820	0	52609.9581	0
1332	1958	-449.5842	0	52609.8696	0
1333	1958	-449.5858	0	52609.8319	0
1334	1958	-449.5887	0	52609.8210	0
1335	1958	-449.6132	0	52609.7680	0
1336	1958	-449.6252	0	52609.6759	0
1337	1958	-449.6423	0	52609.5072	0
1338	1958	-449.6601	0	52609.4371	0
1339	1958	-449.6755	0	52609.3878	0
1340	1958	-449.6870	0	52609.3461	0
1341	1958	-449.6903	0	52609.3162	0
1342	1958	-449.6898	0	52609.2392	0
1343	1958	-449.6747	0	52609.0221	0
1344	1958	-449.6804	0	52608.8687	0
1345	1958	-449.6995	0	52608.7678	0
1346	1958	-449.7117	0	52608.6967	0
1347	1958	-449.7345	0	52608.6538	0
1348	1958	-449.7569	0	52608.5389	0
1349	1958	-449.7926	0	52608.3564	0
1350	1958	-449.8276	0	52608.2419	0
1351	1958	-449.8536	0	52608.1826	0
1352	1958	-449.8678	0	52608.1351	0
1353	1958	-449.8758	0	52608.1112	0
1354	1958	-449.8842	0	52608.0100	0
1355	1958	-449.8923	0	52607.8293	0
1356	1958	-449.9078	0	52607.6840	0
1357	1958	-449.9254	0	52607.5927	0
1358	1958	-449.9410	0	52607.5313	0
1359	1958	-449.9630	0	52607.4806	0
1360	1958	-449.9875	0	52607.3327	0
1361	1958	-450.0123	0	52607.1869	0
1362	1958	-450.0297	0	52607.1250	0
1363	1958	-450.0337	0	52607.0854	0
1364	1958	-450.0326	0	52607.0332	0
1365	1958	-450.0286	0	52606.9341	0
1366	1958	-450.0192	0	52606.7433	0
1367	1958	-450.0158	0	52606.5452	0
1368	1958	-450.0070	0	52606.4756	0
1369	1958	-450.0031	0	52606.4105	0
1370	1958	-450.0018	0	52606.3901	0
1371	1958	-450.0010	0	52606.2990	0
1372	1958	-450.0122	0	52606.0893	0
1373	1958	-450.0349	0	52605.9561	0
1374	1958	-450.0468	0	52605.8987	0
1375	1958	-450.0598	0	52605.8695	0
1376	1958	-450.0551	0	52605.8289	0
1377	1958	-450.0530	0	52605.7034	0
1378	1958	-450.0398	0	52605.4991	0
1379	1958	-450.0308	0	52605.3430	0
1380	1958	-450.0371	0	52605.2637	0
1381	1958	-450.0443	0	52605.2142	0
1382	1958	-450.0432	0	52605.1523	0
1383	1958	-450.0455	0	52605.0367	0
1384	1958	-450.0648	0	52604.9103	0
1385	1958	-450.0851	0	52604.8043	0
1386	1958	-450.0895	0	52604.7567	0
1387	1958	-450.0912	0	52604.7056	0
1388	1958	-450.0826	0	52604.6296	0
1389	1958	-450.0714	0	52604.4294	0
1390	1958	-450.0775	0	52604.2801	0
1391	1958	-450.0858	0	52604.1892	0
1392	1958	-450.1059	0	52604.1194	0
1393	1958	-450.1295	0	52604.0834	0
1394	1958	-450.1535	0	52604.0592	0
1395	1958	-450.1981	0	52603.9732	0
1396	1958	-450.2453	0	52603.8633	0
1397	1958	-450.2837	0	52603.7445	0
1398	1958	-450.3216	0	52603.7014	0
1399	1958	-450.3475	0	52603.6876	0
1400	1958	-450.3685	0	52603.6717	0
1401	1958	-450.4070	0	52603.5598	0
1402	1958	-450.4753	0	52603.3265	0
1403	1958	-450.5559	0	52603.1546	0
1404	1958	-450.6121	0	52603.1054	0
1405	1958	-450.6666	0	52603.0743	0
1406	1958	-450.7343	0	52603.0621	0
1407	1958	-450.7724	0	52603.0049	0
1408	1958	-450.8568	0	52602.9113	0
1409	1958	-450.9251	0	52602.8762	0
1410	1958	-450.9690	0	52602.8363	0
1411	1958	-450.9983	0	52602.7955	0
1412	1958	-451.0440	0	52602.7936	0
1413	1958	-451.1066	0	52602.6518	0
1414	1958	-451.1767	0	52602.5535	0
1415	1958	-451.2145	0	52602.4898	0
1416	1958	-451.2721	0	52602.4222	0
1417	1958	-451.3168	0	52602.3977	0
1418	1958	-451.3734	0	52602.3307	0
1419	1958	-451.4319	0	52602.2616	0
1420	1958	-451.4914	0	52602.1480	0
1421	1958	-451.5345	0	52602.0766	0
1422	1958	-451.5550	0	52602.0229	0
1423	1958	-451.5681	0	52602.0199	0
1424	1958	-451.5731	0	52602.0354	0
1425	1958	-451.5787	0	52601.9995	0
1426	1958	-451.6027	0	52601.9420	0
1427	1958	-451.6237	0	52601.8480	0
1428	1958	-451.6384	0	52601.7543	0
1429	1958	-451.6468	0	52601.6610	0
1430	1958	-451.6720	0	52601.6115	0
1431	1958	-451.7005	0	52601.5639	0
1432	1958	-451.7255	0	52601.5316	0
1433	1958	-451.7532	0	52601.4603	0
1434	1958	-451.7906	0	52601.3725	0
1435	1958	-451.8368	0	52601.2931	0
1436	1958	-451.8616	0	52601.2347	0
1437	1958	-451.8806	0	52601.1989	0
1438	1958	-451.8804	0	52601.1882	0
1439	1958	-451.8870	0	52601.1552	0
1440	1958	-451.8901	0	52601.0985	0
1441	1958	-451.8965	0	52600.9541	0
1442	1958	-451.8967	0	52600.8071	0
1443	1958	-451.8962	0	52600.7224	0
1444	1958	-451.9012	0	52600.6608	0
1445	1958	-451.9095	0	52600.6404	0
1446	1958	-451.9349	0	52600.6175	0
1447	1958	-451.9658	0	52600.4818	0
1448	1958	-451.9940	0	52600.3179	0
1449	1958	-452.0061	0	52600.2423	0
1450	1958	-452.0108	0	52600.2007	0
1451	1958	-452.0110	0	52600.1552	0
1452	1958	-451.9981	0	52600.1420	0
1453	1958	-451.9943	0	52600.0239	0
1454	1958	-451.9809	0	52599.8663	0
1455	1958	-451.9725	0	52599.7246	0
1456	1958	-451.9643	0	52599.6923	0
1457	1958	-451.9576	0	52599.6670	0
1458	1958	-451.9554	0	52599.6602	0
1459	1958	-451.9634	0	52599.5919	0
1460	1958	-451.9756	0	52599.4656	0
1461	1958	-451.9865	0	52599.3335	0
1462	1958	-451.9871	0	52599.2700	0
1463	1958	-451.9703	0	52599.2327	0
1464	1958	-451.9425	0	52599.1880	0
1465	1958	-451.9195	0	52599.1399	0
1466	1958	-451.8894	0	52599.0031	0
1467	1958	-451.8716	0	52598.8295	0
1468	1958	-451.8576	0	52598.7319	0
1469	1958	-451.8467	0	52598.6808	0
1470	1958	-451.8412	0	52598.6295	0
1471	1958	-451.8371	0	52598.6135	0
1472	1958	-451.8449	0	52598.5191	0
1473	1958	-451.8514	0	52598.3760	0
1474	1958	-451.8577	0	52598.2693	0
1475	1958	-451.8528	0	52598.2147	0
1476	1958	-451.8492	0	52598.1604	0
1477	1958	-451.8378	0	52598.1066	0
1478	1958	-451.8273	0	52598.0150	0
1479	1958	-451.8190	0	52597.8517	0
1480	1958	-451.8136	0	52597.7547	0
1481	1958	-451.8051	0	52597.6843	0
1482	1958	-451.7978	0	52597.6615	0
1483	1958	-451.8115	0	52597.6168	0
1484	1958	-451.8271	0	52597.5444	0
1485	1958	-451.8452	0	52597.3842	0
1486	1958	-451.8635	0	52597.2475	0
1487	1958	-451.8871	0	52597.1588	0
1488	1958	-451.8894	0	52597.0899	0
1489	1958	-451.8870	0	52597.0476	0
1490	1958	-451.8886	0	52596.9556	0
1491	1958	-451.8938	0	52596.8241	0
1492	1958	-451.9054	0	52596.6754	0
1493	1958	-451.9102	0	52596.6438	0
1494	1958	-451.9232	0	52596.6146	0
1495	1958	-451.9463	0	52596.5856	0
1496	1958	-451.9789	0	52596.4953	0
1497	1958	-452.0081	0	52596.3807	0
1498	1958	-452.0202	0	52596.2789	0
1499	1958	-452.0357	0	52596.2225	0
1500	1958	-452.0338	0	52596.1835	0
1501	1958	-452.0220	0	52596.0898	0
1502	1958	-452.0151	0	52595.9520	0
1503	1958	-452.0221	0	52595.8180	0
1504	1958	-452.0218	0	52595.7493	0
1505	1958	-452.0226	0	52595.6631	0
1506	1958	-452.0339	0	52595.5903	0
1507	1958	-452.0382	0	52595.6096	0
1508	1958	-452.0530	0	52595.5551	0
1509	1958	-452.0598	0	52595.4510	0
1510	1958	-452.0759	0	52595.3704	0
1511	1958	-452.1033	0	52595.2103	0
1512	1958	-452.1050	0	52595.1313	0
1513	1958	-452.0906	0	52595.1063	0
1514	1958	-452.0711	0	52595.0785	0
1515	1958	-452.0707	0	52594.9372	0
1516	1958	-452.0553	0	52594.8207	0
1517	1958	-452.0415	0	52594.7804	0
1518	1958	-452.0366	0	52594.7457	0
1519	1958	-452.0462	0	52594.7355	0
1520	1958	-452.0609	0	52594.6666	0
1521	1958	-452.0662	0	52594.5069	0
1522	1958	-452.0671	0	52594.3804	0
1523	1958	-452.0545	0	52594.2902	0
1524	1958	-452.0371	0	52594.2371	0
1525	1958	-452.0294	0	52594.2439	0
1526	1958	-452.0219	0	52594.1100	0
1527	1958	-451.9985	0	52593.9463	0
1528	1958	-452.0027	0	52593.8159	0
1529	1958	-452.0146	0	52593.7458	0
1530	1958	-452.0266	0	52593.6752	0
1531	1958	-452.0333	0	52593.6286	0
1532	1958	-452.0416	0	52593.5663	0
1533	1958	-452.0491	0	52593.4738	0
1534	1958	-452.0506	0	52593.3693	0
1535	1958	-452.0383	0	52593.3098	0
1536	1958	-452.0345	0	52593.2417	0
1537	1958	-452.0317	0	52593.1949	0
1538	1958	-452.0181	0	52593.1079	0
1539	1958	-452.0044	0	52592.9553	0
1540	1958	-451.9828	0	52592.9756	0
1541	1958	-451.9785	0	52592.9116	0
1542	1958	-451.9829	0	52592.7662	0
1543	1958	-451.9834	0	52592.7644	0
1544	1958	-451.9955	0	52592.6911	0
1545	1958	-452.0112	0	52592.5909	0
1546	1958	-451.9933	0	52592.4804	0
1547	1958	-451.9810	0	52592.4171	0
1548	1958	-451.9823	0	52592.3447	0
1549	1958	-451.9732	0	52592.2700	0
1550	1958	-451.9525	0	52592.1419	0
1551	1958	-451.9552	0	52591.8882	0
1552	1958	-451.9434	0	52591.7959	0
1553	1958	-451.9405	0	52591.7659	0
1554	1958	-451.9407	0	52591.7590	0
1555	1958	-451.9790	0	52591.7058	0
1556	1958	-451.9968	0	52591.5567	0
1557	1958	-452.0083	0	52591.4230	0
1558	1958	-452.0092	0	52591.3225	0
1559	1958	-451.9882	0	52591.3158	0
1560	1958	-451.9685	0	52591.2905	0
1561	1958	-451.9398	0	52591.2849	0
1562	1958	-451.9390	0	52591.1504	0
1563	1958	-451.9328	0	52590.9665	0
1564	1958	-451.9146	0	52590.8184	0
1565	1958	-451.9161	0	52590.7101	0
1566	1958	-451.9375	0	52590.6452	0
1567	1958	-451.9592	0	52590.5405	0
1568	1958	-451.9780	0	52590.3636	0
1569	1958	-451.9837	0	52590.2161	0
1570	1958	-451.9800	0	52590.1653	0
1571	1958	-451.9608	0	52590.0935	0
1572	1958	-451.9482	0	52589.9850	0
1573	1958	-451.9449	0	52589.8321	0
1574	1958	-451.9510	0	52589.6028	0
1575	1958	-451.9107	0	52589.6699	0
1576	1958	-451.9109	0	52589.6690	0
1577	1958	-451.8991	0	52589.4402	0
1578	1958	-451.9020	0	52589.3262	0
1579	1958	-451.9345	0	52589.2570	0
1580	1958	-451.9661	0	52589.0854	0
1581	1958	-451.9824	0	52588.9949	0
1582	1958	-451.9768	0	52589.0248	0
1583	1958	-451.9589	0	52589.0404	0
1584	1958	-451.9277	0	52588.9312	0
1585	1958	-451.8931	0	52588.7126	0
1586	1958	-451.8709	0	52588.4786	0
1587	1958	-451.8625	0	52588.2069	0
1588	1958	-451.8564	0	52587.8547	0
1589	1958	-451.8697	0	52587.2673	0
1590	1958	-451.8720	0	52586.7119	0
1591	1958	-451.9046	0	52587.1023	0
1592	1958	-451.8719	0	52587.4058	0
1593	1958	-451.8666	0	52585.8645	0
1594	1958	-451.8593	0	52584.7021	0
1595	1958	-451.8470	0	52584.7039	0
1596	1958	-451.8125	0	52584.8924	0
1597	1958	-451.7925	0	52585.5455	0
1598	1958	-451.7852	0	52586.7093	0
1599	1958	-451.7585	0	52587.3936	0
1600	1958	-451.7232	0	52587.5405	0
1601	1958	-451.7100	0	52587.6269	0
1602	1958	-451.7098	0	52587.6269	0
1603	1958	-451.7067	0	52587.1571	0
1604	1958	-451.6936	0	52586.9269	0
1605	1958	-451.6759	0	52586.8389	0
1606	1958	-451.6560	0	52586.8034	0
1607	1958	-451.6357	0	52586.7569	0
1608	1958	-451.6164	0	52586.7382	0
1609	1958	-451.5915	0	52586.7632	0
1610	1958	-451.5651	0	52586.8056	0
1611	1958	-451.5436	0	52586.8874	0
1612	1958	-451.5149	0	52586.9509	0
1613	1958	-451.5036	0	52586.9086	0
1614	1958	-451.4881	0	52586.7934	0
1615	1958	-451.4798	0	52586.5814	0
1616	1958	-451.4702	0	52586.2953	0
1617	1958	-451.4833	0	52586.2582	0
1618	1958	-451.4897	0	52586.2801	0
1619	1958	-451.5010	0	52586.3589	0
1620	1958	-451.5185	0	52586.2192	0
1621	1958	-451.5413	0	52586.1327	0
1622	1958	-451.5492	0	52586.2047	0
1623	1958	-451.5569	0	52586.1309	0
1624	1958	-451.5592	0	52586.0346	0
1625	1958	-451.5583	0	52585.9311	0
1626	1958	-451.5483	0	52585.7195	0
1627	1958	-451.5269	0	52585.7136	0
1628	1958	-451.5068	0	52585.8529	0
1629	1958	-451.4697	0	52585.8720	0
1630	1958	-451.4514	0	52585.7772	0
1631	1958	-451.4338	0	52585.7426	0
1632	1958	-451.4234	0	52585.5568	0
1633	1958	-451.4103	0	52585.4521	0
1634	1958	-451.4111	0	52585.4151	0
1635	1958	-451.4026	0	52585.5083	0
1636	1958	-451.3953	0	52585.4057	0
1637	1958	-451.3912	0	52585.1200	0
1638	1958	-451.3874	0	52584.9393	0
1639	1958	-451.3674	0	52584.6922	0
1640	1958	-451.3420	0	52584.5295	0
1641	1958	-451.3038	0	52584.3611	0
1642	1958	-451.2882	0	52584.0762	0
1643	1958	-451.2628	0	52583.7837	0
1644	1958	-451.2449	0	52583.5655	0
1645	1958	-451.2323	0	52583.4542	0
1646	1958	-451.2193	0	52583.3413	0
1647	1958	-451.2087	0	52583.2668	0
1648	1958	-451.1928	0	52583.3253	0
1649	1958	-451.1968	0	52583.3886	0
1650	1958	-451.1995	0	52583.3775	0
1651	1958	-451.2087	0	52583.2632	0
1652	1958	-451.1971	0	52583.3002	0
1653	1958	-451.1816	0	52583.3936	0
1654	1958	-451.1860	0	52583.4694	0
1655	1958	-451.1727	0	52583.4988	0
1656	1958	-451.1546	0	52583.5877	0
1657	1958	-451.1504	0	52583.6224	0
1658	1958	-451.1392	0	52583.6743	0
1659	1958	-451.1310	0	52583.6195	0
1660	1958	-451.1565	0	52583.3726	0
1661	1958	-451.1783	0	52583.1228	0
1662	1958	-451.1772	0	52583.1866	0
1663	1958	-451.1811	0	52583.2110	0
1664	1958	-451.1725	0	52583.1843	0
1665	1958	-451.1645	0	52583.2138	0
1666	1958	-451.1466	0	52583.1500	0
1667	1958	-451.1353	0	52583.0869	0
1668	1958	-451.1411	0	52583.0654	0
1669	1958	-451.1403	0	52583.1343	0
1670	1958	-451.1181	0	52583.0858	0
1671	1958	-451.1256	0	52583.0286	0
1672	1958	-451.1458	0	52582.9304	0
1673	1958	-451.1779	0	52582.8944	0
1674	1958	-451.1957	0	52582.8834	0
1675	1958	-451.2096	0	52582.9187	0
1676	1958	-451.1950	0	52582.9721	0
1677	1958	-451.1867	0	52582.9932	0
1678	1958	-451.1711	0	52582.8470	0
1679	1958	-451.1691	0	52582.5922	0
1680	1958	-451.1712	0	52582.4175	0
1681	1958	-451.1599	0	52582.3943	0
1682	1958	-451.1616	0	52582.3889	0
1683	1958	-451.1619	0	52582.2678	0
1684	1958	-451.1728	0	52582.2248	0
1685	1958	-451.1936	0	52582.1704	0
1686	1958	-451.2078	0	52582.1121	0
1687	1958	-451.2188	0	52582.1330	0
1688	1958	-451.2129	0	52582.1820	0
1689	1958	-451.1895	0	52582.3229	0
1690	1958	-451.1822	0	52582.2187	0
1691	1958	-451.1730	0	52582.0585	0
1692	1958	-451.1699	0	52581.9175	0
1693	1958	-451.1500	0	52582.1082	0
1694	1958	-451.1409	0	52582.1015	0
1695	1958	-451.1462	0	52582.1403	0
1696	1958	-451.1773	0	52581.7925	0
1697	1958	-451.2111	0	52581.4927	0
1698	1958	-451.2174	0	52581.4248	0
1699	1958	-451.2253	0	52581.4026	0
1700	1958	-451.2274	0	52581.3548	0
1701	1958	-451.2275	0	52581.3394	0
1702	1958	-451.2304	0	52581.2112	0
1703	1958	-451.2207	0	52581.1228	0
1704	1958	-451.2226	0	52581.0924	0
1705	1958	-451.2128	0	52581.1262	0
1706	1958	-451.2086	0	52581.1408	0
1707	1958	-451.2159	0	52581.1070	0
1708	1958	-451.2240	0	52581.0537	0
1709	1958	-451.2452	0	52580.8665	0
1710	1958	-451.2445	0	52580.7544	0
1711	1958	-451.2427	0	52580.6725	0
1712	1958	-451.2272	0	52580.6006	0
1713	1958	-451.2162	0	52580.5327	0
1714	1958	-451.1897	0	52580.4670	0
1715	1958	-451.1760	0	52580.3145	0
1716	1958	-451.1675	0	52580.2591	0
1717	1958	-451.1695	0	52580.3279	0
1718	1958	-451.1598	0	52580.2709	0
1719	1958	-451.1625	0	52580.2082	0
1720	1958	-451.1699	0	52580.0560	0
1721	1958	-451.1575	0	52579.9561	0
1722	1958	-451.1503	0	52579.7882	0
1723	1958	-451.1481	0	52579.6386	0
1724	1958	-451.1380	0	52579.4493	0
1725	1958	-451.1208	0	52579.3375	0
1726	1958	-451.1025	0	52579.2532	0
1727	1958	-451.0840	0	52579.1345	0
1728	1958	-451.0756	0	52579.0482	0
1729	1958	-451.0842	0	52578.9282	0
1730	1958	-451.0913	0	52578.9345	0
1731	1958	-451.1285	0	52578.7099	0
1732	1958	-451.1432	0	52578.5831	0
1733	1958	-451.1562	0	52578.4464	0
1734	1958	-451.1523	0	52578.3512	0
1735	1958	-451.1465	0	52578.2739	0
1736	1958	-451.1334	0	52578.2010	0
1737	1958	-451.1126	0	52578.0828	0
1738	1958	-451.0857	0	52577.9948	0
1739	1958	-451.0853	0	52577.9176	0
1740	1958	-451.0899	0	52577.8446	0
1741	1958	-451.1185	0	52577.7268	0
1742	1958	-451.1287	0	52577.6868	0
1743	1958	-451.1442	0	52577.5306	0
1744	1958	-451.1371	0	52577.3290	0
1745	1958	-451.1312	0	52577.2086	0
1746	1958	-451.1300	0	52577.1672	0
1747	1958	-451.1199	0	52577.2052	0
1748	1958	-451.1251	0	52577.0270	0
1749	1958	-451.1114	0	52576.8641	0
1750	1958	-451.0869	0	52576.7570	0
1751	1958	-451.0785	0	52576.7198	0
1752	1958	-451.1014	0	52576.6614	0
1753	1958	-451.1090	0	52576.5938	0
1754	1958	-451.1270	0	52576.4722	0
1755	1958	-451.1500	0	52576.3798	0
1756	1958	-451.1416	0	52576.3474	0
1757	1958	-451.1357	0	52576.1878	0
1758	1958	-451.1356	0	52576.1820	0
1759	1958	-451.1354	0	52576.1829	0
1760	1958	-451.1378	0	52575.9836	0
1761	1958	-451.1360	0	52575.7572	0
1762	1958	-451.1347	0	52575.6245	0
1763	1958	-451.1525	0	52575.4737	0
1764	1958	-451.1690	0	52575.4227	0
1765	1958	-451.1859	0	52575.4079	0
1766	1958	-451.2030	0	52575.1984	0
1767	1958	-451.1984	0	52575.0695	0
1768	1958	-451.2041	0	52574.8667	0
1769	1958	-451.2053	0	52574.7936	0
1770	1958	-451.1760	0	52574.8230	0
1771	1958	-451.1567	0	52574.6791	0
1772	1958	-451.1159	0	52574.5730	0
1773	1958	-451.1076	0	52574.3765	0
1774	1958	-451.0997	0	52574.2512	0
1775	1958	-451.1054	0	52574.2088	0
1776	1958	-451.0958	0	52574.2511	0
1777	1958	-451.0956	0	52574.1637	0
1778	1958	-451.0616	0	52573.9685	0
1779	1958	-451.0383	0	52573.8437	0
1780	1958	-451.0303	0	52573.7996	0
1781	1958	-451.0254	0	52573.7877	0
1782	1958	-450.9861	0	52573.7295	0
1783	1958	-450.9417	0	52573.5985	0
1784	1958	-450.8966	0	52573.3833	0
1785	1958	-450.8560	0	52573.2495	0
1786	1958	-450.8288	0	52573.2025	0
1787	1958	-450.8105	0	52573.2444	0
1788	1958	-450.8084	0	52573.2659	0
1789	1958	-450.7913	0	52573.1618	0
1790	1958	-450.7625	0	52573.0120	0
1791	1958	-450.7379	0	52572.8433	0
1792	1958	-450.7197	0	52572.7828	0
1793	1958	-450.6945	0	52572.8782	0
1794	1958	-450.6788	0	52572.8023	0
1795	1958	-450.6600	0	52572.7745	0
1796	1958	-450.6305	0	52572.5385	0
1797	1958	-450.6073	0	52572.3915	0
1798	1958	-450.6005	0	52572.3401	0
1799	1958	-450.5957	0	52572.2671	0
1800	1958	-450.6042	0	52572.2432	0
1801	1958	-450.6089	0	52572.2951	0
1802	1958	-450.5960	0	52572.2596	0
1803	1958	-450.5911	0	52572.1903	0
1804	1958	-450.5906	0	52572.1658	0
1805	1958	-450.5972	0	52571.9840	0
1806	1958	-450.5811	0	52571.9760	0
1807	1958	-450.5724	0	52571.8568	0
1808	1958	-450.5665	0	52571.7557	0
1809	1958	-450.5742	0	52571.6607	0
1810	1958	-450.5916	0	52571.6882	0
1811	1958	-450.6093	0	52571.7035	0
1812	1958	-450.6165	0	52571.7110	0
1813	1958	-450.6398	0	52571.7176	0
1814	1958	-450.6550	0	52571.5440	0
1815	1958	-450.6628	0	52571.4798	0
1816	1958	-450.6686	0	52571.4586	0
1817	1958	-450.6923	0	52571.3332	0
1818	1958	-450.7119	0	52571.2892	0
1819	1958	-450.7171	0	52571.2753	0
1820	1958	-450.7268	0	52571.1524	0
1821	1958	-450.7391	0	52571.0473	0
1822	1958	-450.7602	0	52570.9516	0
1823	1958	-450.7791	0	52571.0391	0
1824	1958	-450.7944	0	52571.0146	0
1825	1958	-450.8238	0	52570.7664	0
1826	1958	-450.8516	0	52570.5540	0
1827	1958	-450.8741	0	52570.4751	0
1828	1958	-450.8828	0	52570.4497	0
1829	1958	-450.8778	0	52570.5053	0
1830	1958	-450.8865	0	52570.5294	0
1831	1958	-450.8888	0	52570.5399	0
1832	1958	-450.8956	0	52570.4242	0
1833	1958	-450.9153	0	52570.2603	0
1834	1958	-450.9248	0	52570.1992	0
1835	1958	-450.9523	0	52570.1806	0
1836	1958	-450.9843	0	52570.1155	0
1837	1958	-451.0196	0	52570.0322	0
1838	1958	-451.0648	0	52569.9428	0
1839	1958	-451.0816	0	52569.8502	0
1840	1958	-451.0868	0	52569.8165	0
1841	1958	-451.0765	0	52569.8058	0
1842	1958	-451.0806	0	52569.7419	0
1843	1958	-451.0718	0	52569.7204	0
1844	1958	-451.0738	0	52569.6519	0
1845	1958	-451.0728	0	52569.6275	0
1846	1958	-451.0708	0	52569.6203	0
1847	1958	-451.0625	0	52569.6830	0
1848	1958	-451.0803	0	52569.6466	0
1849	1958	-451.1133	0	52569.3807	0
1850	1958	-451.1053	0	52569.3461	0
1851	1958	-451.0910	0	52569.3335	0
1852	1958	-451.0898	0	52569.3312	0
1853	1958	-451.0557	0	52569.3316	0
1854	1958	-451.0386	0	52569.1380	0
1855	1958	-451.0149	0	52568.8703	0
1856	1958	-451.0050	0	52568.9064	0
1857	1958	-450.9887	0	52568.7894	0
1858	1958	-450.9914	0	52568.6179	0
1859	1958	-450.9882	0	52568.4908	0
1860	1958	-450.9958	0	52568.3808	0
1861	1958	-451.0041	0	52568.0138	0
1862	1958	-451.0266	0	52567.8113	0
1863	1958	-451.0234	0	52567.8053	0
1864	1958	-451.0151	0	52567.6747	0
1865	1958	-451.0127	0	52567.4957	0
1866	1958	-450.9843	0	52567.3614	0
1867	1958	-450.9566	0	52567.1800	0
1868	1958	-450.9320	0	52567.1151	0
1869	1958	-450.9080	0	52567.0258	0
1870	1958	-450.8862	0	52567.0633	0
1871	1958	-450.8836	0	52567.0142	0
1872	1958	-450.8686	0	52566.8611	0
1873	1958	-450.8516	0	52566.8064	0
1874	1958	-450.8329	0	52566.7899	0
1875	1958	-450.8138	0	52566.7851	0
1876	1958	-450.7943	0	52566.7862	0
1877	1958	-450.7635	0	52566.8568	0
1878	1958	-450.7449	0	52566.6787	0
1879	1958	-450.7191	0	52566.4731	0
1880	1958	-450.7005	0	52566.4676	0
1881	1958	-450.6784	0	52566.4671	0
1882	1958	-450.6559	0	52566.4679	0
1883	1958	-450.6331	0	52566.4714	0
1884	1958	-450.6198	0	52566.3321	0
1885	1958	-450.6091	0	52566.1423	0
1886	1958	-450.5912	0	52566.0002	0
1887	1958	-450.5697	0	52565.9488	0
1888	1958	-450.5363	0	52565.9306	0
1889	1958	-450.4941	0	52565.8533	0
1890	1958	-450.4701	0	52565.6818	0
1891	1958	-450.4604	0	52565.4771	0
1892	1958	-450.4353	0	52565.2577	0
1893	1958	-450.4025	0	52565.1762	0
1894	1958	-450.3792	0	52565.2216	0
1895	1958	-450.3573	0	52565.2407	0
1896	1958	-450.3372	0	52565.1772	0
1897	1958	-450.3078	0	52565.1558	0
1898	1958	-450.2840	0	52565.0762	0
1899	1958	-450.2765	0	52565.0498	0
1900	1958	-450.2541	0	52564.8937	0
1901	1958	-450.2239	0	52564.6881	0
1902	1958	-450.2069	0	52564.5392	0
1903	1958	-450.1987	0	52564.4862	0
1904	1958	-450.1929	0	52564.4699	0
1905	1958	-450.1815	0	52564.5405	0
1906	1958	-450.1716	0	52564.4959	0
1907	1958	-450.1706	0	52564.2599	0
1908	1958	-450.1668	0	52564.0962	0
1909	1958	-450.1399	0	52564.0350	0
1910	1958	-450.1066	0	52564.0149	0
1911	1958	-450.0868	0	52563.9347	0
1912	1958	-450.0494	0	52563.8279	0
1913	1958	-450.0303	0	52563.7163	0
1914	1958	-450.0091	0	52563.7512	0
1915	1958	-449.9997	0	52563.7681	0
1916	1958	-449.9862	0	52563.7754	0
1917	1958	-449.9890	0	52563.6296	0
1918	1958	-449.9998	0	52563.5003	0
1919	1958	-449.9877	0	52563.3774	0
1920	1958	-449.9732	0	52563.2560	0
1921	1958	-449.9707	0	52563.1361	0
1922	1958	-449.9632	0	52563.0937	0
1923	1958	-449.9796	0	52562.9269	0
1924	1958	-450.0188	0	52562.7929	0
1925	1958	-450.0589	0	52562.7482	0
1926	1958	-450.0791	0	52562.7343	0
1927	1958	-450.1095	0	52562.8145	0
1928	1958	-450.1777	0	52562.6185	0
1929	1958	-450.2158	0	52562.4687	0
1930	1958	-450.2461	0	52562.1789	0
1931	1958	-450.2677	0	52561.9967	0
1932	1958	-450.2685	0	52562.0096	0
1933	1958	-450.2696	0	52562.0190	0
1934	1958	-450.2709	0	52562.0262	0
1935	1958	-450.2722	0	52561.7933	0
1936	1958	-450.2821	0	52561.6302	0
1937	1958	-450.2925	0	52561.4906	0
1938	1958	-450.2945	0	52561.4434	0
1939	1958	-450.2875	0	52561.5080	0
1940	1958	-450.2826	0	52561.5389	0
1941	1958	-450.2760	0	52561.3889	0
1942	1958	-450.2850	0	52561.2564	0
1943	1958	-450.2946	0	52561.2106	0
1944	1958	-450.3066	0	52561.2771	0
1945	1958	-450.3267	0	52561.3066	0
1946	1958	-450.3538	0	52561.0799	0
1947	1958	-450.3776	0	52560.9960	0
1948	1958	-450.3984	0	52560.9685	0
1949	1958	-450.4326	0	52560.8833	0
1950	1958	-450.4569	0	52560.8541	0
1951	1958	-450.4582	0	52560.6787	0
1952	1958	-450.4530	0	52560.5326	0
1953	1958	-450.4592	0	52560.3981	0
1954	1958	-450.4418	0	52560.4324	0
1955	1958	-450.4475	0	52560.4506	0
1956	1958	-450.4578	0	52560.3783	0
1957	1958	-450.4450	0	52560.2676	0
1958	1958	-450.4374	0	52560.2284	0
1959	1958	-450.4461	0	52560.2166	0
1960	1958	-450.4607	0	52560.1341	0
1961	1958	-450.4710	0	52560.1885	0
1962	1958	-450.4811	0	52560.0447	0
1963	1958	-450.4943	0	52559.9090	0
1964	1958	-450.4990	0	52559.8597	0
1965	1958	-450.5003	0	52559.8450	0
1966	1958	-450.4992	0	52559.7570	0
1967	1958	-450.5056	0	52559.6408	0
1968	1958	-450.5020	0	52559.5148	0
1969	1958	-450.5011	0	52559.4677	0
1970	1958	-450.5083	0	52559.4560	0
1971	1958	-450.5310	0	52559.2838	0
1972	1958	-450.5373	0	52559.2212	0
1973	1958	-450.5515	0	52559.1169	0
1974	1958	-450.5421	0	52559.0774	0
1975	1958	-450.5248	0	52559.0667	0
1976	1958	-450.5206	0	52558.9781	0
1977	1958	-450.5312	0	52558.8607	0
1978	1958	-450.5443	0	52558.7336	0
1979	1958	-450.5327	0	52558.5982	0
1980	1958	-450.5121	0	52558.4632	0
1981	1958	-450.5147	0	52558.4152	0
1982	1958	-450.5276	0	52558.3133	0
1983	1958	-450.5307	0	52558.1904	0
1984	1958	-450.5437	0	52558.0598	0
1985	1958	-450.5450	0	52557.9254	0
1986	1958	-450.5331	0	52557.8766	0
1987	1958	-450.5384	0	52557.6846	0
1988	1958	-450.5422	0	52557.6155	0
1989	1958	-450.5364	0	52557.6820	0
1990	1958	-450.5428	0	52557.6238	0
1991	1958	-450.5288	0	52557.5111	0
1992	1958	-450.5172	0	52557.3815	0
1993	1958	-450.5265	0	52557.3368	0
1994	1958	-450.5277	0	52557.2344	0
1995	1958	-450.5524	0	52557.1086	0
1996	1958	-450.5739	0	52557.0683	0
1997	1958	-450.5901	0	52556.8747	0
1998	1958	-450.5946	0	52556.7121	0
1999	1958	-450.5958	0	52556.6539	0
2000	1958	-450.5949	0	52556.5437	0
2001	1958	-450.6061	0	52556.4144	0
2002	1958	-450.6111	0	52556.3715	0
2003	1958	-450.6331	0	52556.1743	0
2004	1958	-450.6262	0	52556.1008	0
2005	1958	-450.6375	0	52556.1719	0
2006	1958	-450.6388	0	52556.1093	0
2007	1958	-450.6402	0	52556.0905	0
2008	1958	-450.6645	0	52555.9009	0
2009	1958	-450.6978	0	52555.6483	0
2010	1958	-450.7188	0	52555.3656	0
2011	1958	-450.7401	0	52555.2642	0
2012	1958	-450.7460	0	52555.1346	0
2013	1958	-450.7331	0	52555.0911	0
2014	1958	-450.7355	0	52554.9829	0
2015	1958	-450.7437	0	52554.7529	0
2016	1958	-450.7456	0	52554.6716	0
2017	1958	-450.7318	0	52554.7392	0
2018	1958	-450.7395	0	52554.6760	0
2019	1958	-450.7406	0	52554.5592	0
2020	1958	-450.7656	0	52554.3249	0
2021	1958	-450.7903	0	52554.1447	0
2022	1958	-450.8119	0	52554.0823	0
2023	1958	-450.8194	0	52553.9658	0
2024	1958	-450.8111	0	52554.0241	0
2025	1958	-450.8074	0	52554.0498	0
2026	1958	-450.8148	0	52553.8652	0
2027	1958	-450.8175	0	52553.8007	0
2028	1958	-450.8182	0	52553.7788	0
2029	1958	-450.8323	0	52553.7751	0
2030	1958	-450.8379	0	52553.6801	0
2031	1958	-450.8640	0	52553.5480	0
2032	1958	-450.8815	0	52553.3022	0
2033	1958	-450.8895	0	52553.3133	0
2034	1958	-450.8662	0	52553.4190	0
2035	1958	-450.8544	0	52553.3616	0
2036	1958	-450.8277	0	52553.1352	0
2037	1958	-450.8250	0	52552.8515	0
2038	1958	-450.8302	0	52552.5442	0
2039	1958	-450.8304	0	52552.4342	0
2040	1958	-450.8288	0	52552.3969	0
2041	1958	-450.8268	0	52552.3849	0
2042	1958	-450.8269	0	52552.3888	0
2043	1958	-450.8365	0	52552.2915	0
2044	1958	-450.8233	0	52552.2542	0
2045	1958	-450.8084	0	52552.3450	0
2046	1958	-450.8003	0	52552.3851	0
2047	1958	-450.7793	0	52552.2948	0
2048	1958	-450.7540	0	52552.2605	0
2049	1958	-450.7370	0	52552.1463	0
2050	1958	-450.7176	0	52552.1021	0
2051	1958	-450.6950	0	52552.0869	0
2052	1958	-450.6870	0	52552.0845	0
2053	1958	-450.6798	0	52551.9792	0
2054	1958	-450.6757	0	52551.9435	0
2055	1958	-450.6739	0	52551.8255	0
2056	1958	-450.6691	0	52551.7830	0
2057	1958	-450.6366	0	52551.6614	0
2058	1958	-450.6100	0	52551.6146	0
2059	1958	-450.5909	0	52551.2845	0
2060	1958	-450.5690	0	52551.2625	0
2061	1958	-450.5560	0	52551.1537	0
2062	1958	-450.5356	0	52551.1138	0
2063	1958	-450.5424	0	52551.1039	0
2064	1958	-450.5435	0	52550.9941	0
2065	1958	-450.5518	0	52550.7443	0
2066	1958	-450.5553	0	52550.7602	0
2067	1958	-450.5474	0	52550.5545	0
2068	1958	-450.5340	0	52550.5860	0
2069	1958	-450.5210	0	52550.4910	0
2070	1958	-450.4832	0	52550.3467	0
2071	1958	-450.4699	0	52550.2951	0
2072	1958	-450.4808	0	52550.2828	0
2073	1958	-450.4933	0	52550.0643	0
2074	1958	-450.4823	0	52549.8735	0
2075	1958	-450.4945	0	52549.8079	0
2076	1958	-450.4955	0	52549.5641	0
2077	1958	-450.4985	0	52549.4801	0
2078	1958	-450.4970	0	52549.3390	0
2079	1958	-450.4994	0	52549.2909	0
2080	1958	-450.4858	0	52549.2749	0
2081	1958	-450.4799	0	52549.1625	0
2082	1958	-450.4791	0	52549.1228	0
2083	1958	-450.4654	0	52549.1097	0
2084	1958	-450.4741	0	52549.0011	0
2085	1958	-450.4765	0	52548.8489	0
2086	1958	-450.4784	0	52548.7952	0
2087	1958	-450.4845	0	52548.7797	0
2088	1958	-450.4901	0	52548.7782	0
2089	1958	-450.5048	0	52548.6715	0
2090	1958	-450.5274	0	52548.6364	0
2091	1958	-450.5342	0	52548.6239	0
2092	1958	-450.5196	0	52548.5089	0
2093	1958	-450.5252	0	52548.3540	0
2094	1958	-450.5089	0	52548.1836	0
2095	1958	-450.5136	0	52548.0077	0
2096	1958	-450.5157	0	52547.9459	0
2097	1958	-450.5070	0	52548.0398	0
2098	1958	-450.5220	0	52548.0798	0
2099	1958	-450.5460	0	52548.1008	0
2100	1958	-450.5657	0	52547.9994	0
2101	1958	-450.5627	0	52548.0754	0
2102	1958	-450.5733	0	52547.9939	0
2103	1958	-450.5755	0	52547.9654	0
2104	1958	-450.5594	0	52547.9544	0
2105	1958	-450.5634	0	52547.8384	0
2106	1958	-450.5643	0	52547.7968	0
2107	1958	-450.5492	0	52547.7793	0
2108	1958	-450.5592	0	52547.7768	0
2109	1958	-450.5775	0	52547.7787	0
2110	1958	-450.5851	0	52547.7844	0
2111	1958	-450.6039	0	52547.6728	0
2112	1958	-450.6272	0	52547.7523	0
2113	1958	-450.6358	0	52547.6660	0
2114	1958	-450.6236	0	52547.6345	0
2115	1958	-450.6233	0	52547.6226	0
2116	1958	-450.6249	0	52547.5031	0
2117	1958	-450.6594	0	52547.5840	0
2118	1958	-450.6885	0	52547.5006	0
2119	1958	-450.7003	0	52547.5860	0
2120	1958	-450.7216	0	52547.6213	0
2121	1958	-450.7465	0	52547.6412	0
2122	1958	-450.7561	0	52547.7629	0
2123	1958	-450.7749	0	52547.6966	0
2124	1958	-450.7816	0	52547.6708	0
2125	1958	-450.7849	0	52547.5457	0
2126	1958	-450.7874	0	52547.4987	0
2127	1958	-450.7879	0	52547.5977	0
2128	1958	-450.7818	0	52547.4031	0
2129	1958	-450.7775	0	52547.3326	0
2130	1958	-450.7576	0	52547.2997	0
2131	1958	-450.7633	0	52547.1757	0
2132	1958	-450.7640	0	52547.1325	0
2133	1958	-450.7630	0	52547.1165	0
2134	1958	-450.7586	0	52546.8764	0
2135	1958	-450.7468	0	52546.9018	0
2136	1958	-450.7346	0	52546.9158	0
2137	1958	-450.7585	0	52546.6885	0
2138	1958	-450.7521	0	52546.4874	0
2139	1958	-450.7218	0	52546.9910	0
2140	1958	-450.7182	0	52546.3595	0
2141	1958	-450.7280	0	52546.0073	0
2142	1958	-450.7133	0	52546.3519	0
2143	1958	-450.7078	0	52546.3672	0
2144	1958	-450.7303	0	52546.2612	0
2145	1958	-450.7279	0	52546.3409	0
2146	1958	-450.7266	0	52546.3725	0
2147	1958	-450.7115	0	52546.2632	0
2148	1958	-450.7086	0	52546.2255	0
2149	1958	-450.6938	0	52546.3304	0
2150	1958	-450.6903	0	52546.3699	0
2151	1958	-450.7020	0	52546.2690	0
2152	1958	-450.7017	0	52546.1124	0
2153	1958	-450.6825	0	52545.9303	0
2154	1958	-450.6759	0	52545.8637	0
2155	1958	-450.6701	0	52545.7196	0
2156	1958	-450.6681	0	52545.6669	0
2157	1958	-450.6783	0	52545.5318	0
2158	1958	-450.6970	0	52545.4837	0
2159	1958	-450.7157	0	52545.3524	0
2160	1958	-450.7218	0	52545.3026	0
2161	1958	-450.7052	0	52545.2828	0
2162	1958	-450.6798	0	52545.2784	0
2163	1958	-450.6733	0	52545.0316	0
2164	1958	-450.6619	0	52544.8200	0
2165	1958	-450.6334	0	52544.6133	0
2166	1958	-450.6003	0	52544.4133	0
2167	1958	-450.5659	0	52544.2117	0
2168	1958	-450.5335	0	52544.1370	0
2169	1958	-450.5208	0	52544.1126	0
2170	1958	-450.5261	0	52543.9830	0
2171	1958	-450.5244	0	52543.9391	0
2172	1958	-450.5058	0	52543.9217	0
2173	1958	-450.4821	0	52543.9195	0
2174	1958	-450.4373	0	52543.9134	0
2175	1958	-450.3871	0	52543.9086	0
2176	1958	-450.3522	0	52543.9060	0
2177	1958	-450.3231	0	52543.9043	0
2178	1958	-450.3219	0	52543.7855	0
2179	1958	-450.3249	0	52543.4883	0
2180	1958	-450.3087	0	52543.3724	0
2181	1958	-450.3103	0	52543.2089	0
2182	1958	-450.3061	0	52543.0203	0
2183	1958	-450.2846	0	52542.8205	0
2184	1958	-450.2858	0	52542.7509	0
2185	1958	-450.2661	0	52542.5938	0
2186	1958	-450.2557	0	52542.5395	0
2187	1958	-450.2475	0	52542.5227	0
2188	1958	-450.2252	0	52542.5162	0
2189	1958	-450.1996	0	52541.9927	0
2190	1958	-450.1843	0	52541.6614	0
2191	1958	-450.1617	0	52541.6780	0
2192	1958	-450.1301	0	52541.4135	0
2193	1958	-450.1218	0	52541.5942	0
2194	1958	-450.1180	0	52541.6605	0
2195	1958	-450.1283	0	52541.5613	0
2196	1958	-450.1166	0	52541.5238	0
2197	1958	-450.1137	0	52541.5146	0
2198	1958	-450.0953	0	52541.5121	0
2199	1958	-450.0712	0	52541.5109	0
2200	1958	-450.0606	0	52541.5100	0
2201	1958	-450.0361	0	52541.3770	0
2202	1958	-450.0166	0	52541.5925	0
2203	1958	-450.0037	0	52541.5432	0
2204	1958	-449.9859	0	52541.5217	0
2205	1958	-450.0000	0	52540.9793	0
2206	1958	-450.0011	0	52540.4991	0
2207	1958	-450.0066	0	52539.7662	0
2214	1958	-449.8309	0	52538.9329	0
2215	1958	-449.8585	0	52539.9874	0
2216	1958	-449.8731	0	52540.5411	0
2217	1958	-449.8968	0	52540.9007	0
2218	1958	-449.8942	0	52541.0393	0
2219	1958	-449.8869	0	52540.9618	0
2220	1958	-449.8815	0	52540.6634	0
2221	1958	-449.8836	0	52540.6832	0
2222	1958	-449.8886	0	52540.6905	0
2223	1958	-449.9071	0	52540.5643	0
2224	1958	-449.9299	0	52540.3823	0
2225	1958	-449.8694	0	52542.0494	0
2236	1958	-449.8647	0	52541.6281	0
2237	1958	-449.8620	0	52541.4207	0
2238	1958	-449.8259	0	52541.3539	0
2239	1958	-449.8126	0	52541.1900	0
2240	1958	-449.8278	0	52541.2664	0
2241	1958	-449.8149	0	52541.1579	0
2242	1958	-449.8086	0	52541.1169	0
2243	1958	-449.8095	0	52541.1022	0
2244	1958	-449.8117	0	52541.0968	0
2245	1958	-449.8299	0	52541.0976	0
2246	1958	-449.8366	0	52541.0972	0
2247	1958	-449.8227	0	52541.0971	0
2248	1958	-449.8450	0	52540.9662	0
2249	1958	-449.8373	0	52540.9116	0
2250	1958	-449.8237	0	52540.7551	0
2251	1958	-449.7845	0	52540.6911	0
2252	1958	-449.7682	0	52540.6683	0
2253	1958	-449.7594	0	52540.6626	0
2254	1958	-449.7358	0	52540.5207	0
2255	1958	-449.7303	0	52540.6062	0
2256	1958	-449.7232	0	52540.5025	0
2257	1958	-449.7106	0	52540.1897	0
2258	1958	-449.7095	0	52540.2098	0
2259	1958	-449.7092	0	52540.2196	0
2260	1958	-449.6874	0	52540.2253	0
2261	1958	-449.6714	0	52540.0885	0
2262	1958	-449.6622	0	52540.0372	0
2263	1958	-449.6382	0	52540.0152	0
2264	1958	-449.6151	0	52539.8719	0
2265	1958	-449.5869	0	52539.8159	0
2266	1958	-449.5724	0	52539.6575	0
2267	1958	-449.5468	0	52539.5935	0
2268	1958	-449.5367	0	52539.5734	0
2269	1958	-449.5299	0	52539.4303	0
2270	1958	-449.5112	0	52539.3753	0
2271	1958	-449.5317	0	52539.3602	0
2272	1958	-449.5202	0	52539.3577	0
2273	1958	-449.5123	0	52539.3545	0
2274	1958	-449.4907	0	52539.3546	0
2275	1958	-449.4833	0	52538.9385	0
2276	1958	-449.4621	0	52538.9161	0
2277	1958	-449.4193	0	52538.9063	0
2278	1958	-449.4045	0	52538.9023	0
2279	1958	-449.4145	0	52538.7675	0
2280	1958	-449.4189	0	52538.7201	0
2281	1958	-449.4329	0	52538.5668	0
2282	1958	-449.4303	0	52538.6508	0
2283	1958	-449.4572	0	52538.5472	0
2284	1958	-449.4664	0	52538.5114	0
2285	1958	-449.4696	0	52538.5008	0
2286	1958	-449.4673	0	52538.4968	0
2287	1958	-449.4477	0	52538.4943	0
2288	1958	-449.4372	0	52538.3548	0
2289	1958	-449.4336	0	52538.3042	0
2290	1958	-449.4496	0	52538.2874	0
2291	1958	-449.4541	0	52538.2855	0
2292	1958	-449.4603	0	52538.2888	0
2293	1958	-449.4815	0	52538.2926	0
2294	1958	-449.4924	0	52538.2994	0
2295	1958	-449.4958	0	52538.1578	0
2296	1958	-449.4991	0	52538.1051	0
2297	1958	-449.5019	0	52538.0909	0
2298	1958	-449.5017	0	52538.0847	0
2299	1958	-449.5017	0	52538.0833	0
2300	1958	-449.5044	0	52538.0842	0
2301	1958	-449.5307	0	52537.8041	0
2302	1958	-449.5482	0	52537.7034	0
2303	1958	-449.5853	0	52537.5258	0
2304	1958	-449.6163	0	52537.4686	0
2305	1958	-449.6388	0	52537.3053	0
2306	1958	-449.6642	0	52537.1046	0
2307	1958	-449.7080	0	52537.0368	0
2308	1958	-449.7410	0	52537.0232	0
2309	1958	-449.7609	0	52536.7264	0
2310	1958	-449.7572	0	52536.7647	0
2311	1958	-449.7550	0	52536.7804	0
2312	1958	-449.7583	0	52536.9403	0
2313	1958	-449.7354	0	52537.1435	0
2314	1958	-449.7100	0	52537.5144	0
2315	1958	-449.7282	0	52537.5104	0
2316	1958	-449.7341	0	52537.5058	0
2317	1958	-449.7455	0	52537.6538	0
2318	1958	-449.7698	0	52537.7136	0
2319	1958	-449.8058	0	52537.5938	0
2320	1958	-449.8197	0	52537.5471	0
2321	1958	-449.8270	0	52537.5306	0
2322	1958	-449.8652	0	52537.5316	0
2323	1958	-449.8987	0	52537.3894	0
2324	1958	-449.9296	0	52537.3401	0
2325	1958	-449.9608	0	52537.3245	0
2326	1958	-450.0044	0	52537.3277	0
2327	1958	-450.0368	0	52537.1887	0
2328	1958	-450.0866	0	52537.2894	0
2329	1958	-450.1162	0	52537.6154	0
2330	1958	-450.1440	0	52537.5994	0
2331	1958	-450.1914	0	52537.7474	0
2332	1958	-450.2143	0	52537.8009	0
2333	1958	-450.2601	0	52537.8304	0
2334	1958	-450.2940	0	52537.6959	0
2335	1958	-450.3040	0	52537.4981	0
2336	1958	-450.3282	0	52537.5757	0
2337	1958	-450.3390	0	52537.6047	0
2338	1958	-450.3618	0	52537.4759	0
2339	1958	-450.3743	0	52537.4250	0
2340	1958	-450.4358	0	52536.9813	0
2341	1958	-450.4799	0	52536.8187	0
2342	1958	-450.5162	0	52536.7661	0
2343	1958	-450.5580	0	52536.6049	0
2344	1958	-450.6003	0	52536.1127	0
2345	1958	-450.6068	0	52536.2241	0
2346	1958	-450.6261	0	52536.1258	0
2347	1958	-450.6350	0	52535.9402	0
2348	1958	-450.6579	0	52535.8803	0
2349	1958	-450.6524	0	52536.0097	0
2350	1958	-450.6618	0	52535.9152	0
2351	1958	-450.6656	0	52536.0313	0
2352	1958	-450.6658	0	52536.0779	0
2355	1958	-450.6529	0	52536.2964	0
2356	1958	-450.6509	0	52536.3353	0
2357	1958	-450.6515	0	52536.3528	0
2358	1958	-450.6528	0	52536.3592	0
2359	1958	-450.6543	0	52536.3591	0
2360	1958	-450.6474	0	52536.2102	0
2361	1958	-450.6433	0	52536.3012	0
2362	1958	-450.6218	0	52536.1860	0
2363	1958	-450.6049	0	52536.5805	0
2364	1958	-450.6150	0	52536.7338	0
2365	1958	-450.6088	0	52536.9353	0
2366	1958	-450.6215	0	52536.8655	0
2367	1958	-450.6279	0	52536.8402	0
2368	1958	-450.6500	0	52536.6843	0
2369	1958	-450.6891	0	52536.4804	0
2370	1958	-450.6902	0	52536.4004	0
2371	1958	-450.6802	0	52536.6699	0
2372	1958	-450.6888	0	52536.6231	0
2373	1958	-450.6721	0	52536.5995	0
2374	1958	-450.6687	0	52536.5928	0
2375	1958	-450.6699	0	52536.7376	0
2376	1958	-450.7040	0	52536.7967	0
2377	1958	-450.7192	0	52536.8203	0
2378	1958	-450.7287	0	52536.6837	0
2379	1958	-450.7494	0	52536.6306	0
2380	1958	-450.7768	0	52536.4703	0
2381	1958	-450.7902	0	52536.5569	0
2382	1958	-450.7948	0	52536.4427	0
2383	1958	-450.7966	0	52536.2529	0
2384	1958	-450.7990	0	52536.1812	0
2385	1958	-450.8094	0	52535.8586	0
2386	1958	-450.8121	0	52535.5854	0
2387	1958	-450.7991	0	52535.7898	0
2388	1958	-450.7951	0	52535.8659	0
2389	1958	-450.8283	0	52535.6031	0
2390	1958	-450.8727	0	52535.3650	0
2391	1958	-450.8923	0	52535.2748	0
2392	1958	-450.9178	0	52535.2476	0
2393	1958	-450.9470	0	52535.2474	0
2394	1958	-450.9565	0	52535.0951	0
2395	1958	-450.9424	0	52535.0385	0
2396	1958	-450.9475	0	52534.7168	0
2397	1958	-450.9418	0	52534.4422	0
2398	1958	-450.9229	0	52534.4923	0
2399	1958	-450.9147	0	52534.3645	0
2400	1958	-450.9110	0	52534.1647	0
2401	1958	-450.9128	0	52534.2497	0
2402	1958	-450.9298	0	52534.1348	0
2403	1958	-450.9510	0	52533.7857	0
2404	1958	-450.9587	0	52533.4986	0
2405	1958	-450.9635	0	52533.3959	0
2406	1958	-450.9817	0	52533.3690	0
2407	1958	-450.9857	0	52533.3604	0
2408	1958	-450.9856	0	52533.3639	0
2409	1958	-450.9767	0	52532.8938	0
2410	1958	-450.9652	0	52532.5514	0
2411	1958	-450.9592	0	52532.4334	0
2412	1958	-450.9544	0	52532.2311	0
2413	1958	-450.9551	0	52532.1615	0
2414	1958	-450.9568	0	52532.1411	0
2415	1958	-450.9926	0	52531.9875	0
2416	1958	-451.0243	0	52531.9368	0
2417	1958	-451.0366	0	52531.9224	0
2418	1958	-451.0577	0	52531.7667	0
2419	1958	-451.0652	0	52531.7112	0
2420	1958	-451.0463	0	52531.6900	0
2421	1958	-451.0385	0	52531.6862	0
2422	1958	-451.0338	0	52531.5238	0
2423	1958	-451.0320	0	52531.4698	0
2424	1958	-451.0271	0	52531.2856	0
2425	1958	-451.0244	0	52531.2198	0
2426	1958	-451.0424	0	52531.0382	0
2427	1958	-451.0660	0	52530.8102	0
2428	1958	-451.0634	0	52531.0575	0
2429	1958	-451.0617	0	52530.9922	0
2430	1958	-451.0639	0	52531.1386	0
2431	1958	-451.0654	0	52531.1913	0
2432	1958	-451.0635	0	52531.2178	0
2433	1958	-451.0576	0	52531.0592	0
2434	1958	-451.0466	0	52530.6705	0
2435	1958	-451.0409	0	52530.3559	0
2436	1958	-451.0394	0	52530.2402	0
2437	1958	-451.0559	0	52530.0400	0
2438	1958	-451.0619	0	52529.9655	0
2439	1958	-451.0978	0	52529.6106	0
2440	1958	-451.1281	0	52529.3166	0
2441	1958	-451.1229	0	52529.3771	0
2442	1958	-451.1406	0	52529.4074	0
2443	1958	-451.1480	0	52529.5960	0
2444	1958	-451.1483	0	52529.5031	0
2445	1958	-451.1498	0	52529.3008	0
2446	1958	-451.1438	0	52528.8816	0
2447	1958	-451.1616	0	52528.7304	0
2448	1958	-451.1685	0	52528.6790	0
2449	1958	-451.1709	0	52528.6653	0
2450	1958	-451.1918	0	52528.4958	0
2451	1958	-451.2188	0	52528.4420	0
2452	1958	-451.2494	0	52528.4312	0
2453	1958	-451.3092	0	52527.9212	0
2454	1958	-451.3482	0	52527.7341	0
2455	1958	-451.3615	0	52527.4951	0
2456	1958	-451.3979	0	52527.0591	0
2457	1958	-451.4092	0	52526.9003	0
2458	1958	-451.4105	0	52526.8501	0
2459	1958	-451.4096	0	52527.0163	0
