1310	1971	-465.6507	0	52448.4067	0
1312	1971	-465.6504	0	52448.4055	0
1315	1971	-465.6509	0	52448.4009	0
1316	1971	-465.6510	0	52448.3997	0
1317	1971	-465.6514	0	52448.3980	0
1318	1971	-465.6516	0	52448.3974	0
1319	1971	-465.6517	0	52448.3972	0
1320	1971	-465.6518	0	52448.3951	0
1321	1971	-465.6518	0	52448.3924	0
1322	1971	-465.6522	0	52448.3910	0
1323	1971	-465.6524	0	52448.3909	0
1324	1971	-465.6524	0	52448.3896	0
1325	1971	-465.6525	0	52448.3874	0
1326	1971	-465.6526	0	52448.3856	0
1327	1971	-465.6527	0	52448.3846	0
1328	1971	-465.6526	0	52448.3843	0
1329	1971	-465.6527	0	52448.3842	0
1330	1971	-465.6527	0	52448.3821	0
1332	1971	-465.6524	0	52448.3778	0
1333	1971	-465.6525	0	52448.3766	0
1334	1971	-465.6527	0	52448.3762	0
1335	1971	-465.6527	0	52448.3732	0
1336	1971	-465.6528	0	52448.3722	0
1337	1971	-465.6529	0	52448.3718	0
1338	1971	-465.6529	0	52448.3714	0
1339	1971	-465.6530	0	52448.3716	0
1340	1971	-465.6529	0	52448.3688	0
1341	1971	-465.6526	0	52448.3652	0
1342	1971	-465.6527	0	52448.3635	0
1343	1971	-465.6528	0	52448.3633	0
1344	1971	-465.6530	0	52448.3621	0
1345	1971	-465.6532	0	52448.3598	0
1346	1971	-465.6530	0	52448.3571	0
1347	1971	-465.6532	0	52448.3557	0
1348	1971	-465.6532	0	52448.3549	0
1349	1971	-465.6530	0	52448.3526	0
1350	1971	-465.6530	0	52448.3503	0
1351	1971	-465.6532	0	52448.3486	0
