1334	1977	-465.6890	0	52448.5520	0
1335	1977	-465.6892	0	52448.5522	0
1336	1977	-465.6892	0	52448.5514	0
1337	1977	-465.6894	0	52448.5510	0
1338	1977	-465.6897	0	52448.5506	0
1339	1977	-465.6897	0	52448.5503	0
1340	1977	-465.6897	0	52448.5501	0
1341	1977	-465.6897	0	52448.5497	0
1342	1977	-465.6898	0	52448.5491	0
1343	1977	-465.6900	0	52448.5488	0
1344	1977	-465.6900	0	52448.5485	0
1345	1977	-465.6899	0	52448.5482	0
1346	1977	-465.6899	0	52448.5482	0
1347	1977	-465.6901	0	52448.5482	0
1348	1977	-465.6906	0	52448.5482	0
1349	1977	-465.6908	0	52448.5483	0
1350	1977	-465.6910	0	52448.5487	0
1351	1977	-465.6912	0	52448.5485	0
1352	1977	-465.6913	0	52448.5483	0
1354	1977	-465.6919	0	52448.5476	0
1355	1977	-465.6921	0	52448.5472	0
1356	1977	-465.6921	0	52448.5468	0
