1346	1979	-457.9250	0	52540.7872	0
1347	1979	-457.8804	0	52540.8104	0
1348	1979	-457.8196	0	52541.2832	0
1349	1979	-457.8093	0	52541.2784	0
1350	1979	-457.7938	0	52541.1177	0
1351	1979	-457.8093	0	52541.0585	0
1352	1979	-457.8057	0	52540.8956	0
1353	1979	-457.7802	0	52540.9685	0
1354	1979	-457.8099	0	52540.8663	0
1355	1979	-457.8242	0	52540.6903	0
1356	1979	-457.8057	0	52540.7562	0
1357	1979	-457.7737	0	52540.9107	0
1358	1979	-457.7417	0	52540.9687	0
1359	1979	-457.7125	0	52540.9845	0
1360	1979	-457.7037	0	52540.9904	0
1361	1979	-457.6859	0	52540.9919	0
1362	1979	-457.6847	0	52540.9907	0
1363	1979	-457.6855	0	52540.9906	0
1364	1979	-457.6929	0	52540.9921	0
1365	1979	-457.7353	0	52540.8628	0
1366	1979	-457.7760	0	52540.6854	0
1367	1979	-457.7890	0	52540.6187	0
1368	1979	-457.7920	0	52540.5948	0
1369	1979	-457.7858	0	52540.7202	0
1370	1979	-457.7803	0	52540.7680	0
1371	1979	-457.7394	0	52540.9127	0
1372	1979	-457.7243	0	52540.9666	0
1373	1979	-457.7186	0	52540.9893	0
1374	1979	-457.7327	0	52540.9981	0
1375	1979	-457.7130	0	52541.1295	0
1376	1979	-457.7011	0	52541.1772	0
1377	1979	-457.7177	0	52541.0658	0
1378	1979	-457.7435	0	52540.8917	0
1379	1979	-457.7687	0	52540.8299	0
1380	1979	-457.7765	0	52540.8037	0
1381	1979	-457.7770	0	52540.7964	0
1382	1979	-457.7753	0	52540.7946	0
1383	1979	-457.7277	0	52541.0497	0
1384	1979	-457.7305	0	52541.0172	0
1385	1979	-457.7157	0	52541.0031	0
1386	1979	-457.6960	0	52540.9937	0
1387	1979	-457.6890	0	52540.9891	0
1388	1979	-457.6927	0	52540.8531	0
1389	1979	-457.7134	0	52540.8089	0
1390	1979	-457.6987	0	52540.9217	0
1391	1979	-457.6724	0	52541.0932	0
1392	1979	-457.6781	0	52541.1633	0
1393	1979	-457.6996	0	52541.1901	0
1394	1979	-457.6876	0	52541.3295	0
1395	1979	-457.6938	0	52541.5165	0
1396	1979	-457.7180	0	52541.4556	0
1397	1979	-457.7039	0	52541.5566	0
1398	1979	-457.6971	0	52541.5960	0
1399	1979	-457.6813	0	52541.6062	0
1400	1979	-457.6749	0	52541.6086	0
1401	1979	-457.6763	0	52541.4748	0
1402	1979	-457.6709	0	52541.5541	0
1403	1979	-457.6602	0	52541.4524	0
1404	1979	-457.7549	0	52540.3558	0
1410	1979	-457.8621	0	52540.1496	0
1411	1979	-457.8510	0	52540.5598	0
1412	1979	-457.8301	0	52540.7025	0
1413	1979	-457.7995	0	52540.8855	0
1414	1979	-457.7649	0	52541.0872	0
1415	1979	-457.7525	0	52541.1613	0
1416	1979	-457.7454	0	52541.1893	0
1417	1979	-457.7312	0	52541.3307	0
1418	1979	-457.7243	0	52541.3855	0
1419	1979	-457.7293	0	52541.2715	0
1420	1979	-457.7308	0	52541.2293	0
1421	1979	-457.7339	0	52541.2100	0
1422	1979	-457.7275	0	52541.3338	0
1423	1979	-457.7236	0	52541.3819	0
1424	1979	-457.7211	0	52541.3994	0
1425	1979	-457.7197	0	52541.4019	0
1426	1979	-457.6965	0	52541.5335	0
1427	1979	-457.6855	0	52541.5791	0
1428	1979	-457.6794	0	52541.5984	0
1429	1979	-457.6737	0	52541.5994	0
1430	1979	-457.6727	0	52541.6035	0
1431	1979	-457.6558	0	52541.5962	0
1432	1979	-457.6410	0	52541.7254	0
1433	1979	-457.6176	0	52541.7702	0
1434	1979	-457.6089	0	52541.7832	0
1435	1979	-457.5999	0	52541.9186	0
1436	1979	-457.6017	0	52541.8375	0
1437	1979	-457.5901	0	52541.9341	0
1438	1979	-457.5643	0	52542.0952	0
1439	1979	-457.5606	0	52542.2872	0
1440	1979	-457.5440	0	52542.3531	0
1441	1979	-457.5585	0	52542.2501	0
1442	1979	-457.5429	0	52542.3365	0
1443	1979	-457.5431	0	52542.2358	0
1444	1979	-457.5329	0	52542.4559	0
1445	1979	-457.5273	0	52542.6641	0
1446	1979	-457.5034	0	52542.9956	0
1447	1979	-457.4787	0	52543.2430	0
1448	1979	-457.5197	0	52543.3392	0
1449	1979	-457.5511	0	52543.3735	0
1450	1979	-457.5982	0	52543.3877	0
1451	1979	-457.6359	0	52543.3930	0
1453	1979	-457.6487	0	52543.8412	0
1454	1979	-457.6496	0	52543.9308	0
1455	1979	-457.6404	0	52544.2066	0
1456	1979	-457.6545	0	52544.3112	0
1457	1979	-457.6752	0	52544.3458	0
1458	1979	-457.6707	0	52544.4798	0
1459	1979	-457.6688	0	52544.5253	0
1460	1979	-457.6611	0	52544.6604	0
1461	1979	-457.6359	0	52544.8263	0
1462	1979	-457.6276	0	52544.8850	0
1463	1979	-457.6222	0	52545.0235	0
1464	1979	-457.6183	0	52545.0722	0
1465	1979	-457.6188	0	52545.0864	0
1467	1979	-457.5140	0	52545.6387	0
1468	1979	-457.4977	0	52545.6265	0
1469	1979	-457.4844	0	52545.4981	0
1470	1979	-457.4761	0	52545.4464	0
1471	1979	-457.4970	0	52545.1862	0
1472	1979	-457.4556	0	52545.1983	0
1473	1979	-457.4211	0	52545.1997	0
1474	1979	-457.3954	0	52545.1939	0
1475	1979	-457.3270	0	52545.4239	0
1476	1979	-457.3153	0	52545.2720	0
1477	1979	-457.3211	0	52544.9706	0
1478	1979	-457.3191	0	52544.9761	0
1479	1979	-457.3013	0	52544.9756	0
1480	1979	-457.2327	0	52544.9677	0
1481	1979	-457.1820	0	52545.0802	0
1482	1979	-457.1663	0	52545.0014	0
1483	1979	-457.1857	0	52544.6107	0
1484	1979	-457.1328	0	52544.6924	0
1485	1979	-457.0589	0	52544.8420	0
1486	1979	-457.0197	0	52544.7729	0
1487	1979	-456.9644	0	52544.8632	0
1488	1979	-456.9261	0	52544.8945	0
1489	1979	-456.8742	0	52545.0249	0
1490	1979	-456.8578	0	52544.9476	0
1491	1979	-456.8096	0	52544.9132	0
1492	1979	-456.7532	0	52545.0174	0
1493	1979	-456.6752	0	52545.4122	0
1494	1979	-456.6301	0	52545.5545	0
1495	1979	-456.5955	0	52545.6040	0
1496	1979	-456.5551	0	52545.6126	0
1497	1979	-456.5728	0	52545.2548	0
1498	1979	-456.5363	0	52545.3541	0
1499	1979	-456.4337	0	52545.7413	0
1500	1979	-456.3897	0	52545.6389	0
1501	1979	-456.2606	0	52546.3118	0
1502	1979	-456.3346	0	52545.9536	0
1503	1979	-456.3612	0	52545.7144	0
1504	1979	-456.3591	0	52545.3747	0
1505	1979	-456.3014	0	52545.4754	0
1506	1979	-456.2571	0	52545.2704	0
1507	1979	-456.2349	0	52544.9458	0
1508	1979	-456.2130	0	52545.1934	0
1509	1979	-456.2199	0	52544.7919	0
1510	1979	-456.2241	0	52544.5233	0
1511	1979	-456.2081	0	52544.4231	0
1512	1979	-456.2057	0	52544.2624	0
1513	1979	-456.2040	0	52544.2062	0
1514	1979	-456.1793	0	52544.3090	0
1517	1979	-456.1985	0	52543.7270	0
1518	1979	-456.1658	0	52544.0199	0
1519	1979	-456.1033	0	52544.1149	0
1520	1979	-456.0822	0	52543.9090	0
1521	1979	-456.0311	0	52544.0709	0
1522	1979	-456.0566	0	52543.5205	0
1523	1979	-456.0470	0	52543.3096	0
1524	1979	-456.0369	0	52543.2276	0
1525	1979	-455.9439	0	52543.5565	0
1526	1979	-455.8829	0	52543.6889	0
1527	1979	-455.8447	0	52543.4844	0
1528	1979	-455.7744	0	52543.5233	0
1529	1979	-455.7550	0	52543.1620	0
1530	1979	-455.7056	0	52543.2739	0
1531	1979	-455.6489	0	52543.5609	0
1532	1979	-455.6272	0	52543.6752	0
1533	1979	-455.5752	0	52543.9642	0
1534	1979	-455.5195	0	52544.1892	0
1535	1979	-455.4201	0	52544.3814	0
1536	1979	-455.3779	0	52544.5791	0
1537	1979	-455.3374	0	52544.5191	0
1538	1979	-455.3058	0	52544.4908	0
1539	1979	-455.2944	0	52544.4756	0
1540	1979	-455.2731	0	52544.4678	0
1541	1979	-455.2536	0	52544.3355	0
1542	1979	-455.2404	0	52544.2793	0
1543	1979	-455.1998	0	52544.2524	0
1544	1979	-455.1283	0	52544.4832	0
1545	1979	-455.1022	0	52544.5680	0
1546	1979	-455.0740	0	52544.7205	0
1547	1979	-455.0484	0	52544.7715	0
1548	1979	-455.0225	0	52544.7851	0
1549	1979	-454.9914	0	52544.9099	0
1550	1979	-454.9677	0	52544.8287	0
1551	1979	-454.9580	0	52544.7947	0
1552	1979	-454.9412	0	52544.6546	0
1553	1979	-454.9059	0	52544.5932	0
1554	1979	-454.8741	0	52544.6929	0
1555	1979	-454.8756	0	52544.6068	0
1556	1979	-454.8760	0	52544.5769	0
1557	1979	-454.8444	0	52544.5589	0
1558	1979	-454.8286	0	52544.5495	0
1559	1979	-454.7766	0	52544.5384	0
1560	1979	-454.7408	0	52544.5304	0
1561	1979	-454.7290	0	52544.5282	0
1562	1979	-454.7265	0	52544.5262	0
1563	1979	-454.7270	0	52544.5263	0
1564	1979	-454.7287	0	52544.5286	0
1565	1979	-454.7459	0	52544.5308	0
1566	1979	-454.7548	0	52544.5318	0
1567	1979	-454.7591	0	52544.5322	0
1568	1979	-454.8144	0	52544.1692	0
1569	1979	-454.8195	0	52544.0323	0
1570	1979	-454.8158	0	52544.1020	0
1571	1979	-454.8004	0	52544.1282	0
1572	1979	-454.7961	0	52544.0153	0
1573	1979	-454.7950	0	52543.8471	0
1574	1979	-454.7972	0	52543.6603	0
1575	1979	-454.8181	0	52543.3384	0
1576	1979	-454.8249	0	52543.2195	0
1577	1979	-454.8365	0	52543.3138	0
1578	1979	-454.8226	0	52543.3477	0
1579	1979	-454.8271	0	52543.3657	0
1580	1979	-454.8468	0	52543.2505	0
1581	1979	-454.8565	0	52543.0814	0
1582	1979	-454.8324	0	52543.2708	0
1583	1979	-454.8217	0	52543.3414	0
1584	1979	-454.8373	0	52543.1223	0
1585	1979	-454.8207	0	52543.2881	0
1586	1979	-454.8131	0	52543.3557	0
1587	1979	-454.8252	0	52543.2545	0
1588	1979	-454.7970	0	52543.3401	0
1589	1979	-454.8028	0	52543.2484	0
1590	1979	-454.8051	0	52543.2150	0
1591	1979	-454.8060	0	52543.2046	0
1592	1979	-454.8224	0	52543.0759	0
1593	1979	-454.8127	0	52543.0260	0
1594	1979	-454.8126	0	52543.0084	0
1595	1979	-454.8150	0	52543.0024	0
1596	1979	-454.8338	0	52542.8780	0
1597	1979	-454.8398	0	52542.8332	0
1598	1979	-454.8419	0	52542.8151	0
1599	1979	-454.8422	0	52542.8120	0
1600	1979	-454.8296	0	52542.6776	0
1601	1979	-454.8198	0	52542.7588	0
1602	1979	-454.8055	0	52542.6603	0
1603	1979	-454.7994	0	52542.6241	0
1604	1979	-454.7782	0	52542.7377	0
1605	1979	-454.7516	0	52542.7797	0
1606	1979	-454.7527	0	52542.7965	0
1607	1979	-454.7363	0	52542.8008	0
1608	1979	-454.7140	0	52542.9279	0
1609	1979	-454.7017	0	52543.1026	0
1610	1979	-454.6835	0	52543.2956	0
1611	1979	-454.6965	0	52543.2421	0
1612	1979	-454.7041	0	52543.2202	0
1613	1979	-454.6898	0	52543.2065	0
1614	1979	-454.6959	0	52543.3316	0
1615	1979	-454.6896	0	52543.2488	0
1616	1979	-454.7008	0	52543.2172	0
1617	1979	-454.6906	0	52543.2029	0
1618	1979	-454.6612	0	52543.1943	0
1619	1979	-454.6844	0	52543.1942	0
1620	1979	-454.6776	0	52543.3195	0
1621	1979	-454.6825	0	52543.3664	0
1622	1979	-454.7063	0	52543.2605	0
1623	1979	-454.7188	0	52543.2225	0
1624	1979	-454.7268	0	52543.2069	0
1625	1979	-454.7302	0	52543.2017	0
1626	1979	-454.7130	0	52543.3223	0
1627	1979	-454.7268	0	52543.1175	0
1628	1979	-454.7157	0	52543.1640	0
1629	1979	-454.7125	0	52543.1824	0
1630	1979	-454.7290	0	52543.0647	0
1631	1979	-454.7188	0	52543.1434	0
1632	1979	-454.6989	0	52543.2992	0
1633	1979	-454.6769	0	52543.3577	0
1634	1979	-454.6845	0	52543.3792	0
1635	1979	-454.6869	0	52543.3874	0
1636	1979	-454.6875	0	52543.3892	0
1637	1979	-454.6876	0	52543.3890	0
1638	1979	-454.6872	0	52543.3895	0
1639	1979	-454.6866	0	52543.3900	0
1640	1979	-454.7033	0	52543.2631	0
1641	1979	-454.7059	0	52543.2155	0
1642	1979	-454.7203	0	52543.1978	0
1643	1979	-454.7248	0	52543.1936	0
1644	1979	-454.7250	0	52543.1918	0
1645	1979	-454.7054	0	52543.1886	0
1646	1979	-454.6964	0	52543.1868	0
1647	1979	-454.6756	0	52543.3099	0
1648	1979	-454.6447	0	52543.4796	0
1649	1979	-454.6324	0	52543.5415	0
1650	1979	-454.6132	0	52543.4378	0
1651	1979	-454.5920	0	52543.2660	0
1652	1979	-454.5691	0	52543.1975	0
1653	1979	-454.5598	0	52543.1728	0
1654	1979	-454.5547	0	52543.1606	0
1655	1979	-454.5498	0	52543.0308	0
1656	1979	-454.5286	0	52542.9783	0
1657	1979	-454.5006	0	52543.0810	0
1658	1979	-454.4700	0	52543.1194	0
1659	1979	-454.4529	0	52543.2604	0
1660	1979	-454.4259	0	52543.4370	0
1661	1979	-454.3796	0	52543.6227	0
1662	1979	-454.3581	0	52543.5646	0
1663	1979	-454.3172	0	52543.5374	0
1664	1979	-454.2853	0	52543.5192	0
1665	1979	-454.2369	0	52543.7597	0
1666	1979	-454.1993	0	52543.8464	0
1667	1979	-454.1697	0	52543.8726	0
1668	1979	-454.1655	0	52543.5017	0
1669	1979	-454.1458	0	52542.9715	0
1670	1979	-454.1051	0	52543.2919	0
1671	1979	-454.0408	0	52543.6442	0
1672	1979	-454.0321	0	52543.2788	0
1673	1979	-454.0115	0	52543.2591	0
1674	1979	-454.0111	0	52543.1251	0
1675	1979	-454.0336	0	52542.9524	0
1676	1979	-454.0210	0	52543.4035	0
1677	1979	-454.0188	0	52543.5677	0
1678	1979	-454.0256	0	52544.0062	0
1679	1979	-454.0235	0	52544.2916	0
1680	1979	-454.0236	0	52544.3999	0
1681	1979	-454.0203	0	52544.5603	0
1682	1979	-454.0339	0	52544.6183	0
1683	1979	-454.0245	0	52544.7576	0
1684	1979	-454.0364	0	52544.8075	0
1685	1979	-454.0398	0	52544.8242	0
1686	1979	-454.0398	0	52544.8274	0
1687	1979	-454.0237	0	52544.8204	0
1688	1979	-454.0146	0	52544.9388	0
1689	1979	-454.0297	0	52544.8599	0
1690	1979	-454.0197	0	52544.8232	0
1691	1979	-454.0161	0	52544.8100	0
1692	1979	-454.0117	0	52544.8004	0
1693	1979	-454.0109	0	52544.7968	0
1694	1979	-454.0567	0	52544.5561	0
1695	1979	-454.0722	0	52544.4644	0
1696	1979	-454.0727	0	52544.5496	0
1697	1979	-454.0772	0	52544.4603	0
1698	1979	-454.0775	0	52544.5518	0
1699	1979	-454.0819	0	52544.4635	0
1700	1979	-454.1028	0	52544.3058	0
1701	1979	-454.1429	0	52544.1319	0
1702	1979	-454.1579	0	52544.0666	0
1703	1979	-454.1479	0	52544.2859	0
1704	1979	-454.1306	0	52544.4930	0
1705	1979	-454.1073	0	52544.6946	0
1706	1979	-454.0990	0	52544.7692	0
1707	1979	-454.0811	0	52544.9158	0
1708	1979	-454.0728	0	52544.9701	0
1709	1979	-454.0538	0	52545.1095	0
1710	1979	-454.0471	0	52545.1566	0
1711	1979	-454.0296	0	52545.1696	0
1712	1979	-454.0245	0	52545.1753	0
1713	1979	-454.0339	0	52545.2958	0
1714	1979	-454.0199	0	52545.4616	0
1715	1979	-454.0138	0	52545.3974	0
1716	1979	-454.0113	0	52545.3707	0
1717	1979	-454.0066	0	52545.4797	0
1718	1979	-454.0041	0	52545.5194	0
1719	1979	-453.9914	0	52545.5297	0
1720	1979	-454.0172	0	52545.4168	0
1721	1979	-454.0105	0	52545.3672	0
1722	1979	-454.0230	0	52545.3529	0
1723	1979	-454.0114	0	52545.3421	0
1724	1979	-454.0220	0	52545.3414	0
1725	1979	-454.0275	0	52545.3392	0
1726	1979	-454.0331	0	52545.2187	0
1727	1979	-454.0361	0	52545.1734	0
1728	1979	-454.0352	0	52545.1530	0
1729	1979	-454.0340	0	52545.1473	0
1730	1979	-454.0328	0	52545.1457	0
1731	1979	-454.0317	0	52545.1457	0
1732	1979	-454.0306	0	52545.1461	0
1733	1979	-454.0335	0	52545.0250	0
1734	1979	-454.0155	0	52545.0995	0
1735	1979	-454.0095	0	52545.1280	0
1736	1979	-454.0273	0	52544.8944	0
1737	1979	-454.0343	0	52544.8110	0
1738	1979	-454.0380	0	52544.7764	0
1739	1979	-454.0396	0	52544.7665	0
1740	1979	-454.0409	0	52544.7635	0
1741	1979	-454.0420	0	52544.7640	0
1742	1979	-454.0363	0	52544.8900	0
1743	1979	-454.0389	0	52544.8144	0
1744	1979	-454.0556	0	52544.6650	0
1745	1979	-454.0619	0	52544.6115	0
1746	1979	-454.0641	0	52544.5911	0
1747	1979	-454.0471	0	52544.5812	0
1748	1979	-454.0443	0	52544.4544	0
1749	1979	-454.0409	0	52544.4105	0
1750	1979	-454.0390	0	52544.3926	0
1751	1979	-454.0373	0	52544.3897	0
1752	1979	-454.0170	0	52544.5083	0
1753	1979	-454.0131	0	52544.4338	0
1754	1979	-453.9913	0	52544.6475	0
1755	1979	-453.9860	0	52544.6053	0
1756	1979	-453.9955	0	52544.5918	0
1757	1979	-453.9981	0	52544.7114	0
1758	1979	-454.0035	0	52544.6333	0
1759	1979	-454.0048	0	52544.7265	0
1760	1979	-454.0250	0	52544.5173	0
1761	1979	-454.0362	0	52544.4396	0
1762	1979	-454.0422	0	52544.4109	0
1763	1979	-454.0618	0	52544.2806	0
1764	1979	-454.0713	0	52544.1073	0
1765	1979	-454.0909	0	52543.9180	0
1766	1979	-454.0794	0	52543.8490	0
1767	1979	-454.0751	0	52543.8232	0
1768	1979	-454.0702	0	52543.8152	0
1769	1979	-454.0704	0	52543.6905	0
1770	1979	-454.0661	0	52543.7684	0
1771	1979	-454.0475	0	52543.7982	0
1772	1979	-454.0404	0	52543.8115	0
1773	1979	-454.0532	0	52543.8213	0
1774	1979	-454.0724	0	52543.6999	0
1775	1979	-454.0752	0	52543.6561	0
1776	1979	-454.0770	0	52543.5170	0
1777	1979	-454.0452	0	52543.5834	0
1778	1979	-454.0443	0	52543.6129	0
1779	1979	-454.0431	0	52543.6259	0
1780	1979	-454.0414	0	52543.6328	0
1781	1979	-454.0402	0	52543.6342	0
1782	1979	-454.0389	0	52543.6367	0
1783	1979	-454.0229	0	52543.7603	0
1784	1979	-454.0163	0	52543.8100	0
1785	1979	-453.9961	0	52543.8226	0
1786	1979	-453.9692	0	52543.9523	0
1787	1979	-453.9602	0	52543.9992	0
1788	1979	-453.9578	0	52544.0154	0
1789	1979	-453.9398	0	52544.0180	0
1790	1979	-453.9340	0	52544.0186	0
1791	1979	-453.9514	0	52543.8966	0
1792	1979	-453.9432	0	52543.9721	0
1793	1979	-453.9582	0	52543.8766	0
1794	1979	-453.9497	0	52543.9667	0
1795	1979	-453.9777	0	52544.0037	0
1796	1979	-453.9758	0	52544.1406	0
1797	1979	-453.9928	0	52544.1945	0
1798	1979	-454.0172	0	52544.0943	0
1799	1979	-454.0314	0	52543.9295	0
1800	1979	-454.0231	0	52543.9917	0
1801	1979	-454.0209	0	52544.0138	0
1802	1979	-454.0390	0	52544.0245	0
1803	1979	-454.0143	0	52544.1497	0
1804	1979	-454.0227	0	52544.0723	0
1805	1979	-454.0272	0	52544.0452	0
1806	1979	-454.0278	0	52544.0345	0
1807	1979	-454.0121	0	52544.1532	0
1808	1979	-453.9916	0	52544.3180	0
1809	1979	-453.9823	0	52544.2532	0
1810	1979	-453.9784	0	52544.3552	0
1811	1979	-453.9756	0	52544.3917	0
1812	1979	-453.9743	0	52544.4049	0
1813	1979	-453.9735	0	52544.4085	0
1814	1979	-453.9581	0	52544.5283	0
1815	1979	-453.9219	0	52544.6920	0
1816	1979	-453.9229	0	52544.7537	0
1817	1979	-453.9418	0	52544.7810	0
1818	1979	-453.9502	0	52544.7861	0
1819	1979	-453.9574	0	52544.6663	0
1820	1979	-453.9610	0	52544.7396	0
1821	1979	-453.9792	0	52544.7728	0
1822	1979	-453.9898	0	52544.6589	0
1823	1979	-453.9635	0	52544.8575	0
1824	1979	-453.9725	0	52544.8102	0
1825	1979	-453.9786	0	52544.7921	0
1826	1979	-453.9831	0	52544.7857	0
1827	1979	-453.9870	0	52544.7843	0
1828	1979	-453.9938	0	52544.6565	0
1829	1979	-454.0086	0	52544.6139	0
1830	1979	-454.0113	0	52544.5959	0
1831	1979	-453.9801	0	52544.7047	0
1832	1979	-453.9628	0	52544.8699	0
1833	1979	-453.9423	0	52544.9285	0
1834	1979	-453.9342	0	52544.9490	0
1835	1979	-453.9261	0	52544.9559	0
1836	1979	-453.9062	0	52545.0780	0
1837	1979	-453.9008	0	52545.1237	0
1838	1979	-453.9121	0	52545.2635	0
1839	1979	-453.9306	0	52545.1953	0
1840	1979	-453.9388	0	52545.1662	0
1841	1979	-453.9264	0	52545.2755	0
1842	1979	-453.9375	0	52545.1942	0
1843	1979	-453.9442	0	52545.1629	0
1844	1979	-453.9324	0	52545.2713	0
1845	1979	-453.9119	0	52545.3055	0
1846	1979	-453.9056	0	52545.3209	0
1847	1979	-453.8871	0	52545.3222	0
1848	1979	-453.8787	0	52545.4434	0
1849	1979	-453.8913	0	52545.4900	0
1850	1979	-453.8832	0	52545.3839	0
1851	1979	-453.8809	0	52545.4638	0
1852	1979	-453.8807	0	52545.4907	0
1853	1979	-453.8937	0	52545.5050	0
1854	1979	-453.9127	0	52545.5103	0
1855	1979	-453.9080	0	52545.5084	0
1856	1979	-453.9374	0	52545.3891	0
1857	1979	-453.9490	0	52545.3477	0
1858	1979	-453.9713	0	52545.3318	0
1859	1979	-453.9847	0	52545.2072	0
1860	1979	-453.9764	0	52545.1568	0
1861	1979	-453.9754	0	52545.3835	0
1862	1979	-453.9774	0	52545.4701	0
1863	1979	-453.9811	0	52545.3807	0
1864	1979	-453.9784	0	52545.4677	0
1865	1979	-453.9745	0	52545.5002	0
1866	1979	-453.9576	0	52545.6259	0
1867	1979	-453.9510	0	52545.6757	0
1868	1979	-453.9645	0	52545.4550	0
1869	1979	-453.9661	0	52545.4903	0
1870	1979	-453.9650	0	52545.5017	0
1871	1979	-453.9477	0	52545.6250	0
1872	1979	-453.9249	0	52545.7882	0
1873	1979	-453.9161	0	52545.8495	0
1874	1979	-453.9101	0	52545.9902	0
1875	1979	-453.9099	0	52546.0416	0
1876	1979	-453.9110	0	52546.0595	0
1877	1979	-453.9146	0	52546.0653	0
1878	1979	-453.9327	0	52546.0702	0
1879	1979	-453.9460	0	52545.9499	0
1880	1979	-453.9517	0	52546.0217	0
1881	1979	-453.9732	0	52545.9350	0
1882	1979	-453.9833	0	52545.9016	0
1883	1979	-453.9709	0	52546.0027	0
1884	1979	-453.9434	0	52546.2782	0
1885	1979	-453.9287	0	52546.3788	0
1886	1979	-453.9204	0	52546.2958	0
1887	1979	-453.8983	0	52546.3774	0
1888	1979	-453.9188	0	52546.1703	0
1889	1979	-453.9080	0	52546.0908	0
1890	1979	-453.8840	0	52546.1776	0
1891	1979	-453.8576	0	52546.2063	0
1892	1979	-453.8472	0	52546.2169	0
1893	1979	-453.8100	0	52546.3320	0
1894	1979	-453.8114	0	52546.2583	0
1895	1979	-453.8112	0	52546.3478	0
1896	1979	-453.8119	0	52546.3820	0
1897	1979	-453.8148	0	52546.3963	0
1898	1979	-453.7853	0	52546.5103	0
1899	1979	-453.7760	0	52546.4382	0
1900	1979	-453.7581	0	52546.4063	0
1901	1979	-453.7517	0	52546.5090	0
1902	1979	-453.7310	0	52546.5465	0
1903	1979	-453.7035	0	52546.6741	0
1904	1979	-453.6893	0	52546.6007	0
1905	1979	-453.6645	0	52546.5686	0
1906	1979	-453.6384	0	52546.5532	0
1907	1979	-453.6234	0	52546.5467	0
1908	1979	-453.6001	0	52546.5398	0
1909	1979	-453.5578	0	52546.6502	0
1910	1979	-453.5417	0	52546.6914	0
1911	1979	-453.5353	0	52546.7054	0
1912	1979	-453.5305	0	52546.7091	0
1913	1979	-453.5098	0	52546.8249	0
1914	1979	-453.5014	0	52546.8670	0
1915	1979	-453.5152	0	52546.8855	0
1916	1979	-453.5177	0	52547.0049	0
1917	1979	-453.5054	0	52547.0485	0
1918	1979	-453.5048	0	52546.9484	0
1919	1979	-453.5071	0	52546.9061	0
1920	1979	-453.5100	0	52546.8914	0
1921	1979	-453.5128	0	52546.8858	0
1922	1979	-453.5130	0	52546.8834	0
1923	1979	-453.5110	0	52546.8785	0
1924	1979	-453.5065	0	52546.9944	0
1925	1979	-453.5054	0	52547.0379	0
1926	1979	-453.5101	0	52547.0546	0
1927	1979	-453.5440	0	52547.1819	0
1928	1979	-453.5453	0	52547.3404	0
1929	1979	-453.5969	0	52547.1765	0
1930	1979	-453.6194	0	52547.1160	0
1931	1979	-453.6444	0	52547.0942	0
1932	1979	-453.6417	0	52547.1973	0
1933	1979	-453.6895	0	52547.1288	0
1934	1979	-453.7395	0	52546.9908	0
1935	1979	-453.7598	0	52547.0557	0
1936	1979	-453.7524	0	52547.0759	0
1937	1979	-453.7825	0	52547.0925	0
1938	1979	-453.7956	0	52547.0978	0
1939	1979	-453.8017	0	52547.0972	0
1940	1979	-453.8040	0	52547.2166	0
1941	1979	-453.8195	0	52547.2628	0
1942	1979	-453.8238	0	52547.2790	0
1943	1979	-453.8511	0	52547.4048	0
1944	1979	-453.8492	0	52547.5656	0
1945	1979	-453.8674	0	52547.5104	0
1946	1979	-453.9116	0	52547.1427	0
1947	1979	-453.9598	0	52547.0074	0
1948	1979	-453.9882	0	52547.1990	0
1949	1979	-454.0194	0	52547.0393	0
1950	1979	-454.0107	0	52547.3297	0
1951	1979	-454.0357	0	52547.5587	0
1952	1979	-454.0681	0	52547.8764	0
1953	1979	-454.0818	0	52548.1028	0
1954	1979	-454.1304	0	52548.0841	0
1955	1979	-454.1628	0	52547.9658	0
1956	1979	-454.1438	0	52548.2463	0
1957	1979	-454.1529	0	52548.1293	0
1958	1979	-454.1338	0	52548.4172	0
1959	1979	-454.1274	0	52548.5242	0
1960	1979	-454.1392	0	52548.5644	0
1961	1979	-454.1390	0	52548.6871	0
1962	1979	-454.1372	0	52548.7309	0
1963	1979	-454.1199	0	52548.8539	0
1964	1979	-454.0944	0	52549.1174	0
1965	1979	-454.0984	0	52549.2126	0
1966	1979	-454.1014	0	52549.1352	0
1967	1979	-454.1181	0	52549.1054	0
1968	1979	-454.1694	0	52548.9850	0
1969	1979	-454.1732	0	52549.0478	0
1970	1979	-454.1940	0	52549.0713	0
1971	1979	-454.2162	0	52549.1925	0
1972	1979	-454.2431	0	52549.2406	0
1973	1979	-454.2733	0	52549.2587	0
1974	1979	-454.2852	0	52549.4830	0
1975	1979	-454.2897	0	52549.6782	0
1976	1979	-454.2969	0	52549.7481	0
1977	1979	-454.2976	0	52549.8803	0
1978	1979	-454.2996	0	52549.9263	0
1979	1979	-454.3164	0	52549.9453	0
1980	1979	-454.3366	0	52549.9478	0
1981	1979	-454.3454	0	52549.8389	0
1982	1979	-454.3957	0	52549.5842	0
1983	1979	-454.4296	0	52549.3783	0
1984	1979	-454.4142	0	52549.5148	0
1985	1979	-454.4543	0	52549.5737	0
1986	1979	-454.4856	0	52549.5991	0
1987	1979	-454.5151	0	52549.4999	0
1988	1979	-454.5683	0	52549.3611	0
1989	1979	-454.5534	0	52549.7372	0
1990	1979	-454.5331	0	52549.9886	0
1991	1979	-454.5153	0	52550.1906	0
1992	1979	-454.5263	0	52550.2678	0
1993	1979	-454.5616	0	52550.1878	0
1994	1979	-454.5564	0	52550.4770	0
1995	1979	-454.5549	0	52550.5824	0
1996	1979	-454.6171	0	52550.0927	0
1997	1979	-454.6393	0	52550.0118	0
1998	1979	-454.6611	0	52549.8765	0
1999	1979	-454.6836	0	52549.8252	0
2000	1979	-454.6964	0	52549.6994	0
2001	1979	-454.7112	0	52549.7596	0
2002	1979	-454.7466	0	52549.6809	0
2003	1979	-454.7539	0	52549.7589	0
2004	1979	-454.7546	0	52549.7908	0
2005	1979	-454.7370	0	52549.9064	0
2006	1979	-454.7449	0	52549.9536	0
2007	1979	-454.7678	0	52549.7576	0
2008	1979	-454.7928	0	52549.6849	0
2009	1979	-454.7866	0	52549.7637	0
2010	1979	-454.8020	0	52549.6878	0
2011	1979	-454.7931	0	52549.7681	0
2012	1979	-454.8052	0	52549.8011	0
2013	1979	-454.8097	0	52549.8135	0
2014	1979	-454.8268	0	52549.7101	0
2015	1979	-454.8338	0	52549.7811	0
2016	1979	-454.8305	0	52550.0282	0
2017	1979	-454.8140	0	52550.1147	0
2018	1979	-454.8373	0	52550.0431	0
2019	1979	-454.8662	0	52549.8039	0
2020	1979	-454.8759	0	52549.8173	0
2021	1979	-454.8946	0	52549.8272	0
2022	1979	-454.8985	0	52549.9402	0
2023	1979	-454.9187	0	52549.9860	0
2024	1979	-454.9477	0	52549.8951	0
2025	1979	-454.9836	0	52549.6487	0
2026	1979	-455.0134	0	52549.6664	0
2027	1979	-455.0431	0	52549.5677	0
2028	1979	-455.0548	0	52549.6385	0
2029	1979	-455.0441	0	52549.7747	0
2030	1979	-455.0229	0	52549.9351	0
2031	1979	-455.0298	0	52549.9940	0
2032	1979	-455.0156	0	52550.1231	0
2033	1979	-455.0060	0	52550.2799	0
2034	1979	-455.0015	0	52550.3380	0
2035	1979	-455.0137	0	52550.3587	0
2036	1979	-455.0367	0	52550.1501	0
2037	1979	-455.0620	0	52549.9652	0
2038	1979	-455.0849	0	52549.8951	0
2039	1979	-455.1097	0	52549.7656	0
2040	1979	-455.1345	0	52549.7167	0
2041	1979	-455.1456	0	52549.8084	0
2042	1979	-455.1482	0	52549.9544	0
2043	1979	-455.1527	0	52550.0116	0
2044	1979	-455.1569	0	52550.0315	0
2045	1979	-455.1588	0	52550.1463	0
2046	1979	-455.1586	0	52550.2991	0
2047	1979	-455.1588	0	52550.4611	0
2048	1979	-455.1593	0	52550.5237	0
2049	1979	-455.1606	0	52550.5444	0
2050	1979	-455.1576	0	52550.6565	0
2051	1979	-455.1850	0	52550.7019	0
2052	1979	-455.1943	0	52550.7170	0
2053	1979	-455.1951	0	52550.8255	0
2054	1979	-455.1978	0	52550.8649	0
2055	1979	-455.2098	0	52551.0900	0
2056	1979	-455.2303	0	52551.1778	0
2057	1979	-455.2542	0	52551.3132	0
2058	1979	-455.2968	0	52551.2620	0
2059	1979	-455.3285	0	52551.3494	0
2060	1979	-455.3568	0	52551.3815	0
2061	1979	-455.3696	0	52551.3903	0
2062	1979	-455.3755	0	52551.4965	0
2063	1979	-455.3928	0	52551.5373	0
2064	1979	-455.3968	0	52551.6557	0
2065	1979	-455.4140	0	52551.5934	0
2066	1979	-455.4148	0	52551.6716	0
2067	1979	-455.4365	0	52551.5977	0
2068	1979	-455.4471	0	52551.5691	0
2069	1979	-455.4801	0	52551.4562	0
2070	1979	-455.4910	0	52551.4123	0
2071	1979	-455.4931	0	52551.4998	0
2072	1979	-455.5090	0	52551.5343	0
2073	1979	-455.5161	0	52551.5480	0
2074	1979	-455.5472	0	52551.5551	0
2075	1979	-455.5789	0	52551.4568	0
2076	1979	-455.6067	0	52551.4214	0
2077	1979	-455.6357	0	52551.3037	0
2078	1979	-455.6420	0	52551.3641	0
2079	1979	-455.6439	0	52551.3889	0
2080	1979	-455.6232	0	52551.6014	0
2081	1979	-455.6011	0	52551.6806	0
2082	1979	-455.6057	0	52551.7135	0
2083	1979	-455.6063	0	52551.7221	0
2084	1979	-455.6187	0	52551.7287	0
2085	1979	-455.6258	0	52551.6247	0
2086	1979	-455.6315	0	52551.4797	0
2087	1979	-455.6323	0	52551.4259	0
2088	1979	-455.6481	0	52551.4061	0
2089	1979	-455.6618	0	52551.4037	0
2090	1979	-455.6639	0	52551.5037	0
2091	1979	-455.6705	0	52551.6502	0
2092	1979	-455.6844	0	52551.7055	0
2093	1979	-455.6452	0	52551.9274	0
2094	1979	-455.6437	0	52552.0108	0
2095	1979	-455.6593	0	52552.0432	0
2096	1979	-455.6516	0	52552.1572	0
2097	1979	-455.6485	0	52552.2980	0
2098	1979	-455.6481	0	52552.3518	0
2099	1979	-455.6629	0	52552.3696	0
2100	1979	-455.6446	0	52552.5774	0
2101	1979	-455.6411	0	52552.5505	0
2102	1979	-455.6619	0	52552.5387	0
2103	1979	-455.6649	0	52552.5336	0
2104	1979	-455.6661	0	52552.5315	0
2105	1979	-455.6802	0	52552.4255	0
2106	1979	-455.6797	0	52552.4883	0
2107	1979	-455.6937	0	52552.5121	0
2109	1979	-455.6948	0	52552.6476	0
2110	1979	-455.6719	0	52552.8811	0
2111	1979	-455.6793	0	52552.9634	0
2112	1979	-455.7055	0	52552.9948	0
2113	1979	-455.7341	0	52552.9072	0
2114	1979	-455.7439	0	52552.8700	0
2115	1979	-455.7591	0	52552.8555	0
2116	1979	-455.7355	0	52552.9467	0
2117	1979	-455.7127	0	52552.9750	0
2118	1979	-455.7218	0	52552.8851	0
2119	1979	-455.7290	0	52552.7458	0
2120	1979	-455.6930	0	52553.1011	0
2121	1979	-455.6779	0	52553.2298	0
2122	1979	-455.6771	0	52553.3775	0
2123	1979	-455.6565	0	52553.5236	0
2126	1979	-455.6620	0	52553.7359	0
2127	1979	-455.6902	0	52553.6611	0
2130	1979	-455.7191	0	52553.7730	0
2131	1979	-455.7181	0	52553.8808	0
2132	1979	-455.7377	0	52554.0169	0
2133	1979	-455.7843	0	52553.8701	0
2134	1979	-455.8116	0	52553.8140	0
2135	1979	-455.8258	0	52553.7896	0
2136	1979	-455.8435	0	52553.8797	0
2137	1979	-455.8267	0	52553.9060	0
2138	1979	-455.8468	0	52553.9182	0
2139	1979	-455.8466	0	52553.9195	0
2140	1979	-455.8594	0	52554.0179	0
2141	1979	-455.9163	0	52553.7650	0
2142	1979	-455.8733	0	52554.1458	0
2143	1979	-455.8986	0	52554.2989	0
2144	1979	-455.9128	0	52554.2555	0
2145	1979	-455.9275	0	52554.4340	0
2146	1979	-455.9490	0	52554.5001	0
2147	1979	-455.9860	0	52554.5283	0
2148	1979	-456.0146	0	52554.5367	0
2149	1979	-456.0266	0	52554.5384	0
2150	1979	-456.0308	0	52554.6323	0
2151	1979	-456.0598	0	52554.5739	0
2152	1979	-456.0775	0	52554.4546	0
2153	1979	-456.0635	0	52554.5980	0
2154	1979	-456.0496	0	52554.7467	0
2155	1979	-456.0789	0	52554.6131	0
2156	1979	-456.0764	0	52554.5577	0
2157	1979	-456.0932	0	52554.3447	0
2158	1979	-456.1105	0	52554.3636	0
2159	1979	-456.1052	0	52554.3683	0
2160	1979	-456.0813	0	52554.5604	0
2161	1979	-456.0854	0	52554.6359	0
2162	1979	-456.0695	0	52554.7572	0
2163	1979	-456.0467	0	52554.8963	0
2164	1979	-456.0702	0	52554.8521	0
2165	1979	-456.0782	0	52554.8359	0
2166	1979	-456.0676	0	52554.8272	0
2167	1979	-456.0797	0	52554.8231	0
2168	1979	-456.0796	0	52554.9177	0
2169	1979	-456.0688	0	52554.9501	0
2170	1979	-456.0802	0	52554.9624	0
2171	1979	-456.0834	0	52554.9677	0
2172	1979	-456.0845	0	52554.9665	0
2173	1979	-456.0691	0	52554.9647	0
2174	1979	-456.0828	0	52554.8706	0
2175	1979	-456.0886	0	52554.8322	0
2176	1979	-456.1041	0	52554.8208	0
2177	1979	-456.0931	0	52554.9099	0
2178	1979	-456.1018	0	52554.9458	0
2179	1979	-456.1005	0	52555.0532	0
2180	1979	-456.1301	0	52555.0962	0
2181	1979	-456.1451	0	52555.1123	0
2182	1979	-456.1470	0	52555.0210	0
2183	1979	-456.1652	0	52554.9883	0
2184	1979	-456.1769	0	52554.9767	0
2185	1979	-456.1849	0	52554.9730	0
2186	1979	-456.2022	0	52554.9736	0
2187	1979	-456.1772	0	52555.0652	0
2188	1979	-456.1805	0	52555.1001	0
2189	1979	-456.1794	0	52555.1120	0
2190	1979	-456.1675	0	52555.0199	0
2191	1979	-456.1622	0	52554.9852	0
2192	1979	-456.1600	0	52554.9713	0
2193	1979	-456.1566	0	52554.9641	0
2194	1979	-456.1514	0	52554.9620	0
2195	1979	-456.1470	0	52554.9611	0
2196	1979	-456.1428	0	52554.9605	0
2197	1979	-456.1332	0	52555.1501	0
2198	1979	-456.1406	0	52555.2232	0
2199	1979	-456.1568	0	52555.1564	0
2200	1979	-456.1664	0	52555.1301	0
2201	1979	-456.1675	0	52555.2154	0
2202	1979	-456.1736	0	52555.2488	0
2203	1979	-456.1434	0	52555.4453	0
2204	1979	-456.1430	0	52555.6124	0
2205	1979	-456.1464	0	52555.6743	0
2206	1979	-456.1500	0	52555.6962	0
2207	1979	-456.1427	0	52555.8887	0
2208	1979	-456.1417	0	52555.9602	0
2209	1979	-456.1372	0	52556.0753	0
2210	1979	-456.1355	0	52556.1182	0
2211	1979	-456.1403	0	52556.0387	0
2212	1979	-456.1213	0	52556.1907	0
2213	1979	-456.1118	0	52556.3370	0
2214	1979	-456.1083	0	52556.3893	0
2215	1979	-456.1171	0	52556.4990	0
2216	1979	-456.1322	0	52556.6302	0
2217	1979	-456.1429	0	52556.5888	0
2218	1979	-456.1606	0	52556.5703	0
2219	1979	-456.1614	0	52556.6524	0
2220	1979	-456.1524	0	52556.6774	0
2221	1979	-456.1462	0	52556.7764	0
2222	1979	-456.0931	0	52556.8967	0
2224	1979	-456.2147	0	52556.6499	0
2225	1979	-456.2061	0	52556.8635	0
2226	1979	-456.1614	0	52556.9316	0
2227	1979	-456.1171	0	52557.1345	0
2228	1979	-456.1058	0	52557.1174	0
2229	1979	-456.0961	0	52557.1979	0
2230	1979	-456.0761	0	52557.3144	0
2231	1979	-456.0685	0	52557.3556	0
2232	1979	-456.0654	0	52557.3685	0
2233	1979	-456.0929	0	52557.2821	0
2234	1979	-456.0861	0	52557.3361	0
2235	1979	-456.0769	0	52557.4440	0
2236	1979	-456.0695	0	52557.5716	0
2237	1979	-456.0701	0	52557.7069	0
2238	1979	-456.1112	0	52557.6717	0
2239	1979	-456.1330	0	52557.6556	0
2240	1979	-456.1372	0	52557.8246	0
2241	1979	-456.1255	0	52557.7961	0
2242	1979	-456.1202	0	52557.7846	0
2243	1979	-456.1178	0	52557.7768	0
2244	1979	-456.0955	0	52557.9477	0
2245	1979	-456.0867	0	52558.0087	0
2246	1979	-456.0703	0	52558.0282	0
2247	1979	-456.0627	0	52558.0351	0
2248	1979	-456.0560	0	52558.1221	0
2249	1979	-456.0560	0	52558.1550	0
2250	1979	-456.0737	0	52558.0786	0
2251	1979	-456.0649	0	52558.1332	0
2252	1979	-456.0894	0	52558.0682	0
2253	1979	-456.1270	0	52557.8703	0
2254	1979	-456.1000	0	52558.1400	0
2255	1979	-456.0915	0	52558.2436	0
2256	1979	-456.0872	0	52558.3681	0
2257	1979	-456.1148	0	52558.3279	0
2258	1979	-456.1281	0	52558.3131	0
2259	1979	-456.1470	0	52558.3070	0
2260	1979	-456.1710	0	52558.2191	0
2261	1979	-456.1599	0	52558.3575	0
2262	1979	-456.1667	0	52558.4104	0
2263	1979	-456.1675	0	52558.4280	0
2264	1979	-456.1511	0	52558.5196	0
2265	1979	-456.1019	0	52558.6334	0
2266	1979	-456.0938	0	52558.5895	0
2267	1979	-456.0824	0	52558.5719	0
2268	1979	-456.0985	0	52558.4766	0
2269	1979	-456.0691	0	52558.6983	0
2270	1979	-456.0742	0	52558.7839	0
2271	1979	-456.1100	0	52558.4685	0
2272	1979	-456.1704	0	52557.8194	0
2273	1979	-456.1701	0	52557.8465	0
2274	1979	-456.2133	0	52557.4102	0
2275	1979	-456.2003	0	52557.6142	0
2276	1979	-456.1780	0	52558.1304	0
2277	1979	-456.1738	0	52558.3230	0
2278	1979	-456.1542	0	52558.6533	0
2279	1979	-456.1509	0	52558.8637	0
2280	1979	-456.1981	0	52558.7748	0
2281	1979	-456.1765	0	52559.0768	0
2282	1979	-456.1543	0	52559.4402	0
2283	1979	-456.1648	0	52559.4108	0
2284	1979	-456.1401	0	52559.7253	0
2285	1979	-456.1247	0	52559.9230	0
2286	1979	-456.1347	0	52559.8320	0
2287	1979	-456.1140	0	52559.9542	0
2288	1979	-456.0992	0	52559.9962	0
2289	1979	-456.0919	0	52560.0924	0
2290	1979	-456.1014	0	52560.1247	0
2291	1979	-456.1367	0	52560.0544	0
2292	1979	-456.1766	0	52560.0279	0
2293	1979	-456.1957	0	52559.9301	0
2294	1979	-456.2137	0	52559.9760	0
2295	1979	-456.2155	0	52560.0754	0
2296	1979	-456.1983	0	52560.1920	0
2297	1979	-456.1854	0	52560.3160	0
2298	1979	-456.1685	0	52560.3610	0
2299	1979	-456.1636	0	52560.3735	0
2300	1979	-456.1761	0	52560.2933	0
2301	1979	-456.1654	0	52560.3432	0
2302	1979	-456.1771	0	52560.2782	0
2303	1979	-456.1858	0	52560.3378	0
2304	1979	-456.2504	0	52560.1164	0
2305	1979	-456.2638	0	52560.1964	0
2306	1979	-456.2680	0	52560.3076	0
2307	1979	-456.2629	0	52560.5144	0
2308	1979	-456.2921	0	52560.5120	0
2309	1979	-456.3143	0	52560.5098	0
2310	1979	-456.3233	0	52560.5081	0
2311	1979	-456.2737	0	52560.8313	0
2312	1979	-456.2914	0	52560.7045	0
2313	1979	-456.2672	0	52560.7376	0
2314	1979	-456.2928	0	52560.5045	0
2315	1979	-456.2967	0	52560.4964	0
2316	1979	-456.2889	0	52560.4092	0
2317	1979	-456.2884	0	52560.3782	0
2318	1979	-456.2816	0	52560.4469	0
2319	1979	-456.2582	0	52560.7148	0
2320	1979	-456.2456	0	52560.9789	0
2321	1979	-456.2402	0	52561.2370	0
2322	1979	-456.2691	0	52561.1763	0
2323	1979	-456.3150	0	52560.9930	0
2324	1979	-456.3654	0	52560.7615	0
2325	1979	-456.3690	0	52560.7519	0
2326	1979	-456.3429	0	52560.8278	0
2327	1979	-456.3526	0	52560.9383	0
2328	1979	-456.3388	0	52561.0580	0
2329	1979	-456.3399	0	52560.9424	0
2330	1979	-456.3415	0	52560.8179	0
2331	1979	-456.3270	0	52560.8483	0
2332	1979	-456.3179	0	52560.9394	0
2333	1979	-456.3161	0	52560.9740	0
2334	1979	-456.3209	0	52560.9054	0
2335	1979	-456.3077	0	52560.9597	0
2336	1979	-456.3158	0	52560.9816	0
2337	1979	-456.3143	0	52560.8246	0
2338	1979	-456.3331	0	52560.6856	0
2339	1979	-456.3074	0	52561.0396	0
2340	1979	-456.3292	0	52561.0115	0
2341	1979	-456.3473	0	52560.8412	0
2342	1979	-456.4204	0	52560.1201	0
2343	1979	-456.3955	0	52560.0938	0
2344	1979	-456.3998	0	52560.0900	0
2345	1979	-456.4038	0	52560.4290	0
2346	1979	-456.3715	0	52560.7827	0
2347	1979	-456.3326	0	52561.0005	0
2348	1979	-456.3268	0	52560.9258	0
2349	1979	-456.3851	0	52560.0803	0
2350	1979	-456.4047	0	52559.8326	0
2351	1979	-456.3907	0	52559.9163	0
2352	1979	-456.3725	0	52560.1985	0
2353	1979	-456.3409	0	52560.5475	0
2354	1979	-456.3240	0	52560.7611	0
2355	1979	-456.3283	0	52560.9244	0
2356	1979	-456.3640	0	52560.8260	0
2357	1979	-456.3633	0	52560.8680	0
2358	1979	-456.3451	0	52561.0408	0
2359	1979	-456.3110	0	52561.3469	0
2360	1979	-456.2992	0	52561.4553	0
2361	1979	-456.3079	0	52561.4958	0
2362	1979	-456.2997	0	52561.5062	0
2363	1979	-456.2937	0	52561.5875	0
2364	1979	-456.3172	0	52561.6161	0
2365	1979	-456.3165	0	52561.7835	0
2366	1979	-456.3020	0	52561.9202	0
2367	1979	-456.3020	0	52562.0481	0
2368	1979	-456.2845	0	52562.1709	0
2369	1979	-456.2696	0	52562.2908	0
2370	1979	-456.2330	0	52562.4843	0
2371	1979	-456.2216	0	52562.5546	0
2372	1979	-456.2156	0	52562.7300	0
2373	1979	-456.1866	0	52562.9444	0
2374	1979	-456.2049	0	52563.0227	0
2375	1979	-456.2225	0	52563.1254	0
2376	1979	-456.2836	0	52563.0169	0
2377	1979	-456.2911	0	52563.0438	0
2378	1979	-456.3053	0	52563.0513	0
2379	1979	-456.2931	0	52563.1253	0
2380	1979	-456.2800	0	52563.3010	0
2381	1979	-456.2904	0	52563.2164	0
2382	1979	-456.2519	0	52563.3265	0
2383	1979	-456.2352	0	52563.4422	0
2384	1979	-456.2488	0	52563.3322	0
2385	1979	-456.2626	0	52563.3666	0
2387	1979	-456.3067	0	52563.4716	0
2388	1979	-456.3285	0	52563.4154	0
2389	1979	-456.3836	0	52563.1697	0
2390	1979	-456.3786	0	52563.3740	0
2391	1979	-456.3644	0	52563.5249	0
2392	1979	-456.3807	0	52563.4362	0
2393	1979	-456.3886	0	52563.3987	0
2394	1979	-456.3943	0	52563.5349	0
2395	1979	-456.4003	0	52563.5119	0
2396	1979	-456.4002	0	52563.4998	0
2397	1979	-456.3889	0	52563.4929	0
2398	1979	-456.3801	0	52563.4904	0
2399	1979	-456.3724	0	52563.4869	0
2400	1979	-456.3680	0	52563.4865	0
2401	1979	-456.3803	0	52563.3353	0
2402	1979	-456.3636	0	52563.4263	0
2403	1979	-456.3495	0	52563.5364	0
2404	1979	-456.3717	0	52563.5048	0
2405	1979	-456.3755	0	52563.5663	0
2406	1979	-456.3760	0	52563.5882	0
2407	1979	-456.4133	0	52563.3763	0
2408	1979	-456.4481	0	52563.2957	0
2409	1979	-456.4583	0	52563.3395	0
2410	1979	-456.4371	0	52563.3554	0
2411	1979	-456.4200	0	52563.5127	0
2412	1979	-456.4023	0	52563.5696	0
2413	1979	-456.3985	0	52563.6676	0
2414	1979	-456.3986	0	52563.6290	0
2415	1979	-456.3977	0	52563.6119	0
2416	1979	-456.4018	0	52563.5305	0
2417	1979	-456.4124	0	52563.5006	0
2418	1979	-456.3943	0	52563.6377	0
2419	1979	-456.3648	0	52563.8356	0
2420	1979	-456.3532	0	52563.9093	0
2421	1979	-456.3402	0	52564.0833	0
2422	1979	-456.3400	0	52564.2219	0
2423	1979	-456.3321	0	52564.3440	0
2424	1979	-456.3502	0	52564.2440	0
2425	1979	-456.3736	0	52564.2792	0
2426	1979	-456.4116	0	52564.1452	0
2427	1979	-456.4045	0	52564.2390	0
2428	1979	-456.3770	0	52564.4879	0
2429	1979	-456.3819	0	52564.4370	0
2430	1979	-456.4124	0	52564.2706	0
2431	1979	-456.3936	0	52564.4257	0
2432	1979	-456.3846	0	52564.5547	0
2433	1979	-456.3574	0	52564.5994	0
2434	1979	-456.3805	0	52564.4710	0
2435	1979	-456.3838	0	52564.4213	0
2436	1979	-456.4078	0	52564.2542	0
2437	1979	-456.4485	0	52564.1207	0
2438	1979	-456.4595	0	52564.1434	0
2439	1979	-456.4632	0	52564.2269	0
2440	1979	-456.4593	0	52564.4802	0
2441	1979	-456.4520	0	52564.7233	0
2442	1979	-456.5357	0	52564.5217	0
2443	1979	-456.5785	0	52564.4482	0
2444	1979	-456.5656	0	52564.4898	0
2445	1979	-456.5468	0	52564.5039	0
2446	1979	-456.5220	0	52564.6539	0
2447	1979	-456.5199	0	52564.6381	0
2448	1979	-456.4991	0	52564.7728	0
2449	1979	-456.4765	0	52564.8949	0
2450	1979	-456.4481	0	52565.2228	0
2451	1979	-456.4475	0	52565.2057	0
2452	1979	-456.4778	0	52564.9125	0
2453	1979	-456.4954	0	52564.8690	0
2454	1979	-456.4819	0	52564.9941	0
2455	1979	-456.4906	0	52564.8982	0
2456	1979	-456.4995	0	52564.8602	0
2457	1979	-456.4816	0	52564.9178	0
2458	1979	-456.4814	0	52564.9391	0
2459	1979	-456.4758	0	52565.0176	0
