1350	1983	-465.7166	0	52447.3964	0
1351	1983	-465.7166	0	52447.3972	0
1352	1983	-465.7165	0	52447.3934	0
1353	1983	-465.7170	0	52447.3727	0
1354	1983	-465.7169	0	52447.3740	0
1355	1983	-465.7168	0	52447.3745	0
1356	1983	-465.7170	0	52447.3713	0
1357	1983	-465.7167	0	52447.3702	0
1358	1983	-465.7171	0	52447.3629	0
1359	1983	-465.7172	0	52447.3566	0
1360	1983	-465.7169	0	52447.3580	0
1361	1983	-465.7165	0	52447.3585	0
1362	1983	-465.7158	0	52447.3658	0
1363	1983	-465.7158	0	52447.3687	0
1364	1983	-465.7158	0	52447.3628	0
1365	1983	-465.7158	0	52447.3678	0
1366	1983	-465.7157	0	52447.3591	0
1367	1983	-465.7157	0	52447.3558	0
1368	1983	-465.7159	0	52447.3547	0
1369	1983	-465.7155	0	52447.3576	0
1370	1983	-465.7156	0	52447.3590	0
1371	1983	-465.7157	0	52447.3559	0
1372	1983	-465.7157	0	52447.3512	0
1373	1983	-465.7160	0	52447.3460	0
1374	1983	-465.7161	0	52447.3478	0
1375	1983	-465.7158	0	52447.3483	0
1376	1983	-465.7160	0	52447.3452	0
1377	1983	-465.7161	0	52447.3440	0
1378	1983	-465.7164	0	52447.3474	0
1379	1983	-465.7162	0	52447.3450	0
1380	1983	-465.7161	0	52447.3478	0
1381	1983	-465.7164	0	52447.3454	0
1389	1983	-465.7163	0	52447.3285	0
1390	1983	-465.7163	0	52447.3314	0
1391	1983	-465.7161	0	52447.3360	0
1395	1983	-465.7163	0	52447.3331	0
1396	1983	-465.7163	0	52447.3365	0
1397	1983	-465.7162	0	52447.3341	0
1398	1983	-465.7162	0	52447.3259	0
1399	1983	-465.7165	0	52447.3267	0
1400	1983	-465.7166	0	52447.3270	0
1401	1983	-465.7166	0	52447.3309	0
1402	1983	-465.7166	0	52447.3359	0
1403	1983	-465.7165	0	52447.3233	0
1405	1983	-465.7171	0	52447.3131	0
1406	1983	-465.7169	0	52447.3108	0
1407	1983	-465.7166	0	52447.3137	0
1408	1983	-465.7167	0	52447.3113	0
1418	1983	-465.7166	0	52447.2990	0
1421	1983	-465.7177	0	52447.2738	0
