44	20	-456.0351	0	52601.1709	0
46	20	-456.0326	0	52601.1567	0
47	20	-456.0319	0	52601.1452	0
48	20	-456.0305	0	52601.1505	0
49	20	-456.0289	0	52601.1549	0
50	20	-456.0274	0	52601.1513	0
51	20	-456.0268	0	52601.1419	0
52	20	-456.0274	0	52601.1250	0
53	20	-456.0277	0	52601.1050	0
54	20	-456.0272	0	52601.0886	0
55	20	-456.0269	0	52601.0586	0
56	20	-456.0258	0	52601.0665	0
57	20	-456.0244	0	52601.0721	0
59	20	-456.0228	0	52601.0675	0
60	20	-456.0217	0	52601.0673	0
61	20	-456.0217	0	52601.0583	0
62	20	-456.0216	0	52601.0491	0
63	20	-456.0215	0	52601.0397	0
64	20	-456.0209	0	52601.0332	0
67	20	-456.0206	0	52601.0182	0
