1381	2002	-456.6911	0	52584.4373	0
1382	2002	-456.7028	0	52584.2691	0
1383	2002	-456.7020	0	52584.2131	0
1384	2002	-456.7013	0	52584.1592	0
1385	2002	-456.6585	0	52584.2235	0
1386	2002	-456.6306	0	52584.2498	0
1387	2002	-456.6422	0	52584.1083	0
1388	2002	-456.6324	0	52584.0190	0
1389	2002	-456.6640	0	52583.8752	0
1390	2002	-456.6539	0	52583.7876	0
1391	2002	-456.6352	0	52583.7205	0
1392	2002	-456.6339	0	52583.6607	0
1393	2002	-456.6460	0	52583.5284	0
1394	2002	-456.6570	0	52583.4439	0
1395	2002	-456.6559	0	52583.3396	0
1396	2002	-456.6836	0	52583.1898	0
1397	2002	-456.6879	0	52583.1744	0
1398	2002	-456.7100	0	52583.0957	0
1399	2002	-456.7373	0	52582.8786	0
1400	2002	-456.7458	0	52582.8771	0
1401	2002	-456.7592	0	52582.8413	0
1402	2002	-456.7585	0	52582.7919	0
1403	2002	-456.7826	0	52582.5449	0
1404	2002	-456.7836	0	52582.4147	0
1405	2002	-456.7624	0	52582.4493	0
1406	2002	-456.7502	0	52582.3869	0
1407	2002	-456.7696	0	52582.2092	0
1408	2002	-456.7583	0	52582.1451	0
1409	2002	-456.7544	0	52582.1255	0
1410	2002	-456.7564	0	52582.0811	0
1411	2002	-456.7742	0	52581.9878	0
1412	2002	-456.8056	0	52581.7953	0
1413	2002	-456.8111	0	52581.8494	0
1414	2002	-456.7939	0	52581.8702	0
1415	2002	-456.8195	0	52581.7226	0
1416	2002	-456.8096	0	52581.7480	0
1417	2002	-456.7876	0	52581.7606	0
1418	2002	-456.7952	0	52581.6480	0
1419	2002	-456.8040	0	52581.5263	0
1420	2002	-456.8174	0	52581.4021	0
1421	2002	-456.8413	0	52581.2359	0
1422	2002	-456.8461	0	52581.2159	0
1423	2002	-456.8674	0	52581.0889	0
1424	2002	-456.8665	0	52581.0432	0
1425	2002	-456.8868	0	52580.9053	0
1426	2002	-456.8858	0	52580.9404	0
1427	2002	-456.8853	0	52580.9150	0
1429	2002	-456.9189	0	52580.6556	0
1430	2002	-456.8739	0	52580.6894	0
1431	2002	-456.8195	0	52580.7456	0
1432	2002	-456.8065	0	52580.6835	0
1433	2002	-456.7978	0	52580.5795	0
1434	2002	-456.8051	0	52580.5006	0
1435	2002	-456.7871	0	52580.4303	0
1436	2002	-456.7883	0	52580.3649	0
1437	2002	-456.8025	0	52580.2996	0
1438	2002	-456.8241	0	52580.1930	0
1439	2002	-456.8666	0	52579.9822	0
1440	2002	-456.8805	0	52580.0388	0
1441	2002	-456.8775	0	52580.0174	0
1442	2002	-456.8922	0	52579.9267	0
1443	2002	-456.8686	0	52579.8949	0
1444	2002	-456.8939	0	52579.7987	0
1445	2002	-456.8957	0	52579.6795	0
1446	2002	-456.9110	0	52579.5484	0
1447	2002	-456.9297	0	52579.4149	0
1448	2002	-456.9379	0	52579.3670	0
1449	2002	-456.9266	0	52579.3969	0
1450	2002	-456.9590	0	52579.2792	0
1451	2002	-456.9553	0	52579.2814	0
1452	2002	-456.9499	0	52579.2411	0
1453	2002	-456.9484	0	52579.2731	0
1454	2002	-456.9518	0	52579.2858	0
1455	2002	-456.9387	0	52579.2941	0
1456	2002	-456.9527	0	52579.2537	0
1457	2002	-456.9720	0	52579.1531	0
1458	2002	-456.9809	0	52579.0710	0
1461	2002	-457.0263	0	52578.5751	0
1462	2002	-456.9990	0	52578.5973	0
1463	2002	-457.0144	0	52578.5144	0
1464	2002	-457.0282	0	52578.3486	0
1465	2002	-457.0208	0	52578.2894	0
1466	2002	-457.0196	0	52578.2229	0
1467	2002	-457.0229	0	52578.1558	0
1468	2002	-456.9922	0	52578.2244	0
1469	2002	-456.9558	0	52578.2995	0
1470	2002	-457.0150	0	52577.9148	0
1471	2002	-457.0543	0	52577.5383	0
1473	2002	-457.0080	0	52577.3094	0
1474	2002	-457.0059	0	52577.2255	0
1475	2002	-456.9662	0	52577.2435	0
1476	2002	-456.9850	0	52577.1593	0
1477	2002	-456.9420	0	52577.1291	0
1478	2002	-456.9107	0	52577.1707	0
1479	2002	-456.9024	0	52577.0918	0
1480	2002	-456.8477	0	52577.0634	0
1481	2002	-456.8085	0	52577.1047	0
1482	2002	-456.7993	0	52577.0251	0
1483	2002	-456.8049	0	52576.8530	0
1484	2002	-456.8017	0	52576.6919	0
1485	2002	-456.7762	0	52576.6328	0
1486	2002	-456.7360	0	52576.6133	0
1487	2002	-456.7312	0	52576.5597	0
1488	2002	-456.7243	0	52576.4442	0
1489	2002	-456.7201	0	52576.3042	0
1490	2002	-456.7103	0	52576.2051	0
1491	2002	-456.7109	0	52576.1201	0
1492	2002	-456.6893	0	52576.0909	0
1493	2002	-456.6648	0	52575.9829	0
1494	2002	-456.6590	0	52575.8446	0
1495	2002	-456.6755	0	52575.6445	0
1496	2002	-456.6650	0	52575.5207	0
1497	2002	-456.6649	0	52575.4269	0
1498	2002	-456.6582	0	52575.3436	0
1499	2002	-456.6470	0	52575.3166	0
1500	2002	-456.6475	0	52575.2072	0
1501	2002	-456.6530	0	52575.2201	0
1502	2002	-456.6492	0	52575.1777	0
1503	2002	-456.6706	0	52575.1142	0
1504	2002	-456.6706	0	52575.0405	0
1505	2002	-456.6584	0	52575.0158	0
1506	2002	-456.6232	0	52575.0082	0
1507	2002	-456.6154	0	52574.9039	0
1508	2002	-456.6085	0	52574.8152	0
1509	2002	-456.6004	0	52574.6775	0
1510	2002	-456.5862	0	52574.6828	0
1512	2002	-456.5747	0	52574.6111	0
1514	2002	-456.5870	0	52574.5940	0
1515	2002	-456.5758	0	52574.6541	0
1516	2002	-456.5701	0	52574.6245	0
1517	2002	-456.5521	0	52574.5114	0
1518	2002	-456.5654	0	52574.3644	0
1519	2002	-456.5931	0	52574.0992	0
1520	2002	-456.6341	0	52573.8415	0
1521	2002	-456.6535	0	52573.6931	0
1522	2002	-456.6506	0	52573.6421	0
1523	2002	-456.6659	0	52573.5179	0
1524	2002	-456.6431	0	52573.5859	0
1525	2002	-456.6736	0	52573.4519	0
1526	2002	-456.6883	0	52573.4038	0
1527	2002	-456.7101	0	52573.2823	0
1528	2002	-456.6627	0	52573.2895	0
1529	2002	-456.6424	0	52573.2974	0
1530	2002	-456.6836	0	52573.1954	0
1531	2002	-456.6691	0	52573.1588	0
1532	2002	-456.6718	0	52573.1485	0
1533	2002	-456.6500	0	52573.1453	0
1534	2002	-456.6448	0	52573.0921	0
1535	2002	-456.6313	0	52573.0736	0
1536	2002	-456.6519	0	52572.9572	0
1537	2002	-456.6601	0	52572.8607	0
1538	2002	-456.6824	0	52572.7147	0
1539	2002	-456.6698	0	52572.7160	0
1540	2002	-456.6665	0	52572.6648	0
1541	2002	-456.6263	0	52572.6457	0
1542	2002	-456.5997	0	52572.6411	0
1543	2002	-456.5609	0	52572.5832	0
1544	2002	-456.5640	0	52572.4502	0
1545	2002	-456.5435	0	52572.4579	0
1546	2002	-456.5534	0	52572.3512	0
1547	2002	-456.5577	0	52572.3700	0
1548	2002	-456.5505	0	52572.3783	0
1549	2002	-456.5236	0	52572.4977	0
1550	2002	-456.5325	0	52572.4871	0
1551	2002	-456.5388	0	52572.4850	0
1552	2002	-456.5476	0	52572.3701	0
1553	2002	-456.5607	0	52572.3295	0
1554	2002	-456.5436	0	52572.3145	0
1555	2002	-456.5540	0	52572.1950	0
1556	2002	-456.5844	0	52571.9792	0
1565	2002	-456.6056	0	52570.9261	0
1566	2002	-456.6482	0	52570.6386	0
1567	2002	-456.6392	0	52570.5374	0
1569	2002	-456.5810	0	52570.3545	0
1576	2002	-456.4833	0	52569.8835	0
1577	2002	-456.4940	0	52569.7368	0
1580	2002	-456.4760	0	52569.2672	0
1584	2002	-456.4272	0	52568.8275	0
1585	2002	-456.4639	0	52568.6641	0
1586	2002	-456.4650	0	52568.6093	0
1590	2002	-456.4091	0	52568.3273	0
1594	2002	-456.3163	0	52567.7873	0
1595	2002	-456.2785	0	52567.7356	0
1596	2002	-456.2907	0	52567.6519	0
1597	2002	-456.2991	0	52567.6248	0
1598	2002	-456.2962	0	52567.4844	0
1599	2002	-456.2498	0	52567.4968	0
1609	2002	-456.0441	0	52566.8102	0
1620	2002	-455.8391	0	52566.3717	0
