1398	2005	-465.6072	0	52448.6797	0
1399	2005	-465.6087	0	52448.6793	0
1400	2005	-465.6095	0	52448.6791	0
1401	2005	-465.6098	0	52448.6790	0
1402	2005	-465.6101	0	52448.6789	0
1403	2005	-465.6105	0	52448.6789	0
1404	2005	-465.6115	0	52448.6787	0
1405	2005	-465.6115	0	52448.6787	0
1406	2005	-465.6111	0	52448.6786	0
1407	2005	-465.6100	0	52448.6788	0
1408	2005	-465.6090	0	52448.6789	0
1409	2005	-465.6078	0	52448.6791	0
1410	2005	-465.6072	0	52448.6793	0
1411	2005	-465.6062	0	52448.6797	0
1412	2005	-465.6055	0	52448.6800	0
1416	2005	-465.6038	0	52448.6807	0
1417	2005	-465.6005	0	52448.6812	0
1418	2005	-465.5995	0	52448.6812	0
1419	2005	-465.5995	0	52448.6809	0
1420	2005	-465.5997	0	52448.6806	0
1421	2005	-465.5992	0	52448.6805	0
1422	2005	-465.5984	0	52448.6804	0
1423	2005	-465.5973	0	52448.6806	0
1424	2005	-465.5955	0	52448.6810	0
1432	2005	-465.5878	0	52448.6815	0
1433	2005	-465.5870	0	52448.6814	0
1434	2005	-465.5862	0	52448.6813	0
1435	2005	-465.5845	0	52448.6816	0
1436	2005	-465.5832	0	52448.6818	0
1437	2005	-465.5826	0	52448.6821	0
1450	2005	-465.5763	0	52448.6699	0
