1418	2009	-465.7567	0	52447.9521	0
1419	2009	-465.7570	0	52447.9538	0
1420	2009	-465.7567	0	52447.9530	0
1421	2009	-465.7562	0	52447.9526	0
1422	2009	-465.7554	0	52447.9510	0
1423	2009	-465.7546	0	52447.9516	0
1424	2009	-465.7537	0	52447.9518	0
1425	2009	-465.7531	0	52447.9504	0
1426	2009	-465.7526	0	52447.9486	0
1427	2009	-465.7524	0	52447.9465	0
1428	2009	-465.7517	0	52447.9484	0
1429	2009	-465.7510	0	52447.9516	0
1430	2009	-465.7508	0	52447.9503	0
1431	2009	-465.7505	0	52447.9497	0
1432	2009	-465.7502	0	52447.9494	0
1433	2009	-465.7499	0	52447.9480	0
1434	2009	-465.7496	0	52447.9474	0
1435	2009	-465.7492	0	52447.9485	0
1436	2009	-465.7489	0	52447.9476	0
1437	2009	-465.7486	0	52447.9485	0
1438	2009	-465.7479	0	52447.9513	0
1439	2009	-465.7474	0	52447.9523	0
1440	2009	-465.7468	0	52447.9538	0
1441	2009	-465.7466	0	52447.9531	0
1442	2009	-465.7463	0	52447.9516	0
1443	2009	-465.7461	0	52447.9522	0
1444	2009	-465.7460	0	52447.9512	0
1445	2009	-465.7459	0	52447.9508	0
1446	2009	-465.7456	0	52447.9506	0
1447	2009	-465.7454	0	52447.9504	0
1448	2009	-465.7449	0	52447.9529	0
1449	2009	-465.7445	0	52447.9538	0
1450	2009	-465.7443	0	52447.9541	0
1451	2009	-465.7441	0	52447.9542	0
1452	2009	-465.7437	0	52447.9541	0
1453	2009	-465.7436	0	52447.9541	0
1454	2009	-465.7433	0	52447.9553	0
1455	2009	-465.7430	0	52447.9557	0
1456	2009	-465.7428	0	52447.9558	0
1458	2009	-465.7421	0	52447.9573	0
1461	2009	-465.7415	0	52447.9591	0
1462	2009	-465.7413	0	52447.9593	0
1463	2009	-465.7411	0	52447.9581	0
1464	2009	-465.7411	0	52447.9576	0
1465	2009	-465.7408	0	52447.9587	0
1466	2009	-465.7406	0	52447.9590	0
1467	2009	-465.7405	0	52447.9591	0
1468	2009	-465.7403	0	52447.9592	0
1472	2009	-465.7390	0	52447.9607	0
1474	2009	-465.7385	0	52447.9623	0
1475	2009	-465.7385	0	52447.9614	0
1476	2009	-465.7386	0	52447.9585	0
1477	2009	-465.7384	0	52447.9562	0
1478	2009	-465.7383	0	52447.9514	0
1479	2009	-465.7380	0	52447.9483	0
1490	2009	-465.7341	0	52447.9343	0
1491	2009	-465.7337	0	52447.9326	0
1492	2009	-465.7334	0	52447.9332	0
1493	2009	-465.7332	0	52447.9322	0
1494	2009	-465.7331	0	52447.9305	0
1495	2009	-465.7328	0	52447.9298	0
1496	2009	-465.7326	0	52447.9283	0
1497	2009	-465.7322	0	52447.9290	0
1498	2009	-465.7317	0	52447.9292	0
1499	2009	-465.7313	0	52447.9294	0
1500	2009	-465.7308	0	52447.9280	0
1501	2009	-465.7304	0	52447.9302	0
1502	2009	-465.7300	0	52447.9310	0
1503	2009	-465.7297	0	52447.9313	0
1504	2009	-465.7296	0	52447.9314	0
1505	2009	-465.7291	0	52447.9327	0
1506	2009	-465.7287	0	52447.9332	0
1507	2009	-465.7286	0	52447.9333	0
1508	2009	-465.7280	0	52447.9359	0
1509	2009	-465.7275	0	52447.9356	0
1510	2009	-465.7271	0	52447.9340	0
1511	2009	-465.7268	0	52447.9334	0
1512	2009	-465.7263	0	52447.9344	0
1513	2009	-465.7260	0	52447.9348	0
1514	2009	-465.7257	0	52447.9349	0
1515	2009	-465.7256	0	52447.9362	0
1516	2009	-465.7254	0	52447.9367	0
1517	2009	-465.7250	0	52447.9368	0
1518	2009	-465.7247	0	52447.9381	0
1519	2009	-465.7246	0	52447.9373	0
1520	2009	-465.7247	0	52447.9357	0
1521	2009	-465.7246	0	52447.9364	0
1522	2009	-465.7245	0	52447.9379	0
1523	2009	-465.7245	0	52447.9385	0
1524	2009	-465.7241	0	52447.9413	0
1536	2009	-465.7186	0	52447.9568	0
1537	2009	-465.7186	0	52447.9534	0
1538	2009	-465.7184	0	52447.9560	0
1539	2009	-465.7177	0	52447.9594	0
1540	2009	-465.7171	0	52447.9643	0
1541	2009	-465.7170	0	52447.9661	0
1542	2009	-465.7167	0	52447.9655	0
1543	2009	-465.7163	0	52447.9651	0
1544	2009	-465.7162	0	52447.9650	0
1545	2009	-465.7162	0	52447.9636	0
1546	2009	-465.7162	0	52447.9580	0
1547	2009	-465.7160	0	52447.9647	0
1548	2009	-465.7161	0	52447.9697	0
1549	2009	-465.7163	0	52447.9715	0
1550	2009	-465.7165	0	52447.9722	0
1551	2009	-465.7166	0	52447.9724	0
1552	2009	-465.7167	0	52447.9712	0
1553	2009	-465.7169	0	52447.9731	0
1554	2009	-465.7171	0	52447.9715	0
1555	2009	-465.7172	0	52447.9732	0
1556	2009	-465.7172	0	52447.9739	0
1557	2009	-465.7173	0	52447.9741	0
1558	2009	-465.7171	0	52447.9765	0
1559	2009	-465.7170	0	52447.9762	0
1560	2009	-465.7172	0	52447.9749	0
1561	2009	-465.7170	0	52447.9767	0
1562	2009	-465.7171	0	52447.9750	0
1563	2009	-465.7173	0	52447.9755	0
1564	2009	-465.7174	0	52447.9745	0
1565	2009	-465.7175	0	52447.9754	0
1566	2009	-465.7174	0	52447.9756	0
1567	2009	-465.7177	0	52447.9758	0
1568	2009	-465.7180	0	52447.9722	0
1569	2009	-465.7182	0	52447.9696	0
1570	2009	-465.7183	0	52447.9662	0
1571	2009	-465.7183	0	52447.9674	0
1572	2009	-465.7182	0	52447.9704	0
1573	2009	-465.7180	0	52447.9738	0
1574	2009	-465.7179	0	52447.9752	0
1575	2009	-465.7179	0	52447.9756	0
1576	2009	-465.7179	0	52447.9770	0
1577	2009	-465.7178	0	52447.9787	0
1578	2009	-465.7181	0	52447.9757	0
1579	2009	-465.7184	0	52447.9734	0
1580	2009	-465.7188	0	52447.9702	0
1581	2009	-465.7189	0	52447.9665	0
1582	2009	-465.7189	0	52447.9663	0
1583	2009	-465.7189	0	52447.9675	0
1584	2009	-465.7190	0	52447.9643	0
1585	2009	-465.7190	0	52447.9643	0
1586	2009	-465.7189	0	52447.9656	0
1587	2009	-465.7188	0	52447.9673	0
1588	2009	-465.7187	0	52447.9667	0
1589	2009	-465.7184	0	52447.9701	0
1590	2009	-465.7181	0	52447.9702	0
1591	2009	-465.7181	0	52447.9690	0
1592	2009	-465.7181	0	52447.9673	0
1593	2009	-465.7182	0	52447.9667	0
1594	2009	-465.7182	0	52447.9652	0
1595	2009	-465.7182	0	52447.9647	0
1596	2009	-465.7182	0	52447.9645	0
1597	2009	-465.7182	0	52447.9644	0
1598	2009	-465.7182	0	52447.9644	0
1599	2009	-465.7182	0	52447.9645	0
1600	2009	-465.7183	0	52447.9620	0
1601	2009	-465.7183	0	52447.9611	0
1602	2009	-465.7183	0	52447.9607	0
1603	2009	-465.7183	0	52447.9619	0
1604	2009	-465.7183	0	52447.9623	0
1605	2009	-465.7183	0	52447.9625	0
1606	2009	-465.7183	0	52447.9626	0
1607	2009	-465.7183	0	52447.9626	0
1608	2009	-465.7181	0	52447.9639	0
1609	2009	-465.7181	0	52447.9656	0
1610	2009	-465.7180	0	52447.9662	0
1611	2009	-465.7179	0	52447.9677	0
1612	2009	-465.7179	0	52447.9670	0
1613	2009	-465.7178	0	52447.9679	0
1614	2009	-465.7178	0	52447.9683	0
1615	2009	-465.7178	0	52447.9684	0
1616	2009	-465.7178	0	52447.9684	0
1617	2009	-465.7180	0	52447.9684	0
1618	2009	-465.7181	0	52447.9672	0
1619	2009	-465.7181	0	52447.9668	0
1620	2009	-465.7181	0	52447.9653	0
1621	2009	-465.7181	0	52447.9660	0
1622	2009	-465.7181	0	52447.9663	0
1623	2009	-465.7180	0	52447.9664	0
1624	2009	-465.7180	0	52447.9665	0
1625	2009	-465.7179	0	52447.9689	0
1626	2009	-465.7178	0	52447.9698	0
1627	2009	-465.7178	0	52447.9701	0
1628	2009	-465.7178	0	52447.9703	0
1629	2009	-465.7176	0	52447.9703	0
1630	2009	-465.7177	0	52447.9690	0
1631	2009	-465.7177	0	52447.9686	0
1632	2009	-465.7177	0	52447.9684	0
1633	2009	-465.7177	0	52447.9683	0
1634	2009	-465.7175	0	52447.9683	0
1635	2009	-465.7175	0	52447.9682	0
1636	2009	-465.7172	0	52447.9694	0
1637	2009	-465.7168	0	52447.9710	0
1638	2009	-465.7167	0	52447.9704	0
1639	2009	-465.7165	0	52447.9702	0
1640	2009	-465.7165	0	52447.9688	0
1641	2009	-465.7164	0	52447.9683	0
1642	2009	-465.7163	0	52447.9669	0
1643	2009	-465.7162	0	52447.9676	0
1644	2009	-465.7160	0	52447.9665	0
1645	2009	-465.7157	0	52447.9661	0
1646	2009	-465.7154	0	52447.9659	0
1647	2009	-465.7151	0	52447.9659	0
1648	2009	-465.7148	0	52447.9670	0
1649	2009	-465.7146	0	52447.9675	0
1650	2009	-465.7146	0	52447.9664	0
1651	2009	-465.7144	0	52447.9672	0
1652	2009	-465.7142	0	52447.9675	0
1653	2009	-465.7142	0	52447.9676	0
1654	2009	-465.7142	0	52447.9677	0
1655	2009	-465.7142	0	52447.9677	0
1656	2009	-465.7142	0	52447.9689	0
1657	2009	-465.7142	0	52447.9694	0
1658	2009	-465.7141	0	52447.9707	0
1659	2009	-465.7140	0	52447.9712	0
1660	2009	-465.7140	0	52447.9714	0
1661	2009	-465.7141	0	52447.9727	0
1662	2009	-465.7140	0	52447.9719	0
1663	2009	-465.7140	0	52447.9717	0
1664	2009	-465.7140	0	52447.9727	0
1665	2009	-465.7140	0	52447.9732	0
1666	2009	-465.7140	0	52447.9733	0
1667	2009	-465.7140	0	52447.9733	0
1668	2009	-465.7140	0	52447.9733	0
1669	2009	-465.7139	0	52447.9745	0
1670	2009	-465.7138	0	52447.9750	0
1671	2009	-465.7138	0	52447.9751	0
1672	2009	-465.7138	0	52447.9751	0
1673	2009	-465.7140	0	52447.9752	0
1674	2009	-465.7140	0	52447.9752	0
1675	2009	-465.7140	0	52447.9764	0
1676	2009	-465.7139	0	52447.9792	0
1677	2009	-465.7137	0	52447.9802	0
1678	2009	-465.7136	0	52447.9806	0
1679	2009	-465.7136	0	52447.9819	0
1680	2009	-465.7135	0	52447.9823	0
1681	2009	-465.7135	0	52447.9825	0
1682	2009	-465.7136	0	52447.9814	0
1683	2009	-465.7135	0	52447.9832	0
1684	2009	-465.7134	0	52447.9839	0
1685	2009	-465.7132	0	52447.9842	0
1686	2009	-465.7131	0	52447.9842	0
1687	2009	-465.7132	0	52447.9830	0
1688	2009	-465.7133	0	52447.9826	0
1689	2009	-465.7133	0	52447.9812	0
1690	2009	-465.7132	0	52447.9831	0
1691	2009	-465.7133	0	52447.9826	0
1692	2009	-465.7133	0	52447.9824	0
1693	2009	-465.7133	0	52447.9823	0
1694	2009	-465.7134	0	52447.9823	0
1695	2009	-465.7134	0	52447.9823	0
1696	2009	-465.7134	0	52447.9822	0
1697	2009	-465.7136	0	52447.9823	0
1698	2009	-465.7136	0	52447.9823	0
1699	2009	-465.7135	0	52447.9822	0
1700	2009	-465.7135	0	52447.9822	0
1701	2009	-465.7135	0	52447.9823	0
1702	2009	-465.7135	0	52447.9823	0
1703	2009	-465.7137	0	52447.9835	0
1704	2009	-465.7137	0	52447.9827	0
1705	2009	-465.7137	0	52447.9812	0
1706	2009	-465.7139	0	52447.9807	0
1707	2009	-465.7142	0	52447.9793	0
1708	2009	-465.7143	0	52447.9788	0
1709	2009	-465.7143	0	52447.9799	0
1710	2009	-465.7143	0	52447.9803	0
1711	2009	-465.7143	0	52447.9792	0
1712	2009	-465.7141	0	52447.9812	0
1713	2009	-465.7142	0	52447.9820	0
1714	2009	-465.7142	0	52447.9834	0
1715	2009	-465.7140	0	52447.9839	0
1716	2009	-465.7139	0	52447.9830	0
1717	2009	-465.7137	0	52447.9837	0
1718	2009	-465.7136	0	52447.9840	0
1719	2009	-465.7136	0	52447.9829	0
1720	2009	-465.7134	0	52447.9825	0
1721	2009	-465.7133	0	52447.9823	0
1722	2009	-465.7132	0	52447.9810	0
1723	2009	-465.7130	0	52447.9805	0
1724	2009	-465.7128	0	52447.9791	0
1725	2009	-465.7127	0	52447.9786	0
1726	2009	-465.7126	0	52447.9772	0
1727	2009	-465.7125	0	52447.9766	0
1728	2009	-465.7124	0	52447.9765	0
1729	2009	-465.7124	0	52447.9764	0
1730	2009	-465.7124	0	52447.9764	0
1731	2009	-465.7123	0	52447.9740	0
1732	2009	-465.7126	0	52447.9731	0
1733	2009	-465.7127	0	52447.9752	0
1734	2009	-465.7129	0	52447.9749	0
1735	2009	-465.7129	0	52447.9748	0
1736	2009	-465.7130	0	52447.9735	0
1737	2009	-465.7130	0	52447.9743	0
1738	2009	-465.7130	0	52447.9734	0
1739	2009	-465.7130	0	52447.9730	0
1740	2009	-465.7130	0	52447.9729	0
1741	2009	-465.7132	0	52447.9717	0
1742	2009	-465.7131	0	52447.9724	0
1743	2009	-465.7131	0	52447.9715	0
1744	2009	-465.7130	0	52447.9699	0
1745	2009	-465.7132	0	52447.9694	0
1746	2009	-465.7130	0	52447.9704	0
1749	2009	-465.7129	0	52447.9694	0
