1527	2031	-465.6747	0	52447.8982	0
1528	2031	-465.6751	0	52447.8962	0
1529	2031	-465.6756	0	52447.8852	0
1530	2031	-465.6764	0	52447.8857	0
1531	2031	-465.6767	0	52447.8859	0
1532	2031	-465.6774	0	52447.8847	0
1533	2031	-465.6780	0	52447.8829	0
1534	2031	-465.6781	0	52447.8791	0
1535	2031	-465.6788	0	52447.8827	0
1536	2031	-465.6796	0	52447.8872	0
1537	2031	-465.6802	0	52447.8890	0
1538	2031	-465.6810	0	52447.8898	0
1539	2031	-465.6816	0	52447.8901	0
1540	2031	-465.6823	0	52447.8889	0
1541	2031	-465.6826	0	52447.8856	0
1542	2031	-465.6831	0	52447.8843	0
1543	2031	-465.6837	0	52447.8795	0
1544	2031	-465.6839	0	52447.8793	0
1545	2031	-465.6842	0	52447.8792	0
1546	2031	-465.6843	0	52447.8792	0
1547	2031	-465.6846	0	52447.8809	0
1548	2031	-465.6849	0	52447.8815	0
1549	2031	-465.6851	0	52447.8803	0
1550	2031	-465.6853	0	52447.8784	0
1551	2031	-465.6856	0	52447.8778	0
1552	2031	-465.6861	0	52447.8761	0
1553	2031	-465.6864	0	52447.8786	0
1554	2031	-465.6867	0	52447.8826	0
1555	2031	-465.6872	0	52447.8857	0
1556	2031	-465.6877	0	52447.8839	0
1557	2031	-465.6879	0	52447.8816	0
1558	2031	-465.6883	0	52447.8824	0
1559	2031	-465.6888	0	52447.8857	0
1560	2031	-465.6894	0	52447.8886	0
1561	2031	-465.6899	0	52447.8896	0
1562	2031	-465.6904	0	52447.8886	0
1563	2031	-465.6908	0	52447.8926	0
1564	2031	-465.6912	0	52447.8942	0
1565	2031	-465.6916	0	52447.8919	0
1566	2031	-465.6924	0	52447.8926	0
1572	2031	-465.6954	0	52447.8809	0
