1741	2064	-465.6732	0	52447.9647	0
1742	2064	-465.6734	0	52447.9615	0
1743	2064	-465.6736	0	52447.9575	0
1744	2064	-465.6741	0	52447.9565	0
1745	2064	-465.6748	0	52447.9577	0
1746	2064	-465.6755	0	52447.9624	0
1747	2064	-465.6766	0	52447.9629	0
1748	2064	-465.6781	0	52447.9606	0
1749	2064	-465.6795	0	52447.9587	0
1750	2064	-465.6806	0	52447.9619	0
1751	2064	-465.6812	0	52447.9657	0
1752	2064	-465.6820	0	52447.9659	0
1753	2064	-465.6833	0	52447.9662	0
1754	2064	-465.6844	0	52447.9639	0
1755	2064	-465.6852	0	52447.9656	0
1756	2064	-465.6859	0	52447.9700	0
1757	2064	-465.6868	0	52447.9729	0
1758	2064	-465.6878	0	52447.9742	0
1759	2064	-465.6890	0	52447.9698	0
1760	2064	-465.6902	0	52447.9683	0
1761	2064	-465.6910	0	52447.9714	0
1762	2064	-465.6917	0	52447.9739	0
1763	2064	-465.6923	0	52447.9749	0
1764	2064	-465.6928	0	52447.9752	0
1765	2064	-465.6935	0	52447.9718	0
1766	2064	-465.6941	0	52447.9718	0
1767	2064	-465.6945	0	52447.9754	0
1768	2064	-465.6950	0	52447.9768	0
1769	2064	-465.6956	0	52447.9774	0
1770	2064	-465.6964	0	52447.9765	0
1771	2064	-465.6972	0	52447.9750	0
1772	2064	-465.6977	0	52447.9793	0
1773	2064	-465.6982	0	52447.9822	0
1774	2064	-465.6988	0	52447.9833	0
1775	2064	-465.6991	0	52447.9813	0
1776	2064	-465.6995	0	52447.9782	0
1777	2064	-465.7000	0	52447.9818	0
1778	2064	-465.7003	0	52447.9867	0
1779	2064	-465.7006	0	52447.9886	0
1780	2064	-465.7012	0	52447.9882	0
1781	2064	-465.7020	0	52447.9857	0
1782	2064	-465.7027	0	52447.9860	0
1783	2064	-465.7028	0	52447.9919	0
1784	2064	-465.7030	0	52447.9953	0
1785	2064	-465.7032	0	52447.9977	0
1786	2064	-465.7036	0	52447.9974	0
1787	2064	-465.7040	0	52447.9962	0
1788	2064	-465.7040	0	52447.9991	0
1789	2064	-465.7042	0	52448.0036	0
1790	2064	-465.7045	0	52448.0064	0
1791	2064	-465.7048	0	52448.0074	0
1792	2064	-465.7056	0	52448.0067	0
1793	2064	-465.7059	0	52448.0064	0
1794	2064	-465.7062	0	52448.0108	0
1795	2064	-465.7063	0	52448.0146	0
1796	2064	-465.7065	0	52448.0159	0
1797	2064	-465.7068	0	52448.0143	0
1798	2064	-465.7071	0	52448.0124	0
1799	2064	-465.7072	0	52448.0151	0
1800	2064	-465.7075	0	52448.0150	0
1801	2064	-465.7079	0	52448.0160	0
1802	2064	-465.7083	0	52448.0153	0
1803	2064	-465.7083	0	52448.0161	0
1804	2064	-465.7087	0	52448.0164	0
1805	2064	-465.7088	0	52448.0186	0
1806	2064	-465.7083	0	52448.0248	0
1807	2064	-465.7082	0	52448.0271	0
1808	2064	-465.7083	0	52448.0258	0
1809	2064	-465.7083	0	52448.0263	0
1810	2064	-465.7085	0	52448.0286	0
1811	2064	-465.7082	0	52448.0315	0
1812	2064	-465.7081	0	52448.0315	0
1813	2064	-465.7082	0	52448.0325	0
1814	2064	-465.7084	0	52448.0318	0
1815	2064	-465.7089	0	52448.0316	0
1816	2064	-465.7093	0	52448.0336	0
1817	2064	-465.7092	0	52448.0374	0
1818	2064	-465.7091	0	52448.0398	0
1819	2064	-465.7090	0	52448.0407	0
1820	2064	-465.7092	0	52448.0410	0
1821	2064	-465.7091	0	52448.0431	0
1822	2064	-465.7093	0	52448.0459	0
1823	2064	-465.7096	0	52448.0480	0
1824	2064	-465.7100	0	52448.0477	0
1825	2064	-465.7104	0	52448.0466	0
1826	2064	-465.7104	0	52448.0491	0
1827	2064	-465.7105	0	52448.0511	0
1828	2064	-465.7105	0	52448.0528	0
1829	2064	-465.7107	0	52448.0523	0
1830	2064	-465.7108	0	52448.0532	0
1831	2064	-465.7112	0	52448.0555	0
1832	2064	-465.7113	0	52448.0593	0
1833	2064	-465.7113	0	52448.0626	0
1834	2064	-465.7116	0	52448.0648	0
1835	2064	-465.7121	0	52448.0627	0
1836	2064	-465.7124	0	52448.0619	0
1837	2064	-465.7124	0	52448.0644	0
1838	2064	-465.7123	0	52448.0682	0
1839	2064	-465.7122	0	52448.0715	0
1840	2064	-465.7123	0	52448.0708	0
1841	2064	-465.7128	0	52448.0686	0
1842	2064	-465.7129	0	52448.0687	0
1843	2064	-465.7130	0	52448.0715	0
1844	2064	-465.7131	0	52448.0726	0
1845	2064	-465.7134	0	52448.0720	0
1846	2064	-465.7140	0	52448.0699	0
1847	2064	-465.7144	0	52448.0691	0
1848	2064	-465.7144	0	52448.0707	0
1849	2064	-465.7144	0	52448.0713	0
1850	2064	-465.7143	0	52448.0714	0
1851	2064	-465.7142	0	52448.0705	0
1852	2064	-465.7144	0	52448.0692	0
1853	2064	-465.7145	0	52448.0707	0
1854	2064	-465.7147	0	52448.0712	0
1855	2064	-465.7149	0	52448.0705	0
1856	2064	-465.7155	0	52448.0731	0
1857	2064	-465.7158	0	52448.0732	0
1858	2064	-465.7162	0	52448.0741	0
1859	2064	-465.7162	0	52448.0745	0
1860	2064	-465.7164	0	52448.0755	0
1861	2064	-465.7164	0	52448.0778	0
1862	2064	-465.7166	0	52448.0796	0
1863	2064	-465.7165	0	52448.0821	0
1864	2064	-465.7165	0	52448.0875	0
1865	2064	-465.7167	0	52448.0922	0
1866	2064	-465.7169	0	52448.0958	0
1867	2064	-465.7169	0	52448.0980	0
1868	2064	-465.7171	0	52448.0987	0
1869	2064	-465.7172	0	52448.0981	0
1870	2064	-465.7173	0	52448.0996	0
1871	2064	-465.7171	0	52448.1018	0
1872	2064	-465.7170	0	52448.1035	0
1873	2064	-465.7170	0	52448.1023	0
1874	2064	-465.7172	0	52448.1018	0
1875	2064	-465.7171	0	52448.1077	0
1876	2064	-465.7169	0	52448.1124	0
1877	2064	-465.7168	0	52448.1149	0
1878	2064	-465.7170	0	52448.1141	0
1879	2064	-465.7174	0	52448.1130	0
1880	2064	-465.7177	0	52448.1125	0
1881	2064	-465.7176	0	52448.1156	0
1882	2064	-465.7173	0	52448.1201	0
1883	2064	-465.7171	0	52448.1242	0
1884	2064	-465.7172	0	52448.1224	0
1885	2064	-465.7173	0	52448.1225	0
1886	2064	-465.7171	0	52448.1249	0
1887	2064	-465.7171	0	52448.1274	0
1888	2064	-465.7171	0	52448.1267	0
1889	2064	-465.7171	0	52448.1272	0
1890	2064	-465.7173	0	52448.1248	0
1891	2064	-465.7174	0	52448.1248	0
1892	2064	-465.7171	0	52448.1288	0
1893	2064	-465.7166	0	52448.1334	0
1894	2064	-465.7164	0	52448.1352	0
1895	2064	-465.7165	0	52448.1325	0
1896	2064	-465.7164	0	52448.1323	0
1897	2064	-465.7160	0	52448.1361	0
1898	2064	-465.7157	0	52448.1399	0
1899	2064	-465.7157	0	52448.1413	0
1900	2064	-465.7159	0	52448.1402	0
1901	2064	-465.7161	0	52448.1390	0
1902	2064	-465.7159	0	52448.1408	0
1903	2064	-465.7156	0	52448.1446	0
1904	2064	-465.7152	0	52448.1475	0
1905	2064	-465.7151	0	52448.1477	0
1906	2064	-465.7151	0	52448.1455	0
1907	2064	-465.7150	0	52448.1453	0
1908	2064	-465.7146	0	52448.1483	0
1909	2064	-465.7143	0	52448.1525	0
1910	2064	-465.7141	0	52448.1547	0
1911	2064	-465.7141	0	52448.1540	0
1912	2064	-465.7142	0	52448.1537	0
1913	2064	-465.7138	0	52448.1572	0
1914	2064	-465.7134	0	52448.1608	0
1915	2064	-465.7131	0	52448.1628	0
1916	2064	-465.7128	0	52448.1627	0
1917	2064	-465.7128	0	52448.1627	0
1918	2064	-465.7129	0	52448.1626	0
1919	2064	-465.7127	0	52448.1662	0
1920	2064	-465.7125	0	52448.1697	0
1921	2064	-465.7126	0	52448.1717	0
1922	2064	-465.7129	0	52448.1702	0
1923	2064	-465.7131	0	52448.1696	0
1924	2064	-465.7132	0	52448.1715	0
1925	2064	-465.7133	0	52448.1751	0
1926	2064	-465.7133	0	52448.1778	0
1927	2064	-465.7136	0	52448.1781	0
1928	2064	-465.7141	0	52448.1760	0
1929	2064	-465.7143	0	52448.1773	0
1930	2064	-465.7142	0	52448.1820	0
1931	2064	-465.7143	0	52448.1844	0
1932	2064	-465.7147	0	52448.1853	0
1933	2064	-465.7149	0	52448.1862	0
1934	2064	-465.7150	0	52448.1859	0
1935	2064	-465.7149	0	52448.1884	0
1936	2064	-465.7146	0	52448.1914	0
1937	2064	-465.7144	0	52448.1931	0
1938	2064	-465.7141	0	52448.1923	0
1939	2064	-465.7139	0	52448.1919	0
1940	2064	-465.7137	0	52448.1938	0
1941	2064	-465.7133	0	52448.1964	0
1942	2064	-465.7132	0	52448.2001	0
1943	2064	-465.7136	0	52448.2007	0
1944	2064	-465.7140	0	52448.1996	0
1945	2064	-465.7142	0	52448.2005	0
1946	2064	-465.7143	0	52448.2040	0
1947	2064	-465.7141	0	52448.2086	0
1948	2064	-465.7140	0	52448.2102	0
1949	2064	-465.7142	0	52448.2095	0
1950	2064	-465.7143	0	52448.2092	0
1951	2064	-465.7143	0	52448.2109	0
1952	2064	-465.7142	0	52448.2147	0
1953	2064	-465.7143	0	52448.2167	0
1954	2064	-465.7146	0	52448.2168	0
1955	2064	-465.7147	0	52448.2174	0
1956	2064	-465.7148	0	52448.2188	0
1957	2064	-465.7147	0	52448.2218	0
1958	2064	-465.7144	0	52448.2240	0
1959	2064	-465.7143	0	52448.2248	0
1960	2064	-465.7142	0	52448.2251	0
1961	2064	-465.7141	0	52448.2263	0
1962	2064	-465.7141	0	52448.2286	0
1963	2064	-465.7139	0	52448.2318	0
1964	2064	-465.7140	0	52448.2341	0
1965	2064	-465.7142	0	52448.2332	0
1966	2064	-465.7144	0	52448.2322	0
1967	2064	-465.7144	0	52448.2335	0
1968	2064	-465.7143	0	52448.2369	0
1969	2064	-465.7140	0	52448.2399	0
1970	2064	-465.7140	0	52448.2404	0
1971	2064	-465.7139	0	52448.2399	0
1972	2064	-465.7140	0	52448.2409	0
1973	2064	-465.7137	0	52448.2440	0
1974	2064	-465.7137	0	52448.2463	0
1975	2064	-465.7137	0	52448.2483	0
1976	2064	-465.7140	0	52448.2467	0
1977	2064	-465.7142	0	52448.2466	0
1978	2064	-465.7140	0	52448.2488	0
1979	2064	-465.7138	0	52448.2513	0
1980	2064	-465.7134	0	52448.2533	0
1981	2064	-465.7133	0	52448.2540	0
1982	2064	-465.7133	0	52448.2531	0
1983	2064	-465.7132	0	52448.2538	0
1984	2064	-465.7130	0	52448.2562	0
1985	2064	-465.7127	0	52448.2604	0
1986	2064	-465.7126	0	52448.2613	0
1987	2064	-465.7128	0	52448.2606	0
1988	2064	-465.7129	0	52448.2597	0
1989	2064	-465.7125	0	52448.2620	0
1990	2064	-465.7122	0	52448.2650	0
1991	2064	-465.7118	0	52448.2666	0
1992	2064	-465.7116	0	52448.2682	0
1993	2064	-465.7115	0	52448.2677	0
1994	2064	-465.7113	0	52448.2675	0
1995	2064	-465.7109	0	52448.2710	0
1996	2064	-465.7106	0	52448.2743	0
1997	2064	-465.7105	0	52448.2750	0
1998	2064	-465.7105	0	52448.2737	0
1999	2064	-465.7106	0	52448.2727	0
2000	2064	-465.7102	0	52448.2748	0
2001	2064	-465.7099	0	52448.2771	0
2002	2064	-465.7095	0	52448.2789	0
2003	2064	-465.7092	0	52448.2791	0
2004	2064	-465.7090	0	52448.2801	0
2005	2064	-465.7088	0	52448.2804	0
2006	2064	-465.7085	0	52448.2830	0
2007	2064	-465.7082	0	52448.2854	0
2008	2064	-465.7082	0	52448.2858	0
2009	2064	-465.7083	0	52448.2849	0
2010	2064	-465.7083	0	52448.2831	0
2011	2064	-465.7079	0	52448.2848	0
2012	2064	-465.7076	0	52448.2884	0
2013	2064	-465.7071	0	52448.2917	0
2014	2064	-465.7067	0	52448.2919	0
2015	2064	-465.7063	0	52448.2919	0
2016	2064	-465.7060	0	52448.2923	0
2017	2064	-465.7056	0	52448.2963	0
2018	2064	-465.7052	0	52448.2992	0
2019	2064	-465.7051	0	52448.2988	0
2020	2064	-465.7049	0	52448.2976	0
2021	2064	-465.7047	0	52448.2957	0
2022	2064	-465.7042	0	52448.2973	0
2023	2064	-465.7038	0	52448.2993	0
2024	2064	-465.7032	0	52448.3015	0
2025	2064	-465.7027	0	52448.3027	0
2026	2064	-465.7025	0	52448.3022	0
2027	2064	-465.7024	0	52448.3024	0
2028	2064	-465.7020	0	52448.3057	0
2029	2064	-465.7016	0	52448.3092	0
2030	2064	-465.7015	0	52448.3114	0
2031	2064	-465.7015	0	52448.3117	0
2032	2064	-465.7013	0	52448.3113	0
2033	2064	-465.7010	0	52448.3134	0
2034	2064	-465.7005	0	52448.3168	0
2035	2064	-465.7001	0	52448.3185	0
2036	2064	-465.6996	0	52448.3190	0
2037	2064	-465.6994	0	52448.3174	0
2038	2064	-465.6993	0	52448.3181	0
2039	2064	-465.6991	0	52448.3201	0
2040	2064	-465.6989	0	52448.3230	0
2041	2064	-465.6988	0	52448.3244	0
2042	2064	-465.6989	0	52448.3245	0
2043	2064	-465.6989	0	52448.3237	0
2044	2064	-465.6986	0	52448.3246	0
2045	2064	-465.6981	0	52448.3274	0
2046	2064	-465.6976	0	52448.3289	0
2047	2064	-465.6973	0	52448.3290	0
2048	2064	-465.6971	0	52448.3285	0
2049	2064	-465.6968	0	52448.3296	0
2050	2064	-465.6965	0	52448.3342	0
2051	2064	-465.6962	0	52448.3387	0
2052	2064	-465.6960	0	52448.3412	0
2053	2064	-465.6960	0	52448.3401	0
2054	2064	-465.6958	0	52448.3387	0
2055	2064	-465.6955	0	52448.3414	0
2056	2064	-465.6953	0	52448.3448	0
2057	2064	-465.6950	0	52448.3472	0
2058	2064	-465.6946	0	52448.3489	0
2059	2064	-465.6943	0	52448.3490	0
2060	2064	-465.6941	0	52448.3498	0
2061	2064	-465.6938	0	52448.3532	0
2062	2064	-465.6937	0	52448.3567	0
2063	2064	-465.6937	0	52448.3579	0
2064	2064	-465.6938	0	52448.3568	0
2065	2064	-465.6938	0	52448.3567	0
2066	2064	-465.6937	0	52448.3589	0
2067	2064	-465.6934	0	52448.3616	0
2068	2064	-465.6931	0	52448.3636	0
2069	2064	-465.6930	0	52448.3640	0
2070	2064	-465.6928	0	52448.3633	0
2071	2064	-465.6926	0	52448.3641	0
2072	2064	-465.6925	0	52448.3680	0
2073	2064	-465.6925	0	52448.3706	0
2074	2064	-465.6924	0	52448.3718	0
2075	2064	-465.6925	0	52448.3718	0
2076	2064	-465.6926	0	52448.3715	0
2077	2064	-465.6927	0	52448.3738	0
2078	2064	-465.6929	0	52448.3763	0
2079	2064	-465.6928	0	52448.3783	0
2080	2064	-465.6926	0	52448.3790	0
2081	2064	-465.6927	0	52448.3792	0
2082	2064	-465.6925	0	52448.3806	0
2083	2064	-465.6924	0	52448.3839	0
2084	2064	-465.6923	0	52448.3857	0
2085	2064	-465.6925	0	52448.3870	0
2086	2064	-465.6928	0	52448.3857	0
2087	2064	-465.6929	0	52448.3852	0
2088	2064	-465.6928	0	52448.3883	0
2089	2064	-465.6927	0	52448.3908	0
2090	2064	-465.6925	0	52448.3936	0
2091	2064	-465.6924	0	52448.3940	0
2092	2064	-465.6924	0	52448.3944	0
2093	2064	-465.6922	0	52448.3965	0
2094	2064	-465.6920	0	52448.4001	0
2095	2064	-465.6919	0	52448.4026	0
2096	2064	-465.6919	0	52448.4035	0
2097	2064	-465.6921	0	52448.4035	0
2098	2064	-465.6922	0	52448.4043	0
2099	2064	-465.6922	0	52448.4071	0
2100	2064	-465.6922	0	52448.4105	0
2101	2064	-465.6920	0	52448.4123	0
2102	2064	-465.6919	0	52448.4123	0
2103	2064	-465.6919	0	52448.4117	0
2104	2064	-465.6919	0	52448.4126	0
2105	2064	-465.6917	0	52448.4161	0
2106	2064	-465.6917	0	52448.4195	0
2107	2064	-465.6918	0	52448.4207	0
2108	2064	-465.6919	0	52448.4202	0
2109	2064	-465.6921	0	52448.4208	0
2110	2064	-465.6920	0	52448.4224	0
2111	2064	-465.6918	0	52448.4244	0
2112	2064	-465.6916	0	52448.4276	0
2113	2064	-465.6913	0	52448.4285	0
2114	2064	-465.6912	0	52448.4282	0
2115	2064	-465.6909	0	52448.4300	0
2116	2064	-465.6908	0	52448.4334	0
2117	2064	-465.6907	0	52448.4365	0
2118	2064	-465.6906	0	52448.4376	0
2119	2064	-465.6907	0	52448.4371	0
2120	2064	-465.6906	0	52448.4374	0
2121	2064	-465.6904	0	52448.4399	0
2122	2064	-465.6901	0	52448.4431	0
2123	2064	-465.6898	0	52448.4450	0
2124	2064	-465.6896	0	52448.4460	0
2125	2064	-465.6896	0	52448.4457	0
2126	2064	-465.6895	0	52448.4461	0
2127	2064	-465.6893	0	52448.4492	0
2128	2064	-465.6893	0	52448.4526	0
2129	2064	-465.6894	0	52448.4540	0
2130	2064	-465.6896	0	52448.4545	0
2131	2064	-465.6898	0	52448.4551	0
2132	2064	-465.6899	0	52448.4572	0
2133	2064	-465.6898	0	52448.4606	0
2134	2064	-465.6897	0	52448.4625	0
2135	2064	-465.6896	0	52448.4627	0
2136	2064	-465.6896	0	52448.4625	0
2137	2064	-465.6896	0	52448.4640	0
2138	2064	-465.6896	0	52448.4668	0
2139	2064	-465.6896	0	52448.4698	0
2140	2064	-465.6899	0	52448.4714	0
2141	2064	-465.6903	0	52448.4710	0
2142	2064	-465.6905	0	52448.4717	0
2143	2064	-465.6904	0	52448.4739	0
2144	2064	-465.6902	0	52448.4766	0
2145	2064	-465.6900	0	52448.4780	0
2146	2064	-465.6897	0	52448.4792	0
2147	2064	-465.6898	0	52448.4789	0
2148	2064	-465.6896	0	52448.4800	0
2149	2064	-465.6894	0	52448.4832	0
2150	2064	-465.6892	0	52448.4862	0
2151	2064	-465.6891	0	52448.4877	0
2152	2064	-465.6891	0	52448.4877	0
2153	2064	-465.6891	0	52448.4883	0
2154	2064	-465.6889	0	52448.4899	0
2155	2064	-465.6888	0	52448.4927	0
2156	2064	-465.6884	0	52448.4947	0
2157	2064	-465.6881	0	52448.4952	0
2158	2064	-465.6880	0	52448.4953	0
2159	2064	-465.6880	0	52448.4967	0
2160	2064	-465.6879	0	52448.4993	0
2161	2064	-465.6878	0	52448.5019	0
2162	2064	-465.6879	0	52448.5036	0
2163	2064	-465.6879	0	52448.5036	0
2164	2064	-465.6880	0	52448.5043	0
2165	2064	-465.6879	0	52448.5058	0
2166	2064	-465.6877	0	52448.5080	0
2167	2064	-465.6875	0	52448.5102	0
2168	2064	-465.6874	0	52448.5110	0
2169	2064	-465.6872	0	52448.5109	0
2170	2064	-465.6872	0	52448.5126	0
2171	2064	-465.6870	0	52448.5151	0
2172	2064	-465.6870	0	52448.5183	0
2173	2064	-465.6870	0	52448.5199	0
2174	2064	-465.6871	0	52448.5203	0
2175	2064	-465.6871	0	52448.5206	0
2176	2064	-465.6870	0	52448.5225	0
2177	2064	-465.6869	0	52448.5251	0
2178	2064	-465.6867	0	52448.5277	0
2179	2064	-465.6864	0	52448.5288	0
2180	2064	-465.6863	0	52448.5288	0
2181	2064	-465.6863	0	52448.5299	0
2182	2064	-465.6862	0	52448.5325	0
2183	2064	-465.6864	0	52448.5357	0
2184	2064	-465.6865	0	52448.5373	0
2185	2064	-465.6866	0	52448.5375	0
2186	2064	-465.6867	0	52448.5380	0
2187	2064	-465.6868	0	52448.5402	0
2188	2064	-465.6869	0	52448.5434	0
2189	2064	-465.6869	0	52448.5455	0
2190	2064	-465.6869	0	52448.5461	0
2191	2064	-465.6870	0	52448.5464	0
2192	2064	-465.6871	0	52448.5476	0
2193	2064	-465.6871	0	52448.5500	0
2194	2064	-465.6872	0	52448.5526	0
2195	2064	-465.6875	0	52448.5541	0
2196	2064	-465.6878	0	52448.5545	0
2197	2064	-465.6881	0	52448.5552	0
2198	2064	-465.6882	0	52448.5572	0
2199	2064	-465.6881	0	52448.5601	0
2200	2064	-465.6880	0	52448.5624	0
2201	2064	-465.6879	0	52448.5631	0
2202	2064	-465.6878	0	52448.5633	0
2203	2064	-465.6878	0	52448.5653	0
2204	2064	-465.6877	0	52448.5675	0
2205	2064	-465.6877	0	52448.5703	0
2206	2064	-465.6878	0	52448.5713	0
2207	2064	-465.6879	0	52448.5716	0
2208	2064	-465.6879	0	52448.5723	0
2209	2064	-465.6879	0	52448.5749	0
2210	2064	-465.6877	0	52448.5777	0
2211	2064	-465.6875	0	52448.5796	0
2212	2064	-465.6874	0	52448.5804	0
2213	2064	-465.6873	0	52448.5807	0
2214	2064	-465.6871	0	52448.5827	0
2215	2064	-465.6870	0	52448.5861	0
2216	2064	-465.6871	0	52448.5885	0
2217	2064	-465.6873	0	52448.5898	0
2218	2064	-465.6875	0	52448.5899	0
2219	2064	-465.6874	0	52448.5908	0
2220	2064	-465.6873	0	52448.5931	0
2221	2064	-465.6870	0	52448.5958	0
2222	2064	-465.6869	0	52448.5976	0
2223	2064	-465.6868	0	52448.5986	0
2224	2064	-465.6867	0	52448.5991	0
2225	2064	-465.6865	0	52448.6016	0
2226	2064	-465.6864	0	52448.6042	0
2227	2064	-465.6864	0	52448.6066	0
2228	2064	-465.6865	0	52448.6078	0
2229	2064	-465.6866	0	52448.6082	0
2230	2064	-465.6867	0	52448.6091	0
2231	2064	-465.6866	0	52448.6116	0
2232	2064	-465.6866	0	52448.6143	0
2233	2064	-465.6864	0	52448.6162	0
2234	2064	-465.6863	0	52448.6169	0
2235	2064	-465.6862	0	52448.6176	0
2236	2064	-465.6862	0	52448.6198	0
2237	2064	-465.6861	0	52448.6228	0
2238	2064	-465.6861	0	52448.6250	0
2239	2064	-465.6861	0	52448.6262	0
2240	2064	-465.6862	0	52448.6265	0
2241	2064	-465.6862	0	52448.6276	0
2242	2064	-465.6861	0	52448.6299	0
2243	2064	-465.6859	0	52448.6326	0
2244	2064	-465.6856	0	52448.6344	0
2245	2064	-465.6856	0	52448.6352	0
2246	2064	-465.6854	0	52448.6358	0
2247	2064	-465.6854	0	52448.6379	0
2248	2064	-465.6854	0	52448.6412	0
2249	2064	-465.6854	0	52448.6435	0
2250	2064	-465.6855	0	52448.6448	0
2251	2064	-465.6856	0	52448.6451	0
2252	2064	-465.6857	0	52448.6465	0
2253	2064	-465.6855	0	52448.6480	0
2254	2064	-465.6853	0	52448.6493	0
2255	2064	-465.6850	0	52448.6502	0
2256	2064	-465.6849	0	52448.6505	0
2257	2064	-465.6848	0	52448.6508	0
2258	2064	-465.6846	0	52448.6517	0
2259	2064	-465.6844	0	52448.6531	0
2260	2064	-465.6843	0	52448.6540	0
2261	2064	-465.6844	0	52448.6544	0
2262	2064	-465.6846	0	52448.6546	0
2263	2064	-465.6846	0	52448.6551	0
2264	2064	-465.6845	0	52448.6563	0
2265	2064	-465.6842	0	52448.6574	0
2266	2064	-465.6839	0	52448.6583	0
2267	2064	-465.6838	0	52448.6586	0
2268	2064	-465.6838	0	52448.6589	0
2269	2064	-465.6834	0	52448.6601	0
2270	2064	-465.6831	0	52448.6616	0
2271	2064	-465.6831	0	52448.6625	0
2272	2064	-465.6834	0	52448.6629	0
2273	2064	-465.6838	0	52448.6631	0
2274	2064	-465.6836	0	52448.6640	0
2275	2064	-465.6832	0	52448.6653	0
2276	2064	-465.6827	0	52448.6667	0
2277	2064	-465.6826	0	52448.6677	0
2278	2064	-465.6825	0	52448.6681	0
2279	2064	-465.6825	0	52448.6686	0
2280	2064	-465.6816	0	52448.6702	0
