1758	2068	-463.9414	0	52445.2111	0
1759	2068	-464.0101	0	52445.3592	0
1760	2068	-464.0100	0	52445.3577	0
1761	2068	-463.9946	0	52445.3273	0
1762	2068	-464.0538	0	52445.4532	0
1763	2068	-464.0772	0	52445.5103	0
1764	2068	-464.1070	0	52445.5706	0
1765	2068	-464.0294	0	52445.4061	0
1766	2068	-463.9550	0	52445.2494	0
1767	2068	-463.8138	0	52444.9564	0
1768	2068	-463.7015	0	52444.7195	0
1769	2068	-463.7686	0	52444.8634	0
1770	2068	-463.8897	0	52445.1219	0
1773	2068	-463.9041	0	52445.1551	0
1774	2068	-463.9100	0	52445.1638	0
1775	2068	-463.8542	0	52445.0444	0
1776	2068	-463.8352	0	52445.0016	0
1784	2068	-463.7551	0	52444.8295	0
1790	2068	-463.8490	0	52445.0233	0
1800	2068	-464.0306	0	52445.4179	0
1808	2068	-464.0736	0	52445.5172	0
1810	2068	-464.0646	0	52445.4999	0
1811	2068	-464.0994	0	52445.5743	0
1812	2068	-463.9995	0	52445.3624	0
1813	2068	-463.8994	0	52445.1568	0
1814	2068	-463.8549	0	52445.0696	0
1815	2068	-463.9687	0	52445.3154	0
1816	2068	-464.0272	0	52445.4412	0
1817	2068	-464.0789	0	52445.5464	0
1818	2068	-464.0388	0	52445.4653	0
1819	2068	-464.0410	0	52445.4724	0
1820	2068	-464.0405	0	52445.4736	0
1821	2068	-464.0191	0	52445.4320	0
