1823	2075	-450.3877	0	52614.5979	0
1824	2075	-450.5662	0	52614.4524	0
1825	2075	-450.7667	0	52614.2916	0
1826	2075	-450.9747	0	52614.1136	0
1827	2075	-451.1555	0	52613.9490	0
1828	2075	-451.3047	0	52613.7923	0
1829	2075	-451.4175	0	52613.6463	0
1830	2075	-451.5106	0	52613.5097	0
1831	2075	-451.5960	0	52613.3714	0
1832	2075	-451.6518	0	52613.2399	0
1833	2075	-451.6887	0	52613.1113	0
1834	2075	-451.7092	0	52612.9843	0
1835	2075	-451.7063	0	52612.8588	0
1836	2075	-451.6840	0	52612.7231	0
1837	2075	-451.6463	0	52612.5418	0
1838	2075	-451.5766	0	52612.3177	0
1839	2075	-451.5289	0	52612.1536	0
1840	2075	-451.4572	0	52611.9107	0
1841	2075	-451.2343	0	52611.8485	0
1842	2075	-451.2409	0	52611.4595	0
1843	2075	-451.2031	0	52611.1699	0
1844	2075	-451.1602	0	52610.8874	0
1845	2075	-451.0978	0	52610.6283	0
1846	2075	-451.0302	0	52610.2977	0
1847	2075	-450.9767	0	52610.0483	0
1848	2075	-450.9423	0	52609.8031	0
1849	2075	-450.9004	0	52609.5662	0
1850	2075	-450.8567	0	52609.2869	0
1851	2075	-450.8067	0	52609.0300	0
1852	2075	-450.7648	0	52608.7505	0
1853	2075	-450.7321	0	52608.4752	0
1854	2075	-450.7069	0	52608.2063	0
1855	2075	-450.6793	0	52607.9273	0
1856	2075	-450.6558	0	52607.6788	0
1857	2075	-450.6420	0	52607.4178	0
1858	2075	-450.6096	0	52607.1403	0
1859	2075	-450.5861	0	52606.8612	0
1860	2075	-450.5625	0	52606.5774	0
1861	2075	-450.5215	0	52606.3006	0
1862	2075	-450.4941	0	52605.9636	0
1863	2075	-450.4687	0	52605.7255	0
1864	2075	-450.4395	0	52605.4877	0
1865	2075	-450.4111	0	52605.2108	0
1866	2075	-450.3747	0	52605.0135	0
1867	2075	-450.3294	0	52604.7827	0
1868	2075	-450.2735	0	52604.3985	0
1869	2075	-450.2273	0	52604.1391	0
1870	2075	-450.1804	0	52603.8998	0
1871	2075	-450.1494	0	52603.6237	0
1872	2075	-450.1307	0	52603.3289	0
1873	2075	-450.1189	0	52603.0646	0
1874	2075	-450.1059	0	52602.8237	0
1875	2075	-450.0935	0	52602.5161	0
1876	2075	-450.0810	0	52602.2379	0
1877	2075	-450.0689	0	52601.9823	0
1878	2075	-450.0461	0	52601.7791	0
1879	2075	-450.0333	0	52601.5320	0
1880	2075	-450.0205	0	52601.2165	0
1881	2075	-449.9977	0	52600.9520	0
1882	2075	-449.9686	0	52600.6717	0
1883	2075	-449.9504	0	52600.3971	0
1884	2075	-449.9392	0	52600.1727	0
1885	2075	-449.9166	0	52599.9490	0
1886	2075	-449.8987	0	52599.6530	0
1887	2075	-449.8950	0	52599.3598	0
1888	2075	-449.8891	0	52599.1184	0
1889	2075	-449.8820	0	52598.8766	0
1890	2075	-449.8725	0	52598.5962	0
1892	2075	-449.8605	0	52598.0654	1
1893	2075	-449.8431	0	52597.6853	1
1894	2075	-449.8436	0	52597.4383	1
1895	2075	-449.8505	0	52597.1573	1
1896	2075	-449.8375	0	52596.9846	1
1897	2075	-449.8302	0	52596.7280	1
1898	2075	-449.8339	0	52596.3729	1
1899	2075	-449.8386	0	52596.1670	1
1900	2075	-449.8342	0	52595.9736	1
1901	2075	-449.8258	0	52595.6966	1
1902	2075	-449.8126	0	52595.4061	1
1903	2075	-449.7927	0	52595.0399	1
1904	2075	-449.7714	0	52594.8702	1
1905	2075	-449.7440	0	52594.5883	1
1906	2075	-449.7168	0	52594.4024	1
1907	2075	-449.6908	0	52594.1797	1
1908	2075	-449.6701	0	52593.8931	1
1909	2075	-449.6401	0	52593.6521	1
1910	2075	-449.6092	0	52593.4755	1
1911	2075	-449.5919	0	52593.2227	1
1912	2075	-449.5771	0	52592.9630	1
1913	2075	-449.5433	0	52592.7242	1
1914	2075	-449.5363	0	52592.5691	1
1915	2075	-449.5414	0	52592.3916	1
1916	2075	-449.5475	0	52592.1256	1
1917	2075	-449.5498	0	52591.8766	1
1918	2075	-449.5489	0	52591.6861	1
1919	2075	-449.5470	0	52591.3808	1
1920	2075	-449.5505	0	52591.0545	1
1921	2075	-449.5498	0	52590.8304	1
1922	2075	-449.5430	0	52590.5599	1
1923	2075	-449.5349	0	52590.2972	1
1924	2075	-449.5350	0	52590.0639	1
1925	2075	-449.5390	0	52589.8410	1
1926	2075	-449.5501	0	52589.6493	1
1927	2075	-449.5833	0	52589.3181	1
1928	2075	-449.6206	0	52589.0508	1
1929	2075	-449.6692	0	52588.7462	1
1930	2075	-449.7140	0	52588.5793	1
1931	2075	-449.7467	0	52588.3706	1
1932	2075	-449.7713	0	52588.1455	1
1933	2075	-449.7918	0	52587.9427	1
1934	2075	-449.8197	0	52587.6840	1
1935	2075	-449.8517	0	52587.4656	1
1936	2075	-449.8722	0	52587.1630	1
1937	2075	-449.8836	0	52586.8584	1
1938	2075	-449.8869	0	52586.6195	1
1939	2075	-449.8854	0	52586.3695	1
1940	2075	-449.8959	0	52586.1830	1
1941	2075	-449.9129	0	52585.9493	1
1942	2075	-449.9354	0	52585.6955	1
1943	2075	-449.9449	0	52585.4685	1
1944	2075	-449.9774	0	52585.0330	1
1945	2075	-450.0149	0	52584.8812	1
1946	2075	-450.0566	0	52584.8695	1
1947	2075	-450.0856	0	52584.6557	1
1948	2075	-450.0967	0	52584.4373	1
1949	2075	-450.1032	0	52584.1020	1
1950	2075	-450.0948	0	52583.8331	1
1951	2075	-450.0650	0	52583.5881	1
1952	2075	-450.0354	0	52583.3898	1
1953	2075	-450.0261	0	52583.0901	1
1954	2075	-450.0039	0	52582.8685	1
1955	2075	-449.9967	0	52582.6762	1
1956	2075	-449.9788	0	52582.4129	1
1957	2075	-449.9648	0	52582.2420	1
1958	2075	-449.9487	0	52582.0233	1
1959	2075	-449.9358	0	52581.8280	1
1960	2075	-449.9286	0	52581.5552	1
1961	2075	-449.9357	0	52581.3375	1
1962	2075	-449.9380	0	52581.1371	1
1963	2075	-449.9249	0	52580.9436	1
1964	2075	-449.9184	0	52580.7080	1
1965	2075	-449.9255	0	52580.4978	1
1966	2075	-449.9347	0	52580.2094	1
1967	2075	-449.9408	0	52579.9777	1
1968	2075	-449.9618	0	52579.7221	1
1969	2075	-449.9688	0	52579.4084	1
1970	2075	-449.9794	0	52579.0716	1
1971	2075	-450.0044	0	52578.8172	1
1972	2075	-450.0243	0	52578.5454	1
1973	2075	-450.0422	0	52578.2641	1
1974	2075	-450.0632	0	52578.0750	1
1975	2075	-450.0803	0	52577.7754	1
1976	2075	-450.1024	0	52577.5760	1
1977	2075	-450.1249	0	52577.3664	1
1978	2075	-450.1429	0	52577.1018	1
1979	2075	-450.1724	0	52576.8641	1
1980	2075	-450.1970	0	52576.4328	1
1981	2075	-450.1941	0	52576.2295	1
1982	2075	-450.2003	0	52576.1138	1
1983	2075	-450.2065	0	52575.9786	1
1984	2075	-450.2002	0	52575.7825	1
1985	2075	-450.1913	0	52575.5611	1
1986	2075	-450.1982	0	52575.2783	1
1987	2075	-450.2046	0	52575.0236	1
1988	2075	-450.2050	0	52574.6684	1
1989	2075	-450.2199	0	52574.4374	1
1990	2075	-450.2318	0	52574.2527	1
1991	2075	-450.2523	0	52574.0290	1
1992	2075	-450.2671	0	52573.9009	1
1993	2075	-450.2802	0	52573.7507	1
1994	2075	-450.2963	0	52573.4251	1
1995	2075	-450.3252	0	52573.1431	1
1996	2075	-450.3419	0	52572.9335	1
1997	2075	-450.3664	0	52572.6932	1
1998	2075	-450.4038	0	52572.4978	1
1999	2075	-450.4199	0	52572.2016	1
2000	2075	-450.4408	0	52571.9234	1
2001	2075	-450.4612	0	52571.5912	1
2002	2075	-450.4878	0	52571.4188	1
2003	2075	-450.5068	0	52571.3027	1
2004	2075	-450.5192	0	52571.1492	1
2005	2075	-450.5294	0	52570.9801	1
2006	2075	-450.5562	0	52570.6825	1
2007	2075	-450.5574	0	52570.3316	1
2008	2075	-450.5821	0	52569.9597	1
2009	2075	-450.5940	0	52569.6393	1
2010	2075	-450.6147	0	52569.4026	1
2011	2075	-450.6367	0	52569.1318	1
2012	2075	-450.6552	0	52568.9773	1
2013	2075	-450.6811	0	52568.7994	1
2014	2075	-450.7015	0	52568.3504	1
2015	2075	-450.7231	0	52568.1248	1
2016	2075	-450.7401	0	52567.9861	1
2017	2075	-450.7677	0	52567.8110	1
2018	2075	-450.7919	0	52567.4186	1
2019	2075	-450.7965	0	52567.0727	1
2020	2075	-450.8074	0	52566.8162	1
2021	2075	-450.8179	0	52566.5227	1
2022	2075	-450.8303	0	52566.2815	1
2023	2075	-450.8401	0	52565.9914	1
2024	2075	-450.8499	0	52565.7491	1
2025	2075	-450.8680	0	52565.3818	1
2026	2075	-450.8848	0	52565.1844	1
2027	2075	-450.8995	0	52564.9747	1
2028	2075	-450.9253	0	52564.6890	1
2029	2075	-450.9574	0	52564.4439	1
2030	2075	-451.0028	0	52564.2911	1
2031	2075	-451.0302	0	52564.1706	1
2032	2075	-451.0558	0	52563.9114	1
2033	2075	-451.0767	0	52563.8247	1
2034	2075	-451.0937	0	52563.7260	1
2035	2075	-451.1189	0	52563.4717	1
2036	2075	-451.1577	0	52563.0788	1
2037	2075	-451.1944	0	52562.9421	1
2038	2075	-451.2267	0	52562.5124	1
2039	2075	-451.2587	0	52562.1997	1
2040	2075	-451.2816	0	52561.9339	1
2041	2075	-451.3123	0	52561.6878	1
2042	2075	-451.3484	0	52561.4442	1
2043	2075	-451.3856	0	52561.2853	1
2044	2075	-451.4230	0	52561.1569	1
2045	2075	-451.4625	0	52560.9572	1
2046	2075	-451.5150	0	52560.7289	1
2047	2075	-451.5476	0	52560.5713	1
2048	2075	-451.5733	0	52560.4398	1
2049	2075	-451.6170	0	52560.1525	1
2050	2075	-451.6550	0	52559.8016	1
2051	2075	-451.6823	0	52559.6782	1
2052	2075	-451.7008	0	52559.4722	1
2053	2075	-451.7313	0	52559.2336	1
2054	2075	-451.7433	0	52559.0689	1
2055	2075	-451.7605	0	52559.0166	1
2056	2075	-451.7889	0	52558.7454	1
2057	2075	-451.8123	0	52558.5670	1
2058	2075	-451.8303	0	52558.4217	1
2059	2075	-451.8465	0	52558.1111	1
2060	2075	-451.8731	0	52557.7339	1
2061	2075	-451.8711	0	52557.5995	1
2062	2075	-451.8566	0	52557.4687	1
2063	2075	-451.8721	0	52557.1544	1
2064	2075	-451.8775	0	52556.9549	1
2065	2075	-451.8995	0	52556.6145	1
2066	2075	-451.9063	0	52556.4031	1
2067	2075	-451.9193	0	52556.0532	1
2068	2075	-451.9213	0	52555.7405	1
2069	2075	-451.9341	0	52555.5394	1
2070	2075	-451.9639	0	52555.2871	1
2071	2075	-451.9740	0	52555.2003	1
2072	2075	-451.9769	0	52555.0817	1
2073	2075	-451.9890	0	52554.8549	1
2074	2075	-451.9938	0	52554.5853	1
2075	2075	-452.0079	0	52554.2979	1
2076	2075	-451.9976	0	52554.0996	1
2077	2075	-452.0204	0	52553.7388	1
2078	2075	-452.0403	0	52553.4110	1
2079	2075	-452.0481	0	52553.2002	1
2080	2075	-452.0613	0	52552.9280	1
2081	2075	-452.0517	0	52552.7311	1
2082	2075	-452.0614	0	52552.4630	1
2083	2075	-452.0756	0	52552.2723	1
2084	2075	-452.0665	0	52551.9995	1
2085	2075	-452.0647	0	52551.8022	1
2086	2075	-452.0786	0	52551.4249	1
2087	2075	-452.0986	0	52551.1877	1
2088	2075	-452.1219	0	52551.0049	1
2089	2075	-452.1609	0	52550.7385	1
2090	2075	-452.2074	0	52550.5442	1
2091	2075	-452.2680	0	52550.4885	1
2092	2075	-452.3214	0	52550.3741	1
2093	2075	-452.3718	0	52550.1254	1
2094	2075	-452.4232	0	52550.0473	1
2095	2075	-452.4761	0	52549.9197	1
2096	2075	-452.5287	0	52549.8879	1
2097	2075	-452.5954	0	52549.6694	1
2098	2075	-452.6704	0	52549.6009	1
2099	2075	-452.7444	0	52549.4796	1
2100	2075	-452.8031	0	52549.3341	1
2101	2075	-452.8415	0	52549.2907	1
2102	2075	-452.8872	0	52549.2862	1
2103	2075	-452.9207	0	52549.2927	1
2104	2075	-452.9795	0	52549.1954	1
2105	2075	-453.0286	0	52549.1686	1
2106	2075	-453.0620	0	52549.1631	1
2107	2075	-453.1015	0	52548.9471	1
2108	2075	-453.1138	0	52548.7592	1
2109	2075	-453.1175	0	52548.6923	1
2110	2075	-453.1352	0	52548.4456	1
2111	2075	-453.1579	0	52548.2491	1
2112	2075	-453.1674	0	52548.0650	1
2113	2075	-453.1703	0	52548.0010	1
2114	2075	-453.1534	0	52547.9789	1
2115	2075	-453.1453	0	52547.7468	1
2116	2075	-453.0950	0	52547.6569	1
2117	2075	-453.0141	0	52547.6179	1
2118	2075	-452.9364	0	52547.8333	1
2119	2075	-452.8925	0	52547.5686	1
2120	2075	-452.8558	0	52547.3535	1
2121	2075	-452.7766	0	52547.3818	1
2122	2075	-452.7298	0	52547.1597	1
2123	2075	-452.6608	0	52547.0708	1
2124	2075	-452.5553	0	52547.1462	1
2125	2075	-452.4940	0	52546.9405	1
2126	2075	-452.3760	0	52546.8513	1
2127	2075	-452.2841	0	52546.5776	1
2128	2075	-452.1893	0	52546.3462	1
2129	2075	-452.0927	0	52546.2543	1
2130	2075	-451.9832	0	52545.9750	1
2131	2075	-451.8717	0	52545.6178	1
2132	2075	-451.7961	0	52545.3594	1
2135	2075	-451.4974	0	52544.2340	0
2136	2075	-451.4215	0	52543.9479	0
