1872	2086	-1374.4487	0	54189.0912	0
1873	2086	-1197.9256	0	53891.9126	0
1874	2086	-2291.6595	0	55654.5317	0
1878	2086	-1200.6891	0	53895.5953	0
1879	2086	172.5677	0	51591.6402	0
1880	2086	-2405.1451	0	55924.2010	0
1881	2086	181.3470	0	51577.3058	0
1882	2086	-36.5924	0	51944.9084	0
1883	2086	1239.3334	0	49853.9088	0
1884	2086	-38.9982	0	51951.3919	0
1885	2086	-138.2505	0	52116.4572	0
1886	2086	-166.0360	0	52162.1435	0
1887	2086	-195.3701	0	52218.0522	0
1888	2086	-204.5842	0	52235.9471	0
1889	2086	-215.5461	0	52255.0410	0
1890	2086	-218.2687	0	52259.2144	0
1891	2086	-216.8508	0	52257.3517	0
1892	2086	-193.9768	0	52219.9027	0
1893	2086	-182.3945	0	52200.5386	0
1895	2086	-179.2655	0	52197.2010	0
1896	2086	-167.9255	0	52179.3598	0
1897	2086	-151.4870	0	52153.0039	0
1898	2086	-144.9881	0	52142.8811	0
1899	2086	-166.5775	0	52178.9996	0
1900	2086	-629.4086	0	52932.3701	0
1901	2086	2274.6174	0	48208.7345	0
1902	2086	-65.9596	0	52016.1304	0
1903	2086	-110.2202	0	52090.2556	0
1904	2086	-133.2765	0	52128.2180	0
1905	2086	-112.1453	0	52096.4334	0
1906	2086	-238.1268	0	52299.7406	0
1908	2086	-260.1897	0	52336.0387	0
1909	2086	-205.8674	0	52250.2888	0
1910	2086	-184.1008	0	52216.3437	0
1913	2086	-277.5666	0	52366.5286	0
1914	2086	-212.9964	0	52266.5856	0
1915	2086	-157.8097	0	52181.6182	0
1916	2086	-239.7351	0	52311.5518	0
1917	2086	-268.0479	0	52356.2473	0
1918	2086	-220.6217	0	52283.0192	0
1919	2086	-181.6261	0	52223.3408	0
1920	2086	-91.6865	0	52080.9031	0
1921	2086	-130.0015	0	52144.3009	0
1922	2086	-102.7986	0	52099.5586	0
1924	2086	-111.9780	0	52119.2689	0
1925	2086	-76.1761	0	52060.5506	0
1926	2086	-122.6368	0	52136.6280	0
1927	2086	-98.3604	0	52098.1814	0
1928	2086	-140.1104	0	52165.3293	0
1929	2086	-246.6832	0	52329.4055	0
1930	2086	-192.8708	0	52247.5831	0
1931	2086	-173.5720	0	52218.0172	0
1932	2086	-244.0704	0	52325.8242	0
1937	2086	-163.0635	0	52201.5665	0
1938	2086	-125.6946	0	52144.6926	0
1939	2086	-131.3404	0	52153.0161	0
1940	2086	-232.1020	0	52307.1332	0
1941	2086	-187.8184	0	52239.7298	0
1942	2086	-175.3904	0	52220.2273	0
1946	2086	-141.8583	0	52167.6800	0
1947	2086	-271.9929	0	52365.7830	0
1948	2086	-656.7127	0	52955.0569	0
1949	2086	-42.7779	0	52011.2509	0
1950	2086	-651.9836	0	52948.6906	0
1951	2086	-583.9496	0	52852.7631	0
1970	2086	-648.7901	0	52973.3885	0
1971	2086	-636.8160	0	52952.5782	0
1975	2086	-621.4842	0	52927.1573	0
1981	2086	-602.1086	0	52891.9312	0
1984	2086	-620.7438	0	52926.1855	0
1991	2086	-560.2967	0	52824.9254	0
2008	2086	-630.0661	0	52948.5723	0
2009	2086	-638.5440	0	52962.5753	0
2031	2086	-547.7833	0	52805.3881	0
2034	2086	-548.8650	0	52809.8399	0
2046	2086	-543.1458	0	52802.4974	0
2047	2086	-735.9344	0	53131.2925	0
2048	2086	-1655.9135	0	54697.1124	0
2049	2086	-8925.9142	0	67171.0585	0
2050	2086	3025.0325	0	46649.3508	0
2051	2086	3259.5800	0	46261.3379	0
2052	2086	5068.3547	0	43144.8654	0
