1877	2090	-452.7140	0	52523.2845	0
1878	2090	-452.6995	0	52522.8795	0
1879	2090	-452.6210	0	52523.6398	0
1880	2090	-452.5715	0	52523.4302	0
1881	2090	-452.5193	0	52522.6929	0
1882	2090	-452.4111	0	52521.8046	0
1883	2090	-452.3726	0	52521.0702	0
1884	2090	-452.3157	0	52521.0127	0
1885	2090	-452.2277	0	52520.9894	0
1886	2090	-452.1234	0	52520.7695	0
1887	2090	-452.0066	0	52521.4855	0
1888	2090	-451.8919	0	52521.1439	0
1889	2090	-451.8023	0	52521.3970	0
1890	2090	-451.7438	0	52521.0956	0
1891	2090	-451.6594	0	52521.3751	0
1892	2090	-451.6103	0	52520.8681	0
1893	2090	-451.5369	0	52520.4686	0
1894	2090	-451.4125	0	52520.6897	0
1895	2090	-451.3086	0	52520.9671	0
1905	2090	-450.2642	0	52520.0063	0
1907	2090	-450.1492	0	52519.4610	0
1909	2090	-449.9170	0	52519.0364	0
1910	2090	-449.8071	0	52519.1358	0
1911	2090	-449.6960	0	52519.7600	0
1912	2090	-449.5983	0	52520.1828	0
1913	2090	-449.5336	0	52519.9317	0
1923	2090	-448.9827	0	52519.9386	0
1924	2090	-448.9317	0	52519.9247	0
1925	2090	-448.9161	0	52519.7192	0
1926	2090	-448.9173	0	52520.0468	0
1927	2090	-448.9015	0	52519.7611	0
1928	2090	-448.8871	0	52519.4442	0
1929	2090	-448.8506	0	52519.1047	0
1930	2090	-448.8264	0	52518.7678	0
1931	2090	-448.7970	0	52518.6414	0
1932	2090	-448.7285	0	52518.5836	0
1933	2090	-448.6945	0	52518.3517	0
1934	2090	-448.6532	0	52518.6803	0
1935	2090	-448.6018	0	52519.0024	0
1936	2090	-448.5461	0	52518.9119	0
1937	2090	-448.4585	0	52518.4377	0
1938	2090	-448.3512	0	52518.0297	0
1939	2090	-448.2919	0	52518.5090	0
1940	2090	-448.2008	0	52519.0760	0
1941	2090	-448.1235	0	52519.2811	0
1942	2090	-448.0892	0	52519.5592	0
1943	2090	-447.9701	0	52519.6350	0
1944	2090	-447.9110	0	52519.8623	0
1945	2090	-447.9083	0	52519.5321	0
1946	2090	-447.9202	0	52519.8209	0
1947	2090	-447.9173	0	52520.1228	0
1948	2090	-447.8048	0	52520.4074	0
1950	2090	-447.5989	0	52521.2015	0
1951	2090	-447.5288	0	52521.5647	0
1952	2090	-447.3694	0	52521.0481	0
1953	2090	-447.2762	0	52521.8622	0
1957	2090	-446.8651	0	52516.5465	0
