1894	2096	-451.1917	0	52546.0196	0
1895	2096	-451.2287	0	52545.5498	0
1896	2096	-451.2208	0	52545.5314	0
1897	2096	-451.2005	0	52545.9451	0
1898	2096	-451.1744	0	52545.9498	0
1899	2096	-451.1447	0	52545.9502	0
1900	2096	-451.1313	0	52545.9450	0
1901	2096	-451.0946	0	52545.9379	0
1902	2096	-451.0767	0	52545.9354	0
1903	2096	-451.0544	0	52545.9293	0
1904	2096	-451.0471	0	52545.9274	0
1905	2096	-451.0573	0	52545.8074	0
1906	2096	-451.0618	0	52545.7615	0
1907	2096	-451.0486	0	52545.7438	0
1908	2096	-451.0303	0	52545.8561	0
1909	2096	-451.0084	0	52545.8954	0
1910	2096	-450.9836	0	52545.7875	0
1911	2096	-450.9480	0	52545.8604	0
1912	2096	-450.9198	0	52545.8887	0
1913	2096	-450.8746	0	52546.1325	0
1914	2096	-450.8607	0	52546.2231	0
1915	2096	-450.8425	0	52546.3740	0
1916	2096	-450.8207	0	52546.4285	0
1917	2096	-450.8151	0	52546.4446	0
1918	2096	-450.8144	0	52546.3312	0
1919	2096	-450.8195	0	52546.2864	0
1920	2096	-450.8408	0	52546.2717	0
1921	2096	-450.8590	0	52546.5041	0
1922	2096	-450.9025	0	52546.2389	0
1923	2096	-450.9184	0	52546.1404	0
1924	2096	-450.9355	0	52545.9868	0
1925	2096	-450.9566	0	52545.9270	0
1926	2096	-450.9775	0	52545.9095	0
1927	2096	-450.9884	0	52546.0242	0
1928	2096	-451.0039	0	52545.9496	0
