1972	2119	-465.5598	0	52448.6821	0
1973	2119	-465.5588	0	52448.6818	0
1974	2119	-465.5581	0	52448.6813	0
1975	2119	-465.5579	0	52448.6809	0
1976	2119	-465.5581	0	52448.6802	0
1977	2119	-465.5590	0	52448.6794	0
1978	2119	-465.5593	0	52448.6786	0
1979	2119	-465.5593	0	52448.6782	0
1980	2119	-465.5587	0	52448.6780	0
1981	2119	-465.5585	0	52448.6778	0
1982	2119	-465.5581	0	52448.6773	0
1983	2119	-465.5582	0	52448.6769	0
1984	2119	-465.5584	0	52448.6766	0
1985	2119	-465.5588	0	52448.6764	0
1993	2119	-465.5625	0	52448.6734	0
1994	2119	-465.5622	0	52448.6731	0
1997	2119	-465.5626	0	52448.6716	0
2003	2119	-465.5611	0	52448.6715	0
2004	2119	-465.5603	0	52448.6712	0
2005	2119	-465.5597	0	52448.6716	0
2006	2119	-465.5589	0	52448.6715	0
2007	2119	-465.5583	0	52448.6714	0
2008	2119	-465.5574	0	52448.6712	0
2009	2119	-465.5567	0	52448.6705	0
2011	2119	-465.5566	0	52448.6708	0
