2031	2126	-455.8493	0	52601.4838	0
2032	2126	-455.8494	0	52601.4853	0
2033	2126	-455.8494	0	52601.4845	0
2034	2126	-455.8492	0	52601.4842	0
2035	2126	-455.8493	0	52601.4842	0
2036	2126	-455.8492	0	52601.4829	0
2037	2126	-455.8496	0	52601.4837	0
2038	2126	-455.8499	0	52601.4818	0
2039	2126	-455.8500	0	52601.4799	0
2040	2126	-455.8503	0	52601.4816	0
2041	2126	-455.8506	0	52601.4811	0
2042	2126	-455.8513	0	52601.4832	0
2043	2126	-455.8516	0	52601.4829	0
2044	2126	-455.8518	0	52601.4828	0
2045	2126	-455.8524	0	52601.4840	0
2046	2126	-455.8528	0	52601.4855	0
2047	2126	-455.8529	0	52601.4839	0
2048	2126	-455.8533	0	52601.4855	0
2049	2126	-455.8534	0	52601.4851	0
2051	2126	-455.8536	0	52601.4861	0
2052	2126	-455.8539	0	52601.4886	0
2053	2126	-455.8540	0	52601.4884	0
2054	2126	-455.8539	0	52601.4872	0
2055	2126	-455.8541	0	52601.4878	0
2056	2126	-455.8539	0	52601.4870	0
2057	2126	-455.8540	0	52601.4888	0
2058	2126	-455.8540	0	52601.4906	0
2059	2126	-455.8537	0	52601.4911	0
2063	2126	-455.8533	0	52601.4957	0
2064	2126	-455.8534	0	52601.4962	0
2066	2126	-455.8534	0	52601.4952	0
2083	2126	-455.8534	0	52601.4882	0
2084	2126	-455.8536	0	52601.4924	0
2085	2126	-455.8539	0	52601.4938	0
2086	2126	-455.8542	0	52601.4922	0
2093	2126	-455.8541	0	52601.4974	0
2102	2126	-455.8561	0	52601.5073	0
2109	2126	-455.8568	0	52601.5109	0
2110	2126	-455.8569	0	52601.5110	0
2111	2126	-455.8570	0	52601.5131	0
2112	2126	-455.8574	0	52601.5139	0
2113	2126	-455.8574	0	52601.5141	0
2114	2126	-455.8576	0	52601.5152	0
2115	2126	-455.8577	0	52601.5166	0
