2071	2129	-455.9569	0	52602.1248	1
2072	2129	-455.9573	0	52602.1244	1
2073	2129	-455.9583	0	52602.1237	1
2074	2129	-455.9595	0	52602.1229	1
2075	2129	-455.9608	0	52602.1218	1
2076	2129	-455.9618	0	52602.1211	1
2077	2129	-455.9624	0	52602.1205	1
2078	2129	-455.9627	0	52602.1199	1
2079	2129	-455.9631	0	52602.1192	1
2080	2129	-455.9637	0	52602.1183	1
2081	2129	-455.9639	0	52602.1176	1
2082	2129	-455.9642	0	52602.1170	1
2083	2129	-455.9641	0	52602.1166	1
2084	2129	-455.9644	0	52602.1161	1
2085	2129	-455.9648	0	52602.1154	1
2086	2129	-455.9652	0	52602.1148	1
2087	2129	-455.9655	0	52602.1141	1
2088	2129	-455.9656	0	52602.1137	1
2089	2129	-455.9655	0	52602.1134	1
2090	2129	-455.9655	0	52602.1128	1
2091	2129	-455.9654	0	52602.1122	1
2092	2129	-455.9653	0	52602.1117	1
2093	2129	-455.9651	0	52602.1113	1
2094	2129	-455.9650	0	52602.1110	1
2095	2129	-455.9650	0	52602.1106	1
2096	2129	-455.9652	0	52602.1100	1
2097	2129	-455.9654	0	52602.1093	1
2098	2129	-455.9656	0	52602.1086	1
2099	2129	-455.9655	0	52602.1083	1
2100	2129	-455.9653	0	52602.1081	1
2101	2129	-455.9651	0	52602.1076	1
2102	2129	-455.9648	0	52602.1070	1
2103	2129	-455.9646	0	52602.1063	1
2104	2129	-455.9644	0	52602.1058	1
2105	2129	-455.9640	0	52602.1055	1
2106	2129	-455.9639	0	52602.1053	1
2107	2129	-455.9641	0	52602.1047	1
2108	2129	-455.9643	0	52602.1035	1
2109	2129	-455.9645	0	52602.1025	1
2110	2129	-455.9645	0	52602.1020	1
2111	2129	-455.9642	0	52602.1016	1
2112	2129	-455.9640	0	52602.1004	1
2113	2129	-455.9637	0	52602.0982	1
2114	2129	-455.9635	0	52602.0966	1
2115	2129	-455.9631	0	52602.0958	1
2116	2129	-455.9628	0	52602.0954	1
2117	2129	-455.9628	0	52602.0947	1
2118	2129	-455.9630	0	52602.0935	1
2119	2129	-455.9633	0	52602.0916	1
2120	2129	-455.9635	0	52602.0905	1
2121	2129	-455.9635	0	52602.0898	1
2122	2129	-455.9634	0	52602.0893	1
2123	2129	-455.9632	0	52602.0885	1
2124	2129	-455.9630	0	52602.0871	1
2125	2129	-455.9627	0	52602.0853	1
2126	2129	-455.9625	0	52602.0841	1
2127	2129	-455.9624	0	52602.0835	1
2128	2129	-455.9625	0	52602.0829	1
2129	2129	-455.9626	0	52602.0819	1
2130	2129	-455.9628	0	52602.0800	1
2131	2129	-455.9631	0	52602.0786	1
2132	2129	-455.9632	0	52602.0779	1
2133	2129	-455.9631	0	52602.0773	1
2134	2129	-455.9630	0	52602.0765	1
2135	2129	-455.9629	0	52602.0747	1
2136	2129	-455.9628	0	52602.0728	1
2137	2129	-455.9627	0	52602.0720	1
2138	2129	-455.9626	0	52602.0715	1
2139	2129	-455.9627	0	52602.0710	1
2140	2129	-455.9631	0	52602.0695	1
2141	2129	-455.9637	0	52602.0677	1
2142	2129	-455.9641	0	52602.0666	1
2143	2129	-455.9644	0	52602.0658	1
2144	2129	-455.9645	0	52602.0654	1
2145	2129	-455.9645	0	52602.0647	1
2146	2129	-455.9644	0	52602.0632	1
2147	2129	-455.9645	0	52602.0613	1
2148	2129	-455.9645	0	52602.0600	1
2149	2129	-455.9646	0	52602.0594	1
2150	2129	-455.9648	0	52602.0588	1
2151	2129	-455.9652	0	52602.0578	1
2152	2129	-455.9655	0	52602.0562	1
2153	2129	-455.9659	0	52602.0549	1
2154	2129	-455.9663	0	52602.0540	1
2155	2129	-455.9664	0	52602.0536	1
2156	2129	-455.9666	0	52602.0525	1
2157	2129	-455.9666	0	52602.0507	1
2158	2129	-455.9668	0	52602.0491	1
2159	2129	-455.9668	0	52602.0480	1
2160	2129	-455.9668	0	52602.0474	1
2161	2129	-455.9670	0	52602.0469	1
2162	2129	-455.9674	0	52602.0456	1
2163	2129	-455.9678	0	52602.0435	1
2164	2129	-455.9682	0	52602.0423	1
2165	2129	-455.9685	0	52602.0417	1
2166	2129	-455.9685	0	52602.0412	1
2167	2129	-455.9685	0	52602.0402	1
2168	2129	-455.9685	0	52602.0380	1
2169	2129	-455.9686	0	52602.0356	1
2170	2129	-455.9686	0	52602.0345	1
2171	2129	-455.9686	0	52602.0341	1
2172	2129	-455.9687	0	52602.0334	1
2173	2129	-455.9689	0	52602.0326	1
2174	2129	-455.9693	0	52602.0313	1
2175	2129	-455.9698	0	52602.0302	1
2176	2129	-455.9701	0	52602.0293	1
2177	2129	-455.9702	0	52602.0290	1
2178	2129	-455.9703	0	52602.0286	1
2179	2129	-455.9706	0	52602.0266	1
2180	2129	-455.9708	0	52602.0248	1
2181	2129	-455.9709	0	52602.0234	1
2182	2129	-455.9711	0	52602.0225	1
2183	2129	-455.9712	0	52602.0222	1
2184	2129	-455.9715	0	52602.0210	1
2185	2129	-455.9719	0	52602.0188	1
2186	2129	-455.9723	0	52602.0175	1
2187	2129	-455.9724	0	52602.0167	1
2188	2129	-455.9724	0	52602.0163	1
2189	2129	-455.9724	0	52602.0150	1
2190	2129	-455.9723	0	52602.0129	1
2191	2129	-455.9723	0	52602.0113	1
2192	2129	-455.9721	0	52602.0100	1
2193	2129	-455.9720	0	52602.0096	1
2194	2129	-455.9720	0	52602.0090	1
2195	2129	-455.9724	0	52602.0075	1
2196	2129	-455.9728	0	52602.0059	1
2197	2129	-455.9731	0	52602.0050	1
2198	2129	-455.9732	0	52602.0045	1
2199	2129	-455.9732	0	52602.0039	1
2200	2129	-455.9731	0	52602.0022	1
2201	2129	-455.9731	0	52602.0002	1
2202	2129	-455.9731	0	52601.9991	1
2203	2129	-455.9730	0	52601.9986	1
2204	2129	-455.9730	0	52601.9980	1
2205	2129	-455.9732	0	52601.9970	1
2206	2129	-455.9736	0	52601.9952	1
2207	2129	-455.9739	0	52601.9938	1
2208	2129	-455.9741	0	52601.9932	1
2209	2129	-455.9741	0	52601.9930	1
2210	2129	-455.9741	0	52601.9922	1
2211	2129	-455.9741	0	52601.9901	1
2212	2129	-455.9741	0	52601.9886	1
2213	2129	-455.9741	0	52601.9876	1
2214	2129	-455.9741	0	52601.9871	1
2215	2129	-455.9742	0	52601.9868	1
2216	2129	-455.9745	0	52601.9851	1
2217	2129	-455.9748	0	52601.9832	1
2218	2129	-455.9751	0	52601.9824	1
2219	2129	-455.9753	0	52601.9818	1
2220	2129	-455.9753	0	52601.9813	1
2221	2129	-455.9752	0	52601.9800	1
2222	2129	-455.9751	0	52601.9786	1
2223	2129	-455.9749	0	52601.9776	1
2224	2129	-455.9749	0	52601.9768	1
2225	2129	-455.9748	0	52601.9767	1
2226	2129	-455.9748	0	52601.9758	1
2227	2129	-455.9753	0	52601.9738	1
2228	2129	-455.9758	0	52601.9724	1
2229	2129	-455.9765	0	52601.9706	1
2230	2129	-455.9767	0	52601.9704	1
2231	2129	-455.9768	0	52601.9696	1
2232	2129	-455.9771	0	52601.9673	1
2233	2129	-455.9774	0	52601.9652	1
2234	2129	-455.9775	0	52601.9640	1
2235	2129	-455.9776	0	52601.9631	1
2236	2129	-455.9776	0	52601.9630	1
2237	2129	-455.9777	0	52601.9623	1
2238	2129	-455.9783	0	52601.9604	1
2239	2129	-455.9788	0	52601.9589	1
2240	2129	-455.9789	0	52601.9590	1
2241	2129	-455.9789	0	52601.9591	1
2242	2129	-455.9789	0	52601.9580	1
2243	2129	-455.9790	0	52601.9561	1
2244	2129	-455.9791	0	52601.9545	1
2245	2129	-455.9792	0	52601.9535	1
2246	2129	-455.9792	0	52601.9527	1
2247	2129	-455.9794	0	52601.9524	1
2248	2129	-455.9798	0	52601.9515	1
2249	2129	-455.9802	0	52601.9498	1
2250	2129	-455.9806	0	52601.9488	1
2251	2129	-455.9808	0	52601.9485	1
2252	2129	-455.9808	0	52601.9484	1
2253	2129	-455.9809	0	52601.9474	1
2254	2129	-455.9811	0	52601.9457	1
2255	2129	-455.9812	0	52601.9440	1
2256	2129	-455.9813	0	52601.9430	1
2257	2129	-455.9813	0	52601.9427	1
2258	2129	-455.9815	0	52601.9420	1
2259	2129	-455.9820	0	52601.9405	1
2260	2129	-455.9826	0	52601.9389	1
2261	2129	-455.9831	0	52601.9373	1
2262	2129	-455.9833	0	52601.9363	1
2263	2129	-455.9831	0	52601.9358	1
2264	2129	-455.9830	0	52601.9344	1
2265	2129	-455.9831	0	52601.9326	1
2266	2129	-455.9831	0	52601.9315	1
2267	2129	-455.9830	0	52601.9307	1
2268	2129	-455.9830	0	52601.9305	1
2269	2129	-455.9832	0	52601.9298	1
2270	2129	-455.9835	0	52601.9282	1
2271	2129	-455.9839	0	52601.9268	1
2272	2129	-455.9841	0	52601.9256	1
2273	2129	-455.9841	0	52601.9250	1
2274	2129	-455.9840	0	52601.9245	1
2275	2129	-455.9841	0	52601.9224	1
2276	2129	-455.9841	0	52601.9209	1
2277	2129	-455.9841	0	52601.9197	1
2278	2129	-455.9839	0	52601.9193	1
2279	2129	-455.9840	0	52601.9185	1
2280	2129	-455.9845	0	52601.9161	1
2281	2129	-455.9848	0	52601.9146	1
2282	2129	-455.9850	0	52601.9135	1
2283	2129	-455.9850	0	52601.9137	1
2284	2129	-455.9850	0	52601.9131	1
2285	2129	-455.9849	0	52601.9117	1
2286	2129	-455.9847	0	52601.9100	1
2287	2129	-455.9846	0	52601.9089	1
2288	2129	-455.9843	0	52601.9085	1
2289	2129	-455.9842	0	52601.9082	1
2290	2129	-455.9843	0	52601.9071	1
2291	2129	-455.9846	0	52601.9048	1
2292	2129	-455.9846	0	52601.9039	1
2293	2129	-455.9847	0	52601.9029	1
2294	2129	-455.9846	0	52601.9023	1
2295	2129	-455.9843	0	52601.9019	1
2296	2129	-455.9840	0	52601.9002	1
2297	2129	-455.9838	0	52601.8986	1
2298	2129	-455.9836	0	52601.8981	1
2299	2129	-455.9834	0	52601.8979	1
2300	2129	-455.9834	0	52601.8974	1
2301	2129	-455.9837	0	52601.8951	1
2302	2129	-455.9841	0	52601.8935	1
2303	2129	-455.9844	0	52601.8926	1
2304	2129	-455.9845	0	52601.8918	1
2305	2129	-455.9844	0	52601.8919	1
2306	2129	-455.9843	0	52601.8906	1
2307	2129	-455.9842	0	52601.8888	1
2308	2129	-455.9842	0	52601.8881	1
2309	2129	-455.9842	0	52601.8874	1
2310	2129	-455.9843	0	52601.8863	1
2311	2129	-455.9846	0	52601.8849	1
2312	2129	-455.9851	0	52601.8832	1
2313	2129	-455.9853	0	52601.8829	1
2314	2129	-455.9855	0	52601.8823	1
2315	2129	-455.9853	0	52601.8821	1
2316	2129	-455.9854	0	52601.8812	1
2317	2129	-455.9852	0	52601.8798	1
2318	2129	-455.9852	0	52601.8782	1
2319	2129	-455.9852	0	52601.8770	1
2320	2129	-455.9849	0	52601.8772	1
2321	2129	-455.9849	0	52601.8767	1
2322	2129	-455.9852	0	52601.8746	1
2323	2129	-455.9855	0	52601.8732	1
2324	2129	-455.9856	0	52601.8724	1
2325	2129	-455.9858	0	52601.8716	1
2326	2129	-455.9857	0	52601.8705	1
2327	2129	-455.9857	0	52601.8692	1
2328	2129	-455.9856	0	52601.8672	1
2329	2129	-455.9856	0	52601.8665	1
2330	2129	-455.9856	0	52601.8654	1
2331	2129	-455.9856	0	52601.8653	1
2332	2129	-455.9858	0	52601.8641	1
2333	2129	-455.9862	0	52601.8622	1
2334	2129	-455.9863	0	52601.8612	1
2335	2129	-455.9865	0	52601.8602	1
2336	2129	-455.9863	0	52601.8599	1
2337	2129	-455.9863	0	52601.8592	1
2338	2129	-455.9862	0	52601.8584	1
2339	2129	-455.9862	0	52601.8559	1
2340	2129	-455.9862	0	52601.8544	1
2341	2129	-455.9861	0	52601.8532	1
2342	2129	-455.9860	0	52601.8528	1
2343	2129	-455.9862	0	52601.8517	1
2344	2129	-455.9865	0	52601.8504	1
2345	2129	-455.9868	0	52601.8490	1
2346	2129	-455.9870	0	52601.8478	1
2347	2129	-455.9870	0	52601.8474	1
2348	2129	-455.9868	0	52601.8463	1
2349	2129	-455.9867	0	52601.8450	1
2350	2129	-455.9865	0	52601.8435	1
2351	2129	-455.9863	0	52601.8430	1
2352	2129	-455.9861	0	52601.8428	1
2353	2129	-455.9860	0	52601.8422	1
2354	2129	-455.9862	0	52601.8413	1
2355	2129	-455.9865	0	52601.8389	1
2356	2129	-455.9866	0	52601.8384	1
2357	2129	-455.9865	0	52601.8376	1
2358	2129	-455.9864	0	52601.8373	1
2359	2129	-455.9861	0	52601.8366	1
2360	2129	-455.9858	0	52601.8349	1
2361	2129	-455.9857	0	52601.8340	1
2362	2129	-455.9853	0	52601.8341	1
2363	2129	-455.9852	0	52601.8341	1
2364	2129	-455.9852	0	52601.8335	1
2365	2129	-455.9855	0	52601.8312	1
2366	2129	-455.9857	0	52601.8303	1
2367	2129	-455.9858	0	52601.8300	1
2368	2129	-455.9857	0	52601.8296	1
2369	2129	-455.9856	0	52601.8295	1
2370	2129	-455.9854	0	52601.8284	1
2371	2129	-455.9853	0	52601.8262	1
2372	2129	-455.9850	0	52601.8265	1
2373	2129	-455.9847	0	52601.8267	1
2374	2129	-455.9847	0	52601.8264	1
2375	2129	-455.9850	0	52601.8249	1
2376	2129	-455.9854	0	52601.8232	1
2377	2129	-455.9856	0	52601.8226	1
2378	2129	-455.9857	0	52601.8217	1
2379	2129	-455.9856	0	52601.8214	1
2380	2129	-455.9856	0	52601.8198	1
2381	2129	-455.9853	0	52601.8193	1
2382	2129	-455.9851	0	52601.8183	1
2383	2129	-455.9849	0	52601.8180	1
2384	2129	-455.9848	0	52601.8172	1
2385	2129	-455.9849	0	52601.8165	1
2386	2129	-455.9852	0	52601.8144	1
2387	2129	-455.9858	0	52601.8118	1
2388	2129	-455.9862	0	52601.8096	1
2389	2129	-455.9862	0	52601.8093	1
2390	2129	-455.9862	0	52601.8084	1
2391	2129	-455.9860	0	52601.8077	1
2392	2129	-455.9859	0	52601.8052	1
2393	2129	-455.9858	0	52601.8042	1
2394	2129	-455.9857	0	52601.8035	1
2395	2129	-455.9857	0	52601.8029	1
2396	2129	-455.9858	0	52601.8023	1
2397	2129	-455.9861	0	52601.8006	1
2398	2129	-455.9862	0	52601.7995	1
2399	2129	-455.9865	0	52601.7980	1
2400	2129	-455.9864	0	52601.7974	1
2401	2129	-455.9862	0	52601.7973	1
2402	2129	-455.9860	0	52601.7961	1
2403	2129	-455.9857	0	52601.7948	1
2404	2129	-455.9855	0	52601.7944	1
2405	2129	-455.9853	0	52601.7938	1
2406	2129	-455.9852	0	52601.7928	1
2407	2129	-455.9852	0	52601.7917	1
2408	2129	-455.9855	0	52601.7892	1
2409	2129	-455.9857	0	52601.7870	1
2410	2129	-455.9856	0	52601.7863	1
2411	2129	-455.9854	0	52601.7856	1
2412	2129	-455.9851	0	52601.7854	1
2413	2129	-455.9851	0	52601.7836	1
2414	2129	-455.9849	0	52601.7817	1
2415	2129	-455.9846	0	52601.7810	1
2416	2129	-455.9845	0	52601.7804	1
2417	2129	-455.9844	0	52601.7802	1
2418	2129	-455.9846	0	52601.7789	1
2419	2129	-455.9851	0	52601.7771	1
2420	2129	-455.9853	0	52601.7769	1
2421	2129	-455.9854	0	52601.7764	1
2422	2129	-455.9852	0	52601.7772	1
2423	2129	-455.9851	0	52601.7757	1
2424	2129	-455.9852	0	52601.7730	1
2425	2129	-455.9851	0	52601.7715	1
2426	2129	-455.9850	0	52601.7715	1
2427	2129	-455.9850	0	52601.7715	1
2428	2129	-455.9852	0	52601.7702	1
2429	2129	-455.9854	0	52601.7688	1
2430	2129	-455.9855	0	52601.7684	1
2431	2129	-455.9856	0	52601.7678	1
2432	2129	-455.9857	0	52601.7676	1
2433	2129	-455.9856	0	52601.7675	1
2434	2129	-455.9857	0	52601.7657	1
2435	2129	-455.9860	0	52601.7632	1
2436	2129	-455.9862	0	52601.7619	1
2437	2129	-455.9862	0	52601.7604	1
2438	2129	-455.9862	0	52601.7599	1
2439	2129	-455.9864	0	52601.7593	1
2440	2129	-455.9869	0	52601.7568	1
2441	2129	-455.9871	0	52601.7554	1
2442	2129	-455.9875	0	52601.7535	1
2443	2129	-455.9873	0	52601.7533	1
2444	2129	-455.9872	0	52601.7533	1
2445	2129	-455.9873	0	52601.7504	1
2446	2129	-455.9871	0	52601.7489	1
2447	2129	-455.9870	0	52601.7478	1
2448	2129	-455.9868	0	52601.7480	1
2449	2129	-455.9867	0	52601.7481	1
2450	2129	-455.9870	0	52601.7462	1
2451	2129	-455.9872	0	52601.7441	1
2452	2129	-455.9874	0	52601.7428	1
2453	2129	-455.9873	0	52601.7424	1
2454	2129	-455.9873	0	52601.7423	1
2455	2129	-455.9869	0	52601.7422	1
2456	2129	-455.9869	0	52601.7403	1
2457	2129	-455.9867	0	52601.7401	1
2458	2129	-455.9864	0	52601.7395	1
2459	2129	-455.9861	0	52601.7398	1
