2136	2146	-465.7362	0	52447.8610	0
2137	2146	-465.7350	0	52447.8643	0
2138	2146	-465.7337	0	52447.8652	0
2150	2146	-465.7211	0	52447.8626	0
2151	2146	-465.7198	0	52447.8639	0
2152	2146	-465.7184	0	52447.8657	0
2156	2146	-465.7164	0	52447.8576	0
2165	2146	-465.7085	0	52447.8434	0
2174	2146	-465.6991	0	52447.8259	0
2175	2146	-465.6983	0	52447.8270	0
2176	2146	-465.6975	0	52447.8304	0
2177	2146	-465.6966	0	52447.8316	0
2178	2146	-465.6960	0	52447.8287	0
2179	2146	-465.6954	0	52447.8291	0
2180	2146	-465.6946	0	52447.8276	0
2181	2146	-465.6939	0	52447.8270	0
2182	2146	-465.6929	0	52447.8217	0
2183	2146	-465.6920	0	52447.8143	0
2184	2146	-465.6907	0	52447.8025	0
