2248	2172	-451.6011	0	52471.7740	0
2249	2172	-451.6094	0	52472.6591	0
2271	2172	-451.9558	0	52477.8801	0
2272	2172	-451.9269	0	52479.1428	0
2273	2172	-451.9125	0	52479.1551	0
2274	2172	-451.9426	0	52478.7727	0
2275	2172	-451.9524	0	52478.6273	0
2276	2172	-451.9051	0	52479.3025	0
2277	2172	-451.9152	0	52479.5569	0
2278	2172	-451.8928	0	52480.4000	0
2279	2172	-451.8708	0	52480.3186	0
2280	2172	-451.8395	0	52480.6362	0
2283	2172	-451.8628	0	52480.7862	0
2284	2172	-451.8594	0	52481.5385	0
2285	2172	-451.8546	0	52481.7891	0
2313	2172	-451.5891	0	52487.5542	0
2314	2172	-451.5659	0	52487.9641	0
2329	2172	-451.6045	0	52487.5607	0
2330	2172	-451.5855	0	52487.8576	0
2331	2172	-451.5610	0	52488.2947	0
2332	2172	-451.5921	0	52488.1557	0
2350	2172	-451.2288	0	52488.9280	0
2351	2172	-451.2430	0	52488.9413	0
