2374	2217	-457.3220	0	52545.5760	1
2375	2217	-457.2035	0	52545.8016	1
2376	2217	-457.0881	0	52545.8689	1
2377	2217	-456.9857	0	52545.2183	1
2378	2217	-456.9444	0	52545.3763	1
2379	2217	-456.8627	0	52544.9123	1
2380	2217	-456.8041	0	52543.9418	1
2381	2217	-456.8021	0	52543.0642	1
2382	2217	-456.6731	0	52542.6065	1
2383	2217	-456.5308	0	52542.5778	1
2384	2217	-456.4704	0	52542.1792	1
2385	2217	-456.4190	0	52541.7698	1
2386	2217	-456.3635	0	52541.3563	1
2387	2217	-456.2679	0	52540.7951	1
2388	2217	-456.1810	0	52540.4545	1
2389	2217	-456.1320	0	52539.6381	1
2390	2217	-456.0665	0	52539.2018	1
2391	2217	-456.0272	0	52538.7711	1
2392	2217	-455.9840	0	52538.3356	1
2393	2217	-455.9172	0	52538.1811	1
2394	2217	-455.9208	0	52537.7088	1
2395	2217	-455.9154	0	52537.1102	1
2396	2217	-455.8891	0	52536.3046	1
2399	2217	-455.7015	0	52536.6281	0
2400	2217	-455.6954	0	52535.5773	0
2401	2217	-455.7047	0	52533.9478	0
2402	2217	-455.6930	0	52533.3221	0
2403	2217	-455.6903	0	52533.1116	0
2404	2217	-455.6860	0	52533.0474	0
2405	2217	-455.7597	0	52531.9485	0
2406	2217	-455.7768	0	52532.1909	0
2407	2217	-455.8115	0	52531.6565	0
2408	2217	-455.8517	0	52530.9827	0
2409	2217	-455.8432	0	52531.2388	0
2410	2217	-455.8639	0	52530.6966	0
