2434	2235	-465.7571	0	52447.8167	0
2435	2235	-465.7570	0	52447.8187	0
2436	2235	-465.7569	0	52447.8174	0
2437	2235	-465.7576	0	52447.8111	0
2438	2235	-465.7580	0	52447.8054	0
2439	2235	-465.7580	0	52447.7998	0
2440	2235	-465.7581	0	52447.7961	0
2441	2235	-465.7587	0	52447.7875	0
2442	2235	-465.7593	0	52447.7791	0
2443	2235	-465.7596	0	52447.7743	0
2444	2235	-465.7599	0	52447.7671	0
2445	2235	-465.7602	0	52447.7629	0
2446	2235	-465.7603	0	52447.7576	0
2447	2235	-465.7600	0	52447.7558	0
2448	2235	-465.7608	0	52447.7478	0
2449	2235	-465.7613	0	52447.7411	0
2450	2235	-465.7614	0	52447.7367	0
2451	2235	-465.7609	0	52447.7352	0
2452	2235	-465.7613	0	52447.7290	0
2453	2235	-465.7610	0	52447.7267	0
2454	2235	-465.7607	0	52447.7260	0
2455	2235	-465.7606	0	52447.7239	0
2456	2235	-465.7610	0	52447.7194	0
2457	2235	-465.7607	0	52447.7197	0
2458	2235	-465.7612	0	52447.7140	0
2459	2235	-465.7609	0	52447.7119	0
