2441	2236	-455.7345	0	52574.3681	0
2442	2236	-455.7197	0	52574.2433	0
2443	2236	-455.6789	0	52574.3858	0
2444	2236	-455.6254	0	52574.6118	0
2445	2236	-455.6098	0	52574.6290	0
2446	2236	-455.6219	0	52574.4633	0
2447	2236	-455.6143	0	52574.4550	0
2448	2236	-455.6263	0	52574.3457	0
2449	2236	-455.6034	0	52574.5179	0
2450	2236	-455.6071	0	52574.6879	0
2451	2236	-455.6049	0	52574.9091	0
2452	2236	-455.6188	0	52574.8857	0
2453	2236	-455.5973	0	52574.9260	0
2454	2236	-455.5113	0	52575.3506	0
2455	2236	-455.4827	0	52575.4056	0
2456	2236	-455.4864	0	52575.4218	0
2457	2236	-455.4598	0	52575.5269	0
2458	2236	-455.4385	0	52575.6142	0
2459	2236	-455.4330	0	52575.5429	0
