909	226	-450.1149	0	52503.3079	0
910	226	-450.1706	0	52504.5003	0
911	226	-450.1462	0	52508.5114	0
913	226	-450.5320	0	52505.0339	0
914	226	-450.6809	0	52504.2350	0
915	226	-450.8191	0	52503.0571	0
916	226	-450.9201	0	52502.3344	0
917	226	-451.0020	0	52501.7845	0
918	226	-451.0921	0	52500.9760	0
919	226	-451.1433	0	52500.0412	0
920	226	-451.2113	0	52500.4230	0
921	226	-451.1981	0	52501.2404	0
922	226	-451.2194	0	52501.9408	0
923	226	-451.2482	0	52502.2304	0
927	226	-451.3608	0	52501.2353	0
928	226	-451.3760	0	52501.5225	0
929	226	-451.4208	0	52502.2965	0
930	226	-451.5764	0	52501.9261	0
931	226	-451.6394	0	52502.1189	0
932	226	-451.7239	0	52501.5528	0
933	226	-451.8356	0	52500.0236	0
934	226	-451.8976	0	52498.7537	0
935	226	-451.9341	0	52499.6381	0
936	226	-451.9695	0	52499.9917	0
937	226	-452.0841	0	52499.1396	0
938	226	-452.1555	0	52498.8181	0
939	226	-452.1880	0	52499.0513	0
940	226	-452.2242	0	52500.5253	0
941	226	-452.2900	0	52501.0610	0
942	226	-452.3395	0	52501.2837	0
943	226	-452.3829	0	52500.7080	0
944	226	-452.4525	0	52499.8124	0
945	226	-452.4870	0	52499.4675	0
946	226	-452.5310	0	52499.3587	0
947	226	-452.5286	0	52500.3450	0
948	226	-452.5813	0	52500.3856	0
949	226	-452.6783	0	52500.0678	0
950	226	-452.7269	0	52499.9590	0
951	226	-452.7636	0	52500.9421	0
952	226	-452.8028	0	52501.3015	0
953	226	-452.8666	0	52500.7790	0
954	226	-452.9373	0	52500.2524	0
955	226	-452.9923	0	52499.7199	0
956	226	-453.0430	0	52499.1858	0
957	226	-453.0851	0	52498.9777	0
958	226	-453.1055	0	52499.2578	0
959	226	-453.1443	0	52499.0266	0
960	226	-453.2369	0	52497.9104	0
961	226	-453.2764	0	52497.8521	0
962	226	-453.3440	0	52497.4947	0
963	226	-453.3487	0	52498.7760	0
964	226	-453.3947	0	52498.5703	0
965	226	-453.4331	0	52498.4931	0
966	226	-453.4655	0	52498.8232	0
967	226	-453.5035	0	52498.2636	0
968	226	-453.4970	0	52498.0397	0
969	226	-453.5079	0	52497.9631	0
970	226	-453.5554	0	52497.9542	0
971	226	-453.5431	0	52497.5860	0
972	226	-453.6056	0	52496.0413	0
973	226	-453.7120	0	52493.2282	0
974	226	-453.7937	0	52490.9700	0
975	226	-453.8786	0	52491.0081	0
976	226	-453.9275	0	52493.7398	0
977	226	-453.9420	0	52495.0211	0
978	226	-453.9180	0	52495.5631	0
979	226	-453.9952	0	52495.0778	0
980	226	-454.0860	0	52494.9077	0
981	226	-454.1264	0	52494.4899	0
982	226	-454.1630	0	52494.3327	0
983	226	-454.1837	0	52493.9234	0
984	226	-454.2319	0	52493.4069	0
985	226	-454.2860	0	52492.8408	0
986	226	-454.3666	0	52491.8993	0
987	226	-454.3724	0	52491.5368	0
988	226	-454.3780	0	52491.0356	0
989	226	-454.4115	0	52490.4654	0
990	226	-454.4577	0	52489.8912	0
991	226	-454.4818	0	52489.2894	0
992	226	-454.5507	0	52488.6866	0
993	226	-454.6126	0	52487.6834	0
994	226	-454.6354	0	52487.3223	0
995	226	-454.6769	0	52486.7956	0
996	226	-454.7211	0	52486.6253	0
997	226	-454.7357	0	52486.5820	0
998	226	-454.7388	0	52486.5852	0
999	226	-454.7734	0	52486.1872	0
1000	226	-454.7674	0	52485.6368	0
1001	226	-454.7676	0	52485.4467	0
1002	226	-454.7573	0	52485.8079	0
1003	226	-454.7483	0	52485.5298	0
1004	226	-454.7451	0	52485.0255	0
1005	226	-454.7689	0	52485.6981	0
1006	226	-454.8589	0	52483.0145	0
1007	226	-454.9783	0	52481.0754	0
1008	226	-455.0618	0	52480.8657	0
1009	226	-455.1109	0	52481.7207	0
1010	226	-455.1104	0	52483.3101	0
1011	226	-455.0726	0	52483.9217	0
1012	226	-455.0437	0	52484.1632	0
1013	226	-454.9928	0	52484.2451	0
1014	226	-454.9890	0	52484.2955	0
1015	226	-455.0010	0	52484.7303	0
1016	226	-454.9890	0	52485.2982	0
1017	226	-454.9998	0	52485.5315	0
1018	226	-454.9908	0	52486.4197	0
1019	226	-455.0800	0	52486.7837	0
1020	226	-455.1159	0	52486.5043	0
1021	226	-455.1617	0	52486.3987	0
1022	226	-455.1797	0	52486.3645	0
1023	226	-455.1536	0	52486.7396	0
1024	226	-455.1717	0	52486.8852	0
1025	226	-455.1779	0	52486.9397	0
1026	226	-455.1839	0	52486.5479	0
1027	226	-455.1811	0	52486.3930	0
1028	226	-455.1741	0	52486.7407	0
1029	226	-455.2000	0	52486.4664	0
1030	226	-455.2282	0	52486.7695	0
1031	226	-455.2347	0	52486.8938	0
1032	226	-455.2168	0	52486.9275	0
1033	226	-455.2100	0	52486.9412	0
1034	226	-455.2042	0	52487.3445	0
1035	226	-455.2006	0	52487.5035	0
1036	226	-455.1996	0	52487.5537	0
1037	226	-455.1990	0	52487.5649	0
1038	226	-455.2285	0	52487.1719	0
1039	226	-455.2040	0	52487.4164	0
1040	226	-455.1833	0	52487.9049	0
1041	226	-455.1808	0	52487.6904	0
1042	226	-455.1735	0	52488.0086	0
1043	226	-455.1705	0	52488.1181	0
1044	226	-455.1694	0	52488.1590	0
1045	226	-455.1683	0	52488.1731	0
1046	226	-455.1932	0	52488.1833	0
1047	226	-455.2052	0	52488.1745	0
1048	226	-455.2138	0	52487.7729	0
1049	226	-455.1892	0	52487.6128	0
1050	226	-455.1810	0	52487.5541	0
1051	226	-455.1707	0	52487.9254	0
1052	226	-455.1665	0	52488.4716	0
1053	226	-455.1657	0	52488.6766	0
1054	226	-455.1662	0	52488.7499	0
1055	226	-455.1763	0	52488.3755	0
1056	226	-455.1769	0	52488.6365	0
1057	226	-455.1800	0	52488.7313	0
1058	226	-455.1540	0	52489.1471	0
1059	226	-455.1514	0	52488.9118	0
1060	226	-455.1522	0	52488.8101	0
1061	226	-455.1157	0	52489.1699	0
1062	226	-455.0723	0	52489.6920	0
1063	226	-455.0836	0	52489.8816	0
1064	226	-455.0789	0	52490.3475	0
1065	226	-455.1053	0	52490.5134	0
1066	226	-455.1134	0	52490.5802	0
1067	226	-455.1239	0	52490.2023	0
1068	226	-455.1299	0	52490.0626	0
1069	226	-455.1089	0	52489.9883	0
1070	226	-455.1017	0	52489.9689	0
1071	226	-455.1007	0	52489.5599	0
1072	226	-455.0756	0	52489.3903	0
1073	226	-455.0935	0	52489.3416	0
1074	226	-455.0791	0	52488.9222	0
1075	226	-455.0699	0	52489.1583	0
1076	226	-455.0969	0	52488.8593	0
1077	226	-455.1098	0	52488.7459	0
1078	226	-455.1204	0	52488.7073	0
1079	226	-455.1312	0	52488.2984	0
1080	226	-455.1097	0	52488.1414	0
1081	226	-455.0719	0	52488.0823	0
1082	226	-455.0862	0	52487.6510	0
1083	226	-455.0849	0	52487.5043	0
1084	226	-455.0847	0	52487.0361	0
1085	226	-455.1081	0	52486.4714	0
1086	226	-455.1113	0	52486.2591	0
1087	226	-455.1159	0	52485.7706	0
1088	226	-455.1093	0	52486.0075	0
1089	226	-455.1042	0	52486.1136	0
1090	226	-455.1400	0	52485.7484	0
1091	226	-455.2054	0	52485.6321	0
1092	226	-455.2287	0	52485.5963	0
1093	226	-455.2607	0	52485.5969	0
1094	226	-455.2727	0	52485.5932	0
1095	226	-455.2793	0	52485.1875	0
1096	226	-455.2472	0	52485.4486	0
1097	226	-455.2677	0	52485.1443	0
1098	226	-455.3016	0	52485.0301	0
1099	226	-455.3361	0	52485.0112	0
1100	226	-455.3529	0	52484.9955	0
1101	226	-455.3647	0	52485.0043	0
1102	226	-455.4847	0	52485.0407	0
1105	226	-455.5597	0	52485.0791	0
1106	226	-455.4994	0	52485.5183	0
1107	226	-455.4642	0	52486.0852	0
1108	226	-455.4788	0	52486.2894	0
1109	226	-455.5171	0	52486.3825	0
1110	226	-455.5537	0	52486.4074	0
1111	226	-455.5591	0	52486.8317	0
1112	226	-455.5516	0	52487.3858	0
1113	226	-455.5011	0	52488.7792	0
1114	226	-455.4835	0	52489.2982	0
1115	226	-455.4507	0	52489.8736	0
1116	226	-455.4672	0	52490.0750	0
1117	226	-455.4375	0	52490.5254	0
1118	226	-455.4152	0	52490.6840	0
1119	226	-455.4209	0	52490.3352	0
1120	226	-455.4432	0	52490.1958	0
1121	226	-455.4549	0	52490.1357	0
1122	226	-455.4413	0	52490.4956	0
1123	226	-455.4117	0	52490.6106	0
1124	226	-455.4407	0	52490.6650	0
1125	226	-455.4843	0	52490.6814	0
1126	226	-455.5323	0	52490.6837	0
