960	239	-449.5560	0	52536.5110	0
961	239	-449.5879	0	52536.2186	0
962	239	-449.5928	0	52536.5341	0
963	239	-449.6098	0	52536.8498	0
964	239	-449.6263	0	52536.7592	0
965	239	-449.6873	0	52537.2899	0
968	239	-449.8197	0	52537.6449	0
969	239	-449.9107	0	52537.6823	0
970	239	-449.9483	0	52537.5132	0
971	239	-449.9811	0	52537.6122	0
972	239	-450.0230	0	52538.1791	0
973	239	-450.0297	0	52538.7161	0
986	239	-450.2983	0	52539.1695	0
987	239	-450.3161	0	52538.8103	0
988	239	-450.2979	0	52538.3348	0
989	239	-450.3055	0	52537.6274	0
990	239	-450.3184	0	52537.0029	0
991	239	-450.3622	0	52536.7821	0
992	239	-450.3814	0	52536.7069	0
993	239	-450.3863	0	52536.5077	0
994	239	-450.4098	0	52536.4381	0
995	239	-450.4316	0	52536.0580	0
996	239	-450.4453	0	52535.9227	0
997	239	-450.4542	0	52535.8790	0
998	239	-450.4550	0	52536.0479	0
999	239	-450.4690	0	52535.9409	0
1000	239	-450.4874	0	52535.7197	0
1001	239	-450.5145	0	52535.4655	0
1002	239	-450.5264	0	52535.3704	0
1003	239	-450.5325	0	52535.3411	0
1004	239	-450.5518	0	52535.1559	0
1005	239	-450.5903	0	52535.0946	0
1006	239	-450.6032	0	52534.8919	0
1007	239	-450.6500	0	52535.1899	0
1008	239	-450.6642	0	52535.6710	0
1025	239	-450.8215	0	52537.0483	0
1026	239	-450.8428	0	52536.7315	0
1027	239	-450.8442	0	52536.7883	0
1028	239	-450.7987	0	52537.6878	0
1029	239	-450.8044	0	52538.0211	0
1030	239	-450.8142	0	52538.1392	0
1031	239	-450.8542	0	52538.0065	0
1032	239	-450.8754	0	52538.1271	0
1033	239	-450.8776	0	52538.3394	0
1034	239	-450.9007	0	52538.4153	0
1035	239	-450.9193	0	52538.6148	0
1036	239	-450.9313	0	52538.6804	0
1037	239	-450.9456	0	52539.0446	0
1038	239	-450.9740	0	52539.3480	0
1039	239	-450.9561	0	52539.6222	0
1040	239	-450.9517	0	52539.7159	0
1041	239	-450.9543	0	52539.9120	0
1042	239	-450.9413	0	52540.1463	0
1043	239	-450.9438	0	52540.3925	0
1044	239	-450.9479	0	52540.6410	0
1045	239	-450.9678	0	52540.7285	0
1046	239	-450.9935	0	52540.7592	0
1047	239	-451.0235	0	52540.9266	0
1048	239	-451.0236	0	52541.1429	0
1049	239	-451.0136	0	52541.5431	0
1050	239	-450.9951	0	52541.8437	0
1051	239	-450.9895	0	52541.9518	0
1052	239	-450.9902	0	52542.1412	0
1053	239	-451.0072	0	52542.2100	0
1054	239	-451.0026	0	52542.5398	0
1055	239	-451.0165	0	52542.6585	0
1056	239	-451.0102	0	52542.8498	0
1057	239	-451.0286	0	52543.0755	0
1058	239	-451.0477	0	52543.1547	0
1059	239	-451.0384	0	52543.3285	0
1060	239	-451.0224	0	52543.5419	0
1061	239	-450.9860	0	52543.7647	0
1062	239	-450.9738	0	52543.9960	0
1063	239	-450.9694	0	52544.0766	0
1064	239	-450.9838	0	52544.1014	0
1065	239	-450.9880	0	52544.1039	0
1066	239	-450.9882	0	52544.0987	0
1067	239	-451.0028	0	52544.0890	0
1068	239	-451.0219	0	52543.9372	0
1069	239	-451.0162	0	52544.0212	0
1070	239	-451.0129	0	52544.0516	0
1071	239	-450.9947	0	52544.0568	0
1072	239	-451.0152	0	52543.9061	0
1073	239	-451.0187	0	52543.6971	0
1074	239	-451.1209	0	52541.9264	0
1075	239	-451.2208	0	52541.4031	0
1076	239	-451.1573	0	52542.5742	0
1077	239	-451.0591	0	52543.8225	0
1078	239	-451.0315	0	52543.9762	0
1079	239	-451.0275	0	52544.1821	0
1080	239	-451.0407	0	52544.2566	0
1081	239	-451.0439	0	52544.2791	0
1082	239	-451.0433	0	52544.2890	0
1083	239	-451.0389	0	52544.2853	0
1084	239	-451.0343	0	52544.2861	0
1085	239	-451.0289	0	52544.1304	0
1086	239	-451.0250	0	52544.0692	0
1087	239	-451.0221	0	52544.0445	0
1088	239	-451.0221	0	52544.0337	0
1089	239	-450.9681	0	52544.0285	0
1090	239	-450.9584	0	52543.7202	0
1091	239	-450.9856	0	52543.4517	0
1092	239	-450.9812	0	52543.3481	0
1093	239	-450.9961	0	52543.7704	0
1094	239	-450.9987	0	52543.9361	0
1095	239	-450.9702	0	52544.1492	0
1096	239	-450.9749	0	52544.3793	0
1097	239	-450.9761	0	52544.4629	0
1098	239	-450.9564	0	52544.4915	0
1099	239	-450.8939	0	52542.8079	0
1100	239	-450.9112	0	52544.1027	0
1101	239	-450.9153	0	52544.6597	0
1102	239	-450.9162	0	52544.8581	0
1103	239	-450.9001	0	52544.9259	0
1104	239	-450.8965	0	52545.0995	0
1105	239	-450.8930	0	52545.1628	0
1106	239	-450.8611	0	52545.3270	0
1107	239	-450.8472	0	52545.2403	0
1108	239	-450.8535	0	52545.0511	0
1109	239	-450.8302	0	52545.2756	0
1110	239	-450.8228	0	52545.3581	0
1111	239	-450.8210	0	52545.3894	0
1112	239	-450.8216	0	52545.3960	0
1113	239	-450.8245	0	52545.5446	0
1114	239	-450.8073	0	52545.5991	0
1115	239	-450.8064	0	52545.7618	0
1116	239	-450.7894	0	52545.8187	0
1117	239	-450.7707	0	52545.9843	0
1118	239	-450.7639	0	52546.0412	0
1119	239	-450.7613	0	52546.0629	0
1120	239	-450.7648	0	52546.2101	0
1121	239	-450.7674	0	52546.2627	0
1122	239	-450.7690	0	52546.2829	0
1123	239	-450.7703	0	52546.2863	0
1124	239	-450.7611	0	52546.4281	0
1125	239	-450.7586	0	52546.4791	0
1126	239	-450.7696	0	52546.3519	0
1127	239	-450.7743	0	52546.2992	0
1128	239	-450.7806	0	52546.4267	0
1129	239	-450.7843	0	52546.4703	0
1130	239	-450.7997	0	52546.4849	0
1131	239	-450.7906	0	52546.4918	0
1132	239	-450.7882	0	52546.4892	0
1133	239	-450.7884	0	52546.4891	0
1134	239	-450.8077	0	52546.4895	0
1135	239	-450.8022	0	52546.6273	0
1136	239	-450.7999	0	52546.6804	0
1137	239	-450.8174	0	52546.7000	0
1138	239	-450.8239	0	52546.7059	0
1139	239	-450.8370	0	52546.5659	0
1140	239	-450.7678	0	52546.6494	0
1141	239	-450.8183	0	52546.3938	0
1142	239	-450.9061	0	52545.0043	0
1143	239	-450.8635	0	52546.0314	0
1144	239	-450.8703	0	52546.1675	0
1145	239	-450.8705	0	52546.2207	0
1146	239	-450.8687	0	52546.2411	0
1147	239	-450.8663	0	52546.2488	0
1148	239	-450.8640	0	52546.2497	0
1149	239	-450.8614	0	52546.2518	0
1150	239	-450.8592	0	52546.2516	0
1151	239	-450.8572	0	52546.2521	0
1152	239	-450.8555	0	52546.2528	0
1153	239	-450.8563	0	52546.2537	0
1154	239	-450.8546	0	52546.2543	0
1155	239	-450.8532	0	52546.2549	0
1156	239	-450.8515	0	52546.2554	0
1157	239	-450.8660	0	52546.2570	0
1158	239	-450.8588	0	52546.4009	0
1159	239	-450.8545	0	52546.4556	0
1160	239	-450.8358	0	52546.4742	0
1161	239	-450.8400	0	52546.3335	0
1162	239	-450.8307	0	52546.4248	0
1163	239	-450.8245	0	52546.4598	0
1164	239	-450.8213	0	52546.4734	0
1165	239	-450.8192	0	52546.4780	0
1166	239	-450.8191	0	52546.6210	0
1167	239	-450.8021	0	52546.6739	0
1168	239	-450.7956	0	52546.6938	0
1169	239	-450.8184	0	52546.4159	0
1170	239	-450.8154	0	52546.4486	0
1171	239	-450.8242	0	52546.3218	0
1172	239	-450.8263	0	52546.2730	0
1173	239	-450.8263	0	52546.2552	0
1174	239	-450.8252	0	52546.2465	0
1175	239	-450.8081	0	52546.2468	0
1176	239	-450.7919	0	52546.3901	0
1177	239	-450.7871	0	52546.4443	0
1178	239	-450.7878	0	52546.6076	0
1179	239	-450.7871	0	52546.5241	0
1180	239	-450.7878	0	52546.4918	0
1181	239	-450.7891	0	52546.4785	0
1182	239	-450.7903	0	52546.4741	0
1183	239	-450.7917	0	52546.4730	0
1184	239	-450.7929	0	52546.4730	0
1185	239	-450.7937	0	52546.4735	0
1186	239	-450.7949	0	52546.4697	0
1187	239	-450.7957	0	52546.4703	0
1188	239	-450.7963	0	52546.4708	0
1189	239	-450.7919	0	52546.3272	0
1190	239	-450.7917	0	52546.2725	0
1191	239	-450.8189	0	52546.1104	0
1192	239	-450.8284	0	52546.0498	0
1193	239	-450.8283	0	52546.0281	0
1194	239	-450.8245	0	52545.8723	0
1195	239	-450.8230	0	52545.9643	0
1196	239	-450.8205	0	52545.9980	0
1197	239	-450.8165	0	52545.8688	0
1198	239	-450.8165	0	52545.8171	0
1199	239	-450.8197	0	52545.8021	0
1200	239	-450.8067	0	52545.7982	0
1201	239	-450.7613	0	52545.3537	0
1202	239	-450.8119	0	52545.6248	0
1203	239	-450.8422	0	52545.5922	0
1204	239	-450.8504	0	52545.4320	0
1205	239	-450.8540	0	52545.5230	0
1206	239	-450.8492	0	52545.4079	0
1207	239	-450.8465	0	52545.3679	0
1208	239	-450.8453	0	52545.3523	0
1209	239	-450.8321	0	52545.3510	0
1210	239	-450.8293	0	52545.5005	0
1211	239	-450.8383	0	52545.5558	0
1212	239	-450.8377	0	52545.4318	0
1213	239	-450.8253	0	52545.5293	0
1214	239	-450.8465	0	52545.4205	0
1215	239	-450.8515	0	52545.3813	0
1216	239	-450.8350	0	52545.3648	0
1217	239	-450.8314	0	52545.3637	0
1218	239	-450.8332	0	52544.9120	0
1219	239	-450.8267	0	52544.8934	0
1220	239	-450.8477	0	52544.7417	0
1221	239	-450.8525	0	52544.5365	0
1222	239	-450.8410	0	52544.4600	0
1223	239	-450.8395	0	52544.7403	0
1224	239	-450.8491	0	52544.6971	0
1225	239	-450.8258	0	52544.9774	0
1226	239	-450.8331	0	52545.0859	0
1227	239	-450.8443	0	52544.8323	0
1228	239	-450.8475	0	52544.7323	0
1229	239	-450.8449	0	52544.3967	0
1230	239	-450.8292	0	52544.4239	0
1231	239	-450.8124	0	52544.4319	0
1232	239	-450.7892	0	52544.4363	0
1233	239	-450.7658	0	52544.4419	0
1234	239	-450.7532	0	52544.8926	0
1235	239	-450.7228	0	52545.0602	0
1236	239	-450.7053	0	52545.2713	0
1237	239	-450.6844	0	52545.7953	0
1238	239	-450.6584	0	52545.6875	0
1239	239	-450.6967	0	52545.4988	0
1240	239	-450.7307	0	52545.4300	0
1241	239	-450.7916	0	52545.2537	0
1242	239	-450.8235	0	52544.8950	0
1243	239	-450.8120	0	52545.3439	0
1244	239	-450.8380	0	52545.3694	0
1245	239	-450.8524	0	52545.6770	0
1246	239	-450.8285	0	52545.9330	0
1247	239	-450.8176	0	52545.8795	0
1248	239	-450.8162	0	52546.0017	0
1249	239	-450.8110	0	52545.8994	0
1250	239	-450.8207	0	52545.8617	0
1251	239	-450.8116	0	52545.9892	0
1252	239	-450.7958	0	52546.1777	0
1253	239	-450.7737	0	52546.2465	0
1254	239	-450.7873	0	52546.4190	0
1255	239	-450.8111	0	52546.4801	0
1256	239	-450.8247	0	52546.7843	0
1257	239	-450.8288	0	52546.8978	0
1258	239	-450.8232	0	52547.2182	0
1259	239	-450.8273	0	52547.7536	0
1260	239	-450.8081	0	52547.8137	0
1261	239	-450.8001	0	52547.8311	0
1262	239	-450.7852	0	52548.1053	0
1263	239	-450.7708	0	52548.4766	0
1264	239	-450.7575	0	52548.7466	0
1265	239	-450.7809	0	52548.8456	0
1266	239	-450.7785	0	52549.1455	0
1267	239	-450.7777	0	52549.3845	0
1268	239	-450.7519	0	52549.6005	0
1269	239	-450.7346	0	52549.9419	0
1270	239	-450.7295	0	52550.0600	0
1271	239	-450.7083	0	52550.0961	0
1272	239	-450.7019	0	52550.2358	0
1273	239	-450.6856	0	52550.4127	0
1274	239	-450.6695	0	52550.6012	0
1275	239	-450.6534	0	52550.9240	0
1276	239	-450.6639	0	52551.0423	0
1277	239	-450.6675	0	52551.0799	0
1278	239	-450.6701	0	52551.2133	0
1279	239	-450.6552	0	52551.2588	0
1280	239	-450.6401	0	52551.3949	0
1281	239	-450.6177	0	52551.4428	0
1282	239	-450.6077	0	52551.4522	0
1283	239	-450.6008	0	52551.4530	0
1284	239	-450.5776	0	52551.8264	0
1285	239	-450.5681	0	52551.9646	0
1286	239	-450.5560	0	52552.2622	0
1287	239	-450.5607	0	52552.2440	0
1288	239	-450.5562	0	52552.4819	0
1289	239	-450.5401	0	52552.5648	0
1290	239	-450.5378	0	52552.7159	0
1291	239	-450.5112	0	52552.8898	0
1292	239	-450.4856	0	52552.9477	0
1293	239	-450.4921	0	52552.9653	0
1294	239	-450.4797	0	52553.0896	0
1295	239	-450.4599	0	52553.1320	0
1296	239	-450.4440	0	52553.2656	0
1297	239	-450.4560	0	52553.4317	0
1298	239	-450.4627	0	52553.4911	0
1299	239	-450.4657	0	52553.5089	0
1300	239	-450.4648	0	52553.8745	0
1301	239	-450.4658	0	52554.1268	0
1302	239	-450.4561	0	52554.3364	0
1303	239	-450.4381	0	52554.4089	0
1304	239	-450.4303	0	52554.4307	0
1305	239	-450.4174	0	52554.6724	0
1306	239	-450.4177	0	52554.8731	0
1307	239	-450.4032	0	52554.9439	0
1308	239	-450.4151	0	52555.0829	0
1309	239	-450.4325	0	52555.1310	0
1310	239	-450.4253	0	52555.1445	0
1311	239	-450.4230	0	52555.1445	0
1312	239	-450.4297	0	52555.3701	0
1313	239	-450.4194	0	52555.5679	0
1314	239	-450.4133	0	52555.5227	0
1315	239	-450.4137	0	52555.6156	0
1316	239	-450.4160	0	52555.7616	0
1317	239	-450.4047	0	52556.2671	0
1318	239	-450.4059	0	52556.5664	0
1319	239	-450.4066	0	52556.6718	0
1320	239	-450.4087	0	52556.8195	0
1321	239	-450.4229	0	52556.8691	0
1322	239	-450.4087	0	52557.1035	0
1323	239	-450.3929	0	52557.4081	0
1324	239	-450.3709	0	52557.5126	0
1325	239	-450.3622	0	52557.5478	0
1326	239	-450.3428	0	52557.5534	0
1327	239	-450.3260	0	52557.7692	0
1328	239	-450.3248	0	52557.9535	0
1329	239	-450.3399	0	52558.1254	0
1330	239	-450.3522	0	52557.9709	0
1331	239	-450.3583	0	52558.0153	0
1332	239	-450.3487	0	52558.0272	0
1333	239	-450.3341	0	52558.4580	0
1334	239	-450.3245	0	52558.6132	0
1335	239	-450.3209	0	52558.6697	0
1336	239	-450.3217	0	52558.7910	0
1337	239	-450.3022	0	52558.9352	0
1338	239	-450.2886	0	52559.1948	0
1339	239	-450.2918	0	52559.3939	0
1340	239	-450.3103	0	52559.5679	0
1341	239	-450.3150	0	52559.5240	0
1342	239	-450.3188	0	52559.6059	0
1343	239	-450.2941	0	52560.0409	0
1344	239	-450.2639	0	52560.3032	0
1345	239	-450.2529	0	52560.3966	0
1346	239	-450.2563	0	52560.3219	0
1347	239	-450.2547	0	52560.2903	0
1348	239	-450.2041	0	52560.3718	0
1349	239	-450.1856	0	52560.7018	0
1350	239	-450.1783	0	52560.7211	0
1351	239	-450.2127	0	52560.6233	0
1352	239	-450.2091	0	52560.5822	0
1353	239	-450.1794	0	52560.5624	0
1354	239	-450.1728	0	52560.8520	0
1355	239	-450.1841	0	52560.6571	0
1356	239	-450.1818	0	52560.7828	0
1357	239	-450.1967	0	52560.9277	0
1358	239	-450.1926	0	52561.0782	0
1359	239	-450.1679	0	52561.5268	0
1360	239	-450.1669	0	52561.5941	0
1361	239	-450.1580	0	52561.7142	0
1362	239	-450.1550	0	52561.7521	0
1363	239	-450.1484	0	52561.9597	0
1364	239	-450.1463	0	52562.0339	0
1365	239	-450.1237	0	52562.4430	0
1366	239	-450.1062	0	52562.6872	0
1367	239	-450.1001	0	52562.7720	0
1368	239	-450.0960	0	52562.7980	0
1369	239	-450.0896	0	52562.9911	0
1370	239	-450.0930	0	52563.2469	0
1371	239	-450.0822	0	52563.4320	0
1372	239	-450.0772	0	52563.4031	0
1373	239	-450.0682	0	52563.5714	0
1374	239	-450.0543	0	52563.4469	0
1375	239	-450.0466	0	52563.3933	0
1376	239	-450.0323	0	52563.4599	0
1377	239	-450.0242	0	52563.4828	0
1378	239	-449.9992	0	52563.5801	0
1379	239	-449.9901	0	52563.6159	0
1380	239	-449.9873	0	52563.7156	0
1381	239	-449.9772	0	52563.8459	0
1382	239	-449.9708	0	52563.8909	0
1383	239	-449.9690	0	52563.9955	0
1384	239	-449.9588	0	52564.1232	0
1385	239	-449.9410	0	52564.1684	0
1386	239	-449.9469	0	52564.1814	0
1387	239	-449.9353	0	52564.1831	0
1388	239	-449.9211	0	52564.1811	0
1389	239	-449.9394	0	52564.1794	0
1390	239	-449.9251	0	52564.0835	0
1391	239	-449.9194	0	52564.0455	0
1392	239	-449.9044	0	52564.0307	0
1393	239	-449.9017	0	52563.8391	0
1394	239	-449.8762	0	52563.4883	0
1395	239	-449.8993	0	52562.8892	0
1396	239	-449.9331	0	52562.2858	0
1397	239	-449.9522	0	52562.0519	0
1398	239	-449.9687	0	52562.0600	0
1399	239	-449.9809	0	52562.1686	0
1400	239	-449.9630	0	52562.4994	0
1401	239	-449.9533	0	52562.8238	0
1402	239	-449.9447	0	52563.0403	0
1403	239	-449.9324	0	52563.2175	0
1404	239	-449.9577	0	52562.9009	0
1405	239	-449.9473	0	52562.8768	0
1406	239	-449.9402	0	52562.7752	0
1407	239	-449.9384	0	52562.7358	0
1408	239	-449.9460	0	52562.6289	0
1409	239	-449.9487	0	52562.5895	0
1410	239	-449.9824	0	52561.9967	0
1411	239	-450.0642	0	52560.6201	0
1412	239	-449.9970	0	52561.3146	0
1413	239	-449.9854	0	52561.6248	0
1414	239	-449.9683	0	52562.0408	0
1415	239	-449.9672	0	52562.2940	0
1416	239	-449.9820	0	52562.1947	0
1417	239	-449.9901	0	52562.1596	0
1418	239	-449.9797	0	52562.1463	0
1419	239	-450.0193	0	52561.7515	0
1420	239	-450.1052	0	52560.4215	0
1421	239	-450.1280	0	52560.0075	0
1422	239	-450.0614	0	52560.8376	0
1423	239	-450.0538	0	52560.7753	0
1424	239	-450.0571	0	52560.6560	0
1425	239	-450.0306	0	52560.6137	0
1426	239	-450.0355	0	52560.4013	0
1427	239	-449.9908	0	52560.7270	0
1428	239	-449.9391	0	52561.2574	0
1429	239	-449.9081	0	52561.4590	0
1430	239	-449.8764	0	52561.6299	0
1431	239	-449.8625	0	52561.5947	0
1432	239	-449.8592	0	52561.5777	0
1433	239	-449.8598	0	52561.5730	0
1434	239	-449.8592	0	52561.5698	0
1435	239	-449.8593	0	52561.5662	0
1436	239	-449.8443	0	52561.5640	0
1437	239	-449.8436	0	52561.6642	0
1438	239	-449.8547	0	52561.6008	0
1439	239	-449.8563	0	52561.7740	0
1440	239	-449.8602	0	52561.8395	0
1441	239	-449.8822	0	52561.9602	0
1442	239	-449.9008	0	52562.1986	0
1443	239	-449.9209	0	52562.2871	0
1444	239	-449.9423	0	52562.3170	0
1445	239	-449.9566	0	52562.1336	0
1446	239	-450.0006	0	52562.0613	0
1447	239	-450.0055	0	52562.0342	0
1448	239	-450.0067	0	52562.0222	0
1449	239	-450.0074	0	52562.0159	0
1450	239	-449.9874	0	52562.2074	0
1451	239	-449.9707	0	52562.3741	0
1452	239	-449.9538	0	52562.5337	0
1453	239	-449.9464	0	52562.5904	0
1454	239	-449.9402	0	52562.6082	0
1455	239	-449.9270	0	52562.6150	0
1456	239	-449.9249	0	52562.7095	0
1457	239	-449.9113	0	52562.7423	0
1458	239	-449.9072	0	52562.7526	0
1459	239	-449.9066	0	52562.7558	0
1460	239	-449.9104	0	52562.5638	0
1461	239	-449.9117	0	52562.4892	0
1462	239	-449.8987	0	52562.4604	0
1463	239	-449.8979	0	52562.2568	0
1464	239	-449.8944	0	52562.0840	0
1465	239	-449.9011	0	52561.9216	0
1466	239	-449.9034	0	52561.8594	0
1467	239	-449.9098	0	52561.7414	0
1468	239	-449.9023	0	52561.5050	0
1469	239	-449.9011	0	52561.4154	0
1470	239	-449.9068	0	52561.2858	0
1471	239	-449.9080	0	52561.2406	0
1472	239	-449.9075	0	52561.2243	0
1473	239	-449.9064	0	52561.2226	0
1474	239	-449.8893	0	52561.1266	0
1475	239	-449.9044	0	52560.8920	0
1476	239	-449.9036	0	52561.0046	0
1477	239	-449.9296	0	52560.2450	0
1478	239	-449.8875	0	52560.4629	0
1479	239	-449.8640	0	52560.6591	0
1480	239	-449.8386	0	52560.8357	0
1481	239	-449.8378	0	52560.7996	0
1482	239	-449.8624	0	52560.6885	0
1483	239	-449.8561	0	52560.5452	0
1484	239	-449.8695	0	52560.2916	0
1485	239	-449.9038	0	52559.9913	0
1486	239	-449.9224	0	52559.7817	0
1487	239	-449.9243	0	52559.7049	0
1488	239	-449.9265	0	52559.4705	0
1489	239	-449.9318	0	52559.2845	0
1490	239	-449.9168	0	52559.2154	0
1491	239	-449.9276	0	52558.9884	0
1492	239	-449.9148	0	52558.9058	0
1493	239	-449.8949	0	52558.8766	0
1494	239	-449.8771	0	52558.9776	0
1495	239	-449.8693	0	52559.0191	0
1496	239	-449.8736	0	52558.9330	0
1497	239	-449.8580	0	52558.9051	0
1498	239	-449.8512	0	52558.8976	0
1499	239	-449.8477	0	52558.8950	0
1500	239	-449.8506	0	52558.6869	0
1501	239	-449.8537	0	52558.7157	0
1502	239	-449.8536	0	52558.7293	0
1503	239	-449.8476	0	52558.9485	0
1504	239	-449.8443	0	52559.0326	0
1505	239	-449.8420	0	52559.0683	0
1506	239	-449.8429	0	52559.0805	0
1507	239	-449.8359	0	52559.1908	0
1508	239	-449.8369	0	52559.3377	0
1509	239	-449.8377	0	52559.3933	0
1510	239	-449.8542	0	52559.4119	0
1511	239	-449.8529	0	52559.5219	0
1512	239	-449.8533	0	52559.5651	0
1513	239	-449.8488	0	52559.7859	0
1514	239	-449.8528	0	52560.0743	0
1515	239	-449.8488	0	52560.2796	0
1516	239	-449.8507	0	52560.3551	0
1517	239	-449.8538	0	52560.3814	0
1518	239	-449.8522	0	52560.5881	0
1519	239	-449.8534	0	52560.6635	0
1520	239	-449.8507	0	52560.8912	0
1521	239	-449.8617	0	52560.8727	0
1522	239	-449.8563	0	52560.9591	0
1523	239	-449.8581	0	52561.0915	0
1524	239	-449.8625	0	52561.1354	0
1525	239	-449.8645	0	52561.1491	0
1526	239	-449.8608	0	52561.3498	0
1527	239	-449.8597	0	52561.4228	0
1528	239	-449.8596	0	52561.4442	0
1529	239	-449.8523	0	52561.5478	0
1530	239	-449.8502	0	52561.5853	0
1531	239	-449.8481	0	52561.5959	0
1532	239	-449.8517	0	52561.6934	0
1533	239	-449.8533	0	52561.7294	0
1534	239	-449.8491	0	52561.9325	0
1535	239	-449.8478	0	52562.0085	0
1536	239	-449.8603	0	52562.0343	0
1537	239	-449.8663	0	52562.0411	0
1538	239	-449.8611	0	52562.1352	0
1539	239	-449.8729	0	52562.1694	0
1540	239	-449.8767	0	52562.1797	0
1541	239	-449.8776	0	52562.1811	0
1542	239	-449.8902	0	52562.1802	0
1543	239	-449.8935	0	52562.1774	0
1544	239	-449.8952	0	52562.1749	0
1545	239	-449.8856	0	52562.1719	0
1546	239	-449.8901	0	52562.0707	0
1547	239	-449.8920	0	52562.0339	0
1548	239	-449.8929	0	52562.0181	0
1549	239	-449.9011	0	52561.9150	0
1550	239	-449.9037	0	52561.8764	0
1551	239	-449.8992	0	52561.7637	0
1552	239	-449.8978	0	52561.7200	0
1553	239	-449.9107	0	52561.7062	0
1554	239	-449.9148	0	52561.6997	0
1555	239	-449.9155	0	52561.6982	0
1556	239	-449.9020	0	52561.7007	0
1557	239	-449.9104	0	52561.7005	0
1558	239	-449.9153	0	52561.8007	0
1559	239	-449.9091	0	52561.6415	0
1560	239	-449.9054	0	52561.5798	0
1561	239	-449.9027	0	52561.5596	0
1562	239	-449.9110	0	52561.5520	0
1563	239	-449.9122	0	52561.5513	0
1564	239	-449.9110	0	52561.5509	0
1565	239	-449.9064	0	52561.4527	0
1566	239	-449.8963	0	52561.5132	0
1567	239	-449.9021	0	52561.5385	0
1568	239	-449.9028	0	52561.4505	0
1569	239	-449.9036	0	52561.4186	0
1570	239	-449.9174	0	52561.4065	0
1571	239	-449.9217	0	52561.4011	0
1572	239	-449.9249	0	52561.4031	0
1573	239	-449.9265	0	52561.4028	0
1574	239	-449.9427	0	52561.4030	0
1575	239	-449.9494	0	52561.4061	0
1576	239	-449.9444	0	52561.5044	0
1577	239	-449.9432	0	52561.5417	0
1578	239	-449.9435	0	52561.5550	0
1579	239	-449.9465	0	52561.6609	0
1580	239	-449.9583	0	52561.6018	0
1581	239	-449.9415	0	52561.6755	0
1582	239	-449.9517	0	52561.8029	0
1583	239	-449.9442	0	52561.9473	0
1584	239	-449.9390	0	52561.9006	0
1585	239	-449.9399	0	52561.8836	0
1586	239	-449.9525	0	52561.8765	0
1587	239	-449.9589	0	52561.8712	0
1588	239	-449.9639	0	52561.9681	0
1589	239	-449.9711	0	52562.0989	0
1590	239	-449.9750	0	52562.1492	0
1591	239	-449.9855	0	52562.0672	0
1592	239	-449.9924	0	52562.1339	0
1593	239	-449.9866	0	52562.2522	0
1594	239	-449.9840	0	52562.2973	0
1595	239	-449.9852	0	52562.3137	0
1596	239	-449.9889	0	52562.4129	0
1597	239	-449.9906	0	52562.4484	0
1598	239	-450.0046	0	52562.4622	0
1599	239	-450.0091	0	52562.4645	0
1600	239	-450.0124	0	52562.4635	0
1601	239	-450.0063	0	52562.5596	0
1602	239	-450.0046	0	52562.5930	0
1603	239	-450.0051	0	52562.6030	0
1604	239	-450.0082	0	52562.7029	0
1605	239	-450.0072	0	52562.7373	0
1606	239	-450.0029	0	52562.9400	0
1607	239	-449.9972	0	52562.9188	0
1608	239	-449.9839	0	52563.0050	0
1609	239	-449.9922	0	52563.0337	0
1610	239	-449.9817	0	52563.0421	0
1611	239	-449.9705	0	52563.1391	0
1612	239	-449.9694	0	52563.2671	0
1613	239	-449.9695	0	52563.3122	0
1614	239	-449.9697	0	52563.3292	0
1615	239	-449.9703	0	52563.3322	0
1616	239	-449.9633	0	52563.4236	0
1617	239	-449.9613	0	52563.4564	0
1618	239	-449.9612	0	52563.4689	0
1619	239	-449.9642	0	52563.5635	0
1620	239	-449.9779	0	52563.5973	0
1621	239	-449.9717	0	52563.6099	0
1622	239	-449.9831	0	52563.6119	0
1623	239	-449.9777	0	52563.6104	0
1624	239	-449.9788	0	52563.7013	0
1625	239	-449.9773	0	52563.6401	0
1626	239	-449.9926	0	52563.7109	0
1627	239	-449.9996	0	52563.7348	0
1628	239	-450.0100	0	52563.6518	0
1629	239	-450.0114	0	52563.5247	0
1630	239	-450.0121	0	52563.4757	0
1631	239	-450.0149	0	52563.5500	0
1632	239	-450.0285	0	52563.5795	0
1633	239	-450.0345	0	52563.6814	0
1634	239	-450.0370	0	52563.7204	0
1635	239	-450.0355	0	52563.7345	0
1636	239	-450.0107	0	52563.7388	0
1637	239	-450.0065	0	52563.8323	0
1638	239	-450.0137	0	52563.7742	0
1639	239	-450.0022	0	52563.6580	0
1640	239	-450.0129	0	52563.6146	0
1641	239	-450.0153	0	52563.5049	0
1642	239	-450.0176	0	52563.4637	0
1643	239	-450.0173	0	52563.3531	0
1644	239	-450.0210	0	52563.4071	0
1645	239	-450.0233	0	52563.4280	0
1646	239	-450.0251	0	52563.4365	0
1647	239	-450.0266	0	52563.4400	0
1648	239	-450.0277	0	52563.4417	0
1649	239	-450.0341	0	52563.2557	0
1650	239	-450.0523	0	52563.2823	0
1651	239	-450.0556	0	52563.1989	0
1652	239	-450.0560	0	52563.1681	0
1653	239	-450.0430	0	52563.1566	0
1654	239	-450.0386	0	52563.1535	0
1655	239	-450.0504	0	52563.1528	0
1656	239	-450.0518	0	52563.0611	0
1657	239	-450.0393	0	52563.0253	0
1658	239	-450.0437	0	52562.9184	0
1659	239	-450.0482	0	52562.9756	0
1660	239	-450.0498	0	52562.9974	0
1661	239	-450.0482	0	52562.9121	0
1662	239	-450.0480	0	52562.8796	0
1663	239	-450.0507	0	52562.9660	0
1664	239	-450.0491	0	52562.9029	0
1665	239	-450.0361	0	52562.8811	0
1666	239	-450.0328	0	52562.8718	0
1667	239	-450.0458	0	52562.8687	0
1668	239	-450.0507	0	52562.8705	0
1669	239	-450.0401	0	52562.8699	0
1670	239	-450.0345	0	52562.7775	0
1671	239	-450.0319	0	52562.7416	0
1672	239	-450.0339	0	52562.8241	0
1673	239	-450.0346	0	52562.8554	0
1674	239	-450.0321	0	52562.7753	0
1675	239	-450.0394	0	52562.6463	0
1676	239	-450.0397	0	52562.6012	0
1677	239	-450.0386	0	52562.5843	0
1678	239	-450.0369	0	52562.5791	0
1679	239	-450.0354	0	52562.5773	0
1680	239	-450.0208	0	52562.5773	0
1681	239	-450.0155	0	52562.5802	0
1682	239	-450.0139	0	52562.5801	0
1683	239	-450.0136	0	52562.5829	0
1684	239	-450.0138	0	52562.5828	0
1685	239	-450.0115	0	52562.5828	0
1686	239	-450.0109	0	52562.4898	0
1687	239	-450.0103	0	52562.4538	0
1688	239	-450.0109	0	52562.4407	0
1689	239	-450.0140	0	52562.4356	0
1690	239	-450.0147	0	52562.4373	0
1691	239	-450.0126	0	52562.3402	0
1692	239	-450.0129	0	52562.3060	0
1693	239	-450.0137	0	52562.2922	0
1694	239	-450.0124	0	52562.2901	0
1695	239	-450.0087	0	52562.1917	0
1696	239	-450.0133	0	52562.0587	0
1697	239	-450.0263	0	52562.0116	0
1698	239	-450.0076	0	52562.0906	0
1699	239	-450.0209	0	52562.0260	0
1700	239	-450.0234	0	52562.0006	0
1701	239	-450.0222	0	52561.9953	0
1702	239	-450.0197	0	52561.9930	0
1703	239	-450.0250	0	52561.8944	0
1704	239	-450.0248	0	52561.8607	0
1705	239	-450.0074	0	52561.8474	0
1706	239	-449.9968	0	52561.7453	0
1707	239	-449.9940	0	52561.8075	0
1708	239	-449.9816	0	52561.8306	0
1709	239	-449.9842	0	52561.7448	0
1710	239	-449.9790	0	52561.9080	0
1711	239	-449.9744	0	52561.9689	0
1712	239	-449.9552	0	52561.8965	0
1713	239	-449.9506	0	52561.9642	0
1714	239	-449.9485	0	52561.9906	0
1715	239	-449.9473	0	52562.0026	0
1716	239	-449.9466	0	52561.9087	0
1717	239	-449.9631	0	52561.9714	0
1718	239	-449.9689	0	52561.9952	0
1719	239	-449.9680	0	52561.9068	0
1720	239	-449.9833	0	52561.9715	0
1721	239	-449.9976	0	52561.8960	0
1722	239	-449.9943	0	52561.9656	0
1723	239	-449.9904	0	52561.8953	0
1724	239	-449.9891	0	52561.8685	0
1725	239	-449.9889	0	52561.8580	0
1726	239	-449.9890	0	52561.8553	0
1727	239	-449.9947	0	52561.7563	0
1728	239	-449.9928	0	52561.6238	0
1729	239	-449.9915	0	52561.5707	0
1730	239	-449.9769	0	52561.5529	0
1731	239	-449.9828	0	52561.5472	0
1732	239	-449.9722	0	52561.5461	0
1733	239	-449.9666	0	52561.5490	0
1734	239	-449.9638	0	52561.5492	0
1735	239	-449.9624	0	52561.5495	0
1736	239	-449.9635	0	52561.5528	0
1737	239	-449.9646	0	52561.5531	0
1738	239	-449.9637	0	52561.5534	0
1739	239	-449.9628	0	52561.5536	0
1740	239	-449.9618	0	52561.5568	0
1741	239	-449.9586	0	52561.4583	0
1742	239	-449.9575	0	52561.4211	0
1743	239	-449.9671	0	52561.4088	0
1744	239	-449.9698	0	52561.4035	0
1745	239	-449.9701	0	52561.4027	0
1746	239	-449.9564	0	52561.4028	0
1747	239	-449.9572	0	52561.5015	0
1748	239	-449.9574	0	52561.5395	0
1749	239	-449.9572	0	52561.5554	0
1750	239	-449.9494	0	52561.6571	0
1751	239	-449.9335	0	52561.6980	0
1752	239	-449.9422	0	52561.7110	0
1753	239	-449.9455	0	52561.7154	0
1754	239	-449.9493	0	52561.8154	0
1755	239	-449.9527	0	52561.8523	0
1756	239	-449.9547	0	52561.8634	0
1757	239	-449.9562	0	52561.8687	0
1758	239	-449.9523	0	52562.0649	0
1759	239	-449.9536	0	52562.1359	0
1760	239	-449.9559	0	52562.1625	0
1761	239	-449.9561	0	52562.1712	0
1762	239	-449.9565	0	52562.1711	0
1763	239	-449.9570	0	52562.1710	0
1764	239	-449.9573	0	52562.1680	0
1765	239	-449.9598	0	52562.1679	0
1766	239	-449.9570	0	52562.3577	0
1767	239	-449.9571	0	52562.4304	0
1768	239	-449.9607	0	52562.5495	0
1769	239	-449.9580	0	52562.4986	0
1770	239	-449.9591	0	52562.5743	0
1771	239	-449.9462	0	52562.5982	0
1772	239	-449.9418	0	52562.6080	0
1773	239	-449.9382	0	52562.5126	0
1774	239	-449.9152	0	52562.5720	0
1775	239	-449.9057	0	52562.5919	0
1776	239	-449.8921	0	52562.6956	0
1777	239	-449.8877	0	52562.7309	0
1778	239	-449.8871	0	52562.7452	0
1779	239	-449.8828	0	52562.9364	0
1780	239	-449.8818	0	52563.0097	0
1781	239	-449.8873	0	52563.1275	0
1782	239	-449.8972	0	52563.3597	0
1783	239	-449.9146	0	52563.4435	0
1784	239	-449.9221	0	52563.4733	0
1785	239	-449.9397	0	52563.4810	0
1786	239	-449.9488	0	52563.5745	0
1787	239	-449.9419	0	52563.6070	0
1788	239	-449.9292	0	52563.7104	0
1789	239	-449.9057	0	52563.9308	0
1790	239	-449.8931	0	52564.0088	0
1791	239	-449.8911	0	52564.1266	0
1792	239	-449.8754	0	52564.1708	0
1793	239	-449.8593	0	52564.1824	0
1794	239	-449.8464	0	52564.3661	0
1795	239	-449.8405	0	52564.7002	0
1796	239	-449.8361	0	52564.7341	0
1797	239	-449.8478	0	52564.7449	0
1798	239	-449.8416	0	52564.7429	0
1799	239	-449.8292	0	52565.0077	0
1800	239	-449.8146	0	52565.1930	0
1801	239	-449.7919	0	52565.4345	0
1802	239	-449.7848	0	52565.3451	0
1803	239	-449.7807	0	52565.3065	0
1804	239	-449.7596	0	52565.4647	0
1805	239	-449.7522	0	52565.8697	0
1806	239	-449.7482	0	52566.0184	0
1807	239	-449.7523	0	52565.8987	0
1808	239	-449.7426	0	52565.8446	0
1809	239	-449.7446	0	52565.9110	0
1810	239	-449.7574	0	52566.1910	0
1811	239	-449.7482	0	52566.2910	0
1812	239	-449.7306	0	52566.3261	0
1813	239	-449.7103	0	52566.3347	0
1814	239	-449.7150	0	52566.4212	0
1815	239	-449.6972	0	52566.6189	0
1816	239	-449.6928	0	52567.0272	0
1817	239	-449.7031	0	52567.1801	0
1818	239	-449.7050	0	52567.2309	0
1819	239	-449.7061	0	52567.2458	0
1820	239	-449.7038	0	52567.4136	0
1821	239	-449.7110	0	52567.6380	0
1822	239	-449.7040	0	52567.7986	0
1823	239	-449.7019	0	52567.9371	0
1824	239	-449.6973	0	52567.9043	0
1825	239	-449.6972	0	52567.9666	0
1826	239	-449.6991	0	52568.2294	0
1827	239	-449.7112	0	52568.3240	0
1828	239	-449.7302	0	52568.4369	0
1829	239	-449.7374	0	52568.4753	0
1830	239	-449.7490	0	52568.6447	0
1831	239	-449.7438	0	52568.9440	0
1832	239	-449.7289	0	52569.2871	0
1833	239	-449.7112	0	52569.4117	0
1834	239	-449.6988	0	52569.3728	0
1835	239	-449.6863	0	52569.4327	0
1836	239	-449.6672	0	52569.7602	0
1837	239	-449.6605	0	52569.8785	0
1838	239	-449.6535	0	52570.0710	0
1839	239	-449.6392	0	52570.1369	0
1840	239	-449.6253	0	52570.2325	0
1841	239	-449.5955	0	52570.4923	0
1842	239	-449.5513	0	52570.7339	0
1843	239	-449.5264	0	52570.8938	0
1844	239	-449.5050	0	52570.9497	0
1845	239	-449.4947	0	52570.9641	0
1846	239	-449.4879	0	52571.1870	0
1847	239	-449.4691	0	52571.4127	0
1848	239	-449.4589	0	52571.4200	0
1849	239	-449.4483	0	52571.4903	0
1850	239	-449.4554	0	52571.5122	0
1851	239	-449.4481	0	52571.7324	0
1852	239	-449.4258	0	52572.1004	0
1853	239	-449.3957	0	52572.3052	0
1854	239	-449.3669	0	52572.3065	0
1855	239	-449.3491	0	52572.3716	0
1856	239	-449.3391	0	52572.5336	0
1857	239	-449.3276	0	52572.7996	0
1858	239	-449.3214	0	52573.0334	0
1859	239	-449.3232	0	52572.9777	0
1860	239	-449.3275	0	52573.0200	0
1861	239	-449.3347	0	52573.3088	0
1862	239	-449.3306	0	52573.6170	0
1863	239	-449.3129	0	52573.8654	0
1864	239	-449.3065	0	52574.0192	0
1865	239	-449.2767	0	52574.0052	0
1866	239	-449.2408	0	52574.2609	0
1867	239	-449.2447	0	52574.6166	0
1868	239	-449.2511	0	52574.8092	0
1869	239	-449.2724	0	52574.9413	0
1870	239	-449.2887	0	52574.9192	0
1871	239	-449.3038	0	52575.0354	0
1872	239	-449.3061	0	52575.3323	0
1873	239	-449.3127	0	52575.5662	0
1874	239	-449.2948	0	52575.7121	0
1875	239	-449.2720	0	52575.6979	0
1876	239	-449.2515	0	52575.8125	0
1877	239	-449.2565	0	52576.0407	0
1878	239	-449.2613	0	52576.3065	0
1879	239	-449.2650	0	52576.4030	0
1880	239	-449.2776	0	52576.4322	0
1881	239	-449.3207	0	52576.5598	0
1882	239	-449.3459	0	52576.7882	0
1883	239	-449.3508	0	52577.1102	0
1884	239	-449.3384	0	52577.2279	0
1885	239	-449.3272	0	52577.2040	0
1886	239	-449.3167	0	52577.1297	0
1887	239	-449.3069	0	52577.3376	0
1888	239	-449.3147	0	52577.5900	0
1889	239	-449.3312	0	52577.7405	0
1890	239	-449.3560	0	52577.7335	0
1891	239	-449.3807	0	52577.8426	0
1892	239	-449.3950	0	52577.9951	0
1893	239	-449.4035	0	52578.2823	0
1894	239	-449.4039	0	52578.3861	0
1895	239	-449.3938	0	52578.4773	0
1896	239	-449.3708	0	52578.5645	0
1897	239	-449.3567	0	52578.7071	0
1898	239	-449.3462	0	52578.9822	0
1899	239	-449.3496	0	52579.1949	0
1900	239	-449.3520	0	52579.2696	0
1901	239	-449.3704	0	52579.2910	0
1902	239	-449.3809	0	52579.3506	0
1903	239	-449.3726	0	52579.6449	0
1904	239	-449.3589	0	52579.9166	0
1905	239	-449.3253	0	52579.9044	0
1906	239	-449.3000	0	52579.8945	0
1907	239	-449.2818	0	52580.0499	0
1908	239	-449.2653	0	52580.3741	0
1909	239	-449.2675	0	52580.7584	0
1910	239	-449.2660	0	52580.8433	0
1911	239	-449.2769	0	52580.8696	0
1912	239	-449.2909	0	52580.8724	0
1913	239	-449.2952	0	52581.1321	0
1914	239	-449.2858	0	52581.5359	0
1915	239	-449.2612	0	52581.4771	0
1916	239	-449.2475	0	52581.3947	0
1917	239	-449.2268	0	52581.5669	0
1918	239	-449.2265	0	52581.7802	0
1919	239	-449.2336	0	52582.1069	0
1920	239	-449.2369	0	52582.2265	0
1921	239	-449.2512	0	52582.3144	0
1922	239	-449.2716	0	52582.3920	0
1923	239	-449.3005	0	52582.6139	0
1924	239	-449.3011	0	52582.9357	0
1925	239	-449.2955	0	52583.1004	0
1926	239	-449.2835	0	52583.1575	0
1927	239	-449.2830	0	52583.2199	0
1928	239	-449.2779	0	52583.5260	0
1929	239	-449.2797	0	52583.7774	0
1930	239	-449.2893	0	52583.9597	0
1931	239	-449.3044	0	52584.0204	0
1932	239	-449.3247	0	52584.0847	0
1933	239	-449.3391	0	52584.2872	0
1934	239	-449.3352	0	52584.5878	0
1935	239	-449.3289	0	52584.8313	0
1936	239	-449.3271	0	52584.9164	0
1937	239	-449.3313	0	52584.9868	0
1938	239	-449.3384	0	52585.1856	0
1939	239	-449.3553	0	52585.5195	0
1940	239	-449.3755	0	52585.7248	0
1941	239	-449.3624	0	52585.8402	0
1942	239	-449.3499	0	52585.8765	0
1943	239	-449.3464	0	52586.0147	0
1944	239	-449.3383	0	52586.2735	0
1945	239	-449.3271	0	52586.4934	0
1946	239	-449.3186	0	52586.6533	0
1947	239	-449.3079	0	52586.7079	0
1948	239	-449.2996	0	52586.7639	0
1949	239	-449.2892	0	52587.0288	0
1950	239	-449.2962	0	52587.2856	0
1951	239	-449.3094	0	52587.4165	0
1952	239	-449.3152	0	52587.5001	0
1953	239	-449.3135	0	52587.7259	0
1954	239	-449.3106	0	52588.0033	0
1955	239	-449.2956	0	52588.2973	0
1956	239	-449.2633	0	52588.4029	0
1957	239	-449.2385	0	52588.4376	0
1958	239	-449.2031	0	52588.5232	0
1959	239	-449.1831	0	52588.8938	0
1960	239	-449.1616	0	52589.1394	0
1961	239	-449.1462	0	52589.2639	0
1962	239	-449.1372	0	52589.2677	0
1963	239	-449.1298	0	52589.3007	0
1964	239	-449.1354	0	52589.6029	0
1965	239	-449.1228	0	52589.8577	0
1966	239	-449.0978	0	52589.9122	0
1967	239	-449.0674	0	52589.9998	0
1968	239	-449.0358	0	52589.9930	0
1969	239	-449.0182	0	52590.2724	0
1970	239	-449.0020	0	52590.5141	0
1971	239	-449.0078	0	52590.6341	0
1972	239	-449.0188	0	52590.6743	0
1973	239	-449.0277	0	52590.8231	0
1974	239	-449.0426	0	52591.0111	0
1975	239	-449.0355	0	52591.2835	0
1976	239	-449.0257	0	52591.3455	0
1977	239	-449.0047	0	52591.3654	0
1978	239	-448.9844	0	52591.4360	0
1979	239	-448.9747	0	52591.6923	0
1980	239	-448.9668	0	52591.9829	0
1981	239	-448.9661	0	52592.1198	0
1982	239	-448.9732	0	52592.1654	0
1983	239	-448.9737	0	52592.2429	0
1984	239	-448.9803	0	52592.3956	0
1985	239	-448.9785	0	52592.5446	0
1986	239	-448.9595	0	52592.6615	0
1987	239	-448.9384	0	52592.7326	0
1988	239	-448.9247	0	52592.8190	0
1989	239	-448.9093	0	52593.0974	0
1990	239	-448.8882	0	52593.3227	0
1991	239	-448.8749	0	52593.4949	0
1992	239	-448.8661	0	52593.4941	0
1993	239	-448.8635	0	52593.5803	0
1994	239	-448.8498	0	52593.6995	0
1995	239	-448.8327	0	52593.8315	0
1996	239	-448.7878	0	52594.0290	0
1997	239	-448.7428	0	52594.1300	0
1998	239	-448.6989	0	52594.1944	0
1999	239	-448.7312	0	52595.4911	0
2000	239	-448.6613	0	52595.5962	0
2001	239	-448.5275	0	52594.5823	0
2002	239	-448.4138	0	52593.7711	0
2003	239	-448.3115	0	52593.2519	0
2004	239	-448.2256	0	52592.9807	0
2008	239	-447.8127	0	52589.7962	0
2009	239	-447.7249	0	52588.8302	0
2010	239	-447.7028	0	52588.2983	0
2011	239	-447.7822	0	52588.5041	0
2012	239	-447.8372	0	52588.5674	0
2013	239	-447.8662	0	52588.7236	0
2014	239	-447.9551	0	52589.8983	0
2015	239	-447.9989	0	52590.8059	0
2016	239	-447.9665	0	52590.9026	0
2017	239	-447.9238	0	52590.7551	0
2018	239	-447.9337	0	52590.6629	0
2019	239	-447.9196	0	52590.6323	0
2020	239	-447.9049	0	52590.6583	0
2021	239	-447.8925	0	52590.6726	0
2022	239	-447.8744	0	52590.5434	0
2023	239	-447.8949	0	52590.4958	0
2024	239	-447.9026	0	52590.3040	0
2025	239	-447.9178	0	52590.1609	0
2026	239	-447.9127	0	52590.1459	0
2027	239	-447.8992	0	52590.0730	0
2028	239	-447.8983	0	52590.0129	0
2029	239	-447.8893	0	52589.8481	0
2030	239	-447.8869	0	52589.7150	0
2031	239	-447.8489	0	52589.5601	0
2032	239	-447.8245	0	52589.4302	0
2033	239	-447.8093	0	52589.3479	0
2034	239	-447.8142	0	52589.2840	0
2035	239	-447.8129	0	52589.1501	0
2036	239	-447.8179	0	52588.9119	0
2037	239	-447.8403	0	52588.7083	0
2038	239	-447.8479	0	52588.7141	0
2039	239	-447.8393	0	52588.7614	0
2040	239	-447.8311	0	52588.6287	0
2041	239	-447.8193	0	52588.4654	0
2042	239	-447.8179	0	52588.3295	0
2043	239	-447.7943	0	52588.1252	0
2044	239	-447.7834	0	52587.9730	0
2045	239	-447.7799	0	52587.8391	0
2046	239	-447.7870	0	52587.7136	0
2047	239	-447.8070	0	52587.5480	0
2048	239	-447.8216	0	52587.3259	0
2049	239	-447.8235	0	52587.2067	0
2050	239	-447.8289	0	52587.1249	0
2051	239	-447.8243	0	52587.1419	0
2052	239	-447.8259	0	52586.9867	0
2053	239	-447.8099	0	52586.8498	0
2054	239	-447.7983	0	52586.7200	0
2055	239	-447.8036	0	52586.5477	0
2056	239	-447.8082	0	52586.4874	0
2057	239	-447.8187	0	52586.4691	0
2058	239	-447.8431	0	52586.3386	0
2059	239	-447.8584	0	52586.1635	0
2060	239	-447.8641	0	52585.9727	0
2061	239	-447.8799	0	52585.9484	0
2062	239	-447.8884	0	52585.8996	0
2063	239	-447.8925	0	52585.8865	0
2064	239	-447.8984	0	52585.8848	0
2065	239	-447.8993	0	52585.6689	0
2066	239	-447.9100	0	52585.5011	0
2067	239	-447.9164	0	52585.4433	0
2068	239	-447.9329	0	52585.3347	0
2069	239	-447.9679	0	52585.3426	0
2070	239	-447.9973	0	52585.2150	0
2071	239	-448.0146	0	52584.8989	0
2072	239	-448.0391	0	52584.7354	0
2073	239	-448.0493	0	52584.6336	0
2074	239	-448.0494	0	52584.5069	0
2075	239	-448.0552	0	52584.4179	0
2076	239	-448.0508	0	52584.2500	0
2077	239	-448.0390	0	52584.0974	0
2078	239	-448.0260	0	52583.9042	0
2079	239	-448.0223	0	52583.7887	0
2080	239	-448.0141	0	52583.7506	0
2081	239	-448.0249	0	52583.6932	0
2082	239	-448.0174	0	52583.5332	0
2083	239	-448.0197	0	52583.3327	0
2084	239	-448.0240	0	52583.1639	0
2085	239	-448.0249	0	52583.1061	0
2086	239	-448.0128	0	52583.0896	0
2087	239	-447.9947	0	52582.9907	0
2088	239	-447.9625	0	52582.7124	0
2089	239	-447.9423	0	52582.5613	0
2090	239	-447.9291	0	52582.3594	0
2091	239	-447.9232	0	52582.2882	0
2092	239	-447.9133	0	52582.1661	0
2093	239	-447.9205	0	52582.1252	0
2094	239	-447.9239	0	52582.0646	0
2095	239	-447.9344	0	52581.8402	0
2096	239	-447.9507	0	52581.7092	0
2097	239	-447.9590	0	52581.6127	0
2098	239	-447.9608	0	52581.5822	0
2099	239	-447.9471	0	52581.5240	0
2100	239	-447.9339	0	52581.3508	0
2101	239	-447.9305	0	52581.2371	0
2102	239	-447.9241	0	52581.1452	0
2103	239	-447.9120	0	52581.0106	0
2104	239	-447.9107	0	52580.9646	0
2105	239	-447.9259	0	52581.0580	0
2106	239	-447.9515	0	52580.7743	0
2107	239	-447.9657	0	52580.5641	0
2108	239	-447.9721	0	52580.5987	0
2109	239	-447.9851	0	52580.5065	0
2110	239	-447.9996	0	52580.5851	0
2111	239	-448.0039	0	52580.5105	0
2112	239	-448.0000	0	52580.3768	0
2113	239	-447.9998	0	52580.1114	0
2114	239	-447.9927	0	52579.9604	0
2115	239	-448.0012	0	52579.9059	0
2116	239	-448.0293	0	52580.0012	0
2117	239	-448.0599	0	52579.9841	0
2118	239	-448.0847	0	52579.8695	0
2119	239	-448.1215	0	52579.7738	0
2120	239	-448.1696	0	52579.7411	0
2121	239	-448.1911	0	52579.6203	0
2122	239	-448.2124	0	52579.5769	0
2123	239	-448.2180	0	52579.4516	0
2124	239	-448.2290	0	52579.1826	0
2125	239	-448.2318	0	52578.8554	0
2126	239	-448.2413	0	52578.7934	0
2127	239	-448.2369	0	52578.7734	0
2128	239	-448.2542	0	52578.7140	0
2129	239	-448.2788	0	52578.7522	0
2130	239	-448.3003	0	52578.5408	0
2131	239	-448.3272	0	52578.4055	0
2132	239	-448.3675	0	52578.5297	0
2133	239	-448.3871	0	52578.8088	0
2134	239	-448.3786	0	52578.9737	0
2135	239	-448.3578	0	52578.6976	0
2136	239	-448.3613	0	52578.7088	0
2137	239	-448.2907	0	52577.5523	0
2138	239	-448.2395	0	52576.6414	0
2139	239	-448.2405	0	52576.3838	0
2140	239	-448.2609	0	52576.3660	0
2141	239	-448.2856	0	52576.2403	0
2142	239	-448.3004	0	52575.8795	0
2143	239	-448.3266	0	52575.7568	0
2144	239	-448.3369	0	52575.6534	0
2145	239	-448.3475	0	52575.4954	0
2146	239	-448.3409	0	52575.5094	0
2147	239	-448.3425	0	52575.5881	0
2148	239	-448.3603	0	52575.7510	0
2149	239	-448.3703	0	52575.7513	0
2150	239	-448.3697	0	52575.6937	0
2151	239	-448.3726	0	52575.7394	0
2152	239	-448.3790	0	52575.8228	0
2153	239	-448.4056	0	52575.7286	0
2154	239	-448.4279	0	52575.5678	0
2155	239	-448.4423	0	52575.3158	0
2156	239	-448.4588	0	52575.2232	0
2157	239	-448.4939	0	52575.5126	0
2158	239	-448.5040	0	52575.7485	0
2159	239	-448.4874	0	52575.7790	0
2160	239	-448.4649	0	52575.4128	0
2161	239	-448.4455	0	52575.2057	0
2162	239	-448.4238	0	52574.9342	0
2163	239	-448.4211	0	52574.7684	0
2164	239	-448.4155	0	52574.7747	0
2165	239	-448.4446	0	52574.7823	0
2166	239	-448.4525	0	52574.5891	0
2167	239	-448.4592	0	52574.4522	0
2168	239	-448.4619	0	52574.2686	0
2169	239	-448.4735	0	52574.3373	0
2170	239	-448.4735	0	52574.3017	0
2171	239	-448.4722	0	52574.1554	0
2172	239	-448.4739	0	52573.9011	0
2173	239	-448.4620	0	52573.6720	0
2174	239	-448.4526	0	52573.5208	0
2175	239	-448.4382	0	52573.4684	0
2176	239	-448.4430	0	52573.4539	0
2177	239	-448.4491	0	52573.3825	0
2178	239	-448.4542	0	52573.0818	0
2179	239	-448.4699	0	52572.8309	0
2180	239	-448.4649	0	52572.7406	0
2181	239	-448.4713	0	52572.6416	0
2182	239	-448.4619	0	52572.7508	0
2183	239	-448.4505	0	52572.6558	0
2184	239	-448.4452	0	52572.3368	0
2185	239	-448.4384	0	52572.1493	0
2186	239	-448.4379	0	52572.0119	0
2187	239	-448.4274	0	52571.9663	0
2188	239	-448.4325	0	52571.9532	0
2189	239	-448.4513	0	52571.8815	0
2190	239	-448.4588	0	52571.6400	0
2191	239	-448.4694	0	52571.4783	0
2192	239	-448.4820	0	52571.3485	0
2193	239	-448.5023	0	52571.3029	0
2194	239	-448.5133	0	52571.2923	0
2195	239	-448.5078	0	52571.1446	0
2196	239	-448.5063	0	52570.9428	0
2197	239	-448.5060	0	52570.8705	0
2198	239	-448.5173	0	52570.7747	0
2199	239	-448.5345	0	52570.7414	0
2200	239	-448.5489	0	52570.8104	0
2201	239	-448.5859	0	52570.7641	0
2202	239	-448.6224	0	52570.5981	0
2203	239	-448.6444	0	52570.2370	0
2204	239	-448.6688	0	52570.0999	0
2205	239	-448.6825	0	52569.8997	0
2206	239	-448.6931	0	52569.9059	0
2207	239	-448.6970	0	52569.6813	0
2208	239	-448.6976	0	52569.4435	0
2209	239	-448.7142	0	52569.2807	0
2210	239	-448.7115	0	52569.0671	0
2211	239	-448.7113	0	52568.9916	0
2212	239	-448.7370	0	52568.9693	0
2213	239	-448.7787	0	52568.8870	0
2214	239	-448.8087	0	52568.7005	0
2215	239	-448.8271	0	52568.5539	0
2216	239	-448.8360	0	52568.3424	0
2217	239	-448.8415	0	52568.2689	0
2218	239	-448.8270	0	52568.1645	0
2219	239	-448.8187	0	52568.1300	0
2220	239	-448.8144	0	52567.9599	0
2221	239	-448.8014	0	52567.7331	0
2222	239	-448.7876	0	52567.5701	0
2223	239	-448.7818	0	52567.5142	0
2224	239	-448.7814	0	52567.4972	0
2225	239	-448.7858	0	52567.3307	0
2226	239	-448.7912	0	52567.1043	0
2227	239	-448.8013	0	52566.9391	0
2228	239	-448.7972	0	52566.7967	0
2229	239	-448.7879	0	52566.6649	0
2230	239	-448.7619	0	52566.7040	0
2231	239	-448.7291	0	52566.6404	0
2232	239	-448.7032	0	52566.4483	0
2233	239	-448.6856	0	52566.2070	0
2234	239	-448.6703	0	52566.2090	0
2235	239	-448.6600	0	52566.1252	0
2236	239	-448.6563	0	52566.1007	0
2237	239	-448.6748	0	52566.0088	0
2238	239	-448.6851	0	52565.6271	0
2239	239	-448.6908	0	52565.4880	0
2240	239	-448.6992	0	52565.3520	0
2241	239	-448.6975	0	52565.3933	0
2242	239	-448.6863	0	52565.4133	0
2243	239	-448.6857	0	52565.3374	0
2244	239	-448.6751	0	52565.2233	0
2245	239	-448.6712	0	52565.0062	0
2246	239	-448.6576	0	52565.0177	0
2247	239	-448.6596	0	52564.9353	0
2248	239	-448.6567	0	52564.8207	0
2249	239	-448.6590	0	52564.5990	0
2250	239	-448.6586	0	52564.5180	0
2251	239	-448.6691	0	52564.4944	0
2252	239	-448.6671	0	52564.3962	0
2253	239	-448.6417	0	52564.3642	0
2254	239	-448.6321	0	52564.3549	0
2255	239	-448.6283	0	52564.1734	0
2256	239	-448.6214	0	52563.8291	0
2257	239	-448.6044	0	52563.7015	0
2258	239	-448.5940	0	52563.5668	0
2259	239	-448.6055	0	52563.5199	0
2260	239	-448.6394	0	52563.3206	0
2261	239	-448.6756	0	52562.9641	0
2262	239	-448.6927	0	52562.6455	0
2263	239	-448.7228	0	52562.4342	0
2264	239	-448.7377	0	52562.3602	0
2265	239	-448.7587	0	52562.3389	0
2266	239	-448.7527	0	52562.0484	0
2267	239	-448.7614	0	52561.9432	0
2268	239	-448.7674	0	52561.7141	0
2269	239	-448.7827	0	52561.6327	0
2270	239	-448.7822	0	52561.4127	0
2271	239	-448.8091	0	52561.3353	0
2272	239	-448.8221	0	52561.1128	0
2273	239	-448.8477	0	52560.9355	0
2274	239	-448.8634	0	52560.6728	0
2275	239	-448.8673	0	52560.4785	0
2276	239	-448.8725	0	52560.4124	0
2277	239	-448.8616	0	52560.3946	0
2278	239	-448.8602	0	52560.1902	0
2279	239	-448.8645	0	52560.0161	0
2280	239	-448.8657	0	52559.9556	0
2281	239	-448.8618	0	52559.8362	0
2282	239	-448.8604	0	52559.7966	0
2283	239	-448.8597	0	52559.7877	0
2284	239	-448.8874	0	52559.4757	0
2285	239	-448.8957	0	52559.2574	0
2286	239	-448.9219	0	52559.0776	0
2287	239	-448.9394	0	52559.1209	0
2288	239	-448.9451	0	52559.1444	0
2289	239	-448.9273	0	52559.0500	0
2290	239	-448.9265	0	52558.9123	0
2291	239	-448.9260	0	52558.6543	0
2292	239	-448.9402	0	52558.5588	0
2293	239	-448.9464	0	52558.5284	0
2294	239	-448.9484	0	52558.5247	0
2295	239	-448.9751	0	52558.4199	0
2296	239	-449.0160	0	52557.9511	0
2297	239	-449.0520	0	52557.6695	0
2298	239	-449.0680	0	52557.5679	0
2299	239	-449.0985	0	52557.4278	0
2300	239	-449.1080	0	52557.3784	0
2301	239	-449.0998	0	52557.3683	0
2302	239	-449.0990	0	52557.1454	0
2303	239	-449.1044	0	52556.9554	0
2304	239	-449.1055	0	52556.8914	0
2305	239	-449.1121	0	52556.9814	0
2306	239	-449.1361	0	52556.9119	0
2307	239	-449.1625	0	52556.6669	0
2308	239	-449.1894	0	52556.5770	0
2309	239	-449.2243	0	52556.4360	0
2310	239	-449.2417	0	52556.3891	0
2311	239	-449.2472	0	52556.2608	0
2312	239	-449.2504	0	52556.2201	0
2313	239	-449.2542	0	52555.9782	0
2314	239	-449.2481	0	52555.7761	0
2315	239	-449.2583	0	52555.7030	0
2316	239	-449.2633	0	52555.7997	0
2317	239	-449.2586	0	52555.9502	0
2318	239	-449.2706	0	52556.0160	0
2319	239	-449.2964	0	52555.8136	0
2320	239	-449.3207	0	52555.3915	0
2321	239	-449.3367	0	52555.3514	0
2322	239	-449.3645	0	52555.1083	0
2323	239	-449.3825	0	52555.0203	0
2324	239	-449.3875	0	52554.8746	0
2325	239	-449.3808	0	52554.5883	0
2326	239	-449.3905	0	52554.1230	0
2327	239	-449.4096	0	52553.9534	0
2328	239	-449.4164	0	52553.8997	0
2329	239	-449.4357	0	52553.8855	0
2330	239	-449.4625	0	52554.0072	0
2331	239	-449.4928	0	52553.8186	0
2332	239	-449.5324	0	52553.3899	0
2333	239	-449.5602	0	52553.1107	0
2334	239	-449.5792	0	52553.1329	0
2335	239	-449.5883	0	52553.1471	0
2336	239	-449.5894	0	52553.0364	0
2337	239	-449.5992	0	52552.9996	0
2338	239	-449.5893	0	52552.7428	0
2339	239	-449.5846	0	52552.6503	0
2340	239	-449.5740	0	52552.7429	0
2341	239	-449.5989	0	52552.7873	0
2342	239	-449.6250	0	52552.8064	0
2343	239	-449.6555	0	52552.5691	0
2344	239	-449.6801	0	52552.3603	0
2345	239	-449.6908	0	52552.2830	0
2346	239	-449.7098	0	52552.1332	0
2347	239	-449.7177	0	52552.0808	0
2348	239	-449.7186	0	52551.9395	0
2349	239	-449.7104	0	52551.7604	0
2350	239	-449.7230	0	52551.7021	0
2351	239	-449.7268	0	52551.6802	0
2352	239	-449.7274	0	52551.6785	0
2353	239	-449.7363	0	52551.8088	0
2354	239	-449.7595	0	52551.9913	0
2355	239	-449.8047	0	52551.6833	0
2356	239	-449.8328	0	52551.4374	0
2357	239	-449.8461	0	52551.3496	0
2358	239	-449.8653	0	52551.3181	0
2359	239	-449.8662	0	52551.1836	0
2360	239	-449.8493	0	52551.1325	0
2361	239	-449.8485	0	52550.9872	0
2362	239	-449.8432	0	52550.8063	0
2363	239	-449.8398	0	52550.7421	0
2364	239	-449.8437	0	52550.7220	0
2365	239	-449.8560	0	52550.7178	0
2366	239	-449.8962	0	52550.4606	0
2367	239	-449.9275	0	52549.9736	0
2368	239	-449.9596	0	52549.9227	0
2369	239	-449.9866	0	52549.7775	0
2370	239	-449.9897	0	52549.7267	0
2371	239	-449.9848	0	52549.9851	0
2372	239	-449.9983	0	52549.6835	0
2373	239	-450.0008	0	52549.4376	0
2374	239	-449.9892	0	52549.4818	0
2375	239	-449.9833	0	52549.5053	0
2376	239	-449.9871	0	52549.2470	0
2377	239	-449.9997	0	52549.0204	0
2378	239	-449.9940	0	52548.9385	0
2379	239	-449.9906	0	52548.9088	0
2380	239	-450.0048	0	52548.9081	0
2381	239	-450.0089	0	52549.0465	0
2382	239	-449.9834	0	52549.2321	0
2383	239	-449.9546	0	52549.3080	0
2384	239	-449.9493	0	52549.0628	0
2385	239	-449.9468	0	52548.8364	0
2386	239	-449.9678	0	52548.8937	0
2387	239	-450.0097	0	52548.9165	0
2388	239	-450.0494	0	52548.9316	0
2389	239	-450.0802	0	52548.8017	0
2390	239	-450.0938	0	52548.3410	0
2391	239	-450.1268	0	52548.4483	0
2392	239	-450.1281	0	52548.4947	0
2393	239	-450.1424	0	52548.2368	0
2394	239	-450.1493	0	52548.0038	0
2395	239	-450.1633	0	52547.7815	0
2396	239	-450.2069	0	52546.8580	0
2397	239	-450.3268	0	52545.2128	0
2398	239	-450.3547	0	52544.8704	0
2399	239	-450.3867	0	52544.4574	0
2400	239	-450.4128	0	52543.8629	0
2401	239	-450.4293	0	52543.9451	0
2402	239	-450.4195	0	52544.1414	0
2403	239	-450.3884	0	52544.5251	0
2404	239	-450.3769	0	52544.8298	0
2405	239	-450.3655	0	52544.8076	0
2406	239	-450.3200	0	52544.9477	0
2407	239	-450.2927	0	52544.7125	0
2408	239	-450.2313	0	52544.9231	0
2409	239	-450.2058	0	52545.0089	0
2410	239	-450.1808	0	52545.0413	0
2411	239	-450.1729	0	52544.7567	0
2412	239	-450.1593	0	52544.8012	0
2413	239	-450.1413	0	52544.9722	0
2414	239	-450.1167	0	52545.3386	0
2415	239	-450.0963	0	52545.7711	0
2416	239	-450.1082	0	52546.3811	0
2417	239	-450.1174	0	52546.5956	0
2418	239	-450.1348	0	52546.5214	0
2419	239	-450.1595	0	52546.4940	0
2420	239	-450.1739	0	52546.3325	0
2421	239	-450.1759	0	52546.1256	0
2422	239	-450.1484	0	52546.0400	0
2423	239	-450.1588	0	52546.1582	0
2424	239	-450.1602	0	52546.0517	0
2425	239	-450.1296	0	52545.8654	0
2426	239	-450.1236	0	52545.7951	0
2427	239	-450.1362	0	52545.6226	0
2428	239	-450.1326	0	52545.7046	0
2429	239	-450.1182	0	52545.7381	0
2430	239	-450.0993	0	52545.3042	0
2431	239	-450.0924	0	52545.1407	0
2432	239	-450.0911	0	52545.0830	0
2433	239	-450.1080	0	52545.0677	0
2434	239	-450.1357	0	52545.0626	0
2435	239	-450.1815	0	52544.9200	0
2436	239	-450.2133	0	52544.5661	0
2437	239	-450.2613	0	52544.4408	0
2438	239	-450.2979	0	52544.3968	0
2439	239	-450.3281	0	52544.2358	0
2440	239	-450.3188	0	52544.0241	0
2441	239	-450.3433	0	52543.7983	0
2442	239	-450.3600	0	52543.4085	0
2443	239	-450.3790	0	52543.1144	0
2444	239	-450.4023	0	52543.0110	0
2445	239	-450.4180	0	52543.1310	0
2446	239	-450.4366	0	52543.0306	0
2447	239	-450.4561	0	52542.6835	0
2448	239	-450.5047	0	52542.2447	0
2449	239	-450.5239	0	52542.0863	0
2450	239	-450.5455	0	52541.7182	0
2451	239	-450.5541	0	52541.5847	0
2452	239	-450.5559	0	52541.3793	0
2453	239	-450.5668	0	52540.9839	0
2454	239	-450.5836	0	52540.8458	0
2455	239	-450.5907	0	52540.9662	0
2456	239	-450.6053	0	52540.8576	0
2457	239	-450.6085	0	52540.6584	0
2458	239	-450.6088	0	52540.5938	0
2459	239	-450.6178	0	52540.2456	0
2460	239	-450.6181	0	52539.9520	0
2461	239	-450.6033	0	52540.0108	0
2462	239	-450.5620	0	52540.0391	0
2463	239	-450.5361	0	52539.8879	0
2464	239	-450.5110	0	52539.5033	0
2465	239	-450.4736	0	52539.1893	0
2466	239	-450.3761	0	52538.9044	0
2467	239	-450.3215	0	52538.7981	0
2468	239	-450.2827	0	52538.7693	0
2469	239	-450.2748	0	52538.4168	0
2470	239	-450.3208	0	52537.9515	0
2471	239	-450.3271	0	52537.7795	0
2472	239	-450.3104	0	52538.0685	0
