1023	246	-447.4386	0	52538.4006	0
1024	246	-447.4684	0	52538.4776	0
1025	246	-447.5321	0	52538.5227	0
1026	246	-447.7261	0	52538.0634	0
1028	246	-448.0040	0	52537.7574	0
1029	246	-448.1426	0	52537.7421	0
1030	246	-448.2368	0	52538.0659	0
1031	246	-448.3383	0	52537.8975	0
1032	246	-448.4512	0	52537.2253	0
1033	246	-448.6152	0	52536.8522	0
1034	246	-448.7295	0	52536.7352	0
1035	246	-448.8046	0	52536.7108	0
1036	246	-448.8503	0	52536.8701	0
1037	246	-448.9015	0	52536.9446	0
1038	246	-448.9348	0	52536.9808	0
1039	246	-448.9584	0	52536.8477	0
1040	246	-449.0002	0	52536.8069	0
1041	246	-449.0579	0	52536.6504	0
1042	246	-449.0897	0	52536.4433	0
1043	246	-449.1146	0	52536.5298	0
1044	246	-449.1185	0	52536.5652	0
1045	246	-449.1246	0	52536.7404	0
1046	246	-449.1419	0	52536.8149	0
1047	246	-449.1437	0	52536.8428	0
1048	246	-449.1542	0	52537.0134	0
1051	246	-449.1277	0	52537.8716	0
1052	246	-449.1221	0	52537.8494	0
1053	246	-449.1319	0	52537.6889	0
1054	246	-449.1307	0	52537.6236	0
1055	246	-449.1164	0	52537.7505	0
1056	246	-449.1079	0	52537.7953	0
1057	246	-449.1014	0	52537.8108	0
1058	246	-449.0963	0	52537.8141	0
1059	246	-449.0905	0	52537.6595	0
1060	246	-449.0866	0	52537.5989	0
1061	246	-449.0835	0	52537.5765	0
1062	246	-449.0813	0	52537.5640	0
1063	246	-449.0616	0	52537.5566	0
1064	246	-449.0548	0	52537.5548	0
1065	246	-449.0527	0	52537.5550	0
1066	246	-449.0616	0	52537.3995	0
1067	246	-449.0475	0	52537.3372	0
1068	246	-449.0464	0	52537.3169	0
1069	246	-449.0317	0	52537.3067	0
1070	246	-449.0306	0	52537.3042	0
1071	246	-449.0320	0	52537.1498	0
1072	246	-449.0387	0	52537.2489	0
1073	246	-449.0243	0	52537.2812	0
1074	246	-449.0020	0	52537.1378	0
1075	246	-448.9955	0	52537.0819	0
1076	246	-449.0136	0	52537.0671	0
1077	246	-449.0310	0	52536.9095	0
1078	246	-449.0648	0	52536.7050	0
1079	246	-449.0563	0	52536.4644	0
1080	246	-449.0657	0	52536.2209	0
1081	246	-449.0659	0	52535.8091	0
1082	246	-449.0885	0	52535.9866	0
1084	246	-449.0512	0	52536.0478	0
1085	246	-449.0534	0	52536.0745	0
1086	246	-449.0476	0	52536.5547	0
1087	246	-449.0417	0	52536.5821	0
1088	246	-449.0383	0	52536.5915	0
1095	246	-448.9321	0	52537.2574	0
1096	246	-448.9620	0	52537.1457	0
1097	246	-448.9592	0	52537.1047	0
1098	246	-448.9674	0	52537.2512	0
1099	246	-448.9936	0	52537.1522	0
1100	246	-449.0138	0	52537.1142	0
1101	246	-449.0356	0	52537.1019	0
1102	246	-449.0426	0	52537.0961	0
1103	246	-449.0429	0	52537.0953	0
1104	246	-449.0493	0	52537.2495	0
1105	246	-449.0296	0	52537.1438	0
1106	246	-449.0246	0	52537.1047	0
1107	246	-449.0425	0	52536.9380	0
1108	246	-449.0558	0	52537.0356	0
1109	246	-449.0868	0	52536.9233	0
1110	246	-449.0969	0	52536.8808	0
1111	246	-449.0961	0	52536.8611	0
1112	246	-449.0866	0	52537.0110	0
1113	246	-449.1030	0	52537.0692	0
1114	246	-449.1056	0	52537.0922	0
1115	246	-449.1249	0	52537.1049	0
1116	246	-449.1394	0	52536.9562	0
1117	246	-449.1426	0	52536.9020	0
1118	246	-449.1416	0	52536.8764	0
1119	246	-449.1393	0	52536.8695	0
1120	246	-449.1394	0	52536.8674	0
1121	246	-449.1275	0	52537.0209	0
1122	246	-449.1308	0	52536.9254	0
1123	246	-449.1308	0	52536.8863	0
1124	246	-449.1324	0	52536.8721	0
1125	246	-449.1213	0	52537.0207	0
1126	246	-449.1192	0	52537.0808	0
1127	246	-449.1194	0	52537.1022	0
1128	246	-449.1204	0	52537.1093	0
1129	246	-449.1055	0	52537.2635	0
1130	246	-449.1017	0	52537.3205	0
1131	246	-449.1018	0	52537.3423	0
1132	246	-449.1035	0	52537.3460	0
1133	246	-449.1056	0	52537.3491	0
1134	246	-449.1251	0	52537.3552	0
1135	246	-449.1146	0	52537.3520	0
1136	246	-449.1116	0	52537.3461	0
1137	246	-449.1292	0	52537.3507	0
1138	246	-449.1299	0	52537.1953	0
1139	246	-449.1229	0	52537.2895	0
1140	246	-449.1208	0	52537.1707	0
1141	246	-449.1291	0	52536.9682	0
1142	246	-449.1231	0	52537.0499	0
1143	246	-449.1218	0	52537.0780	0
1144	246	-449.1314	0	52536.9366	0
1145	246	-449.1352	0	52536.8864	0
1146	246	-449.1368	0	52536.8690	0
1147	246	-449.1373	0	52536.8624	0
1148	246	-449.1380	0	52536.8604	0
1149	246	-449.1556	0	52536.8661	0
1150	246	-449.1609	0	52536.8677	0
1151	246	-449.1549	0	52537.0220	0
1152	246	-449.1516	0	52536.9278	0
1153	246	-449.1582	0	52536.7362	0
1154	246	-449.1521	0	52536.9730	0
1155	246	-449.1489	0	52537.0645	0
1156	246	-449.1451	0	52536.9405	0
1157	246	-449.1433	0	52536.8976	0
1158	246	-449.1457	0	52536.8782	0
1159	246	-449.1449	0	52536.8716	0
1160	246	-449.1489	0	52537.0283	0
1161	246	-449.1497	0	52536.9317	0
1162	246	-449.1491	0	52536.7378	0
1163	246	-449.1527	0	52536.8198	0
1164	246	-449.1565	0	52537.0105	0
1165	246	-449.1584	0	52537.0829	0
1166	246	-449.1575	0	52536.9540	0
1167	246	-449.1581	0	52536.9049	0
1168	246	-449.1589	0	52536.8869	0
1169	246	-449.1627	0	52536.8816	0
1170	246	-449.1665	0	52536.8807	0
1171	246	-449.1630	0	52536.5647	0
1172	246	-449.1632	0	52536.4407	0
1173	246	-449.1670	0	52536.3992	0
1174	246	-449.1711	0	52536.3864	0
1175	246	-449.1654	0	52536.5433	0
1176	246	-449.1776	0	52536.6054	0
1177	246	-449.1836	0	52536.6283	0
1178	246	-449.1892	0	52536.7961	0
1179	246	-449.1997	0	52536.5491	0
1180	246	-449.1844	0	52536.2903	0
1181	246	-449.1790	0	52536.0358	0
1182	246	-449.1996	0	52536.1083	0
1183	246	-449.2003	0	52535.9753	0
1184	246	-449.2197	0	52535.9320	0
1185	246	-449.2422	0	52535.7623	0
1186	246	-449.2472	0	52535.5368	0
1187	246	-449.2505	0	52535.6195	0
1188	246	-449.2785	0	52535.4981	0
1189	246	-449.2856	0	52535.4557	0
1190	246	-449.2851	0	52535.4386	0
1191	246	-449.2999	0	52535.4427	0
1192	246	-449.2835	0	52535.4407	0
1193	246	-449.2781	0	52535.4394	0
1194	246	-449.2915	0	52535.2863	0
1195	246	-449.2933	0	52535.0668	0
1196	246	-449.2949	0	52535.1514	0
1197	246	-449.2734	0	52535.1752	0
1198	246	-449.2661	0	52535.3520	0
1199	246	-449.2616	0	52535.4163	0
1200	246	-449.2391	0	52535.2777	0
1201	246	-449.2005	0	52535.0498	0
1202	246	-449.1784	0	52535.2957	0
1203	246	-449.1824	0	52535.8714	0
1204	246	-449.1789	0	52536.7085	0
1205	246	-449.1950	0	52535.9491	0
1206	246	-449.2195	0	52535.7993	0
1207	246	-449.2491	0	52536.0654	0
1208	246	-449.2892	0	52533.7656	0
1209	246	-449.3050	0	52532.6368	0
1210	246	-449.3109	0	52532.2408	0
1211	246	-449.3402	0	52531.4033	0
1212	246	-449.3542	0	52531.2924	0
1213	246	-449.3341	0	52531.7952	0
1214	246	-449.3436	0	52531.4638	0
1215	246	-449.3692	0	52532.4280	0
1216	246	-449.3711	0	52532.9297	0
1217	246	-449.3789	0	52532.9670	0
1218	246	-449.3580	0	52534.3048	0
1219	246	-449.3245	0	52535.2603	0
1220	246	-449.3472	0	52535.4844	0
1221	246	-449.3346	0	52535.5565	0
1222	246	-449.3133	0	52535.7317	0
1223	246	-449.3009	0	52535.7869	0
1224	246	-449.2910	0	52535.6441	0
1225	246	-449.2957	0	52535.5812	0
1226	246	-449.2939	0	52535.5537	0
1227	246	-449.2802	0	52535.6931	0
1228	246	-449.2896	0	52535.7484	0
1229	246	-449.3108	0	52535.7695	0
1230	246	-449.2994	0	52535.7703	0
1231	246	-449.2952	0	52535.7633	0
1232	246	-449.2937	0	52535.7579	0
1233	246	-449.2932	0	52535.7544	0
1234	246	-449.2930	0	52535.7502	0
1235	246	-449.2724	0	52535.7401	0
1236	246	-449.2647	0	52535.7340	0
1237	246	-449.2616	0	52535.7297	0
1238	246	-449.2786	0	52535.7316	0
1239	246	-449.2658	0	52535.7251	0
1240	246	-449.2802	0	52535.8918	0
1241	246	-449.2825	0	52535.7913	0
1242	246	-449.2819	0	52535.7506	0
1243	246	-449.2983	0	52535.7390	0
1244	246	-449.3063	0	52535.8946	0
1245	246	-449.3337	0	52535.6393	0
1246	246	-449.3442	0	52535.5410	0
1247	246	-449.3470	0	52535.5043	0
1248	246	-449.3447	0	52535.1671	0
1249	246	-449.3419	0	52535.2007	0
1250	246	-449.3586	0	52535.0580	0
1251	246	-449.3635	0	52535.0036	0
1252	246	-449.3639	0	52534.9885	0
1253	246	-449.3617	0	52534.8175	0
1254	246	-449.3433	0	52534.9130	0
1255	246	-449.3380	0	52535.1181	0
1256	246	-449.3364	0	52535.1940	0
1257	246	-449.3233	0	52535.3808	0
1258	246	-449.3353	0	52535.4559	0
1259	246	-449.3374	0	52535.4866	0
1260	246	-449.3387	0	52535.4950	0
1261	246	-449.3295	0	52535.6555	0
1262	246	-449.3542	0	52535.7252	0
1263	246	-449.3505	0	52535.7453	0
1264	246	-449.4066	0	52535.1170	0
1265	246	-449.4422	0	52534.8895	0
1266	246	-449.4006	0	52535.5828	0
1273	246	-449.3044	0	52537.0981	0
1274	246	-449.3384	0	52537.0346	0
1275	246	-449.3421	0	52537.0108	0
1276	246	-449.3353	0	52537.1529	0
1277	246	-449.3422	0	52536.8909	0
1278	246	-449.3410	0	52537.1011	0
1279	246	-449.3434	0	52537.1759	0
1280	246	-449.3463	0	52537.2057	0
1281	246	-449.3372	0	52537.3638	0
1282	246	-449.3345	0	52537.4187	0
1283	246	-449.3516	0	52537.4413	0
1284	246	-449.3601	0	52537.4472	0
1285	246	-449.3466	0	52537.4427	0
1286	246	-449.3436	0	52537.4382	0
1287	246	-449.3412	0	52537.4344	0
1288	246	-449.3418	0	52537.5864	0
1289	246	-449.3591	0	52537.6460	0
1290	246	-449.3639	0	52537.6653	0
1291	246	-449.3466	0	52537.6642	0
1292	246	-449.3402	0	52537.6607	0
1293	246	-449.3448	0	52537.6628	0
1294	246	-449.3489	0	52537.6594	0
1295	246	-449.3513	0	52537.6598	0
1296	246	-449.3517	0	52537.8095	0
1297	246	-449.3597	0	52537.7165	0
1298	246	-449.3338	0	52537.6677	0
1299	246	-449.3433	0	52537.8123	0
1300	246	-449.3460	0	52537.8619	0
1301	246	-449.3457	0	52537.8812	0
1302	246	-449.3450	0	52537.8850	0
1303	246	-449.3441	0	52537.8864	0
1304	246	-449.3429	0	52537.8821	0
1305	246	-449.3326	0	52537.5720	0
1306	246	-449.3482	0	52537.6142	0
1307	246	-449.3356	0	52537.6220	0
1308	246	-449.3486	0	52537.6332	0
1309	246	-449.3526	0	52537.6370	0
1310	246	-449.3520	0	52537.4846	0
1311	246	-449.3514	0	52537.4259	0
1312	246	-449.3535	0	52537.4046	0
1313	246	-449.3555	0	52537.3972	0
1314	246	-449.3574	0	52537.3950	0
1315	246	-449.3620	0	52537.4003	0
1316	246	-449.3824	0	52537.2507	0
1317	246	-449.3924	0	52537.3512	0
1318	246	-449.3964	0	52537.3895	0
1319	246	-449.4068	0	52537.0961	0
1320	246	-449.3945	0	52537.1362	0
1321	246	-449.3912	0	52537.1535	0
1322	246	-449.4089	0	52537.1668	0
1323	246	-449.3966	0	52537.0106	0
1324	246	-449.4110	0	52536.9625	0
1325	246	-449.4162	0	52536.9425	0
1326	246	-449.4183	0	52536.9352	0
1327	246	-449.4188	0	52536.9373	0
1328	246	-449.4192	0	52536.9366	0
1329	246	-449.4192	0	52536.9365	0
1330	246	-449.4190	0	52536.9414	0
1331	246	-449.3983	0	52536.9357	0
1332	246	-449.3937	0	52536.9346	0
1333	246	-449.3906	0	52536.9339	0
1334	246	-449.3878	0	52536.7812	0
1335	246	-449.3886	0	52536.8799	0
1336	246	-449.3888	0	52536.9173	0
1337	246	-449.3919	0	52536.9325	0
1338	246	-449.3817	0	52537.0910	0
1339	246	-449.3879	0	52536.9988	0
1340	246	-449.3898	0	52536.9615	0
1341	246	-449.3743	0	52537.0991	0
1342	246	-449.3598	0	52537.3054	0
1343	246	-449.3545	0	52537.2259	0
1344	246	-449.3379	0	52537.3473	0
1345	246	-449.3331	0	52537.2364	0
1346	246	-449.3628	0	52537.2043	0
1347	246	-449.3538	0	52537.1833	0
1348	246	-449.3505	0	52537.1772	0
1349	246	-449.3521	0	52537.1768	0
1350	246	-449.3719	0	52537.1771	0
1351	246	-449.3768	0	52536.8671	0
1352	246	-449.3709	0	52537.0634	0
1353	246	-449.3696	0	52537.1374	0
1354	246	-449.3522	0	52537.1595	0
1355	246	-449.3479	0	52537.1677	0
1356	246	-449.3660	0	52537.1768	0
1357	246	-449.3759	0	52537.1802	0
1358	246	-449.3752	0	52537.1819	0
1359	246	-449.3714	0	52536.8701	0
1360	246	-449.3615	0	52536.9008	0
1361	246	-449.3595	0	52536.9177	0
1362	246	-449.3620	0	52537.0821	0
1363	246	-449.3423	0	52536.9825	0
1364	246	-449.3546	0	52537.5733	0
1368	246	-449.3815	0	52538.4855	0
1369	246	-449.3419	0	52538.1182	0
1370	246	-449.2751	0	52537.9625	0
1371	246	-449.2163	0	52537.7397	0
1372	246	-449.1731	0	52537.7983	0
1373	246	-449.1602	0	52538.1326	0
1374	246	-449.2881	0	52537.8306	0
1375	246	-449.3420	0	52537.8712	0
1376	246	-449.3948	0	52537.8915	0
1377	246	-449.4072	0	52537.7447	0
1378	246	-449.4072	0	52537.6865	0
1379	246	-449.4029	0	52537.6633	0
1380	246	-449.3831	0	52537.6510	0
1381	246	-449.3928	0	52537.6480	0
1382	246	-449.3946	0	52537.6494	0
1383	246	-449.4139	0	52537.6563	0
1384	246	-449.4182	0	52537.4998	0
1385	246	-449.4188	0	52537.4431	0
1386	246	-449.4181	0	52537.4231	0
1387	246	-449.4170	0	52537.4169	0
1388	246	-449.4259	0	52537.2595	0
1389	246	-449.4457	0	52537.2067	0
1390	246	-449.4489	0	52537.0324	0
1391	246	-449.4479	0	52536.9677	0
1392	246	-449.4461	0	52536.9444	0
1393	246	-449.4434	0	52536.9377	0
1394	246	-449.4426	0	52537.0926	0
1395	246	-449.4420	0	52537.3063	0
1396	246	-449.4408	0	52537.2368	0
1397	246	-449.4296	0	52537.2042	0
1398	246	-449.4363	0	52537.0402	0
1399	246	-449.4308	0	52537.2854	0
1400	246	-449.4292	0	52537.3791	0
1401	246	-449.4290	0	52537.4190	0
1402	246	-449.4391	0	52537.2780	0
1403	246	-449.4430	0	52537.2255	0
1404	246	-449.4442	0	52537.2057	0
1405	246	-449.4272	0	52537.1900	0
1406	246	-449.4223	0	52537.1864	0
1407	246	-449.4217	0	52537.1867	0
1408	246	-449.4243	0	52537.3425	0
1409	246	-449.4258	0	52537.4007	0
1410	246	-449.4254	0	52537.2669	0
1411	246	-449.4264	0	52537.2198	0
1412	246	-449.4276	0	52537.2001	0
1413	246	-449.4306	0	52537.3488	0
1414	246	-449.4303	0	52537.2493	0
1415	246	-449.4354	0	52537.3677	0
1416	246	-449.4364	0	52537.4115	0
1417	246	-449.4366	0	52537.4273	0
1418	246	-449.4367	0	52537.4326	0
1419	246	-449.4367	0	52537.4338	0
1420	246	-449.4366	0	52537.4382	0
1421	246	-449.4265	0	52537.5891	0
1422	246	-449.4204	0	52537.6450	0
1423	246	-449.4254	0	52537.3575	0
1424	246	-449.4263	0	52537.2464	0
1425	246	-449.4127	0	52537.3571	0
1426	246	-449.3901	0	52537.5505	0
1427	246	-449.3908	0	52537.4706	0
1428	246	-449.3902	0	52537.4352	0
1429	246	-449.4064	0	52537.4295	0
1430	246	-449.4102	0	52537.4262	0
1431	246	-449.4124	0	52537.4252	0
1432	246	-449.4127	0	52537.4257	0
1433	246	-449.4055	0	52537.5778	0
1434	246	-449.3884	0	52537.7853	0
1435	246	-449.3862	0	52538.0154	0
1436	246	-449.3486	0	52537.9371	0
1437	246	-449.3486	0	52538.0623	0
1438	246	-449.3869	0	52537.8092	0
1439	246	-449.3954	0	52538.0194	0
1448	246	-449.4456	0	52538.3397	0
1449	246	-449.4125	0	52538.1911	0
1450	246	-449.3844	0	52537.9794	0
1451	246	-449.3581	0	52537.7438	0
1452	246	-449.3862	0	52538.1314	0
1453	246	-449.3620	0	52538.2647	0
1454	246	-449.3947	0	52537.8717	0
1457	246	-449.2999	0	52537.6629	0
1458	246	-449.2949	0	52537.7973	0
1459	246	-449.2206	0	52537.9727	0
1460	246	-449.1508	0	52538.3374	0
1461	246	-449.1661	0	52537.8678	0
1462	246	-449.3614	0	52537.2706	0
1463	246	-449.4377	0	52537.6784	0
1464	246	-449.4546	0	52537.6699	0
1465	246	-449.4496	0	52537.2006	0
1466	246	-449.4592	0	52537.0224	0
1467	246	-449.4531	0	52536.6408	0
1468	246	-449.4476	0	52536.4999	0
1469	246	-449.4499	0	52536.6099	0
1470	246	-449.4470	0	52536.6600	0
1471	246	-449.4450	0	52536.8356	0
1472	246	-449.4303	0	52537.0558	0
1473	246	-449.4243	0	52537.2987	0
1474	246	-449.4190	0	52537.3875	0
1475	246	-449.4178	0	52537.4216	0
1476	246	-449.4135	0	52537.4299	0
1477	246	-449.4097	0	52537.4340	0
1478	246	-449.4064	0	52537.4316	0
1479	246	-449.3949	0	52537.7392	0
1480	246	-449.3911	0	52538.0052	0
1481	246	-449.3705	0	52538.0953	0
1482	246	-449.3625	0	52538.1294	0
1483	246	-449.3729	0	52537.8350	0
1484	246	-449.3913	0	52537.7244	0
1485	246	-449.3980	0	52537.6830	0
1486	246	-449.4221	0	52537.8293	0
1487	246	-449.4262	0	52537.7271	0
1488	246	-449.4258	0	52537.6842	0
1489	246	-449.4306	0	52537.9798	0
1490	246	-449.4313	0	52538.0894	0
1491	246	-449.4463	0	52537.9819	0
1492	246	-449.4516	0	52538.0917	0
1493	246	-449.4444	0	52538.2821	0
1494	246	-449.4467	0	52538.8075	0
1495	246	-449.4320	0	52538.9956	0
1496	246	-449.4365	0	52539.0638	0
1497	246	-449.4423	0	52539.2367	0
1498	246	-449.4166	0	52539.4380	0
1499	246	-449.4189	0	52539.6612	0
1500	246	-449.4278	0	52539.7428	0
1501	246	-449.4312	0	52539.6199	0
1502	246	-449.4192	0	52539.7149	0
1503	246	-449.4245	0	52540.0443	0
1504	246	-449.4249	0	52540.0167	0
1505	246	-449.4252	0	52539.8552	0
1506	246	-449.4274	0	52539.7880	0
1507	246	-449.4175	0	52540.0555	0
1508	246	-449.4499	0	52540.1581	0
1509	246	-449.4436	0	52540.3364	0
1510	246	-449.4196	0	52540.5390	0
1511	246	-449.3708	0	52540.6013	0
1512	246	-449.3500	0	52540.7679	0
1513	246	-449.3107	0	52540.9591	0
1516	246	-449.3030	0	52540.7136	0
1517	246	-449.3406	0	52540.0566	0
1518	246	-449.3470	0	52539.8323	0
1519	246	-449.3469	0	52539.8932	0
1520	246	-449.3198	0	52540.3485	0
1521	246	-449.2937	0	52540.8034	0
1522	246	-449.2654	0	52540.9667	0
1523	246	-449.2675	0	52540.7413	0
1524	246	-449.2700	0	52540.7954	0
1525	246	-449.2717	0	52540.9550	0
1526	246	-449.2738	0	52541.0124	0
1527	246	-449.2974	0	52540.6095	0
1528	246	-449.2833	0	52540.4429	0
1529	246	-449.2674	0	52540.8161	0
1530	246	-449.2622	0	52540.9533	0
1531	246	-449.2410	0	52540.8501	0
1532	246	-449.2343	0	52540.8102	0
1533	246	-449.2354	0	52540.9376	0
1534	246	-449.2392	0	52540.9879	0
1535	246	-449.2357	0	52540.8597	0
1536	246	-449.2207	0	52540.8052	0
1537	246	-449.2621	0	52540.6525	0
1538	246	-449.2574	0	52540.7298	0
1539	246	-449.2508	0	52540.4676	0
1540	246	-449.2479	0	52540.3731	0
1541	246	-449.2588	0	52540.4843	0
1542	246	-449.2829	0	52540.2418	0
1543	246	-449.2686	0	52539.9981	0
1544	246	-449.2493	0	52539.9044	0
1545	246	-449.2527	0	52539.7292	0
1546	246	-449.2630	0	52539.8090	0
1547	246	-449.2773	0	52539.7037	0
1548	246	-449.2727	0	52539.8071	0
1549	246	-449.2743	0	52539.8499	0
1550	246	-449.2502	0	52540.0085	0
1551	246	-449.2543	0	52540.0720	0
1552	246	-449.2575	0	52539.9506	0
1553	246	-449.2613	0	52539.9095	0
1554	246	-449.2825	0	52539.8963	0
1555	246	-449.2916	0	52539.8943	0
1556	246	-449.2931	0	52539.7452	0
1557	246	-449.3121	0	52539.6932	0
1558	246	-449.3161	0	52539.5292	0
1559	246	-449.3281	0	52539.3216	0
1560	246	-449.3151	0	52539.2382	0
1561	246	-449.3281	0	52539.2187	0
1562	246	-449.3329	0	52539.2118	0
1563	246	-449.3392	0	52539.3604	0
1564	246	-449.3591	0	52539.4227	0
1565	246	-449.3695	0	52539.4517	0
1566	246	-449.3892	0	52539.4641	0
1567	246	-449.4017	0	52539.1764	0
1568	246	-449.4039	0	52539.0638	0
1569	246	-449.4213	0	52539.1827	0
1570	246	-449.4100	0	52539.3703	0
1571	246	-449.3901	0	52539.8824	0
1572	246	-449.3782	0	52540.0709	0
1587	246	-449.3497	0	52539.9454	0
1588	246	-449.3272	0	52540.6843	0
1589	246	-449.3650	0	52539.9250	0
1590	246	-449.3484	0	52539.9166	0
1591	246	-449.3148	0	52540.3435	0
1594	246	-449.3261	0	52540.0134	0
1595	246	-449.3386	0	52539.4943	0
1596	246	-449.3210	0	52539.3150	0
1597	246	-449.3137	0	52539.2466	0
1598	246	-449.3148	0	52539.3738	0
1599	246	-449.3473	0	52539.2853	0
1600	246	-449.3587	0	52539.0998	0
1601	246	-449.3583	0	52538.8776	0
1602	246	-449.3412	0	52538.9475	0
1603	246	-449.3439	0	52539.2777	0
1618	246	-449.7155	0	52539.3310	1
1619	246	-449.8755	0	52539.5471	1
1620	246	-450.0745	0	52539.8001	1
1621	246	-450.2219	0	52540.0581	1
1622	246	-450.3352	0	52540.1736	1
1623	246	-450.4452	0	52540.5240	1
1624	246	-450.5315	0	52540.9515	1
1625	246	-450.6648	0	52540.8477	1
1626	246	-450.7737	0	52541.1106	1
1627	246	-450.8461	0	52541.7785	1
1628	246	-450.9485	0	52542.1865	1
1629	246	-451.0380	0	52542.4868	1
1630	246	-451.0599	0	52542.8642	1
1631	246	-451.0945	0	52543.4147	1
1632	246	-451.1513	0	52543.3482	1
1633	246	-451.2109	0	52543.6001	1
1634	246	-451.2044	0	52544.8907	1
1635	246	-451.3099	0	52544.9805	1
1636	246	-451.3411	0	52545.5202	1
1637	246	-451.3898	0	52545.9853	1
1638	246	-451.4591	0	52546.1572	1
1639	246	-451.5158	0	52546.2196	1
1640	246	-451.5569	0	52546.3645	1
1641	246	-451.5581	0	52546.7838	1
1642	246	-451.5733	0	52546.9349	1
1643	246	-451.6213	0	52546.8654	1
1644	246	-451.6552	0	52546.9589	1
1645	246	-451.6829	0	52546.9901	1
1646	246	-451.7095	0	52547.1233	1
1647	246	-451.7044	0	52547.5336	1
1648	246	-451.7321	0	52547.8133	1
1649	246	-451.7426	0	52548.0328	1
1650	246	-451.7602	0	52548.2308	1
1651	246	-451.7658	0	52548.2989	1
1652	246	-451.7695	0	52548.5603	1
1653	246	-451.7822	0	52548.5318	1
1654	246	-451.7729	0	52548.8708	1
1655	246	-451.7665	0	52548.9909	1
1656	246	-451.7630	0	52549.1506	1
1657	246	-451.7441	0	52549.4370	1
1658	246	-451.7358	0	52549.7699	1
1659	246	-451.7440	0	52549.7748	1
1660	246	-451.7303	0	52550.1164	1
1661	246	-451.7370	0	52550.2403	1
1662	246	-451.7493	0	52550.3995	1
1663	246	-451.7512	0	52550.4527	1
1664	246	-451.7642	0	52550.5830	1
1665	246	-451.7510	0	52550.9634	1
1666	246	-451.7565	0	52550.9909	1
1667	246	-451.7427	0	52551.2160	1
1668	246	-451.7386	0	52551.5198	1
1669	246	-451.6978	0	52552.0629	1
1670	246	-451.6861	0	52552.3735	1
1671	246	-451.6697	0	52552.5875	1
1672	246	-451.6402	0	52552.8740	1
1673	246	-451.6591	0	52552.8671	1
1674	246	-451.6839	0	52553.0797	1
1675	246	-451.7107	0	52553.4775	1
1676	246	-451.7348	0	52553.7313	1
1677	246	-451.7625	0	52554.0316	1
1678	246	-451.8017	0	52554.2468	1
1679	246	-451.8384	0	52554.3259	1
1680	246	-451.9026	0	52554.4619	1
1681	246	-451.9836	0	52554.5153	1
1682	246	-452.0390	0	52555.0453	1
1683	246	-452.0908	0	52555.4488	1
1684	246	-452.1874	0	52555.8112	1
1685	246	-452.2761	0	52555.8515	1
1686	246	-452.3763	0	52555.9681	1
1687	246	-452.4514	0	52556.4091	1
1688	246	-452.5298	0	52556.7742	1
1689	246	-452.5950	0	52557.1031	1
1690	246	-452.6684	0	52557.4229	1
1691	246	-452.7111	0	52557.8236	1
1692	246	-452.7744	0	52558.1622	1
1693	246	-452.8257	0	52558.5676	1
1694	246	-452.8889	0	52558.8097	1
1695	246	-452.9311	0	52559.0806	1
1696	246	-452.9986	0	52559.3648	1
1697	246	-453.0524	0	52559.6476	1
1698	246	-453.0976	0	52560.1104	1
1699	246	-453.1450	0	52560.4567	1
1700	246	-453.2029	0	52560.8478	1
1701	246	-453.2654	0	52561.2522	1
1702	246	-453.3361	0	52561.4878	1
1703	246	-453.3932	0	52561.8287	1
1704	246	-453.4595	0	52562.1229	1
1705	246	-453.5325	0	52562.2287	1
1706	246	-453.5957	0	52562.6025	1
1707	246	-453.6596	0	52562.9027	1
1708	246	-453.7722	0	52563.0205	1
1709	246	-453.8138	0	52563.2993	1
1710	246	-453.8509	0	52563.7244	1
1711	246	-453.9163	0	52563.8815	1
1712	246	-453.9480	0	52564.3324	1
1713	246	-454.0135	0	52564.5003	1
1714	246	-454.0578	0	52564.8686	1
1715	246	-454.1247	0	52565.0829	1
1716	246	-454.1715	0	52565.3901	1
1717	246	-454.2165	0	52565.5758	1
1718	246	-454.2652	0	52565.8692	1
1719	246	-454.3086	0	52566.3491	1
1720	246	-454.3535	0	52566.6715	1
1721	246	-454.3920	0	52566.8607	1
1722	246	-454.3995	0	52567.1402	1
1723	246	-454.4442	0	52567.3864	1
1724	246	-454.4764	0	52567.6857	1
1725	246	-454.4963	0	52568.0056	1
1726	246	-454.5060	0	52568.4670	1
1727	246	-454.5395	0	52568.8439	1
1728	246	-454.5762	0	52569.1148	1
1729	246	-454.6048	0	52569.4801	1
1730	246	-454.6284	0	52569.7427	1
1731	246	-454.6125	0	52570.3614	1
1732	246	-454.6361	0	52570.7146	1
1733	246	-454.6572	0	52570.9675	1
1734	246	-454.6815	0	52571.0509	1
1735	246	-454.6802	0	52571.3935	1
1736	246	-454.6817	0	52571.7640	1
1737	246	-454.6958	0	52572.0806	1
1738	246	-454.7032	0	52572.3758	1
1739	246	-454.6996	0	52572.5979	1
1740	246	-454.6862	0	52572.8531	1
1741	246	-454.6825	0	52572.9413	1
1742	246	-454.6811	0	52573.1438	1
1743	246	-454.6699	0	52573.3887	1
1744	246	-454.6630	0	52573.6491	1
1745	246	-454.6397	0	52573.9703	1
1746	246	-454.6439	0	52574.2009	1
1747	246	-454.6152	0	52574.5057	1
1748	246	-454.5958	0	52574.7823	1
1749	246	-454.5667	0	52575.1562	1
1750	246	-454.5630	0	52575.4011	1
1751	246	-454.5519	0	52575.7021	1
1752	246	-454.5663	0	52575.8635	1
1753	246	-454.5766	0	52576.0241	1
1754	246	-454.5439	0	52576.3424	1
1755	246	-454.5308	0	52576.6134	1
1756	246	-454.5076	0	52577.0237	1
1757	246	-454.5057	0	52577.3238	1
1758	246	-454.4792	0	52577.6829	1
1759	246	-454.4757	0	52577.9615	1
1760	246	-454.4720	0	52578.3084	1
1761	246	-454.4638	0	52578.5779	1
1762	246	-454.4478	0	52578.7670	1
1763	246	-454.4351	0	52579.0237	1
1764	246	-454.4268	0	52579.2081	1
1765	246	-454.4115	0	52579.5080	1
1766	246	-454.3815	0	52579.8007	1
1767	246	-454.3696	0	52579.9955	1
1768	246	-454.3551	0	52580.3397	1
1769	246	-454.3429	0	52580.6428	1
1770	246	-454.3303	0	52580.8391	1
1771	246	-454.3223	0	52581.0840	1
1772	246	-454.2920	0	52581.4345	1
1773	246	-454.2680	0	52581.7327	1
1774	246	-454.2527	0	52582.0109	1
1775	246	-454.2327	0	52582.2779	1
1776	246	-454.2211	0	52582.4541	1
1777	246	-454.1888	0	52582.7228	1
1778	246	-454.1447	0	52583.0224	1
1779	246	-454.1150	0	52583.2930	1
1780	246	-454.0768	0	52583.6699	1
1781	246	-454.0330	0	52584.1229	1
1782	246	-454.0393	0	52584.3637	1
1783	246	-454.0512	0	52584.6413	1
1784	246	-454.0426	0	52584.9286	1
1785	246	-454.0150	0	52585.3318	1
1786	246	-454.0238	0	52585.5499	1
1787	246	-454.0405	0	52585.8086	1
1788	246	-454.0308	0	52586.1532	1
1789	246	-454.0358	0	52586.4918	1
1790	246	-454.0720	0	52586.7165	1
1791	246	-454.0923	0	52587.0393	1
1792	246	-454.1169	0	52587.2560	1
1793	246	-454.1427	0	52587.4672	1
1794	246	-454.1708	0	52587.6744	1
1795	246	-454.1776	0	52588.0496	1
1796	246	-454.1939	0	52588.3802	1
1797	246	-454.2203	0	52588.6598	1
1798	246	-454.2391	0	52588.9500	1
1799	246	-454.2595	0	52589.1779	1
1800	246	-454.2622	0	52589.4443	1
1801	246	-454.2695	0	52589.7545	1
1802	246	-454.2745	0	52590.1069	1
1803	246	-454.2701	0	52590.4119	1
1804	246	-454.2733	0	52590.6962	1
1805	246	-454.2706	0	52590.9704	1
1806	246	-454.2711	0	52591.2679	1
1807	246	-454.2925	0	52591.5986	1
1808	246	-454.3106	0	52591.8543	1
1809	246	-454.3181	0	52592.1355	1
1810	246	-454.3220	0	52592.4240	1
1811	246	-454.3365	0	52592.6042	1
1812	246	-454.3363	0	52592.8510	1
1813	246	-454.3269	0	52593.2259	1
1814	246	-454.3298	0	52593.5124	1
1815	246	-454.3178	0	52593.8156	1
1816	246	-454.2904	0	52594.0972	1
1817	246	-454.2776	0	52594.4167	1
1818	246	-454.2685	0	52594.7226	1
1819	246	-454.2490	0	52594.9967	1
1820	246	-454.2373	0	52595.2800	1
1821	246	-454.2251	0	52595.5637	1
1822	246	-454.2284	0	52595.7764	1
1823	246	-454.2115	0	52596.0742	1
1824	246	-454.1944	0	52596.3342	1
1825	246	-454.1676	0	52596.6869	1
1826	246	-454.1442	0	52596.9613	1
1827	246	-454.1012	0	52597.2694	1
1828	246	-454.0756	0	52597.5635	1
1829	246	-454.0529	0	52597.8305	1
1830	246	-454.0520	0	52598.0831	1
1831	246	-454.0281	0	52598.3889	1
1832	246	-454.0027	0	52598.7105	1
1833	246	-453.9722	0	52599.0149	1
1834	246	-453.9363	0	52599.3095	1
1835	246	-453.9051	0	52599.5795	1
1836	246	-453.8730	0	52599.8730	1
1837	246	-453.8419	0	52600.1720	1
1838	246	-453.8237	0	52600.4344	1
1839	246	-453.7918	0	52600.7497	1
1840	246	-453.7715	0	52601.0290	1
1841	246	-453.7322	0	52601.3434	1
1842	246	-453.6774	0	52601.6992	1
1843	246	-453.6545	0	52601.9834	1
1844	246	-453.6318	0	52602.2698	1
1845	246	-453.6111	0	52602.5386	1
1846	246	-453.5879	0	52602.8126	1
1847	246	-453.5400	0	52603.1467	1
1848	246	-453.5016	0	52603.4812	1
1849	246	-453.4688	0	52603.7691	1
1850	246	-453.4114	0	52604.1491	1
1851	246	-453.3667	0	52604.4465	1
1852	246	-453.3352	0	52604.7621	1
1853	246	-453.3090	0	52604.9897	1
1854	246	-453.2621	0	52605.3494	1
1855	246	-453.2303	0	52605.7108	1
1856	246	-453.2051	0	52606.0666	1
1857	246	-453.1807	0	52606.4034	1
1858	246	-453.1721	0	52606.7268	1
1859	246	-453.1586	0	52607.0297	1
1860	246	-453.1525	0	52607.3419	1
1861	246	-453.1504	0	52607.6310	1
1862	246	-453.1418	0	52607.9698	1
1863	246	-453.1321	0	52608.3003	1
1864	246	-453.1478	0	52608.5616	1
1865	246	-453.1419	0	52608.8922	1
1866	246	-453.1464	0	52609.1844	1
1867	246	-453.1528	0	52609.5037	1
1868	246	-453.1665	0	52609.8171	1
1869	246	-453.1689	0	52610.1247	1
1870	246	-453.1693	0	52610.4328	1
1871	246	-453.1537	0	52610.7533	1
1872	246	-453.1248	0	52611.1051	1
1873	246	-453.1098	0	52611.4348	1
1874	246	-453.1085	0	52611.7282	1
1875	246	-453.0981	0	52612.0401	1
1876	246	-453.0794	0	52612.3816	1
1877	246	-453.0478	0	52612.7063	1
1878	246	-453.0089	0	52613.0653	1
1879	246	-452.9793	0	52613.4077	1
1880	246	-452.9679	0	52613.6326	1
1881	246	-452.9458	0	52613.8250	1
1882	246	-452.9278	0	52613.9966	1
1883	246	-452.9095	0	52614.1349	1
1884	246	-452.8747	0	52614.2806	1
1885	246	-452.8429	0	52614.4208	1
1886	246	-452.8138	0	52614.5577	1
1887	246	-452.7626	0	52614.7193	1
1888	246	-452.7093	0	52614.8697	1
1889	246	-452.6494	0	52615.0218	1
1890	246	-452.5932	0	52615.1896	1
1891	246	-452.5181	0	52615.3751	1
1892	246	-452.4837	0	52615.5401	1
1893	246	-452.4790	0	52615.7112	1
1894	246	-452.3682	0	52615.8989	1
