987	248	-465.8244	0	52447.8872	2
988	248	-465.8232	0	52447.8780	2
991	248	-465.8142	0	52447.8449	2
992	248	-465.8122	0	52447.8305	2
993	248	-465.8071	0	52447.8233	2
994	248	-465.8022	0	52447.8101	2
995	248	-465.7973	0	52447.8032	2
996	248	-465.7976	0	52447.7948	2
997	248	-465.7961	0	52447.7939	2
998	248	-465.7882	0	52447.7889	2
999	248	-465.7817	0	52447.7802	2
1000	248	-465.7755	0	52447.7723	2
1001	248	-465.7705	0	52447.7579	2
1002	248	-465.7654	0	52447.7356	2
1003	248	-465.7614	0	52447.7274	2
1004	248	-465.7594	0	52447.7247	2
1005	248	-465.7558	0	52447.7187	2
1006	248	-465.7512	0	52447.7138	2
1007	248	-465.7502	0	52447.7074	2
1008	248	-465.7475	0	52447.6974	2
1009	248	-465.7435	0	52447.6883	2
1010	248	-465.7389	0	52447.6821	2
1011	248	-465.7312	0	52447.6686	2
1012	248	-465.7283	0	52447.6610	2
1013	248	-465.7258	0	52447.6473	2
1014	248	-465.7260	0	52447.6253	2
