1017	259	-444.9683	0	52618.0743	0
1018	259	-445.1547	0	52617.9072	0
1019	259	-445.3421	0	52617.7460	0
1020	259	-445.4602	0	52617.6839	0
1021	259	-445.6031	0	52617.6429	0
1022	259	-445.7698	0	52617.5365	0
1023	259	-445.9316	0	52617.4067	0
1024	259	-446.0573	0	52617.3189	0
1025	259	-446.1571	0	52617.2807	0
1026	259	-446.2599	0	52617.2504	0
1027	259	-446.3597	0	52617.1753	0
1028	259	-446.4736	0	52617.0422	0
1029	259	-446.5483	0	52616.9664	0
1030	259	-446.6076	0	52616.9189	0
1031	259	-446.6765	0	52616.8645	0
1032	259	-446.8003	0	52616.7784	0
1033	259	-446.8950	0	52616.7023	0
1034	259	-446.9808	0	52616.6296	0
1035	259	-447.0368	0	52616.5219	0
1036	259	-447.0477	0	52616.2939	0
1037	259	-447.0501	0	52616.0742	0
1038	259	-447.0690	0	52615.9289	0
1039	259	-447.0967	0	52615.8744	0
1040	259	-447.1109	0	52615.7259	0
1041	259	-447.1289	0	52615.5369	0
1042	259	-447.1652	0	52615.3264	0
1043	259	-447.2082	0	52615.2215	0
1044	259	-447.2517	0	52615.1226	0
1045	259	-447.2855	0	52614.9657	0
1046	259	-447.2731	0	52614.7046	0
1047	259	-447.2883	0	52614.4918	0
1048	259	-447.3274	0	52614.3549	0
1049	259	-447.3660	0	52614.2548	0
1050	259	-447.3766	0	52614.0517	0
1051	259	-447.4024	0	52613.7929	0
1052	259	-447.4355	0	52613.6284	0
1053	259	-447.4712	0	52613.5782	0
1054	259	-447.4879	0	52613.5024	0
1055	259	-447.4982	0	52613.2860	0
1056	259	-447.5058	0	52613.0692	0
1057	259	-447.5456	0	52612.9404	0
1058	259	-447.5843	0	52612.8880	0
1059	259	-447.6373	0	52612.8022	0
1060	259	-447.6725	0	52612.5399	0
1061	259	-447.7076	0	52612.3017	0
1062	259	-447.7445	0	52612.1805	0
1063	259	-447.7828	0	52612.1115	0
1064	259	-447.8134	0	52611.9446	0
1065	259	-447.8245	0	52611.7010	0
1066	259	-447.8467	0	52611.5185	0
1067	259	-447.8834	0	52611.4249	0
1068	259	-447.9069	0	52611.3370	0
1069	259	-447.9408	0	52611.0918	0
1070	259	-447.9809	0	52610.7590	0
1071	259	-448.0114	0	52610.5256	0
1072	259	-448.0169	0	52610.4750	0
1073	259	-448.0309	0	52610.4013	0
1074	259	-447.9928	0	52610.1199	0
1075	259	-447.9911	0	52609.9536	0
1076	259	-447.9989	0	52609.8428	0
1077	259	-448.0145	0	52609.7967	0
1078	259	-448.0390	0	52609.6619	0
1079	259	-448.0545	0	52609.4350	0
1080	259	-448.0726	0	52609.2281	0
1081	259	-448.1001	0	52609.1319	0
1082	259	-448.1221	0	52609.0433	0
1083	259	-448.1288	0	52608.7794	0
1084	259	-448.1242	0	52608.5527	0
1085	259	-448.1325	0	52608.3498	0
1086	259	-448.1418	0	52608.2795	0
1087	259	-448.1718	0	52608.1834	0
1088	259	-448.2002	0	52607.8976	0
1089	259	-448.2332	0	52607.6508	0
1090	259	-448.2562	0	52607.4849	0
1091	259	-448.2695	0	52607.4018	0
1092	259	-448.2665	0	52607.2728	0
1093	259	-448.2611	0	52606.9593	0
1094	259	-448.2574	0	52606.7081	0
1095	259	-448.2561	0	52606.6066	0
1096	259	-448.2603	0	52606.5621	0
1097	259	-448.2657	0	52606.3958	0
1098	259	-448.2645	0	52606.1664	0
1099	259	-448.2652	0	52605.9987	0
1100	259	-448.2645	0	52605.8688	0
1101	259	-448.2696	0	52605.6764	0
1102	259	-448.2395	0	52605.5220	0
1103	259	-448.2226	0	52605.3649	0
1104	259	-448.2118	0	52605.1888	0
1105	259	-448.2119	0	52605.1135	0
1106	259	-448.2184	0	52604.9492	0
1107	259	-448.2339	0	52604.6036	0
1108	259	-448.2386	0	52604.3637	0
1109	259	-448.2312	0	52604.2475	0
1110	259	-448.2211	0	52604.2128	0
1111	259	-448.1939	0	52604.1253	0
1112	259	-448.1635	0	52603.8805	0
1113	259	-448.1506	0	52603.5856	0
1114	259	-448.1403	0	52603.5186	0
1115	259	-448.1532	0	52603.4825	0
1116	259	-448.1694	0	52603.2801	0
1117	259	-448.1678	0	52602.9947	0
1118	259	-448.1737	0	52602.8014	0
1119	259	-448.1782	0	52602.7362	0
1120	259	-448.1847	0	52602.7371	0
1121	259	-448.1776	0	52602.5970	0
1122	259	-448.1787	0	52602.4184	0
1123	259	-448.1933	0	52602.2810	0
1124	259	-448.2064	0	52602.1972	0
1125	259	-448.2438	0	52602.1120	0
1126	259	-448.2708	0	52601.8711	0
1127	259	-448.3129	0	52601.5259	0
1128	259	-448.3752	0	52601.2179	0
1129	259	-448.3841	0	52601.1469	0
1130	259	-448.3942	0	52601.0069	0
1131	259	-448.3890	0	52600.8387	0
1132	259	-448.3867	0	52600.6363	0
1133	259	-448.4067	0	52600.4384	0
1134	259	-448.4271	0	52600.4553	0
1135	259	-448.4531	0	52600.2541	0
1136	259	-448.4786	0	52600.0756	0
1137	259	-448.5303	0	52599.8809	0
1138	259	-448.6033	0	52599.4773	0
1139	259	-448.6331	0	52599.1743	0
1140	259	-448.6514	0	52599.0391	0
1141	259	-448.5996	0	52599.2472	0
1142	259	-448.5869	0	52599.1348	0
1143	259	-448.5966	0	52599.0762	0
1144	259	-448.6445	0	52598.8454	0
1145	259	-448.6719	0	52598.6943	0
1146	259	-448.7448	0	52598.0612	0
1147	259	-448.7629	0	52597.8294	0
1148	259	-448.8006	0	52597.5757	0
1149	259	-448.8180	0	52597.0907	0
1150	259	-448.7474	0	52597.5178	0
1151	259	-448.7000	0	52597.5694	0
1152	259	-448.6914	0	52597.5692	0
1153	259	-448.6691	0	52597.6005	0
1154	259	-448.6698	0	52597.4137	0
1155	259	-448.6847	0	52597.0146	0
1156	259	-448.6719	0	52596.7414	0
1157	259	-448.6639	0	52596.6445	0
1158	259	-448.6525	0	52596.4573	0
1159	259	-448.6489	0	52596.2066	0
1160	259	-448.6030	0	52596.0942	0
1161	259	-448.5617	0	52595.9262	0
1162	259	-448.5515	0	52595.8703	0
1163	259	-448.5568	0	52595.8278	0
1164	259	-448.5491	0	52595.7920	0
1165	259	-448.5338	0	52595.5344	0
1166	259	-448.5489	0	52595.2449	0
1167	259	-448.5812	0	52594.7695	0
1168	259	-448.6009	0	52594.2225	0
1169	259	-448.5603	0	52594.4086	0
1170	259	-448.5500	0	52594.2095	0
1171	259	-448.5560	0	52594.1763	0
1172	259	-448.5764	0	52594.1697	0
1173	259	-448.5888	0	52594.0815	0
1174	259	-448.5925	0	52593.8740	0
1175	259	-448.6165	0	52593.6786	0
1176	259	-448.6452	0	52593.5808	0
1177	259	-448.6489	0	52593.4573	0
1178	259	-448.6732	0	52593.1671	0
1179	259	-448.6878	0	52592.9049	0
1180	259	-448.6950	0	52592.6208	0
1181	259	-448.6960	0	52592.5524	0
1182	259	-448.7205	0	52592.5341	0
1183	259	-448.7524	0	52592.2048	0
1184	259	-448.7864	0	52591.9539	0
1185	259	-448.8266	0	52591.7978	0
1186	259	-448.8426	0	52591.7463	0
1187	259	-448.8364	0	52591.6680	0
1188	259	-448.8523	0	52591.5428	0
1189	259	-448.8661	0	52591.2635	0
1190	259	-448.8802	0	52591.1646	0
1191	259	-448.9112	0	52591.1677	0
1192	259	-448.9498	0	52591.0345	0
1193	259	-448.9881	0	52590.7439	0
1194	259	-449.0015	0	52590.4988	0
1195	259	-449.0249	0	52590.4115	0
1196	259	-449.0365	0	52590.3135	0
1197	259	-449.0397	0	52590.1753	0
1198	259	-449.0416	0	52589.7648	0
1199	259	-449.0522	0	52589.4667	0
1200	259	-449.0649	0	52589.4726	0
1201	259	-449.0954	0	52589.3319	0
1202	259	-449.1157	0	52589.0973	0
1203	259	-449.1150	0	52588.7867	0
1204	259	-449.1142	0	52588.5220	0
1205	259	-449.1129	0	52588.4308	0
1206	259	-449.1042	0	52588.4431	0
1207	259	-449.0765	0	52588.2606	0
1208	259	-449.0668	0	52588.0001	0
1209	259	-449.0611	0	52587.8694	0
1210	259	-449.0599	0	52587.8286	0
1211	259	-449.0790	0	52587.7383	0
1212	259	-449.0944	0	52587.3847	0
1213	259	-449.1150	0	52587.1331	0
1214	259	-449.1188	0	52586.9624	0
1215	259	-449.1114	0	52586.9064	0
1216	259	-449.0989	0	52586.7680	0
1217	259	-449.1187	0	52586.4257	0
1218	259	-449.1117	0	52586.1332	0
1219	259	-449.0907	0	52585.9431	0
1220	259	-449.0911	0	52585.8783	0
1221	259	-449.1053	0	52585.7309	0
1222	259	-449.1109	0	52585.5510	0
1223	259	-449.1100	0	52585.2242	0
1224	259	-449.1026	0	52585.1520	0
1225	259	-449.0909	0	52585.1776	0
1226	259	-449.0747	0	52585.0605	0
1227	259	-449.0521	0	52584.7068	0
1228	259	-449.0339	0	52584.3479	0
1229	259	-449.0209	0	52584.3608	0
1230	259	-449.0187	0	52584.2793	0
1231	259	-449.0353	0	52584.0212	0
1232	259	-449.0373	0	52583.7418	0
1233	259	-449.0263	0	52583.5961	0
1234	259	-449.0200	0	52583.6454	0
1235	259	-448.9985	0	52583.5750	0
1236	259	-448.9889	0	52583.2180	0
1237	259	-448.9776	0	52582.7949	0
1238	259	-448.9684	0	52582.5909	0
1239	259	-448.9550	0	52582.5223	0
1240	259	-448.9627	0	52582.5559	0
1241	259	-448.9662	0	52582.3253	0
1242	259	-448.9580	0	52582.0925	0
1243	259	-448.9496	0	52582.0640	0
1244	259	-448.9467	0	52582.0589	0
1245	259	-448.9322	0	52582.0136	0
1246	259	-448.9125	0	52581.7976	0
1247	259	-448.9039	0	52581.5666	0
1248	259	-448.9001	0	52581.5902	0
1249	259	-448.9311	0	52581.4488	0
1250	259	-448.9481	0	52581.2950	0
1251	259	-448.9622	0	52581.0852	0
1252	259	-448.9595	0	52580.8525	0
1253	259	-448.9610	0	52580.8257	0
1254	259	-448.9599	0	52580.8200	0
1255	259	-448.9474	0	52580.6649	0
1256	259	-448.9363	0	52580.2857	0
1257	259	-448.9236	0	52580.1483	0
1258	259	-448.9343	0	52580.0492	0
1259	259	-448.9531	0	52579.9624	0
1260	259	-448.9551	0	52579.8244	0
1261	259	-448.9723	0	52579.2729	0
1262	259	-448.9696	0	52579.0145	0
1263	259	-448.9787	0	52579.0983	0
1264	259	-448.9804	0	52579.3032	0
1265	259	-448.9723	0	52578.9920	0
1266	259	-448.9659	0	52578.7082	0
1267	259	-448.9562	0	52578.6065	0
1268	259	-448.9567	0	52578.6316	0
1269	259	-448.9779	0	52578.7054	0
1270	259	-449.0078	0	52578.2169	0
1271	259	-449.0136	0	52577.8008	0
1272	259	-449.0016	0	52577.7048	0
1273	259	-448.9797	0	52577.8573	0
1274	259	-448.9632	0	52577.8008	0
1275	259	-448.9608	0	52577.4239	0
1276	259	-448.9495	0	52577.1076	0
1277	259	-448.9495	0	52577.0539	0
1278	259	-448.9504	0	52577.0421	0
1279	259	-448.9705	0	52576.7969	0
1280	259	-448.9795	0	52576.4636	0
1281	259	-448.9810	0	52576.1542	0
1282	259	-448.9668	0	52576.1690	0
1283	259	-448.9456	0	52576.1202	0
1284	259	-448.9292	0	52575.8541	0
1285	259	-448.9247	0	52575.6968	0
1286	259	-448.9158	0	52575.5801	0
1287	259	-448.9050	0	52575.6060	0
1288	259	-448.9188	0	52575.5595	0
1289	259	-448.9275	0	52575.2880	0
1290	259	-448.9426	0	52574.8631	0
1291	259	-448.9436	0	52574.9051	0
1292	259	-448.9320	0	52574.9301	0
1293	259	-448.9226	0	52574.8794	0
1294	259	-448.9208	0	52574.5347	0
1295	259	-448.9357	0	52574.2069	0
1296	259	-448.9375	0	52573.8868	0
1297	259	-448.9366	0	52573.7707	0
1298	259	-448.9621	0	52573.1845	0
1299	259	-448.9774	0	52573.1043	0
1300	259	-448.9703	0	52573.0856	0
1301	259	-448.9641	0	52573.1579	0
1302	259	-448.9418	0	52573.2618	0
1303	259	-448.9321	0	52573.1684	0
1304	259	-448.9416	0	52572.5728	0
1305	259	-448.9365	0	52572.0692	0
1306	259	-448.9233	0	52572.0228	0
1307	259	-448.9350	0	52571.8731	0
1308	259	-448.9232	0	52571.8914	0
1309	259	-448.9173	0	52571.6912	0
1310	259	-448.9111	0	52571.5489	0
1311	259	-448.8993	0	52571.5780	0
1312	259	-448.8851	0	52571.3728	0
1313	259	-448.8708	0	52571.0048	0
1314	259	-448.9000	0	52570.2665	0
1315	259	-448.8812	0	52570.2179	0
1316	259	-448.8688	0	52570.1342	0
1317	259	-448.8741	0	52570.1125	0
1318	259	-448.9120	0	52569.6489	0
1319	259	-448.9364	0	52569.4013	0
1320	259	-448.9358	0	52569.4708	0
1321	259	-448.9392	0	52569.2717	0
1322	259	-448.9413	0	52569.2037	0
1323	259	-448.9476	0	52568.9491	0
1324	259	-448.9507	0	52568.6985	0
1325	259	-448.9229	0	52568.8516	0
1326	259	-448.9382	0	52568.5942	0
1327	259	-448.9560	0	52568.5050	0
1328	259	-448.9711	0	52568.3166	0
1329	259	-448.9574	0	52568.3343	0
1330	259	-448.9523	0	52568.3484	0
1331	259	-448.9443	0	52568.4428	0
1332	259	-448.9480	0	52568.5626	0
1333	259	-448.9442	0	52568.1180	0
1334	259	-448.9375	0	52567.8725	0
1335	259	-448.9579	0	52567.5365	0
1336	259	-448.9829	0	52567.4148	0
1337	259	-449.0039	0	52567.2925	0
1338	259	-449.0148	0	52567.2522	0
1339	259	-449.0172	0	52567.1581	0
1340	259	-449.0183	0	52567.1287	0
1341	259	-448.9854	0	52567.3743	0
1342	259	-448.9862	0	52566.9623	0
1343	259	-448.9838	0	52566.3888	0
1344	259	-448.9710	0	52566.3427	0
1345	259	-448.9560	0	52566.3338	0
1346	259	-448.9715	0	52566.2510	0
1347	259	-448.9863	0	52566.1396	0
1348	259	-448.9839	0	52565.9279	0
1349	259	-448.9834	0	52565.8523	0
1350	259	-448.9646	0	52565.7425	0
1351	259	-448.9538	0	52565.6187	0
1352	259	-448.9576	0	52565.1303	0
1353	259	-448.9474	0	52564.6844	0
1354	259	-448.9513	0	52564.6120	0
1355	259	-448.9717	0	52564.4999	0
1356	259	-448.9920	0	52564.4662	0
1357	259	-448.9897	0	52564.1863	0
1358	259	-449.0052	0	52564.0862	0
1359	259	-448.9870	0	52564.0571	0
1360	259	-448.9673	0	52564.0520	0
1361	259	-448.9580	0	52563.7766	0
1362	259	-448.9637	0	52563.5872	0
1363	259	-448.9638	0	52563.4275	0
1364	259	-448.9714	0	52563.2785	0
1365	259	-448.9860	0	52562.9435	0
1366	259	-449.0268	0	52562.7299	0
1367	259	-449.0592	0	52562.4635	0
1368	259	-449.0594	0	52562.5623	0
1369	259	-449.0608	0	52562.6066	0
1370	259	-449.0522	0	52562.6304	0
1371	259	-449.0644	0	52562.4530	0
1372	259	-449.0930	0	52562.0013	0
1373	259	-449.1112	0	52561.7376	0
1374	259	-449.1361	0	52561.4469	0
1375	259	-449.1965	0	52561.0457	0
1376	259	-449.2303	0	52560.8004	0
1377	259	-449.2553	0	52560.9155	0
1378	259	-449.2604	0	52561.0669	0
1379	259	-449.2733	0	52561.1352	0
1380	259	-449.2814	0	52560.9639	0
1381	259	-449.2913	0	52560.7033	0
1382	259	-449.3093	0	52560.6115	0
1383	259	-449.3366	0	52560.4789	0
1384	259	-449.3602	0	52560.4381	0
1385	259	-449.4201	0	52560.3247	0
1386	259	-449.5083	0	52559.6759	0
1387	259	-449.5294	0	52560.0371	0
1388	259	-449.5553	0	52559.9873	0
1389	259	-449.5752	0	52559.5594	0
1390	259	-449.5921	0	52559.0828	0
1391	259	-449.6179	0	52559.0176	0
1392	259	-449.6420	0	52559.3203	0
1393	259	-449.6960	0	52559.5455	0
1394	259	-449.7656	0	52559.6316	0
