71	26	-449.9185	0	52532.4285	0
72	26	-449.8693	0	52532.9114	0
73	26	-449.8781	0	52533.0830	0
74	26	-449.9201	0	52532.2513	0
75	26	-450.0570	0	52530.0373	0
76	26	-450.0090	0	52531.0761	0
77	26	-449.9732	0	52531.7569	0
78	26	-450.0052	0	52531.6096	0
79	26	-450.0106	0	52531.9563	0
80	26	-450.0232	0	52531.8982	0
81	26	-450.0771	0	52531.6892	0
82	26	-450.0797	0	52531.6058	0
83	26	-450.1532	0	52530.7927	0
84	26	-450.0840	0	52532.2371	0
85	26	-450.0065	0	52533.5839	0
86	26	-449.9886	0	52534.4590	0
87	26	-449.9912	0	52534.5685	0
88	26	-449.9941	0	52534.2293	0
89	26	-449.9403	0	52534.6482	0
90	26	-449.8839	0	52535.3573	0
91	26	-449.8471	0	52535.6087	0
92	26	-449.8446	0	52535.8764	0
93	26	-449.8229	0	52535.7760	0
94	26	-449.8356	0	52535.7348	0
95	26	-449.8253	0	52535.7128	0
96	26	-449.8207	0	52536.2381	0
97	26	-449.8064	0	52536.6068	0
98	26	-449.7926	0	52536.5564	0
99	26	-449.7981	0	52536.3576	0
100	26	-449.8014	0	52536.4513	0
101	26	-449.7895	0	52536.6576	0
102	26	-449.7884	0	52536.9083	0
103	26	-449.7570	0	52537.1700	0
104	26	-449.7432	0	52537.0882	0
105	26	-449.7493	0	52536.8705	0
106	26	-449.7565	0	52537.1423	0
107	26	-449.7251	0	52537.4089	0
108	26	-449.7252	0	52537.5079	0
109	26	-449.7030	0	52537.5410	0
110	26	-449.6863	0	52537.5454	0
111	26	-449.6616	0	52537.5439	0
112	26	-449.6500	0	52537.3664	0
113	26	-449.6448	0	52537.6416	0
114	26	-449.6386	0	52537.9138	0
115	26	-449.6240	0	52538.0145	0
116	26	-449.6219	0	52538.0473	0
117	26	-449.6264	0	52538.4021	0
118	26	-449.5924	0	52538.7001	0
119	26	-449.5683	0	52539.1466	0
120	26	-449.5284	0	52539.1341	0
121	26	-449.5013	0	52539.2925	0
122	26	-449.5132	0	52539.0142	0
123	26	-449.4954	0	52539.0637	0
124	26	-449.4855	0	52539.2531	0
125	26	-449.4903	0	52539.3152	0
126	26	-449.5070	0	52539.5086	0
127	26	-449.5352	0	52539.2400	0
128	26	-449.5460	0	52539.3059	0
129	26	-449.5484	0	52539.4936	0
130	26	-449.5335	0	52539.7279	0
131	26	-449.5207	0	52539.8090	0
132	26	-449.4960	0	52539.8392	0
133	26	-449.4875	0	52539.8455	0
134	26	-449.4758	0	52539.8403	0
135	26	-449.4874	0	52540.0051	0
136	26	-449.4905	0	52540.2313	0
137	26	-449.5096	0	52540.1476	0
138	26	-449.5549	0	52540.2833	0
139	26	-449.5548	0	52540.4915	0
140	26	-449.5502	0	52540.5677	0
141	26	-449.5355	0	52540.9199	0
142	26	-449.5293	0	52541.2091	0
143	26	-449.5171	0	52541.1540	0
144	26	-449.5056	0	52540.9643	0
145	26	-449.4994	0	52541.0497	0
146	26	-449.5164	0	52541.4040	0
147	26	-449.5468	0	52541.5355	0
148	26	-449.5520	0	52541.7390	0
149	26	-449.5656	0	52541.6526	0
150	26	-449.5827	0	52541.7773	0
151	26	-449.5796	0	52541.8212	0
152	26	-449.5609	0	52541.9866	0
153	26	-449.5349	0	52542.2067	0
154	26	-449.5118	0	52542.1256	0
155	26	-449.5083	0	52542.2463	0
156	26	-449.4747	0	52542.2903	0
157	26	-449.4567	0	52542.6153	0
158	26	-449.4324	0	52543.0433	0
159	26	-449.4079	0	52543.1988	0
160	26	-449.3948	0	52543.0989	0
161	26	-449.3937	0	52543.3641	0
162	26	-449.3663	0	52543.7623	0
163	26	-449.3162	0	52544.2078	0
164	26	-449.2652	0	52544.3712	0
165	26	-449.2191	0	52544.5714	0
166	26	-449.2030	0	52544.6404	0
167	26	-449.1562	0	52544.8060	0
168	26	-449.1319	0	52545.3040	0
169	26	-449.0845	0	52545.9245	0
170	26	-449.0466	0	52546.1475	0
171	26	-449.0333	0	52545.6332	0
172	26	-449.0490	0	52545.7265	0
173	26	-449.0322	0	52545.9026	0
174	26	-449.0366	0	52546.1067	0
175	26	-449.0020	0	52546.1740	0
176	26	-448.9738	0	52546.0477	0
177	26	-448.9504	0	52545.8491	0
178	26	-448.9772	0	52545.6264	0
179	26	-448.9706	0	52546.2628	0
180	26	-448.9702	0	52546.5036	0
181	26	-449.0097	0	52546.5903	0
182	26	-449.0237	0	52546.6211	0
183	26	-449.0253	0	52546.3356	0
184	26	-449.0617	0	52546.0868	0
185	26	-449.0609	0	52546.6993	0
186	26	-449.0320	0	52547.2106	0
187	26	-449.0261	0	52547.4008	0
188	26	-449.0576	0	52547.1898	0
189	26	-449.0291	0	52547.3855	0
190	26	-449.0544	0	52547.4558	0
191	26	-449.0887	0	52547.7594	0
192	26	-449.1553	0	52547.8739	0
193	26	-449.1956	0	52548.0524	0
194	26	-449.2322	0	52548.1162	0
195	26	-449.2446	0	52548.1362	0
196	26	-449.2489	0	52548.4139	0
197	26	-449.2655	0	52548.6523	0
198	26	-449.2767	0	52548.8730	0
199	26	-449.2713	0	52548.8137	0
200	26	-449.2900	0	52549.0626	0
201	26	-449.3358	0	52549.5515	0
202	26	-449.3611	0	52550.1344	0
203	26	-449.3800	0	52550.2135	0
204	26	-449.4177	0	52550.2363	0
205	26	-449.4617	0	52550.2373	0
206	26	-449.4878	0	52550.4937	0
207	26	-449.4715	0	52550.5845	0
208	26	-449.4339	0	52550.7403	0
209	26	-449.4168	0	52550.6611	0
210	26	-449.4156	0	52550.3653	0
211	26	-449.3936	0	52550.5103	0
212	26	-449.3802	0	52550.9531	0
213	26	-449.3561	0	52551.1099	0
214	26	-449.3497	0	52551.2946	0
215	26	-449.3361	0	52551.2303	0
216	26	-449.3139	0	52551.3274	0
217	26	-449.2928	0	52551.6174	0
218	26	-449.2470	0	52552.0960	0
219	26	-449.2033	0	52552.5206	0
220	26	-449.1523	0	52552.9193	0
221	26	-449.1338	0	52552.9419	0
222	26	-449.1356	0	52553.1849	0
223	26	-449.1573	0	52553.7584	0
224	26	-449.1214	0	52554.4372	0
225	26	-449.1199	0	52555.2727	0
226	26	-449.1018	0	52555.8013	0
227	26	-449.1193	0	52556.1039	0
228	26	-449.1901	0	52556.4324	0
229	26	-449.2313	0	52556.8798	0
230	26	-449.3064	0	52557.1489	0
231	26	-449.3387	0	52557.4565	0
232	26	-449.3642	0	52557.8895	0
233	26	-449.4070	0	52558.2548	0
234	26	-449.3762	0	52559.2199	0
235	26	-449.3424	0	52559.9846	0
236	26	-449.3392	0	52560.6605	0
237	26	-449.3556	0	52560.9979	0
238	26	-449.3814	0	52561.3067	0
239	26	-449.4163	0	52561.7019	0
240	26	-449.4524	0	52561.9366	0
241	26	-449.4980	0	52562.2995	0
242	26	-449.5189	0	52562.6120	0
243	26	-449.5580	0	52562.7176	0
244	26	-449.5263	0	52563.3061	0
245	26	-449.5158	0	52564.0713	0
246	26	-449.4664	0	52564.5222	0
247	26	-449.4539	0	52564.8552	0
248	26	-449.4667	0	52564.8705	0
249	26	-449.4980	0	52564.9561	0
250	26	-449.4815	0	52565.4180	0
251	26	-449.4750	0	52565.7548	0
252	26	-449.4656	0	52565.8685	0
253	26	-449.4724	0	52565.9883	0
254	26	-449.4797	0	52565.9346	0
255	26	-449.4978	0	52565.9926	0
256	26	-449.5122	0	52566.1779	0
257	26	-449.5380	0	52566.4109	0
258	26	-449.5492	0	52566.5747	0
259	26	-449.5578	0	52566.4610	0
260	26	-449.5832	0	52566.4097	0
261	26	-449.5942	0	52566.2979	0
262	26	-449.5972	0	52566.3359	0
263	26	-449.5842	0	52566.4303	0
264	26	-449.5707	0	52566.3773	0
265	26	-449.5577	0	52566.2667	0
266	26	-449.5501	0	52566.2199	0
267	26	-449.5306	0	52566.3730	0
268	26	-449.5424	0	52566.5988	0
269	26	-449.5340	0	52566.9317	0
270	26	-449.5372	0	52566.9708	0
271	26	-449.5342	0	52566.7296	0
272	26	-449.5150	0	52566.7166	0
273	26	-449.4820	0	52566.8790	0
274	26	-449.4600	0	52567.1896	0
275	26	-449.4259	0	52567.4692	0
276	26	-449.4051	0	52567.3241	0
277	26	-449.4008	0	52567.4295	0
278	26	-449.3859	0	52567.4668	0
279	26	-449.3720	0	52567.7239	0
280	26	-449.3766	0	52567.9004	0
281	26	-449.4028	0	52568.1260	0
282	26	-449.4259	0	52568.2059	0
283	26	-449.4222	0	52568.1523	0
284	26	-449.4163	0	52568.3693	0
285	26	-449.3899	0	52568.6084	0
286	26	-449.3656	0	52568.7718	0
287	26	-449.3529	0	52568.8313	0
288	26	-449.3529	0	52568.9266	0
289	26	-449.3377	0	52569.0371	0
290	26	-449.3119	0	52569.4661	0
291	26	-449.3192	0	52569.6244	0
292	26	-449.3492	0	52569.6781	0
293	26	-449.3590	0	52569.6920	0
294	26	-449.3391	0	52569.8468	0
295	26	-449.3263	0	52570.1320	0
296	26	-449.3151	0	52570.4616	0
297	26	-449.2821	0	52570.5793	0
298	26	-449.2842	0	52570.5428	0
299	26	-449.2555	0	52570.5973	0
300	26	-449.2524	0	52570.9130	0
301	26	-449.2421	0	52571.1752	0
302	26	-449.2453	0	52571.2684	0
303	26	-449.2697	0	52571.2234	0
304	26	-449.2743	0	52571.2024	0
305	26	-449.2859	0	52571.4812	0
306	26	-449.2560	0	52571.7282	0
307	26	-449.2218	0	52571.9629	0
308	26	-449.1875	0	52571.9720	0
309	26	-449.1613	0	52571.9696	0
310	26	-449.1373	0	52571.8911	0
311	26	-449.1102	0	52572.2898	0
312	26	-449.0858	0	52572.6448	0
313	26	-449.0820	0	52572.7747	0
314	26	-449.0937	0	52572.6074	0
315	26	-449.0950	0	52572.7498	0
316	26	-449.0887	0	52572.9394	0
317	26	-449.0806	0	52573.2167	0
318	26	-449.0627	0	52573.3820	0
319	26	-449.0485	0	52573.4402	0
320	26	-449.0399	0	52573.3191	0
321	26	-448.9832	0	52573.2689	0
322	26	-448.9400	0	52573.5229	0
323	26	-448.9268	0	52573.8838	0
324	26	-448.9498	0	52574.1503	0
325	26	-448.9751	0	52574.2474	0
326	26	-448.9871	0	52574.1434	0
327	26	-449.0017	0	52574.1671	0
328	26	-448.9759	0	52574.4380	0
329	26	-448.9701	0	52574.6688	0
330	26	-448.9394	0	52574.8822	0
331	26	-448.9060	0	52574.8259	0
332	26	-448.8749	0	52574.7989	0
333	26	-448.8240	0	52574.7860	0
334	26	-448.7997	0	52574.7094	0
335	26	-448.7913	0	52574.8773	0
336	26	-448.7840	0	52574.7362	0
337	26	-448.8072	0	52574.6804	0
338	26	-448.8091	0	52574.5902	0
339	26	-448.8094	0	52574.6227	0
340	26	-448.7983	0	52574.9018	0
341	26	-448.7845	0	52575.1342	0
342	26	-448.7324	0	52575.0888	0
343	26	-448.6886	0	52575.0025	0
344	26	-448.6659	0	52575.1000	0
345	26	-448.6443	0	52575.2637	0
346	26	-448.6551	0	52575.4540	0
347	26	-448.6923	0	52575.7160	0
348	26	-448.7039	0	52575.7463	0
349	26	-448.6751	0	52575.4332	0
350	26	-448.6550	0	52574.8449	0
351	26	-448.6407	0	52574.9613	0
352	26	-448.6422	0	52575.2021	0
353	26	-448.7130	0	52576.4476	0
354	26	-448.7061	0	52576.9356	0
355	26	-448.7604	0	52578.3973	0
356	26	-448.7484	0	52579.4682	0
357	26	-448.7402	0	52580.8757	0
362	26	-448.7141	0	52583.3692	0
363	26	-448.6575	0	52583.6733	0
364	26	-448.6181	0	52583.6351	0
365	26	-448.5932	0	52583.6513	0
366	26	-448.5498	0	52583.6902	0
367	26	-448.5189	0	52584.0197	0
368	26	-448.4823	0	52584.2233	0
369	26	-448.4729	0	52584.0972	0
370	26	-448.4601	0	52584.0391	0
371	26	-448.4264	0	52584.2401	0
372	26	-448.3879	0	52584.5848	0
373	26	-448.3595	0	52584.7950	0
374	26	-448.3237	0	52584.7301	0
375	26	-448.2866	0	52584.6952	0
376	26	-448.2666	0	52584.7658	0
377	26	-448.2355	0	52584.9681	0
378	26	-448.2181	0	52585.3056	0
379	26	-448.2139	0	52585.5146	0
380	26	-448.2288	0	52585.5412	0
381	26	-448.2471	0	52585.4995	0
382	26	-448.2537	0	52585.6106	0
383	26	-448.2624	0	52585.8648	0
384	26	-448.2654	0	52586.0401	0
385	26	-448.2607	0	52586.1444	0
386	26	-448.2632	0	52586.1344	0
387	26	-448.2751	0	52586.2963	0
388	26	-448.2979	0	52586.5627	0
389	26	-448.3235	0	52586.7409	0
390	26	-448.3459	0	52586.8851	0
391	26	-448.3656	0	52586.8932	0
392	26	-448.3956	0	52586.9306	0
393	26	-448.3971	0	52587.0638	0
394	26	-448.3858	0	52587.2736	0
395	26	-448.3814	0	52587.5510	0
396	26	-448.3985	0	52587.6904	0
397	26	-448.3975	0	52587.7378	0
398	26	-448.3909	0	52587.7503	0
399	26	-448.3857	0	52588.0283	0
400	26	-448.3940	0	52588.3619	0
401	26	-448.4108	0	52588.5606	0
402	26	-448.4392	0	52588.6277	0
403	26	-448.4435	0	52588.6076	0
404	26	-448.4282	0	52588.6360	0
405	26	-448.4243	0	52588.7946	0
406	26	-448.4058	0	52589.0778	0
407	26	-448.3896	0	52589.2185	0
408	26	-448.3749	0	52589.2289	0
409	26	-448.3689	0	52589.2285	0
410	26	-448.3538	0	52589.4109	0
411	26	-448.3331	0	52589.6978	0
412	26	-448.3172	0	52589.8748	0
413	26	-448.3400	0	52589.9353	0
414	26	-448.3604	0	52589.9152	0
415	26	-448.3715	0	52589.9394	0
416	26	-448.3805	0	52590.1609	0
417	26	-448.3853	0	52590.4892	0
418	26	-448.4040	0	52590.6077	0
419	26	-448.4036	0	52590.5772	0
420	26	-448.4076	0	52590.5956	0
421	26	-448.4203	0	52590.7727	0
422	26	-448.4273	0	52591.0779	0
423	26	-448.4433	0	52591.2224	0
424	26	-448.4719	0	52591.3390	0
425	26	-448.4790	0	52591.3775	0
426	26	-448.4678	0	52591.4563	0
427	26	-448.4528	0	52591.7171	0
428	26	-448.4199	0	52592.0110	0
429	26	-448.4000	0	52592.1169	0
430	26	-448.3756	0	52592.1531	0
431	26	-448.3611	0	52592.1945	0
432	26	-448.3583	0	52592.4005	0
433	26	-448.3719	0	52592.7595	0
434	26	-448.3822	0	52592.8589	0
435	26	-448.3981	0	52592.8895	0
436	26	-448.4160	0	52592.9268	0
437	26	-448.4229	0	52593.0623	0
438	26	-448.4013	0	52593.3271	0
439	26	-448.4033	0	52593.5452	0
440	26	-448.4054	0	52593.5908	0
441	26	-448.4039	0	52593.6334	0
442	26	-448.3906	0	52593.7061	0
443	26	-448.3941	0	52593.9698	0
444	26	-448.4080	0	52594.2704	0
445	26	-448.4197	0	52594.4365	0
446	26	-448.4387	0	52594.4642	0
447	26	-448.4704	0	52594.4965	0
448	26	-448.4842	0	52594.6490	0
449	26	-448.4346	0	52594.9057	0
450	26	-448.4238	0	52595.0823	0
451	26	-448.4200	0	52595.0583	0
452	26	-448.3976	0	52595.0464	0
453	26	-448.3936	0	52595.1211	0
454	26	-448.4179	0	52595.3961	0
455	26	-448.4396	0	52595.6324	0
456	26	-448.4466	0	52595.7445	0
457	26	-448.4622	0	52595.7534	0
458	26	-448.4731	0	52595.7518	0
459	26	-448.4782	0	52595.9368	0
460	26	-448.4464	0	52596.1927	0
461	26	-448.4266	0	52596.3649	0
462	26	-448.4204	0	52596.3988	0
463	26	-448.3780	0	52596.4090	0
464	26	-448.3603	0	52596.5409	0
465	26	-448.3701	0	52596.8188	0
466	26	-448.3793	0	52597.0960	0
467	26	-448.3917	0	52597.1714	0
468	26	-448.3979	0	52597.1690	0
469	26	-448.4165	0	52597.1875	0
470	26	-448.4430	0	52597.3400	0
471	26	-448.4366	0	52597.5441	0
472	26	-448.4281	0	52597.6662	0
473	26	-448.3988	0	52597.6857	0
474	26	-448.3750	0	52597.6890	0
475	26	-448.3565	0	52597.8587	0
476	26	-448.3594	0	52598.1834	0
477	26	-448.3611	0	52598.4195	0
478	26	-448.3751	0	52598.5033	0
479	26	-448.3818	0	52598.5533	0
480	26	-448.4011	0	52598.5419	0
481	26	-448.4111	0	52598.7440	0
482	26	-448.4142	0	52599.0445	0
483	26	-448.4155	0	52599.2211	0
484	26	-448.4199	0	52599.1922	0
485	26	-448.4058	0	52599.1999	0
486	26	-448.4030	0	52599.3556	0
487	26	-448.4359	0	52599.6074	0
488	26	-448.4614	0	52599.8487	0
489	26	-448.4618	0	52599.9367	0
490	26	-448.4625	0	52599.9861	0
491	26	-448.4637	0	52599.9998	0
492	26	-448.4635	0	52600.1509	0
493	26	-448.4954	0	52600.3921	0
494	26	-448.4924	0	52600.5627	0
495	26	-448.4715	0	52600.6037	0
496	26	-448.4291	0	52600.6378	0
497	26	-448.4163	0	52600.7910	0
498	26	-448.4350	0	52601.1465	0
499	26	-448.4611	0	52601.3333	0
500	26	-448.4516	0	52601.4401	0
501	26	-448.4446	0	52601.4558	0
502	26	-448.4548	0	52601.4949	0
503	26	-448.4601	0	52601.7590	0
504	26	-448.4735	0	52602.0247	0
505	26	-448.4930	0	52602.1564	0
506	26	-448.4919	0	52602.1829	0
507	26	-448.5011	0	52602.2059	0
508	26	-448.5093	0	52602.4521	0
509	26	-448.5137	0	52602.7230	0
510	26	-448.5525	0	52602.9066	0
511	26	-448.5804	0	52602.9520	0
512	26	-448.5939	0	52602.9813	0
513	26	-448.5978	0	52603.1126	0
514	26	-448.6090	0	52603.4026	0
515	26	-448.6011	0	52603.6279	0
516	26	-448.6067	0	52603.6898	0
517	26	-448.6130	0	52603.6559	0
518	26	-448.6069	0	52603.7414	0
519	26	-448.5905	0	52604.0071	0
520	26	-448.5626	0	52604.2521	0
521	26	-448.5586	0	52604.3886	0
522	26	-448.5506	0	52604.4030	0
523	26	-448.5359	0	52604.4208	0
524	26	-448.5685	0	52604.5653	0
525	26	-448.5475	0	52604.8408	0
526	26	-448.5535	0	52605.0327	0
527	26	-448.5572	0	52605.0846	0
528	26	-448.5660	0	52605.0990	0
529	26	-448.5229	0	52605.1971	0
530	26	-448.5335	0	52605.4257	0
531	26	-448.5651	0	52605.6548	0
532	26	-448.5851	0	52605.7213	0
533	26	-448.6020	0	52605.7550	0
534	26	-448.5890	0	52605.8096	0
535	26	-448.5575	0	52606.0341	0
536	26	-448.5018	0	52606.2758	0
537	26	-448.4667	0	52606.4490	0
538	26	-448.3974	0	52606.5286	0
539	26	-448.4026	0	52606.5791	0
540	26	-448.4156	0	52606.7865	0
541	26	-448.4255	0	52607.0228	0
542	26	-448.3765	0	52607.2979	0
543	26	-448.3431	0	52607.4251	0
544	26	-448.2751	0	52607.4596	0
545	26	-448.2632	0	52607.5319	0
546	26	-448.2131	0	52607.5979	0
547	26	-448.1856	0	52607.7099	0
548	26	-448.1185	0	52607.5418	0
549	26	-448.1624	0	52608.5724	0
550	26	-448.1381	0	52608.8936	0
551	26	-448.1007	0	52608.9576	0
552	26	-448.0527	0	52608.7697	0
553	26	-448.0472	0	52608.8721	0
554	26	-448.0069	0	52608.9563	0
555	26	-447.9671	0	52608.9504	0
556	26	-447.9605	0	52608.9885	0
557	26	-447.8886	0	52609.2037	0
558	26	-447.8270	0	52609.4427	0
559	26	-447.7903	0	52609.6298	0
560	26	-447.7762	0	52609.6951	0
561	26	-447.7511	0	52609.7168	0
562	26	-447.7026	0	52609.9325	0
563	26	-447.6742	0	52610.1809	0
564	26	-447.6737	0	52610.3939	0
565	26	-447.6494	0	52610.5340	0
566	26	-447.6304	0	52610.5725	0
567	26	-447.5999	0	52610.6156	0
568	26	-447.5383	0	52610.8057	0
569	26	-447.4988	0	52611.0335	0
570	26	-447.4570	0	52611.1958	0
571	26	-447.4096	0	52611.2558	0
572	26	-447.3643	0	52611.2963	0
573	26	-447.3475	0	52611.5367	0
574	26	-447.3402	0	52611.8085	0
575	26	-447.3335	0	52611.9884	0
576	26	-447.3112	0	52612.0809	0
577	26	-447.2735	0	52612.1139	0
578	26	-447.2127	0	52612.1896	0
579	26	-447.1658	0	52612.3767	0
580	26	-447.1284	0	52612.6096	0
581	26	-447.0769	0	52612.7143	0
582	26	-447.0279	0	52612.7781	0
583	26	-446.9580	0	52612.8457	0
584	26	-446.9233	0	52613.0690	0
585	26	-446.8901	0	52613.2886	0
586	26	-446.8581	0	52613.4733	0
587	26	-446.8002	0	52613.5598	0
588	26	-446.7689	0	52613.5885	0
589	26	-446.6923	0	52613.6734	0
590	26	-446.6153	0	52613.8547	0
591	26	-446.5641	0	52614.0807	0
592	26	-446.4910	0	52614.1829	0
593	26	-446.4122	0	52614.2380	0
594	26	-446.3413	0	52614.3259	0
595	26	-446.3229	0	52614.5585	0
596	26	-446.3093	0	52614.7834	0
597	26	-446.2848	0	52614.9635	0
598	26	-446.2453	0	52615.0239	0
599	26	-446.1824	0	52615.0682	0
600	26	-446.1357	0	52615.1516	0
601	26	-446.0425	0	52615.3366	0
602	26	-446.0047	0	52615.5476	0
603	26	-445.9390	0	52615.6611	0
604	26	-445.8558	0	52615.7452	0
605	26	-445.7846	0	52615.8032	0
606	26	-445.7794	0	52616.0327	0
607	26	-445.7479	0	52616.2158	0
608	26	-445.7137	0	52616.3858	0
609	26	-445.6523	0	52616.4697	0
610	26	-445.5680	0	52616.5105	0
611	26	-445.4701	0	52616.5946	0
612	26	-445.3854	0	52616.7395	0
613	26	-445.3033	0	52616.8597	0
614	26	-445.2392	0	52616.9275	0
615	26	-445.1521	0	52616.9681	0
616	26	-445.0765	0	52617.0023	0
617	26	-445.0071	0	52617.0794	0
618	26	-444.9458	0	52617.1830	0
619	26	-444.8975	0	52617.2659	0
620	26	-444.8362	0	52617.3150	0
621	26	-444.7507	0	52617.3603	0
622	26	-444.6481	0	52617.4164	0
623	26	-444.5415	0	52617.4984	0
624	26	-444.4621	0	52617.6026	0
625	26	-444.3828	0	52617.6654	0
626	26	-444.2996	0	52617.7031	0
627	26	-444.2147	0	52617.7482	0
628	26	-444.1532	0	52617.8204	0
629	26	-444.1882	0	52617.9174	0
630	26	-444.1282	0	52618.0287	0
631	26	-444.0660	0	52618.0964	0
632	26	-443.9714	0	52618.1476	0
633	26	-443.8990	0	52618.2050	0
634	26	-443.7622	0	52618.3051	0
635	26	-443.7055	0	52618.3960	0
636	26	-443.5594	0	52618.4719	0
637	26	-443.4908	0	52618.5075	0
638	26	-443.3720	0	52618.5657	0
639	26	-443.2495	0	52618.6555	0
640	26	-443.1839	0	52618.7745	0
641	26	-443.0084	0	52618.8877	0
642	26	-442.8848	0	52618.9755	0
643	26	-442.7661	0	52619.0247	0
644	26	-442.7108	0	52619.0758	0
645	26	-442.4208	0	52619.1864	0
