1062	278	-459.1453	0	52517.0443	0
1067	278	-459.0093	0	52515.1704	0
1068	278	-458.9935	0	52515.0488	0
1069	278	-459.0685	0	52513.9317	0
1070	278	-459.0686	0	52514.0602	0
1071	278	-459.0361	0	52514.9210	0
1072	278	-458.9744	0	52516.4755	0
1073	278	-459.1969	0	52513.0978	0
1074	278	-459.4947	0	52509.7866	0
1075	278	-459.3275	0	52511.0434	0
1076	278	-459.4140	0	52509.3758	0
1077	278	-459.6831	0	52507.2514	0
1079	278	-460.1949	0	52503.3446	0
1080	278	-460.4103	0	52501.5583	0
1081	278	-460.2522	0	52502.5851	0
1082	278	-460.2677	0	52502.4104	0
