1068	281	-450.3534	0	52535.3277	1
1069	281	-450.4408	0	52535.3785	1
1070	281	-450.8101	0	52533.8263	1
1071	281	-450.9997	0	52534.4241	1
1072	281	-451.1406	0	52535.0919	1
1073	281	-451.1887	0	52536.0998	1
1077	281	-451.8773	0	52535.9550	1
1078	281	-451.9947	0	52536.3018	1
1079	281	-452.1353	0	52536.4194	1
1080	281	-452.2482	0	52536.8300	1
1081	281	-452.3859	0	52537.3330	1
1082	281	-452.5077	0	52537.3446	1
1083	281	-452.6256	0	52537.1663	1
1084	281	-452.7414	0	52537.0961	1
1085	281	-452.8580	0	52536.1598	1
1086	281	-452.8717	0	52537.4663	1
1088	281	-453.0612	0	52539.5933	1
1089	281	-453.1074	0	52539.8494	1
1090	281	-453.1854	0	52540.2646	1
1091	281	-453.2067	0	52540.7395	1
1092	281	-453.2237	0	52541.0730	1
1093	281	-453.2521	0	52541.1895	1
1094	281	-453.1998	0	52541.5418	1
1096	281	-453.1922	0	52542.6550	0
1097	281	-453.1547	0	52543.1962	0
1098	281	-453.1697	0	52543.5374	0
1099	281	-453.1487	0	52543.9503	0
1100	281	-453.1172	0	52544.3888	0
1101	281	-453.0642	0	52544.8351	0
1102	281	-453.0038	0	52545.2784	0
1103	281	-452.9435	0	52545.5745	0
1104	281	-452.8788	0	52546.1028	0
1105	281	-452.8356	0	52546.4280	0
1106	281	-452.7986	0	52546.6797	0
1107	281	-452.7492	0	52547.0389	0
1108	281	-452.7289	0	52547.4417	0
1109	281	-452.7033	0	52547.8569	0
1110	281	-452.6885	0	52548.2738	0
1111	281	-452.6498	0	52548.6879	0
1112	281	-452.6190	0	52549.0957	0
1113	281	-452.5779	0	52549.3697	0
1114	281	-452.5465	0	52549.9883	0
1115	281	-452.5204	0	52550.4675	0
1116	281	-452.5107	0	52550.6328	0
1117	281	-452.4944	0	52551.0666	0
1118	281	-452.4743	0	52551.5980	0
1119	281	-452.4692	0	52551.9080	0
1120	281	-452.4813	0	52552.2655	0
1121	281	-452.4761	0	52552.6293	0
1122	281	-452.4906	0	52553.0015	0
1123	281	-452.4965	0	52553.4926	0
1124	281	-452.4886	0	52553.9032	0
1125	281	-452.5018	0	52554.1639	0
1126	281	-452.5138	0	52554.3678	0
1127	281	-452.5236	0	52554.6639	0
1128	281	-452.5357	0	52554.8820	0
1129	281	-452.5499	0	52555.4157	0
1130	281	-452.5869	0	52555.7211	0
1131	281	-452.6209	0	52556.0505	0
1132	281	-452.6617	0	52556.3888	0
1133	281	-452.6768	0	52556.8351	0
1134	281	-452.7314	0	52556.6663	0
1135	281	-452.6907	0	52557.1349	0
1136	281	-452.7505	0	52556.9787	0
1137	281	-452.6816	0	52557.7710	0
1138	281	-452.6411	0	52558.4913	0
1139	281	-452.6107	0	52558.7477	0
1140	281	-452.5613	0	52559.1423	0
1141	281	-452.5552	0	52559.4882	0
1142	281	-452.5497	0	52559.8113	0
1143	281	-452.5361	0	52560.1224	0
1144	281	-452.5021	0	52560.5297	0
1145	281	-452.4485	0	52560.8714	0
1146	281	-452.4017	0	52560.9866	0
1147	281	-452.3428	0	52561.4104	0
1148	281	-452.2931	0	52561.7537	0
1149	281	-452.2495	0	52562.1575	0
1150	281	-452.2080	0	52562.4898	0
1151	281	-452.1675	0	52562.7897	0
1152	281	-452.1268	0	52563.1733	0
1153	281	-452.1016	0	52563.4895	0
1154	281	-452.0689	0	52563.8738	0
1155	281	-452.0559	0	52564.0075	0
1156	281	-452.0162	0	52564.3166	0
1157	281	-451.9898	0	52564.4212	0
1158	281	-451.9739	0	52564.7180	0
1159	281	-451.9583	0	52565.1741	0
1160	281	-451.9421	0	52565.5964	0
1161	281	-451.9040	0	52566.0899	0
1162	281	-451.8826	0	52566.5182	0
1163	281	-451.8780	0	52566.9201	0
1164	281	-451.8808	0	52567.2244	0
1165	281	-451.8749	0	52567.5723	0
1166	281	-451.8526	0	52567.9383	0
1167	281	-451.8451	0	52568.1434	0
1168	281	-451.8359	0	52568.2898	0
1169	281	-451.8252	0	52568.4922	0
1170	281	-451.8134	0	52568.9526	0
1171	281	-451.8035	0	52569.1160	0
1172	281	-451.7936	0	52569.4002	0
1173	281	-451.7823	0	52569.8050	0
1174	281	-451.7715	0	52570.3243	0
1175	281	-451.7591	0	52570.8057	0
1176	281	-451.7370	0	52571.3401	0
1177	281	-451.7193	0	52571.6043	0
1178	281	-451.6934	0	52571.8328	0
1179	281	-451.6740	0	52572.0508	0
1180	281	-451.6500	0	52572.3353	0
1181	281	-451.6461	0	52572.6396	0
1182	281	-451.6255	0	52572.8142	0
1183	281	-451.6112	0	52573.1441	0
1184	281	-451.5984	0	52573.3962	0
1185	281	-451.5696	0	52573.8846	0
1186	281	-451.5775	0	52574.1240	0
1187	281	-451.5455	0	52574.5969	0
1188	281	-451.5055	0	52574.9590	0
1189	281	-451.4714	0	52575.4056	0
1190	281	-451.4404	0	52575.7502	0
1191	281	-451.4000	0	52576.0576	0
1192	281	-451.3647	0	52576.5313	0
1193	281	-451.3146	0	52576.9397	0
1194	281	-451.2767	0	52577.2020	0
1195	281	-451.2460	0	52577.5260	0
1196	281	-451.2100	0	52577.9297	0
1197	281	-451.1780	0	52578.1870	0
1198	281	-451.1421	0	52578.5588	0
1199	281	-451.0915	0	52578.8561	0
1200	281	-451.0500	0	52579.1824	0
1201	281	-451.0010	0	52579.5141	0
1202	281	-450.9666	0	52579.7386	0
1203	281	-450.9379	0	52579.9207	0
1204	281	-450.8886	0	52580.2498	0
1205	281	-450.8632	0	52580.6282	0
1206	281	-450.8599	0	52580.7599	0
1207	281	-450.8661	0	52580.9018	0
1208	281	-450.8742	0	52581.4660	0
1209	281	-450.8651	0	52582.1154	0
1210	281	-450.8486	0	52582.6431	0
1211	281	-450.8480	0	52582.8796	0
1212	281	-450.8550	0	52583.2911	0
1213	281	-450.8592	0	52583.6220	0
1214	281	-450.8673	0	52583.8754	0
1215	281	-450.8706	0	52584.0984	0
1216	281	-450.8724	0	52584.4883	0
1217	281	-450.8696	0	52584.7601	0
1218	281	-450.8846	0	52585.2066	0
1219	281	-450.9090	0	52585.6647	0
1220	281	-450.9265	0	52585.8694	0
1221	281	-450.9026	0	52586.1052	0
1222	281	-450.8982	0	52586.2666	0
1223	281	-450.8783	0	52586.4436	0
1224	281	-450.8581	0	52586.6664	0
1225	281	-450.8532	0	52587.1116	0
1226	281	-450.8174	0	52587.4291	0
1227	281	-450.8220	0	52587.4155	0
1228	281	-450.8369	0	52587.9220	0
1229	281	-450.8363	0	52588.4072	0
1230	281	-450.8494	0	52588.9550	0
1231	281	-450.8447	0	52589.3343	0
1232	281	-450.8292	0	52589.6495	0
1233	281	-450.8168	0	52589.9018	0
1234	281	-450.8091	0	52590.5487	0
1235	281	-450.7982	0	52590.8489	0
1236	281	-450.7752	0	52591.1543	0
1237	281	-450.7395	0	52591.3603	0
1238	281	-450.7124	0	52591.5266	0
1239	281	-450.6894	0	52591.8770	0
1240	281	-450.6822	0	52592.4799	0
1241	281	-450.6833	0	52592.9107	0
1242	281	-450.6692	0	52593.2174	0
1243	281	-450.6621	0	52593.3823	0
1244	281	-450.6545	0	52593.8243	0
1245	281	-450.6336	0	52594.2132	0
1246	281	-450.5985	0	52594.6645	0
1247	281	-450.5613	0	52595.0214	0
1248	281	-450.5306	0	52595.1463	0
1249	281	-450.5081	0	52595.3190	0
1250	281	-450.4621	0	52595.5680	0
1251	281	-450.4415	0	52596.1861	0
1252	281	-450.4293	0	52596.5854	0
1253	281	-450.4340	0	52596.9284	0
1254	281	-450.4449	0	52597.1462	0
1255	281	-450.4506	0	52597.4153	0
1256	281	-450.4298	0	52597.6296	0
1257	281	-450.4152	0	52598.0129	0
1258	281	-450.3848	0	52598.4746	0
1259	281	-450.3517	0	52598.8214	0
1260	281	-450.3140	0	52599.0344	0
1261	281	-450.2943	0	52599.1482	0
1262	281	-450.3358	0	52599.8169	0
1263	281	-450.3749	0	52600.2335	0
1264	281	-450.3994	0	52600.6666	0
1265	281	-450.3779	0	52600.8836	0
1266	281	-450.3558	0	52601.2714	0
1267	281	-450.3165	0	52601.7705	0
1268	281	-450.2723	0	52602.2094	0
1269	281	-450.2141	0	52602.5854	0
1270	281	-450.1603	0	52602.8797	0
1271	281	-450.1100	0	52603.1051	0
1272	281	-450.0932	0	52603.3685	0
1273	281	-450.0739	0	52603.6115	0
1274	281	-450.0574	0	52603.8609	0
1275	281	-450.0336	0	52604.1436	0
1276	281	-450.0348	0	52604.3841	0
1277	281	-450.0274	0	52604.6565	0
1278	281	-449.9922	0	52604.9861	0
1279	281	-449.9529	0	52605.3600	0
1280	281	-449.9550	0	52605.6660	0
1281	281	-449.8846	0	52605.9668	0
1282	281	-449.8352	0	52606.2710	0
1283	281	-449.8519	0	52606.6350	0
1284	281	-449.9136	0	52607.1428	0
1285	281	-449.9842	0	52607.4967	0
1286	281	-450.0811	0	52607.9364	0
1287	281	-450.1468	0	52608.3863	0
1288	281	-450.1781	0	52608.7649	0
1289	281	-450.2061	0	52609.1650	0
1290	281	-450.2209	0	52609.4694	0
1291	281	-450.2566	0	52609.7632	0
1292	281	-450.2789	0	52610.0295	0
1293	281	-450.3087	0	52610.3415	0
1294	281	-450.3518	0	52610.7216	0
1295	281	-450.4105	0	52610.9839	0
1296	281	-450.4869	0	52611.3191	0
1297	281	-450.5371	0	52611.6579	0
1298	281	-450.5990	0	52611.9809	0
1299	281	-450.6430	0	52612.3195	0
1300	281	-450.6705	0	52612.6332	0
1301	281	-450.6872	0	52613.0032	0
1302	281	-450.7120	0	52613.2614	0
1303	281	-450.7155	0	52613.6043	0
1304	281	-450.6863	0	52613.9506	0
1305	281	-450.6580	0	52614.2697	0
1306	281	-450.6236	0	52614.5790	0
1307	281	-450.5683	0	52614.9453	0
1308	281	-450.4994	0	52615.2991	0
1309	281	-450.4399	0	52615.6381	0
1310	281	-450.3929	0	52615.8201	0
1311	281	-450.3786	0	52615.9600	0
1312	281	-450.3956	0	52616.1038	0
1313	281	-450.4019	0	52616.2508	0
1314	281	-450.3841	0	52616.3948	0
1315	281	-450.3133	0	52616.5531	0
1316	281	-450.2209	0	52616.7160	0
1317	281	-450.1738	0	52616.8607	0
1318	281	-450.1253	0	52617.0059	0
1319	281	-450.1121	0	52617.1563	0
1320	281	-450.0865	0	52617.3154	0
1321	281	-450.0282	0	52617.4738	0
1322	281	-449.9442	0	52617.6485	0
1323	281	-449.8208	0	52617.8464	0
1324	281	-449.7381	0	52618.0197	0
