1081	293	-455.9952	0	52600.8621	0
1082	293	-455.9953	0	52600.8622	0
1083	293	-455.9958	0	52600.8575	0
1084	293	-455.9959	0	52600.8561	0
1085	293	-455.9956	0	52600.8601	0
1086	293	-455.9958	0	52600.8571	0
1087	293	-455.9959	0	52600.8562	0
1088	293	-455.9962	0	52600.8560	0
1089	293	-455.9963	0	52600.8601	0
1090	293	-455.9966	0	52600.8576	0
1091	293	-455.9967	0	52600.8566	0
1092	293	-455.9969	0	52600.8480	0
1095	293	-455.9964	0	52600.8542	0
1096	293	-455.9965	0	52600.8513	0
1097	293	-455.9963	0	52600.8501	0
1098	293	-455.9964	0	52600.8539	0
1099	293	-455.9959	0	52600.8511	0
1103	293	-455.9961	0	52600.8395	0
