1083	294	-465.7555	0	52447.8312	0
1084	294	-465.7558	0	52447.8436	0
1085	294	-465.7559	0	52447.8464	0
1086	294	-465.7563	0	52447.8429	0
1087	294	-465.7567	0	52447.8393	0
1088	294	-465.7564	0	52447.8399	0
1089	294	-465.7569	0	52447.8197	0
1090	294	-465.7582	0	52447.7939	0
1091	294	-465.7584	0	52447.7848	0
1092	294	-465.7579	0	52447.8128	0
1093	294	-465.7573	0	52447.8241	0
1094	294	-465.7572	0	52447.8287	0
1095	294	-465.7577	0	52447.8266	0
1096	294	-465.7583	0	52447.8239	0
1097	294	-465.7582	0	52447.8227	0
1098	294	-465.7580	0	52447.8242	0
1099	294	-465.7577	0	52447.8228	0
1100	294	-465.7578	0	52447.8202	0
1101	294	-465.7580	0	52447.8172	0
1102	294	-465.7579	0	52447.8180	0
1103	294	-465.7573	0	52447.8224	0
1104	294	-465.7565	0	52447.8300	0
1105	294	-465.7561	0	52447.8348	0
1106	294	-465.7560	0	52447.8346	0
1107	294	-465.7562	0	52447.8324	0
1108	294	-465.7562	0	52447.8316	0
1109	294	-465.7559	0	52447.8352	0
1110	294	-465.7564	0	52447.8326	0
1111	294	-465.7567	0	52447.8316	0
1112	294	-465.7567	0	52447.8332	0
1113	294	-465.7564	0	52447.8357	0
1114	294	-465.7567	0	52447.8347	0
1115	294	-465.7570	0	52447.8343	0
1116	294	-465.7579	0	52447.8303	0
1117	294	-465.7584	0	52447.8288	0
1118	294	-465.7591	0	52447.8243	0
1119	294	-465.7594	0	52447.8226	0
1120	294	-465.7596	0	52447.8200	0
1121	294	-465.7599	0	52447.8190	0
1122	294	-465.7602	0	52447.8187	0
1123	294	-465.7605	0	52447.8166	0
1124	294	-465.7602	0	52447.8158	0
1125	294	-465.7604	0	52447.8135	0
1126	294	-465.7602	0	52447.8127	0
1127	294	-465.7598	0	52447.8123	0
1128	294	-465.7598	0	52447.8081	0
1132	294	-465.7594	0	52447.8086	0
1133	294	-465.7577	0	52447.8110	0
1134	294	-465.7589	0	52447.7988	0
1135	294	-465.7596	0	52447.7903	0
