1164	323	-472.3199	0	52587.8287	2
1184	323	-471.9836	0	52589.0543	2
1185	323	-472.1801	0	52588.6354	2
1186	323	-472.3640	0	52588.1150	2
1196	323	-470.7295	0	52591.6758	2
1197	323	-470.8925	0	52591.1578	2
1221	323	-470.7273	0	52592.3606	2
1222	323	-470.6379	0	52592.0481	2
1223	323	-470.7789	0	52591.3725	2
1224	323	-468.8607	0	52594.5464	2
1225	323	-468.4271	0	52595.2406	2
1226	323	-468.3046	0	52595.1988	2
1227	323	-468.5430	0	52594.7575	2
1229	323	-469.2440	0	52593.7841	2
1243	323	-470.1663	0	52592.0454	2
1244	323	-470.6258	0	52591.4608	2
1246	323	-471.5216	0	52589.7293	2
1247	323	-471.7487	0	52588.9222	2
