1205	343	-465.8310	0	52447.8449	2
1206	343	-465.8295	0	52447.8403	2
1207	343	-465.8277	0	52447.8362	2
1208	343	-465.8261	0	52447.8328	2
1209	343	-465.8240	0	52447.8316	2
1210	343	-465.8209	0	52447.8331	2
1211	343	-465.8181	0	52447.8315	2
1212	343	-465.8157	0	52447.8289	2
1213	343	-465.8131	0	52447.8277	2
1214	343	-465.8117	0	52447.8273	2
1215	343	-465.8101	0	52447.8251	2
1216	343	-465.8074	0	52447.8221	2
1217	343	-465.8048	0	52447.8167	2
1218	343	-465.8007	0	52447.8185	2
1219	343	-465.7981	0	52447.8150	2
1220	343	-465.7948	0	52447.8114	2
1221	343	-465.7930	0	52447.8037	2
1222	343	-465.7902	0	52447.8007	2
1223	343	-465.7880	0	52447.7974	2
1224	343	-465.7845	0	52447.7938	2
1225	343	-465.7809	0	52447.7901	2
1226	343	-465.7784	0	52447.7843	2
1227	343	-465.7746	0	52447.7797	2
1228	343	-465.7715	0	52447.7756	2
1229	343	-465.7682	0	52447.7673	2
1230	343	-465.7651	0	52447.7594	2
1231	343	-465.7621	0	52447.7518	2
1232	343	-465.7585	0	52447.7487	2
1233	343	-465.7556	0	52447.7452	2
1234	343	-465.7516	0	52447.7413	2
1235	343	-465.7475	0	52447.7372	2
1236	343	-465.7431	0	52447.7307	2
1237	343	-465.7404	0	52447.7234	2
1238	343	-465.7366	0	52447.7204	2
1239	343	-465.7340	0	52447.7119	2
1240	343	-465.7327	0	52447.7012	2
1241	343	-465.7293	0	52447.6995	2
1242	343	-465.7284	0	52447.6861	2
1243	343	-465.7286	0	52447.6788	2
1244	343	-465.7261	0	52447.6679	2
