116	35	-458.7166	0	52493.9579	0
118	35	-458.8535	0	52492.1550	0
119	35	-458.8834	0	52490.9640	0
120	35	-458.8568	0	52490.6085	0
121	35	-458.7778	0	52492.1251	0
122	35	-458.6479	0	52493.7800	0
123	35	-458.6240	0	52494.4247	0
124	35	-458.5682	0	52495.0321	0
130	35	-458.6643	0	52490.1979	0
131	35	-458.5932	0	52491.4482	0
132	35	-458.5559	0	52492.1603	0
133	35	-458.5101	0	52493.1705	0
134	35	-458.4649	0	52493.5285	0
135	35	-458.4448	0	52493.6502	0
136	35	-458.4871	0	52492.9620	0
137	35	-458.4078	0	52493.7679	0
138	35	-458.3768	0	52493.3456	0
139	35	-458.2427	0	52495.3561	0
140	35	-458.2095	0	52495.0240	0
141	35	-458.2657	0	52493.0502	0
142	35	-458.2684	0	52492.6281	0
143	35	-458.1306	0	52493.9443	0
