1282	374	-446.6167	0	52588.2913	0
1283	374	-446.6135	0	52588.4925	0
1284	374	-446.6334	0	52588.9711	0
1285	374	-446.6467	0	52589.2408	0
1286	374	-446.6475	0	52589.2334	0
1287	374	-446.6541	0	52589.1777	0
1288	374	-446.6517	0	52589.4271	0
1289	374	-446.6578	0	52589.8187	0
1290	374	-446.6236	0	52590.0688	0
1291	374	-446.5869	0	52590.1159	0
1292	374	-446.5721	0	52590.0520	0
1293	374	-446.5809	0	52590.2047	0
1294	374	-446.5882	0	52590.4733	0
1295	374	-446.5800	0	52590.7819	0
1296	374	-446.5550	0	52590.9279	0
1297	374	-446.5523	0	52590.8710	0
1298	374	-446.5394	0	52590.9491	0
1299	374	-446.5130	0	52591.2526	0
1300	374	-446.5030	0	52591.5671	0
1301	374	-446.4203	0	52591.7516	0
1316	374	-446.2388	0	52593.8249	0
1318	374	-446.2836	0	52594.1306	0
1319	374	-446.2854	0	52594.3657	0
1320	374	-446.3022	0	52594.7685	0
1321	374	-446.3274	0	52594.9709	0
1325	374	-446.3288	0	52595.3440	0
1326	374	-446.3511	0	52595.5024	0
1327	374	-446.3916	0	52595.8342	0
1328	374	-446.3765	0	52595.7355	0
1329	374	-446.3725	0	52595.8255	0
1330	374	-446.3842	0	52596.2619	0
1331	374	-446.4048	0	52596.6819	0
1332	374	-446.3653	0	52596.7858	0
1333	374	-446.3395	0	52596.7401	0
1335	374	-446.2742	0	52596.9466	0
1336	374	-446.2385	0	52597.0573	0
1337	374	-446.2383	0	52597.3511	0
1338	374	-446.2448	0	52597.4529	0
1339	374	-446.2341	0	52597.4598	0
1340	374	-446.2083	0	52597.5589	0
1341	374	-446.1901	0	52597.8414	0
1342	374	-446.2041	0	52598.0877	0
1343	374	-446.2057	0	52598.2950	0
1344	374	-446.1954	0	52598.2712	0
1345	374	-446.1785	0	52598.3539	0
1346	374	-446.1497	0	52598.5486	0
1347	374	-446.1424	0	52598.8290	0
1348	374	-446.1257	0	52599.0689	0
1349	374	-446.0928	0	52599.0859	0
1350	374	-446.0490	0	52599.0888	0
1351	374	-446.0121	0	52599.2934	0
1352	374	-445.9889	0	52599.5026	0
