1326	387	-465.7483	0	52447.2970	0
1327	387	-465.7481	0	52447.3076	0
1328	387	-465.7477	0	52447.3110	0
1329	387	-465.7483	0	52447.3068	0
1330	387	-465.7487	0	52447.2902	0
1331	387	-465.7491	0	52447.2741	0
1332	387	-465.7492	0	52447.2687	0
1333	387	-465.7494	0	52447.2722	0
1334	387	-465.7493	0	52447.2831	0
1344	387	-465.7497	0	52447.2825	0
1345	387	-465.7498	0	52447.2779	0
1346	387	-465.7495	0	52447.2762	0
1347	387	-465.7497	0	52447.2757	0
1360	387	-465.7509	0	52447.1945	0
1361	387	-465.7514	0	52447.1919	0
1362	387	-465.7517	0	52447.1858	0
1373	387	-465.7517	0	52447.1837	0
1374	387	-465.7514	0	52447.1897	0
1375	387	-465.7508	0	52447.2021	0
1376	387	-465.7500	0	52447.2325	0
1377	387	-465.7500	0	52447.2235	0
1378	387	-465.7499	0	52447.2248	0
1379	387	-465.7501	0	52447.2149	0
1380	387	-465.7493	0	52447.2262	0
1381	387	-465.7497	0	52447.2152	0
1387	387	-465.7496	0	52447.2161	0
1388	387	-465.7492	0	52447.2316	0
1389	387	-465.7489	0	52447.2417	0
1390	387	-465.7488	0	52447.2406	0
1391	387	-465.7491	0	52447.2255	0
1392	387	-465.7491	0	52447.2244	0
1393	387	-465.7486	0	52447.2340	0
1408	387	-465.7499	0	52447.1623	0
1411	387	-465.7510	0	52447.1367	0
1412	387	-465.7517	0	52447.1093	0
