1	4	-448.9802	0	52616.4928	0
2	4	-448.9439	0	52616.4454	0
3	4	-448.8910	0	52616.3955	0
4	4	-448.9045	0	52616.5814	0
5	4	-448.9078	0	52616.6726	0
6	4	-448.9676	0	52616.7408	0
7	4	-448.9747	0	52616.7976	0
8	4	-448.9693	0	52616.8439	0
9	4	-448.9354	0	52616.8895	0
10	4	-448.8875	0	52616.9637	0
11	4	-448.8517	0	52617.0398	0
12	4	-448.8261	0	52617.0932	0
13	4	-448.8047	0	52617.1330	0
14	4	-448.7892	0	52617.1945	0
15	4	-448.7504	0	52617.2666	0
16	4	-448.6843	0	52617.3500	0
17	4	-448.6671	0	52617.4081	0
18	4	-448.6466	0	52617.4648	0
19	4	-448.6465	0	52617.5181	0
20	4	-448.6475	0	52617.5916	0
21	4	-448.6192	0	52617.6706	0
22	4	-448.5471	0	52617.7551	0
23	4	-448.4888	0	52617.8216	0
24	4	-448.4709	0	52617.8822	0
25	4	-448.3832	0	52617.9619	0
26	4	-448.3561	0	52618.0519	0
27	4	-448.3848	0	52618.1298	0
28	4	-448.4195	0	52618.1786	0
29	4	-448.3769	0	52618.2388	0
30	4	-448.2887	0	52618.3050	0
31	4	-448.2156	0	52618.3846	0
32	4	-448.1516	0	52618.4624	0
