1382	409	-465.7889	0	52447.9089	0
1385	409	-465.7862	0	52447.9159	0
1386	409	-465.7853	0	52447.9238	0
1387	409	-465.7835	0	52447.9311	0
1389	409	-465.7842	0	52447.9131	0
1390	409	-465.7840	0	52447.9038	0
1391	409	-465.7853	0	52447.8914	0
1392	409	-465.7848	0	52447.8940	0
1393	409	-465.7854	0	52447.8828	0
1394	409	-465.7858	0	52447.8783	0
1395	409	-465.7853	0	52447.8802	0
1396	409	-465.7852	0	52447.8775	0
1401	409	-465.7843	0	52447.8703	0
1402	409	-465.7844	0	52447.8643	0
1405	409	-465.7847	0	52447.8497	0
1408	409	-465.7858	0	52447.8372	0
1409	409	-465.7849	0	52447.8393	0
1411	409	-465.7844	0	52447.8291	0
1429	409	-465.7820	0	52447.7635	0
1453	409	-465.7799	0	52447.6497	0
1457	409	-465.7835	0	52447.6086	0
