1400	417	-455.9870	0	52601.2556	0
1401	417	-455.9860	0	52601.2525	0
1402	417	-455.9858	0	52601.2337	0
1403	417	-455.9856	0	52601.2406	0
1404	417	-455.9854	0	52601.2405	0
1405	417	-455.9849	0	52601.2358	0
1407	417	-455.9836	0	52601.2336	0
1408	417	-455.9821	0	52601.2357	0
1409	417	-455.9809	0	52601.2386	0
1410	417	-455.9807	0	52601.2375	0
1411	417	-455.9805	0	52601.2328	0
1412	417	-455.9800	0	52601.2264	0
1413	417	-455.9790	0	52601.2263	0
1414	417	-455.9784	0	52601.2240	0
1415	417	-455.9783	0	52601.2164	0
1416	417	-455.9776	0	52601.2135	0
1417	417	-455.9766	0	52601.2171	0
1418	417	-455.9760	0	52601.2207	0
1419	417	-455.9749	0	52601.2242	0
1420	417	-455.9742	0	52601.2234	0
1421	417	-455.9736	0	52601.2230	0
1422	417	-455.9729	0	52601.2229	0
1423	417	-455.9732	0	52601.2090	0
1424	417	-455.9731	0	52601.2015	0
1425	417	-455.9717	0	52601.2078	0
1426	417	-455.9709	0	52601.2103	0
1427	417	-455.9697	0	52601.2112	0
1428	417	-455.9688	0	52601.2021	0
1429	417	-455.9682	0	52601.2058	0
1430	417	-455.9670	0	52601.2117	0
1431	417	-455.9660	0	52601.2140	0
1432	417	-455.9651	0	52601.2171	0
1433	417	-455.9647	0	52601.2159	0
1434	417	-455.9645	0	52601.2155	0
1435	417	-455.9642	0	52601.2106	0
1436	417	-455.9638	0	52601.2111	0
1437	417	-455.9635	0	52601.2136	0
1438	417	-455.9631	0	52601.2145	0
1439	417	-455.9627	0	52601.2149	0
1440	417	-455.9621	0	52601.2149	0
1441	417	-455.9613	0	52601.2194	0
1442	417	-455.9607	0	52601.2211	0
1443	417	-455.9605	0	52601.2194	0
1444	417	-455.9604	0	52601.2165	0
1445	417	-455.9604	0	52601.2131	0
1446	417	-455.9601	0	52601.2163	0
1447	417	-455.9598	0	52601.2221	0
1448	417	-455.9596	0	52601.2287	0
1449	417	-455.9595	0	52601.2289	0
1450	417	-455.9595	0	52601.2289	0
1451	417	-455.9597	0	52601.2289	0
1452	417	-455.9596	0	52601.2289	0
1453	417	-455.9596	0	52601.2310	0
1454	417	-455.9598	0	52601.2296	0
1455	417	-455.9602	0	52601.2268	0
1456	417	-455.9604	0	52601.2280	0
1457	417	-455.9604	0	52601.2329	0
1458	417	-455.9603	0	52601.2369	0
1459	417	-455.9610	0	52601.2340	0
1460	417	-455.9619	0	52601.2330	0
1461	417	-455.9633	0	52601.2305	0
1462	417	-455.9644	0	52601.2251	0
1463	417	-455.9651	0	52601.2254	0
1464	417	-455.9656	0	52601.2255	0
1465	417	-455.9663	0	52601.2233	0
1466	417	-455.9670	0	52601.2203	0
1467	417	-455.9673	0	52601.2238	0
1468	417	-455.9676	0	52601.2274	0
1469	417	-455.9677	0	52601.2310	0
1470	417	-455.9688	0	52601.2280	0
1471	417	-455.9704	0	52601.2225	0
1472	417	-455.9719	0	52601.2159	0
1473	417	-455.9725	0	52601.2203	0
1474	417	-455.9729	0	52601.2243	0
1475	417	-455.9739	0	52601.2191	0
1476	417	-455.9747	0	52601.2172	0
1477	417	-455.9751	0	52601.2166	0
1478	417	-455.9754	0	52601.2209	0
1479	417	-455.9761	0	52601.2204	0
1480	417	-455.9768	0	52601.2225	0
1481	417	-455.9790	0	52601.2121	0
1482	417	-455.9800	0	52601.2128	0
1483	417	-455.9804	0	52601.2155	0
1484	417	-455.9815	0	52601.2143	0
1485	417	-455.9824	0	52601.2117	0
1486	417	-455.9835	0	52601.2155	0
1487	417	-455.9842	0	52601.2169	0
1488	417	-455.9844	0	52601.2198	0
1489	417	-455.9853	0	52601.2140	0
1490	417	-455.9867	0	52601.2074	0
1491	417	-455.9883	0	52601.2074	0
1492	417	-455.9906	0	52601.1722	0
1496	417	-455.9932	0	52601.1831	0
1497	417	-455.9931	0	52601.1946	0
1498	417	-455.9935	0	52601.2079	0
1499	417	-455.9942	0	52601.2152	0
1500	417	-455.9958	0	52601.2205	0
1504	417	-456.0010	0	52601.2124	0
1505	417	-456.0013	0	52601.2182	0
1506	417	-456.0019	0	52601.2225	0
1507	417	-456.0030	0	52601.2219	0
1508	417	-456.0036	0	52601.2304	0
1509	417	-456.0051	0	52601.2250	0
1510	417	-456.0048	0	52601.2358	0
1511	417	-456.0045	0	52601.2507	0
1512	417	-456.0053	0	52601.2563	0
1513	417	-456.0059	0	52601.2582	0
1514	417	-456.0062	0	52601.2609	0
1515	417	-456.0067	0	52601.2596	0
1516	417	-456.0093	0	52601.2421	0
1517	417	-456.0104	0	52601.2398	0
1518	417	-456.0099	0	52601.2535	0
1519	417	-456.0089	0	52601.2650	0
1520	417	-456.0083	0	52601.2755	0
1521	417	-456.0086	0	52601.2834	0
1522	417	-456.0095	0	52601.2882	0
1526	417	-456.0113	0	52601.3065	0
1527	417	-456.0125	0	52601.3060	0
1528	417	-456.0129	0	52601.3098	0
1529	417	-456.0127	0	52601.3186	0
1530	417	-456.0132	0	52601.3237	0
1531	417	-456.0134	0	52601.3273	0
1532	417	-456.0146	0	52601.3248	0
1533	417	-456.0159	0	52601.3220	0
1534	417	-456.0158	0	52601.3300	0
1535	417	-456.0162	0	52601.3347	0
1536	417	-456.0166	0	52601.3364	0
1537	417	-456.0176	0	52601.3333	0
1538	417	-456.0185	0	52601.3304	0
1539	417	-456.0198	0	52601.3238	0
1540	417	-456.0192	0	52601.3319	0
1541	417	-456.0186	0	52601.3404	0
1542	417	-456.0192	0	52601.3399	0
1543	417	-456.0220	0	52601.3235	0
1544	417	-456.0238	0	52601.3122	0
1545	417	-456.0250	0	52601.3019	0
1546	417	-456.0253	0	52601.2997	0
1547	417	-456.0233	0	52601.3136	0
1548	417	-456.0251	0	52601.2898	0
1555	417	-456.0214	0	52601.3301	0
1556	417	-456.0204	0	52601.3368	0
1557	417	-456.0202	0	52601.3371	0
1558	417	-456.0204	0	52601.3353	0
1559	417	-456.0210	0	52601.3309	0
1560	417	-456.0211	0	52601.3310	0
1561	417	-456.0212	0	52601.3310	0
1562	417	-456.0216	0	52601.3292	0
1563	417	-456.0211	0	52601.3320	0
1564	417	-456.0211	0	52601.3313	0
1565	417	-456.0209	0	52601.3328	0
1566	417	-456.0208	0	52601.3351	0
1567	417	-456.0195	0	52601.3449	0
1568	417	-456.0193	0	52601.3467	0
1569	417	-456.0195	0	52601.3437	0
1570	417	-456.0193	0	52601.3443	0
1571	417	-456.0194	0	52601.3427	0
1572	417	-456.0191	0	52601.3438	0
1573	417	-456.0198	0	52601.3370	0
1574	417	-456.0222	0	52601.3183	0
1575	417	-456.0220	0	52601.3200	0
1576	417	-456.0215	0	52601.3244	0
1577	417	-456.0202	0	52601.3333	0
1578	417	-456.0217	0	52601.3258	0
1579	417	-456.0212	0	52601.3302	0
1580	417	-456.0195	0	52601.3428	0
1581	417	-456.0184	0	52601.3511	0
1582	417	-456.0177	0	52601.3558	0
1583	417	-456.0181	0	52601.3520	0
1584	417	-456.0178	0	52601.3506	0
1585	417	-456.0174	0	52601.3500	0
1586	417	-456.0170	0	52601.3479	0
1587	417	-456.0165	0	52601.3471	0
1588	417	-456.0162	0	52601.3431	0
1589	417	-456.0161	0	52601.3399	0
1590	417	-456.0158	0	52601.3386	0
1591	417	-456.0153	0	52601.3417	0
1592	417	-456.0144	0	52601.3464	0
1593	417	-456.0139	0	52601.3481	0
1594	417	-456.0137	0	52601.3433	0
1595	417	-456.0135	0	52601.3380	0
1596	417	-456.0135	0	52601.3341	0
1597	417	-456.0125	0	52601.3380	0
1598	417	-456.0122	0	52601.3359	0
1599	417	-456.0120	0	52601.3333	0
1600	417	-456.0117	0	52601.3323	0
1601	417	-456.0108	0	52601.3374	0
1602	417	-456.0097	0	52601.3447	0
1603	417	-456.0084	0	52601.3508	0
1604	417	-456.0080	0	52601.3477	0
1605	417	-456.0073	0	52601.3465	0
1606	417	-456.0068	0	52601.3406	0
1607	417	-456.0067	0	52601.3365	0
1608	417	-456.0062	0	52601.3350	0
1609	417	-456.0058	0	52601.3344	0
1610	417	-456.0053	0	52601.3324	0
1611	417	-456.0049	0	52601.3297	0
1612	417	-456.0043	0	52601.3306	0
1613	417	-456.0029	0	52601.3381	0
1614	417	-456.0017	0	52601.3427	0
1615	417	-456.0016	0	52601.3408	0
1616	417	-456.0012	0	52601.3418	0
1617	417	-456.0011	0	52601.3386	0
1618	417	-456.0008	0	52601.3410	0
1619	417	-456.0004	0	52601.3437	0
1620	417	-456.0005	0	52601.3446	0
1621	417	-456.0005	0	52601.3468	0
1622	417	-456.0008	0	52601.3422	0
1623	417	-456.0010	0	52601.3387	0
1624	417	-456.0011	0	52601.3373	0
1625	417	-456.0012	0	52601.3386	0
1626	417	-456.0009	0	52601.3427	0
1627	417	-456.0005	0	52601.3442	0
1628	417	-456.0001	0	52601.3429	0
1629	417	-456.0002	0	52601.3460	0
1630	417	-456.0003	0	52601.3472	0
1631	417	-456.0009	0	52601.3423	0
1632	417	-456.0013	0	52601.3388	0
1633	417	-455.9997	0	52601.3459	0
1634	417	-455.9984	0	52601.3558	0
1635	417	-455.9996	0	52601.3439	0
1636	417	-456.0010	0	52601.3293	0
1638	417	-456.0004	0	52601.3352	0
1639	417	-455.9992	0	52601.3372	0
1643	417	-455.9964	0	52601.3543	0
1644	417	-455.9953	0	52601.3576	0
1645	417	-455.9950	0	52601.3511	0
1646	417	-455.9954	0	52601.3433	0
1647	417	-455.9955	0	52601.3366	0
1648	417	-455.9955	0	52601.3343	0
1649	417	-455.9951	0	52601.3390	0
1650	417	-455.9947	0	52601.3389	0
1651	417	-455.9945	0	52601.3370	0
1652	417	-455.9942	0	52601.3381	0
1653	417	-455.9939	0	52601.3367	0
1654	417	-455.9936	0	52601.3362	0
1655	417	-455.9932	0	52601.3341	0
1656	417	-455.9931	0	52601.3333	0
1657	417	-455.9930	0	52601.3312	0
1658	417	-455.9929	0	52601.3267	0
1659	417	-455.9929	0	52601.3232	0
1686	417	-455.9828	0	52601.2976	0
1687	417	-455.9824	0	52601.2974	0
1688	417	-455.9823	0	52601.2974	0
1689	417	-455.9820	0	52601.2953	0
1690	417	-455.9815	0	52601.2986	0
1691	417	-455.9811	0	52601.2998	0
1692	417	-455.9809	0	52601.3002	0
1693	417	-455.9809	0	52601.2965	0
1694	417	-455.9808	0	52601.2930	0
1695	417	-455.9806	0	52601.2897	0
1696	417	-455.9808	0	52601.2865	0
1698	417	-455.9806	0	52601.2850	0
1699	417	-455.9804	0	52601.2847	0
1700	417	-455.9805	0	52601.2847	0
1701	417	-455.9804	0	52601.2848	0
1702	417	-455.9806	0	52601.2828	0
1703	417	-455.9805	0	52601.2821	0
1704	417	-455.9804	0	52601.2819	0
1705	417	-455.9802	0	52601.2819	0
1706	417	-455.9801	0	52601.2819	0
1707	417	-455.9801	0	52601.2799	0
1708	417	-455.9804	0	52601.2812	0
1709	417	-455.9802	0	52601.2797	0
1710	417	-455.9802	0	52601.2812	0
1711	417	-455.9806	0	52601.2798	0
1712	417	-455.9812	0	52601.2793	0
1715	417	-455.9814	0	52601.2844	0
1716	417	-455.9810	0	52601.2853	0
1717	417	-455.9803	0	52601.2875	0
1718	417	-455.9798	0	52601.2863	0
1719	417	-455.9801	0	52601.2839	0
1720	417	-455.9804	0	52601.2809	0
1721	417	-455.9799	0	52601.2838	0
1722	417	-455.9795	0	52601.2911	0
1723	417	-455.9789	0	52601.2895	0
1724	417	-455.9787	0	52601.2930	0
1725	417	-455.9808	0	52601.2677	0
1728	417	-455.9792	0	52601.2867	0
1729	417	-455.9784	0	52601.2904	0
1730	417	-455.9782	0	52601.2914	0
1731	417	-455.9781	0	52601.2898	0
1736	417	-455.9770	0	52601.2796	0
1737	417	-455.9766	0	52601.2765	0
1738	417	-455.9759	0	52601.2753	0
1739	417	-455.9752	0	52601.2749	0
