1431	424	-450.4090	0	52550.1187	0
1432	424	-450.4825	0	52549.8746	0
1433	424	-450.5131	0	52549.9467	0
1434	424	-450.5324	0	52549.8305	0
1435	424	-450.5381	0	52549.7920	0
1436	424	-450.5440	0	52549.4972	0
1437	424	-450.5296	0	52549.5360	0
1438	424	-450.5438	0	52549.1411	0
1439	424	-450.5510	0	52549.1360	0
1442	424	-450.5904	0	52548.4540	0
1443	424	-450.5504	0	52548.5046	0
1444	424	-450.5358	0	52548.5281	0
1445	424	-450.4690	0	52547.9721	0
1450	424	-450.4046	0	52545.4402	0
1451	424	-450.4396	0	52545.0878	0
1452	424	-450.4675	0	52544.8156	0
1453	424	-450.4975	0	52544.7303	0
1454	424	-450.4949	0	52544.8640	0
1455	424	-450.4915	0	52544.7813	0
1456	424	-450.5118	0	52544.4628	0
1457	424	-450.5291	0	52544.0480	0
1458	424	-450.4982	0	52544.3532	0
1459	424	-450.4745	0	52544.4782	0
1460	424	-450.4804	0	52544.3883	0
1461	424	-450.5253	0	52544.0603	0
1462	424	-450.5477	0	52543.6392	0
1463	424	-450.5623	0	52543.1797	0
1464	424	-450.5438	0	52542.8530	0
1465	424	-450.5378	0	52542.2661	0
1466	424	-450.5369	0	52541.5798	0
1467	424	-450.5174	0	52541.3260	0
1468	424	-450.4924	0	52541.2429	0
1469	424	-450.4807	0	52541.0573	0
1470	424	-450.4895	0	52540.8407	0
1471	424	-450.5009	0	52540.4426	0
1472	424	-450.5232	0	52539.6463	0
1473	424	-450.5096	0	52539.1776	0
1474	424	-450.4837	0	52539.0099	0
1475	424	-450.4121	0	52538.7911	0
1476	424	-450.4019	0	52538.0247	0
1477	424	-450.2683	0	52538.2656	0
1478	424	-450.2502	0	52537.6877	0
1479	424	-450.3217	0	52534.9418	0
1480	424	-450.4073	0	52533.5643	0
1481	424	-450.4796	0	52532.4741	0
1482	424	-450.5407	0	52532.2472	0
1483	424	-450.5296	0	52532.5546	0
1484	424	-450.3613	0	52533.6368	0
1485	424	-450.2512	0	52534.4809	0
1486	424	-450.1554	0	52534.0196	0
1487	424	-450.0610	0	52534.0473	0
1488	424	-449.9787	0	52534.6358	0
1489	424	-449.9078	0	52534.4819	0
1490	424	-449.8587	0	52534.6189	0
1491	424	-449.7799	0	52534.1045	0
1492	424	-449.6702	0	52534.0995	0
1493	424	-449.5709	0	52534.1008	0
1494	424	-449.4786	0	52533.9057	0
1495	424	-449.4134	0	52533.8385	0
1496	424	-449.3427	0	52533.2483	0
1497	424	-449.2373	0	52533.5908	0
1498	424	-449.0896	0	52533.7218	0
1499	424	-449.0749	0	52532.6240	0
