1468	431	-449.3412	0	52529.2100	0
1469	431	-449.4021	0	52529.3641	0
1470	431	-449.4708	0	52528.6907	0
1471	431	-449.5239	0	52528.4707	0
1472	431	-449.5852	0	52528.1907	0
1473	431	-449.7247	0	52527.6592	0
1474	431	-449.8121	0	52527.2654	0
1475	431	-449.8874	0	52526.2404	0
1476	431	-449.9738	0	52525.8891	0
1477	431	-450.0154	0	52525.9996	0
1478	431	-450.0568	0	52526.0599	0
1484	431	-450.7908	0	52523.0552	0
1485	431	-450.9213	0	52522.8790	0
1486	431	-451.0216	0	52522.8171	0
1487	431	-451.1479	0	52522.1213	0
1488	431	-451.2531	0	52521.8803	0
1489	431	-451.3249	0	52521.8015	0
1490	431	-451.3819	0	52521.5578	0
1491	431	-451.4429	0	52521.4873	0
1492	431	-451.5925	0	52521.2511	0
1493	431	-451.7485	0	52520.9453	0
1494	431	-451.8536	0	52520.8514	0
1495	431	-451.9297	0	52521.0686	0
1496	431	-452.0027	0	52521.1709	0
1497	431	-452.1024	0	52520.9893	0
1498	431	-452.2422	0	52520.4604	0
1499	431	-452.4136	0	52520.2788	0
1500	431	-452.4981	0	52520.2274	0
1501	431	-452.5823	0	52519.9755	0
1502	431	-452.6410	0	52520.1364	0
1503	431	-452.7082	0	52520.4552	0
1504	431	-452.8406	0	52520.8362	0
1505	431	-453.0644	0	52520.5225	0
1506	431	-453.1127	0	52521.3743	0
1507	431	-453.0281	0	52522.6348	0
1508	431	-452.6989	0	52528.6590	0
1509	431	-452.6709	0	52530.1939	0
1510	431	-453.0790	0	52527.0040	0
1513	431	-453.3844	0	52527.5255	0
1515	431	-453.5199	0	52527.6748	0
1516	431	-453.6972	0	52527.1136	0
1517	431	-453.4510	0	52530.8616	0
1518	431	-453.7151	0	52527.8892	0
1519	431	-453.7779	0	52527.2164	0
1520	431	-453.8332	0	52527.3285	0
1521	431	-453.8910	0	52527.3753	0
1522	431	-453.9317	0	52527.3966	0
1523	431	-453.9771	0	52527.6141	0
1524	431	-453.9646	0	52528.5101	0
1525	431	-453.9522	0	52529.0602	0
1526	431	-453.9211	0	52529.6683	0
1527	431	-453.8997	0	52529.8951	0
1528	431	-453.8803	0	52530.3773	0
1529	431	-453.8856	0	52530.5553	0
1530	431	-453.9023	0	52530.6130	0
1531	431	-453.8795	0	52531.0234	0
1532	431	-453.8680	0	52531.3684	0
1533	431	-453.8807	0	52531.2935	0
1534	431	-453.8634	0	52531.6480	0
1535	431	-453.8725	0	52531.9737	0
1536	431	-453.8346	0	52532.6560	0
1537	431	-453.8235	0	52532.7158	0
1538	431	-453.8156	0	52532.7305	0
1539	431	-453.8295	0	52532.7295	0
1540	431	-453.8459	0	52532.7169	0
1541	431	-453.8299	0	52532.9005	0
1542	431	-453.8242	0	52533.1491	0
1543	431	-453.8405	0	52533.2410	0
1544	431	-453.8691	0	52533.2698	0
1545	431	-453.9210	0	52533.0902	0
1546	431	-453.9400	0	52533.2048	0
1547	431	-453.9443	0	52533.6230	0
1548	431	-453.9485	0	52533.7778	0
1549	431	-453.9532	0	52534.3887	0
1550	431	-453.9641	0	52534.7940	0
1551	431	-453.9970	0	52535.6688	0
1552	431	-453.9749	0	52536.3372	0
1553	431	-453.9335	0	52536.5819	0
1556	431	-454.1996	0	52534.9225	0
1557	431	-454.1974	0	52534.9836	0
1558	431	-454.2208	0	52535.0030	0
1559	431	-454.2511	0	52535.0093	0
1560	431	-454.2624	0	52535.1905	0
1561	431	-454.2888	0	52535.0689	0
1562	431	-454.3527	0	52534.8358	0
1563	431	-454.3742	0	52535.1173	0
1564	431	-454.3667	0	52535.5824	0
1565	431	-454.3706	0	52535.7564	0
1566	431	-454.4142	0	52535.8194	0
1567	431	-454.4569	0	52535.6581	0
1568	431	-454.4946	0	52535.5947	0
1569	431	-454.5331	0	52535.5747	0
1570	431	-454.5561	0	52535.5637	0
1571	431	-454.5718	0	52535.5562	0
1572	431	-454.5754	0	52536.0954	0
1573	431	-454.6127	0	52536.2956	0
1574	431	-454.6291	0	52536.5434	0
1575	431	-454.6514	0	52536.8154	0
1576	431	-454.6965	0	52536.9112	0
1577	431	-454.7162	0	52536.9480	0
1578	431	-454.7316	0	52537.1309	0
1579	431	-454.6706	0	52538.0552	0
1580	431	-454.6590	0	52537.8776	0
1581	431	-454.6401	0	52537.8095	0
1582	431	-454.5730	0	52539.1219	0
1583	431	-454.4942	0	52539.7772	0
1584	431	-454.4514	0	52539.6788	0
1585	431	-454.4441	0	52539.3050	0
1586	431	-454.4485	0	52538.9847	0
1587	431	-454.3898	0	52539.1814	0
1590	431	-454.3251	0	52539.0767	0
1591	431	-454.3317	0	52538.8566	0
1592	431	-454.2559	0	52538.9509	0
1593	431	-454.2276	0	52538.9769	0
1594	431	-454.1802	0	52538.9832	0
1595	431	-454.1214	0	52538.9745	0
1596	431	-454.0568	0	52538.9682	0
1597	431	-453.9748	0	52538.9579	0
1598	431	-453.9046	0	52539.1176	0
1599	431	-453.8007	0	52539.6742	0
1600	431	-453.7230	0	52539.8707	0
1601	431	-453.6696	0	52539.9387	0
1602	431	-453.5927	0	52539.7886	0
1603	431	-453.5038	0	52539.8893	0
1604	431	-453.3985	0	52540.0824	0
1605	431	-453.3084	0	52540.3123	0
1606	431	-453.2407	0	52540.5531	0
1607	431	-453.1580	0	52540.4730	0
1608	431	-453.0812	0	52540.4329	0
1609	431	-452.9943	0	52540.4082	0
1610	431	-452.9249	0	52540.3926	0
1611	431	-452.8606	0	52540.7113	0
1612	431	-452.8318	0	52540.9894	0
1613	431	-452.7985	0	52540.9253	0
1614	431	-452.7642	0	52540.8936	0
1615	431	-452.7112	0	52541.0375	0
1616	431	-452.6400	0	52541.2443	0
1617	431	-452.5759	0	52541.1550	0
1618	431	-452.5538	0	52541.4377	0
1619	431	-452.5458	0	52541.5462	0
1620	431	-452.5435	0	52541.5809	0
1621	431	-452.5269	0	52541.5861	0
1622	431	-452.5225	0	52541.5859	0
1623	431	-452.5228	0	52541.5855	0
1624	431	-452.5272	0	52541.5805	0
1625	431	-452.5484	0	52541.5768	0
1626	431	-452.5577	0	52541.5722	0
1627	431	-452.5592	0	52541.5718	0
1628	431	-452.5761	0	52541.4077	0
1629	431	-452.5826	0	52541.3465	0
1630	431	-452.5854	0	52541.3200	0
1631	431	-452.5682	0	52541.4717	0
1632	431	-452.5491	0	52541.6834	0
1633	431	-452.5433	0	52541.7651	0
1634	431	-452.5262	0	52541.7917	0
1635	431	-452.5200	0	52541.7991	0
1636	431	-452.5022	0	52541.7994	0
1637	431	-452.4816	0	52541.8010	0
1638	431	-452.4915	0	52541.7959	0
1639	431	-452.4985	0	52541.7957	0
1640	431	-452.5212	0	52541.6372	0
1641	431	-452.5335	0	52541.5771	0
1642	431	-452.5567	0	52541.5566	0
1643	431	-452.5690	0	52541.5449	0
1644	431	-452.5764	0	52541.7036	0
1645	431	-452.5819	0	52541.7637	0
1646	431	-452.5861	0	52541.7865	0
1647	431	-452.5868	0	52541.7947	0
1648	431	-452.5684	0	52541.7958	0
1649	431	-452.5475	0	52541.9537	0
1650	431	-452.5376	0	52542.0129	0
1651	431	-452.5347	0	52541.8743	0
1652	431	-452.5327	0	52541.9810	0
1653	431	-452.5164	0	52541.8558	0
1654	431	-452.5090	0	52541.8092	0
1655	431	-452.5063	0	52541.7928	0
1656	431	-452.5197	0	52541.6253	0
1657	431	-452.5242	0	52541.5637	0
1658	431	-452.5113	0	52541.7018	0
1659	431	-452.5092	0	52541.7514	0
1660	431	-452.5244	0	52541.6135	0
1661	431	-452.5310	0	52541.5611	0
1662	431	-452.5343	0	52541.5430	0
1663	431	-452.5532	0	52541.3770	0
1664	431	-452.6226	0	52540.6732	0
1665	431	-452.6476	0	52540.2455	0
1666	431	-452.6976	0	52539.4319	0
1667	431	-452.6087	0	52540.2454	0
1668	431	-452.5602	0	52540.9086	0
1669	431	-452.5439	0	52541.3216	0
1670	431	-452.5200	0	52541.4743	0
1671	431	-452.5287	0	52541.5315	0
1672	431	-452.5312	0	52541.5466	0
1673	431	-452.5457	0	52541.3924	0
1674	431	-452.5497	0	52541.3353	0
1675	431	-452.5510	0	52541.1530	0
1676	431	-452.5512	0	52541.0812	0
1677	431	-452.5506	0	52541.0575	0
1678	431	-452.5643	0	52540.8860	0
1679	431	-452.5532	0	52540.6586	0
1680	431	-452.5499	0	52540.5746	0
1681	431	-452.5498	0	52540.5456	0
1682	431	-452.5506	0	52540.5360	0
1683	431	-452.5518	0	52540.5350	0
1684	431	-452.5530	0	52540.5352	0
1685	431	-452.5689	0	52540.3735	0
1686	431	-452.5580	0	52540.3154	0
1687	431	-452.5555	0	52540.2938	0
1688	431	-452.5872	0	52540.1298	0
1689	431	-452.6011	0	52540.0656	0
1690	431	-452.6087	0	52539.8794	0
1691	431	-452.5925	0	52539.8125	0
1692	431	-452.5879	0	52539.7856	0
1693	431	-452.5868	0	52539.7822	0
1694	431	-452.5886	0	52539.6171	0
1695	431	-452.5881	0	52539.5524	0
1696	431	-452.5863	0	52539.7015	0
1697	431	-452.5849	0	52539.7608	0
1698	431	-452.5851	0	52539.6148	0
1699	431	-452.5848	0	52539.5642	0
1700	431	-452.5847	0	52539.5489	0
1701	431	-452.5847	0	52539.5420	0
1702	431	-452.5997	0	52539.3742	0
1703	431	-452.6044	0	52539.3154	0
1704	431	-452.6057	0	52539.2934	0
1705	431	-452.5893	0	52539.2854	0
1706	431	-452.5823	0	52539.2821	0
1707	431	-452.5787	0	52539.2873	0
1708	431	-452.5769	0	52539.2868	0
1709	431	-452.5587	0	52539.2909	0
1710	431	-452.5489	0	52539.4582	0
1711	431	-452.5441	0	52539.5216	0
1712	431	-452.5441	0	52539.5461	0
1713	431	-452.5434	0	52539.7222	0
1714	431	-452.5433	0	52539.7882	0
1715	431	-452.5451	0	52539.9791	0
1716	431	-452.5137	0	52540.2119	0
1717	431	-452.4856	0	52540.4646	0
1718	431	-452.4930	0	52540.3898	0
1719	431	-452.5140	0	52540.3605	0
1720	431	-452.5670	0	52540.0188	0
1721	431	-452.5550	0	52540.0510	0
1722	431	-452.5668	0	52539.9010	0
1723	431	-452.5563	0	52540.0062	0
1724	431	-452.5676	0	52539.8829	0
1725	431	-452.5732	0	52539.6682	0
1726	431	-452.5779	0	52539.7562	0
1727	431	-452.5783	0	52539.4520	0
1728	431	-452.6101	0	52539.3455	0
1729	431	-452.6032	0	52539.3023	0
1730	431	-452.5859	0	52539.4565	0
1731	431	-452.5613	0	52539.3448	0
1732	431	-452.5676	0	52539.1369	0
1733	431	-452.5556	0	52539.2301	0
1734	431	-452.5495	0	52539.2652	0
1735	431	-452.5663	0	52539.2841	0
1736	431	-452.5723	0	52539.2888	0
1737	431	-452.5755	0	52539.1238	0
1738	431	-452.5752	0	52539.2353	0
1739	431	-452.5745	0	52539.2759	0
1740	431	-452.5740	0	52539.2920	0
1741	431	-452.5713	0	52539.1302	0
1742	431	-452.5706	0	52539.0686	0
1743	431	-452.5752	0	52538.8787	0
1744	431	-452.5795	0	52538.8082	0
1745	431	-452.6162	0	52538.4453	0
1746	431	-452.6474	0	52538.1390	0
1747	431	-452.6775	0	52537.8554	0
1748	431	-452.7205	0	52537.5860	0
1749	431	-452.7342	0	52537.4820	0
1750	431	-452.7322	0	52537.4471	0
1751	431	-452.7088	0	52537.6079	0
1752	431	-452.6945	0	52537.6761	0
1753	431	-452.6876	0	52537.7044	0
1754	431	-452.6806	0	52537.8925	0
1755	431	-452.6754	0	52537.9633	0
1756	431	-452.6707	0	52537.9902	0
1757	431	-452.6665	0	52538.0025	0
1758	431	-452.6611	0	52538.1816	0
1759	431	-452.6567	0	52538.2471	0
1760	431	-452.6523	0	52538.2766	0
1761	431	-452.6488	0	52538.2853	0
1762	431	-452.6456	0	52538.2885	0
1763	431	-452.6439	0	52538.4611	0
1764	431	-452.6447	0	52538.3516	0
1765	431	-452.6429	0	52538.4828	0
1766	431	-452.6243	0	52538.6977	0
1767	431	-452.6188	0	52538.7813	0
1768	431	-452.6170	0	52538.8121	0
1769	431	-452.6167	0	52538.8186	0
1770	431	-452.6139	0	52538.8190	0
1771	431	-452.6099	0	52538.9909	0
1772	431	-452.5924	0	52539.2154	0
1773	431	-452.5991	0	52539.1334	0
1774	431	-452.5681	0	52539.0964	0
1775	431	-452.5541	0	52539.2501	0
1776	431	-452.5171	0	52539.4717	0
1777	431	-452.4765	0	52539.8864	0
1778	431	-452.4499	0	52540.2033	0
1779	431	-452.4461	0	52540.3144	0
1780	431	-452.4321	0	52540.5166	0
1781	431	-452.4199	0	52540.7490	0
1782	431	-452.4170	0	52540.9992	0
1783	431	-452.4067	0	52541.4097	0
1784	431	-452.4022	0	52541.3914	0
1785	431	-452.4007	0	52541.3741	0
1786	431	-452.4031	0	52541.5272	0
1787	431	-452.4039	0	52541.5786	0
1788	431	-452.3875	0	52541.5922	0
1789	431	-452.3828	0	52541.5907	0
1790	431	-452.3826	0	52541.5844	0
1791	431	-452.3825	0	52541.7401	0
1792	431	-452.3829	0	52541.7946	0
1793	431	-452.3846	0	52541.6516	0
1794	431	-452.3851	0	52541.7536	0
1795	431	-452.4048	0	52541.7934	0
1796	431	-452.4126	0	52541.8018	0
1797	431	-452.4169	0	52541.6450	0
1798	431	-452.4189	0	52541.5835	0
1799	431	-452.4178	0	52541.5584	0
1800	431	-452.3970	0	52541.5457	0
1801	431	-452.3882	0	52541.5391	0
1802	431	-452.3817	0	52541.3792	0
1803	431	-452.3634	0	52541.3126	0
1804	431	-452.2588	0	52541.4448	0
1805	431	-452.3335	0	52540.8540	0
1806	431	-452.2841	0	52541.1043	0
1807	431	-452.2421	0	52541.2045	0
1808	431	-452.2178	0	52540.9211	0
1809	431	-452.1851	0	52540.6492	0
1810	431	-452.1845	0	52540.3824	0
1811	431	-452.1288	0	52540.4455	0
1812	431	-452.0707	0	52540.6351	0
1813	431	-452.0308	0	52540.5422	0
1814	431	-451.9740	0	52540.3411	0
1815	431	-451.9376	0	52540.2655	0
1816	431	-451.9116	0	52540.4038	0
1817	431	-451.8987	0	52540.2927	0
1818	431	-451.8740	0	52540.2478	0
1819	431	-451.8574	0	52540.2378	0
1820	431	-451.8426	0	52540.0675	0
1821	431	-451.8008	0	52540.0008	0
1822	431	-451.8023	0	52539.9789	0
1823	431	-451.8389	0	52539.8130	0
1824	431	-451.8474	0	52539.5821	0
1825	431	-451.8641	0	52539.1556	0
1826	431	-451.8377	0	52539.3460	0
1827	431	-451.8229	0	52539.5861	0
1828	431	-451.8163	0	52539.6760	0
1829	431	-451.8255	0	52539.7158	0
1830	431	-451.8266	0	52539.8947	0
1831	431	-451.8054	0	52539.9615	0
1832	431	-451.8121	0	52539.8251	0
1833	431	-451.8122	0	52539.7705	0
1834	431	-451.7927	0	52539.7482	0
1835	431	-451.7883	0	52539.9101	0
1836	431	-451.7654	0	52539.9662	0
1837	431	-451.7427	0	52540.1538	0
1838	431	-451.7263	0	52540.0562	0
1839	431	-451.7166	0	52539.8547	0
1840	431	-451.7287	0	52539.6085	0
1841	431	-451.7284	0	52539.3482	0
1842	431	-451.7075	0	52539.2494	0
1843	431	-451.6808	0	52539.2154	0
1844	431	-451.6634	0	52539.0319	0
1845	431	-451.6449	0	52538.9637	0
1846	431	-451.6511	0	52538.7698	0
1847	431	-451.6533	0	52538.7044	0
1848	431	-451.6553	0	52538.5092	0
1849	431	-451.6564	0	52538.4406	0
1850	431	-451.6576	0	52538.4158	0
1851	431	-451.6587	0	52538.4106	0
1852	431	-451.6767	0	52538.4174	0
1853	431	-451.6824	0	52538.4196	0
1854	431	-451.6805	0	52538.4216	0
1855	431	-451.6802	0	52538.4290	0
1856	431	-451.6792	0	52538.4309	0
1857	431	-451.6782	0	52538.4326	0
1858	431	-451.6773	0	52538.4342	0
1859	431	-451.6761	0	52538.4407	0
1860	431	-451.6752	0	52538.4419	0
1861	431	-451.6745	0	52538.4429	0
1862	431	-451.6736	0	52538.4438	0
1863	431	-451.6552	0	52538.6144	0
1864	431	-451.6488	0	52538.6786	0
1865	431	-451.6267	0	52538.8706	0
1866	431	-451.6091	0	52539.1118	0
1867	431	-451.5714	0	52539.0293	0
1868	431	-451.5671	0	52539.3385	0
1869	431	-451.5400	0	52539.1104	0
1870	431	-451.6038	0	52539.0285	0
1871	431	-451.5741	0	52539.4969	0
1872	431	-451.5625	0	52539.6694	0
1873	431	-451.5234	0	52539.5660	0
1874	431	-451.4802	0	52539.6849	0
1875	431	-451.4107	0	52539.5557	0
1876	431	-451.3638	0	52539.3353	0
1877	431	-451.3041	0	52538.9068	0
1878	431	-451.2634	0	52538.5718	0
1879	431	-451.2143	0	52538.7866	0
1880	431	-451.1643	0	52538.8662	0
1881	431	-451.1350	0	52539.2408	0
1882	431	-451.1372	0	52539.2115	0
1883	431	-451.1351	0	52539.3663	0
1884	431	-451.1324	0	52538.5806	0
1885	431	-451.0994	0	52538.1025	0
1893	431	-450.7773	0	52538.8307	0
1894	431	-450.7185	0	52538.3627	0
1895	431	-450.6920	0	52537.8449	0
1896	431	-450.6861	0	52537.8244	0
1897	431	-450.6788	0	52537.4661	0
1898	431	-450.6668	0	52536.7983	0
1899	431	-450.6630	0	52536.5492	0
1900	431	-450.6476	0	52536.4622	0
1901	431	-450.6436	0	52536.4382	0
1902	431	-450.6287	0	52536.4347	0
1903	431	-450.6161	0	52536.2535	0
1904	431	-450.5890	0	52536.0124	0
1905	431	-450.5825	0	52535.9259	0
1906	431	-450.5820	0	52535.7153	0
1907	431	-450.6065	0	52535.6450	0
1908	431	-450.6388	0	52535.8107	0
1909	431	-450.6529	0	52535.6928	0
1910	431	-450.6880	0	52536.2013	0
1912	431	-450.6828	0	52535.7961	0
1913	431	-450.6515	0	52535.7100	0
1914	431	-450.6291	0	52535.4916	0
1915	431	-450.5931	0	52535.4116	0
1916	431	-450.5595	0	52534.6441	0
1917	431	-450.5026	0	52534.1600	0
1918	431	-450.4586	0	52534.1713	0
1919	431	-450.4328	0	52534.7463	0
1920	431	-450.4118	0	52534.5910	0
1921	431	-450.4072	0	52533.9722	0
1922	431	-450.3686	0	52533.9266	0
1923	431	-450.3261	0	52534.6677	0
1924	431	-450.2884	0	52535.1221	0
1925	431	-450.2254	0	52534.9269	0
1926	431	-450.1475	0	52534.2819	0
1927	431	-450.0909	0	52533.6532	0
1928	431	-450.0250	0	52533.0241	0
