1474	433	-463.8786	0	52527.3999	2
1475	433	-463.6868	0	52527.3242	2
1476	433	-463.5261	0	52526.5206	2
1477	433	-463.4074	0	52526.7696	2
1478	433	-463.3322	0	52527.3181	2
1479	433	-463.3188	0	52526.1616	2
1490	433	-461.2112	0	52522.2830	2
1491	433	-461.2309	0	52521.6698	2
1492	433	-460.9279	0	52521.6624	2
1493	433	-461.0104	0	52520.9753	2
1494	433	-461.0582	0	52520.4955	2
1495	433	-460.9540	0	52520.3085	2
1496	433	-460.7183	0	52520.2197	2
1497	433	-460.5724	0	52519.9529	2
1498	433	-460.3580	0	52519.5918	2
1499	433	-460.0349	0	52519.1881	2
1500	433	-460.0949	0	52519.0721	2
1501	433	-459.6571	0	52518.2262	2
1502	433	-459.9255	0	52516.2139	2
1503	433	-459.6737	0	52515.3695	2
1504	433	-459.1872	0	52515.2538	2
1505	433	-459.0388	0	52514.1764	2
1506	433	-459.9976	0	52513.6835	2
1507	433	-460.7858	0	52513.8635	2
1508	433	-461.2991	0	52513.7165	2
1509	433	-461.2651	0	52513.6395	2
1510	433	-461.2173	0	52513.8972	2
1511	433	-461.2988	0	52514.3011	2
1512	433	-461.4176	0	52514.4727	2
1513	433	-461.4996	0	52515.3571	2
1514	433	-461.6272	0	52515.9713	2
1515	433	-461.6741	0	52516.2091	2
1516	433	-461.7542	0	52516.5720	2
1517	433	-461.9695	0	52516.7340	2
1518	433	-462.1371	0	52517.8357	2
1519	433	-462.3419	0	52518.5152	2
1520	433	-462.4824	0	52519.2593	2
1521	433	-462.5401	0	52519.7820	2
1522	433	-462.6671	0	52519.9803	2
1523	433	-462.8649	0	52520.5563	2
1524	433	-462.9882	0	52520.5269	2
1525	433	-463.0330	0	52520.9855	2
1526	433	-463.2019	0	52521.1641	2
1527	433	-463.3297	0	52521.2345	2
1528	433	-463.3353	0	52521.2393	2
1529	433	-463.4332	0	52521.2506	2
1530	433	-463.6201	0	52521.5007	2
1531	433	-463.7348	0	52522.0683	2
1532	433	-463.8544	0	52522.5214	2
1533	433	-463.9538	0	52522.6889	2
1534	433	-464.0259	0	52522.7422	2
1535	433	-464.1051	0	52522.5340	2
1536	433	-464.0306	0	52522.1957	2
1537	433	-464.0729	0	52522.3043	2
1538	433	-464.1392	0	52522.5859	2
1539	433	-464.2617	0	52522.9244	2
1540	433	-464.4232	0	52522.6034	2
1541	433	-464.5261	0	52522.4868	2
1542	433	-464.5387	0	52522.6615	2
1543	433	-464.5232	0	52522.9511	2
1544	433	-464.5582	0	52523.0695	2
1545	433	-464.4721	0	52523.0897	2
1546	433	-464.6714	0	52522.8960	2
1547	433	-464.8091	0	52522.8278	2
1548	433	-464.8747	0	52522.8030	2
1549	433	-465.1356	0	52522.5912	2
1550	433	-465.3504	0	52522.2943	2
1551	433	-465.3057	0	52522.3973	2
1552	433	-465.1685	0	52522.6514	2
1553	433	-465.1140	0	52522.5123	2
1554	433	-465.1385	0	52522.4721	2
1555	433	-465.1192	0	52522.4492	2
1556	433	-465.2282	0	52522.4582	2
1557	433	-465.3094	0	52522.4679	2
