1857	485	-452.8799	0	52498.3425	0
1858	485	-452.9010	0	52498.0633	0
1859	485	-452.8821	0	52498.3210	0
1862	485	-452.8986	0	52498.4344	0
1868	485	-452.7318	0	52497.9570	0
1875	485	-452.6117	0	52497.4127	0
1876	485	-452.5634	0	52497.6805	0
1877	485	-452.5294	0	52497.7545	0
1878	485	-452.5138	0	52498.0952	0
1879	485	-452.4880	0	52497.8940	0
1880	485	-452.4487	0	52498.1188	0
1881	485	-452.3854	0	52498.1755	0
1882	485	-452.3174	0	52498.4738	0
1883	485	-452.2648	0	52498.8854	0
1884	485	-452.2492	0	52499.0378	0
1885	485	-452.1713	0	52499.3508	0
1886	485	-452.1462	0	52499.4732	0
1887	485	-452.0643	0	52499.7776	0
1888	485	-452.0287	0	52499.8780	0
1889	485	-451.9890	0	52499.6000	0
1890	485	-451.9451	0	52499.7709	0
1891	485	-451.8836	0	52499.8112	0
1892	485	-451.8550	0	52499.5147	0
1893	485	-451.7664	0	52499.3568	0
1894	485	-451.7323	0	52499.3017	0
1895	485	-451.6926	0	52498.6507	0
1896	485	-451.6786	0	52498.4043	0
1897	485	-451.6687	0	52498.3067	0
1898	485	-451.6660	0	52498.2727	0
1899	485	-451.6658	0	52497.6492	0
1900	485	-451.6419	0	52497.4007	0
1901	485	-451.6646	0	52497.3280	0
1902	485	-451.6555	0	52497.6076	0
1903	485	-451.7269	0	52497.4387	0
1904	485	-451.7829	0	52497.4001	0
1905	485	-451.8087	0	52497.0774	0
1906	485	-451.8208	0	52496.9597	0
1907	485	-451.8727	0	52496.6238	0
1908	485	-451.8667	0	52496.4886	0
1909	485	-451.8650	0	52496.4507	0
1910	485	-451.8656	0	52496.4358	0
1915	485	-451.8709	0	52496.4578	0
1916	485	-451.8795	0	52496.8071	0
1917	485	-451.8816	0	52497.2432	0
1918	485	-451.9129	0	52497.1077	0
1919	485	-451.9474	0	52496.7476	0
1920	485	-451.9791	0	52496.3002	0
1921	485	-451.9874	0	52496.1283	0
1932	485	-451.9044	0	52498.7649	0
1933	485	-451.9731	0	52497.9354	0
1934	485	-452.0034	0	52497.9935	0
1935	485	-451.9905	0	52498.3073	0
1936	485	-451.9851	0	52498.4254	0
1937	485	-452.0064	0	52498.4793	0
1938	485	-451.9915	0	52499.0913	0
1939	485	-451.9606	0	52499.0087	0
1940	485	-451.9479	0	52499.2738	0
1941	485	-451.9201	0	52499.3602	0
1942	485	-451.9331	0	52499.4013	0
1943	485	-451.9174	0	52500.0041	0
1944	485	-451.9134	0	52500.5302	0
1945	485	-451.9411	0	52500.7275	0
1946	485	-452.0266	0	52500.2394	0
1949	485	-452.3032	0	52500.8812	0
1971	485	-452.7051	0	52503.7396	0
1973	485	-452.7673	0	52503.4398	0
1974	485	-452.7756	0	52503.3666	0
1981	485	-453.0365	0	52502.6381	0
1983	485	-452.9929	0	52503.9293	0
1984	485	-452.9558	0	52503.3398	0
1985	485	-452.8665	0	52503.9636	0
1986	485	-452.8019	0	52504.1710	0
1987	485	-452.7666	0	52504.2383	0
1988	485	-452.7328	0	52503.6857	0
1989	485	-452.7262	0	52503.1827	0
1990	485	-452.7301	0	52502.4142	0
1991	485	-452.6750	0	52502.6729	0
1992	485	-452.6583	0	52502.4869	0
1993	485	-452.6439	0	52502.1137	0
1994	485	-452.6358	0	52501.9833	0
1995	485	-452.6315	0	52501.9281	0
1996	485	-452.5779	0	52501.8947	0
1997	485	-452.5312	0	52501.8672	0
1998	485	-452.4874	0	52501.8476	0
1999	485	-452.4705	0	52501.5474	0
2000	485	-452.4661	0	52501.4332	0
2001	485	-452.4697	0	52501.1110	0
2002	485	-452.4435	0	52501.2695	0
2003	485	-452.4590	0	52501.3416	0
2004	485	-452.4645	0	52501.3711	0
2005	485	-452.4658	0	52501.3895	0
2006	485	-452.4914	0	52501.1090	0
2007	485	-452.4804	0	52501.2968	0
2008	485	-452.4778	0	52501.3659	0
2009	485	-452.4780	0	52501.4001	0
2010	485	-452.4794	0	52501.4071	0
2011	485	-452.4813	0	52501.4121	0
2012	485	-452.4827	0	52501.4193	0
2013	485	-452.5080	0	52501.4304	0
2014	485	-452.5159	0	52501.4423	0
2015	485	-452.5183	0	52501.7367	0
2016	485	-452.5210	0	52502.1405	0
2017	485	-452.5698	0	52502.0234	0
2018	485	-452.6346	0	52501.4098	0
2019	485	-452.6858	0	52500.9019	0
2020	485	-452.6990	0	52500.9955	0
2021	485	-452.7036	0	52501.0340	0
2022	485	-452.6826	0	52501.3368	0
2023	485	-452.6956	0	52500.8720	0
2024	485	-452.7213	0	52501.0087	0
2025	485	-452.7045	0	52501.0433	0
2026	485	-452.6759	0	52501.3432	0
2027	485	-452.6925	0	52501.1787	0
2028	485	-452.7253	0	52501.1266	0
2029	485	-452.7364	0	52501.1055	0
2030	485	-452.7707	0	52501.1136	0
2031	485	-452.7804	0	52501.1229	0
2032	485	-452.7829	0	52501.1244	0
2033	485	-452.7732	0	52501.1149	0
2034	485	-452.7397	0	52501.0971	0
2035	485	-452.6954	0	52500.7896	0
2036	485	-452.6237	0	52500.6355	0
2037	485	-452.5242	0	52500.5522	0
2038	485	-452.4246	0	52501.0872	0
2039	485	-452.3412	0	52500.9652	0
2040	485	-452.2783	0	52501.1956	0
2041	485	-452.2266	0	52500.9806	0
2042	485	-452.2035	0	52501.1834	0
2043	485	-452.1970	0	52501.2680	0
2044	485	-452.1966	0	52501.5887	0
2045	485	-452.2019	0	52501.4192	0
2046	485	-452.2314	0	52501.6574	0
2047	485	-452.2675	0	52502.0471	0
2048	485	-452.2480	0	52502.7488	0
2049	485	-452.2596	0	52503.3193	0
2050	485	-452.3114	0	52502.9695	0
2051	485	-452.3342	0	52502.8356	0
2052	485	-452.3229	0	52502.7668	0
2056	485	-452.3140	0	52501.5468	0
2057	485	-452.3146	0	52501.3914	0
2058	485	-452.3151	0	52501.3366	0
2059	485	-452.3102	0	52501.6066	0
2060	485	-452.2929	0	52501.4131	0
2061	485	-452.2624	0	52501.6213	0
2062	485	-452.2320	0	52501.4062	0
2063	485	-452.2204	0	52501.3173	0
2064	485	-452.2144	0	52500.9970	0
2065	485	-452.2138	0	52500.5852	0
2066	485	-452.2310	0	52499.8373	0
2067	485	-452.2162	0	52499.8436	0
2068	485	-452.2350	0	52499.8631	0
2069	485	-452.2532	0	52499.8887	0
2070	485	-452.3131	0	52499.6267	0
2071	485	-452.3384	0	52499.5337	0
2072	485	-452.3706	0	52499.2103	0
2073	485	-452.3787	0	52499.0892	0
2074	485	-452.3801	0	52499.3539	0
2075	485	-452.4016	0	52499.1679	0
2076	485	-452.4355	0	52499.1162	0
2077	485	-452.4894	0	52497.2769	0
2078	485	-452.5276	0	52495.9072	0
2090	485	-452.7161	0	52496.2804	0
2091	485	-452.7419	0	52496.3619	0
2092	485	-452.7484	0	52496.3941	0
2093	485	-452.7485	0	52496.4015	0
2094	485	-452.7509	0	52496.4178	0
2095	485	-452.7565	0	52496.1164	0
2096	485	-452.7330	0	52496.6187	0
2097	485	-452.7295	0	52496.4971	0
2098	485	-452.7294	0	52496.4594	0
2099	485	-452.7266	0	52496.4417	0
2100	485	-452.7258	0	52496.7546	0
2101	485	-452.7219	0	52496.5606	0
2102	485	-452.6937	0	52497.1047	0
2103	485	-452.6819	0	52496.9929	0
2104	485	-452.6564	0	52497.5660	0
2105	485	-452.6463	0	52497.4664	0
2106	485	-452.6403	0	52497.4242	0
2107	485	-452.6382	0	52497.4027	0
2108	485	-452.6124	0	52497.3864	0
2109	485	-452.6250	0	52497.3857	0
2110	485	-452.6257	0	52497.0737	0
2111	485	-452.6228	0	52497.5692	0
2112	485	-452.6185	0	52497.7610	0
2113	485	-452.6143	0	52497.8299	0
2114	485	-452.6099	0	52497.8503	0
2115	485	-452.6062	0	52497.8576	0
2116	485	-452.5801	0	52498.1527	0
2117	485	-452.5916	0	52497.9660	0
2118	485	-452.5946	0	52498.1980	0
2119	485	-452.5915	0	52498.2827	0
2120	485	-452.5638	0	52498.3021	0
2121	485	-452.5495	0	52498.3028	0
2122	485	-452.5456	0	52497.9871	0
2123	485	-452.5675	0	52497.8797	0
2124	485	-452.5443	0	52497.8227	0
2125	485	-452.5587	0	52497.5024	0
2126	485	-452.5950	0	52496.7691	0
2127	485	-452.5845	0	52496.8001	0
2128	485	-452.5846	0	52496.8089	0
2129	485	-452.6442	0	52496.5359	0
2130	485	-452.6940	0	52496.1295	0
2131	485	-452.7803	0	52496.6467	0
2132	485	-452.8186	0	52496.8487	0
2133	485	-452.6162	0	52498.9697	0
2134	485	-452.8559	0	52498.3675	0
2135	485	-452.9546	0	52497.5480	0
2136	485	-452.9183	0	52497.8131	0
2137	485	-452.9833	0	52497.6522	0
2138	485	-453.0130	0	52497.5895	0
2139	485	-453.0628	0	52497.5899	0
2140	485	-453.0601	0	52497.8940	0
2141	485	-453.0580	0	52498.0052	0
2142	485	-452.9978	0	52498.3294	0
2143	485	-452.9480	0	52498.7496	0
2144	485	-452.9805	0	52499.2317	0
2145	485	-452.9685	0	52499.4000	0
2146	485	-453.0126	0	52499.1677	0
2147	485	-453.0776	0	52498.7933	0
2148	485	-453.0983	0	52498.6536	0
2149	485	-453.1258	0	52498.6063	0
2150	485	-453.1573	0	52498.5965	0
2151	485	-453.1412	0	52498.5813	0
2152	485	-453.1330	0	52498.5731	0
2153	485	-453.1471	0	52498.2707	0
2154	485	-453.1242	0	52498.1421	0
2155	485	-453.1405	0	52497.7943	0
2156	485	-453.1513	0	52497.3561	0
2157	485	-453.1785	0	52496.8942	0
2158	485	-453.1991	0	52496.4143	0
2159	485	-453.2400	0	52495.6022	0
2160	485	-453.2514	0	52495.6307	0
2161	485	-453.2809	0	52495.3400	0
2162	485	-453.2913	0	52495.2405	0
2163	485	-453.2669	0	52495.1948	0
2164	485	-453.2532	0	52495.1770	0
2165	485	-453.2989	0	52494.5664	0
2166	485	-453.3367	0	52493.6903	0
2167	485	-453.3530	0	52493.0345	0
2168	485	-453.3260	0	52493.1136	0
2169	485	-453.3464	0	52492.5084	0
2170	485	-453.3551	0	52492.2822	0
2171	485	-453.3820	0	52491.8861	0
2172	485	-453.3596	0	52492.4087	0
2173	485	-453.3434	0	52492.9414	0
2174	485	-453.3110	0	52493.4658	0
2175	485	-453.2621	0	52493.6534	0
2176	485	-453.2384	0	52493.4027	0
2177	485	-453.2043	0	52493.2878	0
2178	485	-453.1689	0	52493.5658	0
2179	485	-453.1517	0	52494.0014	0
2180	485	-453.1468	0	52494.1687	0
2181	485	-453.1234	0	52494.8677	0
2182	485	-453.1193	0	52495.1333	0
2183	485	-453.0920	0	52495.8566	0
2184	485	-453.0558	0	52496.7478	0
2185	485	-453.0397	0	52497.3853	0
2186	485	-453.0064	0	52497.9143	0
2187	485	-452.9699	0	52498.3933	0
2188	485	-452.9750	0	52498.2610	0
2189	485	-452.9263	0	52498.1834	0
2190	485	-452.9052	0	52498.1349	0
2191	485	-452.8518	0	52498.6905	0
2192	485	-452.8127	0	52499.4954	0
2193	485	-452.7790	0	52500.3816	0
2194	485	-452.7361	0	52500.9884	0
2195	485	-452.7491	0	52501.2088	0
2196	485	-452.7468	0	52501.8584	0
2197	485	-452.7016	0	52502.6477	0
2198	485	-452.6546	0	52503.4897	0
2199	485	-452.6085	0	52504.0570	0
2200	485	-452.5876	0	52504.2557	0
2201	485	-452.5555	0	52504.3006	0
2202	485	-452.5201	0	52504.8467	0
2203	485	-452.4630	0	52505.8401	0
2204	485	-452.4281	0	52506.4619	0
2205	485	-452.4212	0	52506.6748	0
2206	485	-452.4457	0	52507.0233	0
2207	485	-452.4542	0	52507.4115	0
2208	485	-452.4580	0	52508.0700	0
2209	485	-452.4325	0	52509.0778	0
2210	485	-452.4020	0	52509.6843	0
2211	485	-452.3882	0	52509.6306	0
2212	485	-452.3621	0	52509.5850	0
2213	485	-452.3542	0	52510.0696	0
2214	485	-452.3326	0	52510.4802	0
2215	485	-452.2838	0	52511.3685	0
2216	485	-452.2983	0	52511.6886	0
2217	485	-452.3076	0	52512.0422	0
2218	485	-452.3085	0	52512.4065	0
2219	485	-452.2878	0	52512.7686	0
2220	485	-452.2775	0	52513.3760	0
2221	485	-452.2768	0	52513.8292	0
2222	485	-452.2553	0	52513.9742	0
2223	485	-452.2260	0	52514.2501	0
2224	485	-452.2322	0	52514.3377	0
2225	485	-452.2315	0	52514.5959	0
2226	485	-452.2080	0	52515.1459	0
2227	485	-452.2001	0	52515.1038	0
2228	485	-452.1776	0	52515.3075	0
2229	485	-452.1884	0	52515.6080	0
2230	485	-452.1909	0	52515.9491	0
2231	485	-452.1544	0	52516.5099	0
2232	485	-452.1145	0	52516.9271	0
2233	485	-452.1015	0	52516.8450	0
2234	485	-452.0805	0	52516.7899	0
2235	485	-452.0769	0	52516.7611	0
2236	485	-452.0758	0	52516.7440	0
2237	485	-452.0777	0	52516.7280	0
2238	485	-452.0819	0	52516.4847	0
2239	485	-452.0654	0	52516.8441	0
2240	485	-452.0841	0	52516.7501	0
2241	485	-452.0752	0	52516.7008	0
2242	485	-452.0725	0	52516.9086	0
2243	485	-452.0706	0	52517.2144	0
2244	485	-452.0702	0	52517.3218	0
2245	485	-452.0686	0	52517.5862	0
2246	485	-452.0490	0	52517.4467	0
2247	485	-452.0421	0	52517.1548	0
2248	485	-452.0440	0	52517.0458	0
2249	485	-452.0420	0	52517.2312	0
2250	485	-452.0040	0	52517.2826	0
2251	485	-452.0150	0	52517.0780	0
2252	485	-452.0427	0	52517.4703	0
2253	485	-452.0531	0	52517.6088	0
2254	485	-452.0333	0	52518.1055	0
2255	485	-452.0470	0	52518.2906	0
2256	485	-452.0304	0	52518.3478	0
2257	485	-452.0210	0	52518.3693	0
2258	485	-451.9960	0	52518.3605	0
2259	485	-451.9887	0	52518.1293	0
2260	485	-451.9902	0	52517.5919	0
2261	485	-451.9973	0	52517.3830	0
2262	485	-452.0253	0	52517.3136	0
2263	485	-452.0377	0	52517.2936	0
2264	485	-452.0651	0	52517.2942	0
2265	485	-452.0777	0	52517.2959	0
2266	485	-452.0824	0	52517.5264	0
2267	485	-452.1067	0	52517.4001	0
2268	485	-452.0931	0	52517.5611	0
2269	485	-452.0671	0	52517.3901	0
2270	485	-452.0572	0	52517.5595	0
2271	485	-452.0281	0	52517.3822	0
2272	485	-452.0189	0	52517.3144	0
2273	485	-452.0171	0	52517.2898	0
2274	485	-452.0141	0	52517.2816	0
2275	485	-452.0169	0	52517.0527	0
2276	485	-452.0203	0	52516.9683	0
2277	485	-452.0199	0	52516.9363	0
2278	485	-452.0182	0	52516.4634	0
2279	485	-451.9972	0	52516.0408	0
2280	485	-451.9715	0	52515.6419	0
2281	485	-451.9388	0	52515.2570	0
2282	485	-451.9069	0	52514.6258	0
2283	485	-451.8927	0	52514.6459	0
2284	485	-451.8644	0	52514.4088	0
2285	485	-451.8374	0	52514.5618	0
2286	485	-451.8276	0	52515.1073	0
2287	485	-451.8027	0	52515.3016	0
2288	485	-451.7952	0	52516.0834	0
2289	485	-451.7370	0	52517.2461	0
2290	485	-451.6807	0	52518.1221	0
2291	485	-451.6369	0	52518.8891	0
2292	485	-451.6187	0	52520.0289	0
2293	485	-451.5903	0	52521.2576	0
2294	485	-451.5507	0	52521.3123	0
2295	485	-451.5271	0	52521.3085	0
2296	485	-451.4957	0	52521.0804	0
2297	485	-451.4532	0	52520.7509	0
2298	485	-451.4147	0	52520.1787	0
2299	485	-451.3814	0	52519.9407	0
2300	485	-451.3545	0	52520.0583	0
2301	485	-451.3625	0	52519.6676	0
2302	485	-451.3845	0	52519.5207	0
2303	485	-451.3668	0	52519.4506	0
2304	485	-451.3357	0	52519.8557	0
2305	485	-451.3204	0	52520.0027	0
2306	485	-451.2719	0	52520.4674	0
2307	485	-451.2277	0	52520.6260	0
2308	485	-451.1885	0	52520.4607	0
2309	485	-451.1916	0	52520.4005	0
2310	485	-451.1566	0	52521.2102	0
2311	485	-451.1392	0	52521.2975	0
2312	485	-451.1112	0	52521.1088	0
2313	485	-451.1008	0	52520.6036	0
2314	485	-451.1169	0	52520.4104	0
2315	485	-451.1226	0	52520.5549	0
2316	485	-451.1072	0	52521.2412	0
2317	485	-451.0793	0	52521.4899	0
2318	485	-451.0457	0	52521.7805	0
2319	485	-451.0243	0	52521.4626	0
2320	485	-450.9762	0	52521.5294	0
2321	485	-450.9581	0	52521.5543	0
2322	485	-450.9519	0	52521.5560	0
2323	485	-450.9146	0	52521.9627	0
2324	485	-450.9193	0	52522.1178	0
2325	485	-450.9049	0	52522.1689	0
2326	485	-450.8985	0	52522.1768	0
2327	485	-450.9174	0	52522.6043	0
2328	485	-450.9055	0	52522.9525	0
2329	485	-450.8764	0	52523.2803	0
2330	485	-450.8427	0	52523.1857	0
2331	485	-450.8222	0	52522.9308	0
2332	485	-450.7941	0	52522.8262	0
2333	485	-450.7679	0	52523.3872	0
2334	485	-450.7416	0	52523.7930	0
2335	485	-450.7328	0	52524.1383	0
2336	485	-450.7273	0	52524.0653	0
2337	485	-450.7251	0	52523.8234	0
2338	485	-450.7254	0	52523.9333	0
2339	485	-450.7228	0	52524.1717	0
2340	485	-450.6832	0	52524.8379	0
2341	485	-450.6319	0	52525.2631	0
2342	485	-450.6049	0	52525.4186	0
2343	485	-450.5841	0	52525.0783	0
2344	485	-450.5426	0	52525.3140	0
2345	485	-450.5234	0	52525.2040	0
2346	485	-450.4851	0	52525.7357	0
2347	485	-450.4496	0	52525.7198	0
2348	485	-450.4344	0	52525.7081	0
2349	485	-450.4099	0	52525.6967	0
2350	485	-450.4027	0	52526.0750	0
2351	485	-450.3798	0	52526.3997	0
2352	485	-450.3355	0	52526.8851	0
2353	485	-450.3084	0	52526.6784	0
2354	485	-450.2713	0	52526.3896	0
2355	485	-450.2514	0	52526.2697	0
2356	485	-450.2242	0	52526.2153	0
2357	485	-450.2375	0	52526.1998	0
2358	485	-450.2315	0	52526.5689	0
2359	485	-450.2475	0	52526.3288	0
2360	485	-450.2573	0	52526.2381	0
2361	485	-450.2829	0	52526.2045	0
2362	485	-450.2947	0	52526.5821	0
2363	485	-450.2841	0	52526.9074	0
2364	485	-450.2766	0	52527.0220	0
2365	485	-450.2301	0	52527.0496	0
2366	485	-450.2062	0	52526.8650	0
2367	485	-450.1953	0	52526.7869	0
2368	485	-450.1904	0	52526.7588	0
2369	485	-450.1935	0	52527.1258	0
2370	485	-450.1816	0	52527.4459	0
2371	485	-450.1767	0	52527.3738	0
2372	485	-450.1937	0	52527.1599	0
2373	485	-450.2167	0	52526.8925	0
2374	485	-450.2110	0	52527.1655	0
2375	485	-450.1950	0	52527.4529	0
2376	485	-450.1899	0	52527.7501	0
2377	485	-450.1798	0	52527.4789	0
2378	485	-450.1775	0	52527.3695	0
2379	485	-450.1774	0	52527.3299	0
2380	485	-450.1794	0	52527.5043	0
2381	485	-450.1817	0	52527.7522	0
2382	485	-450.2030	0	52527.6698	0
2383	485	-450.2172	0	52527.8202	0
2384	485	-450.2561	0	52527.5133	0
2385	485	-450.2831	0	52527.2096	0
2386	485	-450.2815	0	52527.2796	0
2387	485	-450.3018	0	52527.5005	0
2388	485	-450.3076	0	52527.5829	0
2389	485	-450.3083	0	52527.6136	0
2390	485	-450.3103	0	52527.6264	0
2391	485	-450.3245	0	52527.4444	0
2392	485	-450.3486	0	52527.3863	0
2393	485	-450.3557	0	52527.3571	0
2394	485	-450.3812	0	52527.1678	0
2395	485	-450.4466	0	52526.9243	0
2396	485	-450.4723	0	52526.8331	0
2397	485	-450.4982	0	52526.6199	0
2398	485	-450.5089	0	52526.5380	0
2399	485	-450.5153	0	52526.5111	0
2400	485	-450.5160	0	52526.5013	0
2401	485	-450.5150	0	52526.5017	0
2402	485	-450.5071	0	52526.3115	0
2403	485	-450.5131	0	52526.4378	0
2404	485	-450.4937	0	52526.6685	0
2405	485	-450.4957	0	52527.1449	0
2406	485	-450.5204	0	52527.3285	0
2407	485	-450.5338	0	52527.4025	0
2408	485	-450.5592	0	52527.2451	0
2409	485	-450.5719	0	52527.1839	0
2410	485	-450.5778	0	52526.9693	0
2411	485	-450.5822	0	52526.8843	0
2412	485	-450.5691	0	52527.2335	0
2413	485	-450.5636	0	52527.1773	0
2414	485	-450.5541	0	52527.1478	0
2415	485	-450.5366	0	52527.3226	0
2416	485	-450.5162	0	52527.5753	0
2417	485	-450.5063	0	52527.6644	0
2418	485	-450.4688	0	52527.8736	0
2419	485	-450.4397	0	52528.1350	0
2420	485	-450.4285	0	52528.0386	0
2421	485	-450.4073	0	52528.1823	0
2422	485	-450.3805	0	52528.4136	0
2423	485	-450.3499	0	52528.4895	0
2424	485	-450.3144	0	52528.6926	0
2425	485	-450.2860	0	52528.9391	0
2426	485	-450.2375	0	52529.1983	0
2427	485	-450.1906	0	52529.1013	0
2428	485	-450.1775	0	52528.6945	0
2429	485	-450.1717	0	52528.5395	0
2431	485	-450.1766	0	52528.0502	0
2432	485	-450.1580	0	52528.1231	0
2433	485	-450.1372	0	52528.3291	0
2434	485	-450.1145	0	52528.7687	0
2435	485	-450.0931	0	52529.2883	0
2436	485	-450.0819	0	52529.3002	0
2437	485	-450.0787	0	52529.4772	0
2447	485	-450.0659	0	52532.1328	0
2448	485	-450.0635	0	52532.4101	0
2449	485	-450.0526	0	52532.6690	0
2450	485	-450.0782	0	52532.7690	0
2451	485	-450.0849	0	52532.8000	0
2452	485	-450.0849	0	52532.8006	0
2453	485	-450.0872	0	52532.9602	0
2454	485	-450.0910	0	52533.1880	0
2455	485	-450.0989	0	52533.4379	0
2456	485	-450.1226	0	52533.5291	0
2457	485	-450.1516	0	52533.5644	0
2458	485	-450.1822	0	52533.4094	0
2459	485	-450.2240	0	52533.3561	0
2460	485	-450.2365	0	52533.3275	0
2461	485	-450.2479	0	52533.6523	0
2462	485	-450.2492	0	52533.6044	0
2463	485	-450.2539	0	52533.7474	0
2464	485	-450.2560	0	52533.7979	0
2465	485	-450.2560	0	52533.9836	0
2466	485	-450.2490	0	52534.2130	0
2467	485	-450.2815	0	52534.1398	0
2468	485	-450.3161	0	52533.9451	0
2469	485	-450.3611	0	52533.5436	0
2470	485	-450.3992	0	52533.5644	0
2471	485	-450.4457	0	52533.2487	0
2472	485	-450.4626	0	52533.1271	0
2473	485	-450.4863	0	52533.2547	0
2474	485	-450.4922	0	52533.1391	0
2475	485	-450.4922	0	52533.0937	0
2476	485	-450.5023	0	52533.0815	0
2477	485	-450.5064	0	52533.0750	0
2478	485	-450.4978	0	52533.2406	0
2479	485	-450.5165	0	52533.3094	0
2480	485	-450.5276	0	52533.3390	0
2481	485	-450.5857	0	52533.1954	0
2482	485	-450.6076	0	52533.1441	0
2483	485	-450.6367	0	52533.1335	0
2484	485	-450.6475	0	52533.2966	0
2485	485	-450.6563	0	52533.3608	0
2486	485	-450.6583	0	52533.3830	0
2487	485	-450.6607	0	52533.3947	0
2488	485	-450.6704	0	52533.9003	0
2489	485	-450.6767	0	52534.0899	0
2490	485	-450.7221	0	52534.1749	0
2491	485	-450.7610	0	52534.3740	0
2492	485	-450.7846	0	52534.4517	0
2493	485	-450.8514	0	52534.4939	0
2494	485	-450.9231	0	52534.3548	0
2495	485	-450.9708	0	52534.3077	0
2496	485	-450.9927	0	52534.4513	0
2497	485	-451.0181	0	52534.5119	0
2498	485	-451.0292	0	52534.6963	0
2499	485	-451.0488	0	52534.9327	0
2500	485	-451.0747	0	52534.6982	0
2501	485	-451.1078	0	52534.7722	0
2502	485	-451.1516	0	52535.1389	0
2503	485	-451.1889	0	52535.2782	0
2504	485	-451.2272	0	52535.6603	0
2505	485	-451.3031	0	52535.6564	0
2506	485	-451.3500	0	52535.8170	0
2507	485	-451.3234	0	52536.0221	0
2508	485	-451.2688	0	52537.5328	0
2509	485	-451.2822	0	52537.7514	0
2510	485	-451.3384	0	52537.5084	0
2511	485	-451.3684	0	52537.5794	0
2512	485	-451.4052	0	52537.9177	0
2513	485	-451.5560	0	52536.8199	0
2514	485	-451.6729	0	52536.1349	0
2515	485	-451.7405	0	52536.0139	0
2516	485	-451.7996	0	52536.1275	0
2517	485	-451.8726	0	52535.8810	0
2518	485	-451.9234	0	52535.7900	0
2519	485	-451.9606	0	52535.9236	0
2520	485	-451.9926	0	52535.9770	0
2521	485	-452.0223	0	52536.0082	0
2522	485	-452.0863	0	52535.8748	0
2523	485	-452.1104	0	52535.9858	0
2524	485	-452.1363	0	52536.1937	0
2525	485	-452.1668	0	52536.2804	0
2526	485	-452.1830	0	52536.4698	0
2527	485	-452.2084	0	52536.8660	0
2528	485	-452.2586	0	52536.8651	0
2529	485	-452.3439	0	52536.7259	0
2530	485	-452.3786	0	52536.9839	0
2531	485	-452.4102	0	52537.0848	0
2532	485	-452.4249	0	52537.1270	0
2533	485	-452.4301	0	52537.2954	0
2534	485	-452.4041	0	52537.8138	0
2535	485	-452.4267	0	52537.6974	0
2536	485	-452.4505	0	52537.5048	0
2537	485	-452.4984	0	52537.4377	0
2538	485	-452.4978	0	52537.7142	0
2539	485	-452.5333	0	52537.8285	0
2540	485	-452.5659	0	52538.1806	0
2541	485	-452.6456	0	52538.0247	0
2542	485	-452.6937	0	52537.8134	0
2543	485	-452.6825	0	52537.7232	0
2544	485	-452.6965	0	52537.6924	0
2545	485	-452.7185	0	52537.6857	0
2546	485	-452.7623	0	52537.6903	0
2547	485	-452.7970	0	52537.6993	0
2548	485	-452.7831	0	52538.1589	0
2549	485	-452.7822	0	52538.4784	0
2550	485	-452.7786	0	52538.5975	0
2551	485	-452.8062	0	52538.7935	0
2552	485	-452.8294	0	52539.0197	0
2553	485	-452.8404	0	52538.9547	0
2554	485	-452.8689	0	52538.7803	0
2555	485	-452.8825	0	52538.7135	0
2556	485	-452.9125	0	52538.8396	0
2557	485	-452.9548	0	52539.0478	0
2558	485	-452.9535	0	52539.4166	0
2559	485	-452.9846	0	52539.7102	0
2560	485	-453.0352	0	52539.5328	0
2561	485	-453.0525	0	52539.6036	0
2562	485	-453.0706	0	52539.6317	0
2563	485	-453.0932	0	52539.7944	0
2564	485	-453.1858	0	52539.7283	0
2565	485	-453.2628	0	52539.7129	0
2566	485	-453.3067	0	52539.8537	0
2567	485	-453.3417	0	52539.9079	0
2568	485	-453.3397	0	52540.0719	0
2569	485	-453.3527	0	52539.8353	0
2570	485	-453.3546	0	52540.1925	0
2571	485	-453.4130	0	52540.3340	0
2572	485	-453.4530	0	52540.5372	0
2573	485	-453.4868	0	52540.7606	0
2574	485	-453.5177	0	52540.9893	0
2575	485	-453.5272	0	52541.2134	0
2576	485	-453.5661	0	52541.3022	0
2577	485	-453.5980	0	52541.4779	0
2578	485	-453.6662	0	52541.2705	0
2579	485	-453.6881	0	52541.3276	0
2580	485	-453.6975	0	52541.4892	0
2581	485	-453.7558	0	52541.4203	0
2582	485	-453.7939	0	52541.3931	0
2583	485	-453.8403	0	52541.2479	0
2584	485	-453.9138	0	52540.9178	0
2585	485	-453.8972	0	52541.4984	0
2586	485	-453.9132	0	52541.5768	0
2587	485	-453.9420	0	52541.6121	0
2588	485	-453.9722	0	52541.7669	0
2589	485	-454.0633	0	52541.4229	0
2590	485	-454.1507	0	52540.8811	0
2591	485	-454.1314	0	52541.2247	0
2592	485	-454.2015	0	52540.9461	0
2593	485	-454.1885	0	52541.1204	0
2594	485	-454.1668	0	52541.3240	0
2595	485	-454.1758	0	52541.4067	0
2596	485	-454.1584	0	52541.7189	0
2597	485	-454.1684	0	52541.9796	0
2598	485	-454.1986	0	52541.7973	0
2599	485	-454.2273	0	52541.8744	0
2600	485	-454.2702	0	52542.0482	0
2601	485	-454.4013	0	52541.5793	0
2602	485	-454.4410	0	52541.6820	0
2603	485	-454.3838	0	52541.4163	0
2604	485	-454.4310	0	52541.9074	0
2605	485	-454.4564	0	52542.0892	0
2606	485	-454.4712	0	52542.0177	0
2607	485	-454.4816	0	52542.2705	0
2608	485	-454.4997	0	52542.2253	0
2609	485	-454.5086	0	52542.3477	0
2610	485	-454.5292	0	52542.5340	0
2611	485	-454.5716	0	52542.4749	0
2612	485	-454.6409	0	52542.3222	0
2613	485	-454.6636	0	52542.4013	0
2614	485	-454.6885	0	52542.5759	0
2615	485	-454.7293	0	52542.5060	0
2616	485	-454.7369	0	52542.6158	0
2617	485	-454.7963	0	52542.2548	0
2618	485	-454.8168	0	52542.2565	0
2619	485	-454.8688	0	52541.8483	0
2620	485	-454.8628	0	52542.1066	0
2621	485	-454.8380	0	52542.4800	0
2622	485	-454.8390	0	52542.9011	0
2623	485	-454.8791	0	52542.7882	0
2624	485	-454.9289	0	52542.7554	0
2625	485	-454.9332	0	52543.0119	0
2626	485	-454.9611	0	52542.9756	0
2627	485	-454.9825	0	52543.1031	0
2628	485	-454.9733	0	52543.4176	0
2629	485	-454.9530	0	52543.6650	0
2630	485	-454.9802	0	52543.6254	0
2631	485	-454.9921	0	52543.6082	0
2632	485	-455.0332	0	52543.4724	0
2633	485	-455.0385	0	52543.6856	0
2634	485	-455.0617	0	52543.7695	0
2635	485	-455.0859	0	52543.9395	0
2636	485	-455.0578	0	52544.3876	0
2637	485	-455.0860	0	52544.4315	0
2638	485	-455.1162	0	52544.4485	0
2639	485	-455.1431	0	52544.4556	0
2640	485	-455.1371	0	52544.5826	0
2641	485	-455.1186	0	52544.7567	0
2642	485	-455.1459	0	52544.6964	0
2643	485	-455.1533	0	52544.7979	0
2644	485	-455.1435	0	52544.9645	0
2645	485	-455.1341	0	52545.1561	0
2646	485	-455.1430	0	52545.3572	0
2647	485	-455.1465	0	52545.4281	0
2648	485	-455.1416	0	52545.7073	0
2649	485	-455.1928	0	52545.6908	0
2650	485	-455.2103	0	52545.8116	0
2651	485	-455.2395	0	52545.7301	0
2652	485	-455.2483	0	52545.8206	0
2653	485	-455.2481	0	52545.9829	0
2654	485	-455.2468	0	52546.0360	0
2655	485	-455.2535	0	52545.9291	0
2656	485	-455.2599	0	52546.1436	0
2657	485	-455.2506	0	52546.4709	0
2658	485	-455.2283	0	52546.7131	0
2659	485	-455.2338	0	52546.9301	0
2660	485	-455.2608	0	52547.1382	0
2661	485	-455.2880	0	52547.0892	0
2662	485	-455.3136	0	52547.0691	0
2663	485	-455.3073	0	52547.1803	0
2664	485	-455.3056	0	52547.2173	0
2665	485	-455.2849	0	52547.3462	0
2666	485	-455.2547	0	52547.6351	0
2667	485	-455.2651	0	52547.6216	0
2668	485	-455.3818	0	52547.0067	0
2669	485	-455.4307	0	52546.7849	0
2670	485	-455.3628	0	52547.2832	0
2671	485	-455.3067	0	52547.7213	0
2672	485	-455.2718	0	52548.3739	0
2673	485	-455.3049	0	52548.6195	0
2674	485	-455.3571	0	52548.4753	0
2675	485	-455.3683	0	52548.4140	0
2676	485	-455.3765	0	52548.3848	0
2677	485	-455.3757	0	52548.6127	0
2678	485	-455.4193	0	52548.4606	0
2679	485	-455.4743	0	52548.4093	0
2680	485	-455.5320	0	52548.2817	0
2681	485	-455.5623	0	52548.3466	0
2682	485	-455.5702	0	52548.4911	0
2683	485	-455.5626	0	52548.5423	0
2684	485	-455.5535	0	52548.8003	0
2685	485	-455.5239	0	52549.2519	0
2686	485	-455.6286	0	52548.9578	0
2687	485	-455.7227	0	52548.6206	0
2688	485	-455.7923	0	52548.4983	0
2689	485	-455.8191	0	52548.4500	0
2690	485	-455.8457	0	52548.4351	0
2691	485	-455.8203	0	52548.6603	0
2692	485	-455.8125	0	52548.6294	0
2693	485	-455.7926	0	52548.7332	0
2694	485	-455.7294	0	52549.1184	0
2695	485	-455.6890	0	52549.3756	0
2696	485	-455.6750	0	52549.5889	0
2697	485	-455.7012	0	52549.6714	0
2698	485	-455.7411	0	52549.7080	0
2699	485	-455.8080	0	52549.4903	0
2700	485	-455.8473	0	52549.4112	0
2701	485	-455.9104	0	52549.1517	0
2702	485	-455.9657	0	52548.9422	0
2703	485	-455.9766	0	52548.9770	0
2704	485	-455.9727	0	52549.1082	0
2705	485	-455.9733	0	52549.0420	0
2706	485	-455.9451	0	52549.2474	0
2707	485	-455.8916	0	52549.6677	0
2708	485	-455.8496	0	52550.0577	0
2709	485	-455.8653	0	52550.0869	0
2710	485	-455.9090	0	52549.8675	0
2711	485	-455.9067	0	52549.8960	0
2712	485	-455.9002	0	52550.1400	0
2713	485	-455.8927	0	52550.3425	0
2714	485	-455.9066	0	52550.3046	0
2715	485	-455.8806	0	52550.5081	0
2716	485	-455.9117	0	52550.3623	0
2717	485	-455.9838	0	52550.2032	0
2718	485	-455.9398	0	52550.5810	0
2719	485	-455.9381	0	52550.8465	0
2720	485	-455.9343	0	52551.1697	0
2721	485	-455.9603	0	52551.4047	0
2722	485	-456.0600	0	52551.1662	0
2723	485	-456.1443	0	52550.9699	0
2724	485	-456.1782	0	52551.1197	0
2725	485	-456.1704	0	52551.2848	0
2726	485	-456.1346	0	52551.7865	0
2727	485	-456.1099	0	52552.1926	0
2728	485	-456.1431	0	52552.2344	0
2729	485	-456.0162	0	52553.1968	0
2730	485	-456.0695	0	52553.0178	0
2731	485	-456.1684	0	52552.4257	0
2732	485	-456.1973	0	52552.4124	0
2733	485	-456.2328	0	52552.5194	0
2734	485	-456.2819	0	52552.6713	0
2735	485	-456.3493	0	52552.6290	0
2736	485	-456.3888	0	52552.6119	0
2737	485	-456.4019	0	52552.8204	0
2738	485	-456.3818	0	52553.1053	0
2739	485	-456.3709	0	52553.3189	0
2740	485	-456.3599	0	52553.5014	0
2741	485	-456.3958	0	52553.3597	0
2742	485	-456.3995	0	52553.5154	0
2743	485	-456.4013	0	52553.6756	0
2744	485	-456.4089	0	52553.8402	0
2745	485	-456.4575	0	52553.8040	0
2746	485	-456.5226	0	52553.6888	0
2747	485	-456.5626	0	52553.6453	0
2748	485	-456.5883	0	52553.6285	0
2749	485	-456.5758	0	52553.7212	0
2750	485	-456.5117	0	52554.1594	0
2751	485	-456.5071	0	52554.0158	0
2752	485	-456.4872	0	52554.1633	0
2753	485	-456.4903	0	52554.1134	0
2754	485	-456.5099	0	52554.2020	0
2755	485	-456.4689	0	52554.6405	0
2756	485	-456.4419	0	52555.0094	0
2757	485	-456.4188	0	52555.3445	0
2758	485	-456.4404	0	52555.1606	0
2759	485	-456.4488	0	52555.0894	0
2760	485	-456.4415	0	52555.2601	0
2761	485	-456.4356	0	52555.3200	0
2762	485	-456.3917	0	52555.5325	0
2763	485	-456.3939	0	52555.4109	0
2764	485	-456.3593	0	52555.2530	0
2765	485	-456.3250	0	52555.2854	0
2766	485	-456.3193	0	52555.2983	0
2767	485	-456.0294	0	52557.1106	0
2768	485	-455.8529	0	52558.2091	0
2769	485	-455.7793	0	52558.6657	0
2770	485	-456.0612	0	52557.0538	0
2771	485	-456.1269	0	52556.5220	0
2772	485	-456.1674	0	52556.2900	0
2773	485	-456.1438	0	52556.3835	0
2774	485	-456.1125	0	52556.5151	0
2775	485	-456.0553	0	52556.6555	0
2776	485	-456.0479	0	52556.6141	0
2777	485	-456.0288	0	52556.5973	0
2778	485	-456.0211	0	52556.5881	0
2779	485	-456.0288	0	52556.5887	0
2780	485	-456.0893	0	52556.2055	0
2781	485	-456.1234	0	52555.9643	0
2782	485	-456.0841	0	52556.0573	0
2783	485	-456.0127	0	52556.3820	0
2784	485	-455.9393	0	52557.0903	0
2785	485	-455.9578	0	52557.2637	0
2786	485	-455.9238	0	52557.4165	0
2787	485	-455.9199	0	52557.5669	0
2788	485	-455.9551	0	52557.3376	0
2789	485	-455.9851	0	52557.1555	0
2790	485	-455.9666	0	52557.2689	0
2791	485	-455.9266	0	52557.4997	0
2792	485	-455.9577	0	52557.4963	0
2793	485	-455.9746	0	52557.6875	0
2794	485	-455.9972	0	52557.7587	0
2795	485	-456.0305	0	52557.7883	0
2796	485	-456.0893	0	52557.6142	0
2797	485	-456.0998	0	52557.7353	0
2798	485	-456.0791	0	52557.9624	0
2799	485	-456.0301	0	52558.3257	0
2800	485	-456.0148	0	52558.3637	0
2801	485	-456.0307	0	52558.2849	0
2802	485	-456.0326	0	52558.3454	0
2803	485	-456.0141	0	52558.5504	0
2804	485	-456.0177	0	52558.7206	0
2805	485	-456.0386	0	52558.7851	0
2806	485	-456.0617	0	52558.9003	0
2807	485	-456.1050	0	52558.8520	0
2808	485	-456.1376	0	52558.8353	0
2809	485	-456.1450	0	52558.9182	0
2810	485	-456.1302	0	52559.0370	0
2811	485	-456.1413	0	52558.9871	0
2812	485	-456.1287	0	52559.0566	0
2813	485	-456.1066	0	52559.2615	0
2814	485	-456.0759	0	52559.5176	0
2815	485	-456.0784	0	52559.7036	0
2816	485	-456.0577	0	52560.0364	0
2817	485	-456.0784	0	52560.1611	0
2818	485	-456.1496	0	52560.0355	0
2819	485	-456.2073	0	52559.8963	0
2820	485	-456.2200	0	52560.0190	0
2821	485	-456.2201	0	52560.1514	0
2822	485	-456.1937	0	52560.3726	0
2823	485	-456.2025	0	52560.2770	0
2824	485	-456.1944	0	52560.2382	0
2825	485	-456.1741	0	52560.3036	0
2826	485	-456.1728	0	52560.3297	0
2827	485	-456.1979	0	52560.3398	0
2828	485	-456.1922	0	52560.4286	0
2829	485	-456.2150	0	52560.4643	0
2830	485	-456.2566	0	52560.3906	0
2831	485	-456.2612	0	52560.5380	0
2832	485	-456.2808	0	52560.5948	0
2833	485	-456.2694	0	52560.6975	0
2834	485	-456.2457	0	52560.8197	0
2835	485	-456.2503	0	52560.7777	0
2836	485	-456.2527	0	52560.6740	0
2837	485	-456.2457	0	52560.7178	0
2838	485	-456.2253	0	52560.8186	0
2839	485	-456.1911	0	52561.1123	0
2840	485	-456.1864	0	52561.3089	0
2841	485	-456.1806	0	52561.4668	0
2842	485	-456.1943	0	52561.4399	0
2843	485	-456.2047	0	52561.5133	0
2844	485	-456.1693	0	52561.7030	0
2845	485	-456.1344	0	52561.9411	0
2846	485	-456.1379	0	52561.9413	0
2847	485	-456.1334	0	52562.0222	0
2848	485	-456.1447	0	52561.9676	0
2849	485	-456.1260	0	52562.1093	0
2850	485	-456.1146	0	52562.2429	0
2851	485	-456.0805	0	52562.4537	0
2852	485	-456.0727	0	52562.6985	0
2853	485	-456.0833	0	52562.7872	0
2854	485	-456.0962	0	52562.9012	0
2855	485	-456.1151	0	52562.9425	0
2856	485	-456.1013	0	52563.1142	0
2857	485	-456.1016	0	52563.2582	0
2858	485	-456.0642	0	52563.5475	0
2859	485	-456.0701	0	52563.4927	0
2860	485	-456.0716	0	52563.4662	0
2861	485	-456.0032	0	52563.8488	0
2862	485	-455.9322	0	52564.3008	0
2863	485	-455.9737	0	52564.2327	0
2864	485	-455.9694	0	52564.3604	0
2865	485	-455.9575	0	52564.4815	0
2866	485	-455.9639	0	52564.5229	0
2867	485	-456.0020	0	52564.4594	0
2868	485	-455.8131	0	52565.5604	0
2869	485	-455.6611	0	52566.4437	0
2870	485	-455.7572	0	52565.8871	0
2871	485	-455.7053	0	52566.1428	0
2872	485	-455.6086	0	52566.6023	0
2873	485	-455.5358	0	52567.0596	0
2874	485	-455.7166	0	52566.0337	0
2875	485	-455.7151	0	52566.0938	0
2876	485	-455.7075	0	52566.1125	0
2877	485	-455.7338	0	52565.9737	0
2878	485	-455.7429	0	52565.9165	0
2879	485	-455.7222	0	52566.1123	0
2880	485	-455.6800	0	52566.4016	0
2881	485	-455.6156	0	52566.7989	0
2882	485	-455.5604	0	52567.0886	0
2883	485	-455.5213	0	52567.1174	0
2884	485	-455.4922	0	52567.1940	0
2885	485	-455.4807	0	52567.2193	0
2886	485	-455.5057	0	52567.0849	0
2887	485	-455.5253	0	52567.1026	0
2888	485	-455.5226	0	52567.1776	0
2889	485	-455.5435	0	52567.2782	0
2890	485	-455.5675	0	52567.2428	0
2891	485	-455.5891	0	52567.2305	0
2892	485	-455.6016	0	52567.2948	0
2893	485	-455.5797	0	52567.3855	0
2894	485	-455.5779	0	52567.2738	0
2895	485	-455.5664	0	52567.2279	0
2896	485	-455.5580	0	52567.2811	0
2897	485	-455.5318	0	52567.5145	0
2898	485	-455.5408	0	52567.5311	0
2899	485	-455.5585	0	52567.5369	0
2900	485	-455.5713	0	52567.6837	0
2901	485	-455.6023	0	52567.7378	0
2902	485	-455.6569	0	52567.5480	0
2903	485	-455.6669	0	52567.6155	0
2904	485	-455.6823	0	52567.6409	0
2905	485	-455.6811	0	52567.7213	0
2906	485	-455.6842	0	52567.6800	0
2907	485	-455.7107	0	52567.4487	0
2908	485	-455.7172	0	52567.4318	0
2909	485	-455.7073	0	52567.6400	0
2910	485	-455.7269	0	52567.7212	0
2911	485	-455.7233	0	52567.9647	0
2912	485	-455.7506	0	52567.9871	0
2913	485	-455.7803	0	52567.9238	0
2914	485	-455.7988	0	52567.9714	0
2915	485	-455.8165	0	52567.9888	0
2916	485	-455.8154	0	52568.1347	0
2917	485	-455.8116	0	52568.1887	0
2918	485	-455.8044	0	52568.1360	0
2919	485	-455.8037	0	52568.1149	0
2920	485	-455.7899	0	52568.1736	0
2921	485	-455.7784	0	52568.1947	0
2922	485	-455.7785	0	52568.4119	0
2923	485	-455.7991	0	52568.6362	0
2924	485	-455.8479	0	52568.6521	0
2925	485	-455.8849	0	52568.6591	0
2926	485	-455.9511	0	52568.5948	0
2927	485	-455.9676	0	52568.7077	0
2928	485	-455.9480	0	52568.8137	0
2929	485	-455.9349	0	52568.9211	0
2930	485	-455.9482	0	52568.8929	0
2931	485	-455.9497	0	52568.9483	0
2932	485	-455.9450	0	52569.1035	0
2933	485	-455.9377	0	52569.2959	0
2934	485	-455.9457	0	52569.4350	0
2935	485	-455.9796	0	52569.4887	0
2936	485	-456.0091	0	52569.5069	0
2937	485	-456.0331	0	52569.5126	0
2938	485	-456.0358	0	52569.6469	0
2939	485	-456.0369	0	52569.6947	0
2940	485	-456.0472	0	52569.7776	0
2941	485	-456.0395	0	52569.8052	0
2942	485	-456.0360	0	52569.8135	0
2943	485	-456.0175	0	52569.9451	0
2944	485	-456.0216	0	52570.0618	0
2945	485	-456.0231	0	52570.3018	0
2946	485	-456.0587	0	52570.3929	0
2947	485	-456.0884	0	52570.4916	0
2948	485	-456.1234	0	52570.5278	0
2949	485	-456.1484	0	52570.6033	0
2950	485	-456.1519	0	52570.6945	0
2951	485	-456.1333	0	52570.8540	0
2952	485	-456.1258	0	52570.9096	0
2953	485	-456.1400	0	52570.8655	0
2954	485	-456.1293	0	52570.9067	0
2955	485	-456.1297	0	52571.0508	0
2956	485	-456.1215	0	52571.2283	0
2957	485	-456.1236	0	52571.3579	0
2958	485	-456.1474	0	52571.4058	0
2959	485	-456.1645	0	52571.4837	0
2960	485	-456.1686	0	52571.5742	0
2961	485	-456.1729	0	52571.7316	0
2962	485	-456.1548	0	52571.9102	0
2963	485	-456.1318	0	52572.0344	0
2964	485	-456.1398	0	52571.9549	0
2965	485	-456.1275	0	52571.9809	0
2966	485	-456.1063	0	52572.1121	0
2967	485	-456.0878	0	52572.3428	0
2968	485	-456.0681	0	52572.5476	0
2969	485	-456.0839	0	52572.6838	0
2970	485	-456.1327	0	52572.7353	0
2971	485	-456.1832	0	52572.7536	0
2972	485	-456.1666	0	52572.9339	0
2973	485	-456.1615	0	52573.1198	0
2974	485	-456.1588	0	52573.2467	0
2975	485	-456.1732	0	52573.2298	0
2976	485	-456.1866	0	52573.1614	0
2977	485	-456.1842	0	52573.3099	0
2978	485	-456.1795	0	52573.4824	0
2979	485	-456.1846	0	52573.7213	0
2980	485	-456.1847	0	52573.8663	0
2981	485	-456.2133	0	52573.8609	0
2982	485	-456.2736	0	52573.7409	0
2983	485	-456.2939	0	52573.8681	0
2984	485	-456.3012	0	52573.9121	0
2985	485	-456.3030	0	52574.0426	0
2986	485	-456.2815	0	52574.2040	0
2987	485	-456.2702	0	52574.2609	0
2988	485	-456.2684	0	52574.2213	0
2989	485	-456.2598	0	52574.2605	0
2990	485	-456.2326	0	52574.4415	0
2991	485	-456.2062	0	52574.6210	0
2992	485	-456.1904	0	52574.7991	0
2993	485	-456.2012	0	52574.8626	0
2994	485	-456.2332	0	52574.8291	0
2995	485	-456.2475	0	52574.8691	0
2996	485	-456.2585	0	52574.9380	0
2997	485	-456.2324	0	52575.0710	0
2998	485	-456.2091	0	52575.1736	0
2999	485	-456.1855	0	52575.2649	0
3000	485	-456.1697	0	52575.2389	0
3001	485	-456.1445	0	52575.3357	0
3002	485	-456.1219	0	52575.4799	0
3003	485	-456.1182	0	52575.6412	0
3004	485	-456.1086	0	52575.7541	0
3005	485	-456.1273	0	52575.7940	0
3006	485	-456.1675	0	52575.7536	0
3007	485	-456.1894	0	52575.7906	0
3008	485	-456.1657	0	52576.0169	0
3009	485	-456.1609	0	52576.1543	0
3010	485	-456.1336	0	52576.3077	0
3011	485	-456.1176	0	52576.4153	0
3012	485	-456.1158	0	52576.3998	0
3013	485	-456.1120	0	52576.3897	0
3014	485	-456.1057	0	52576.4354	0
3015	485	-456.0747	0	52576.6612	0
3016	485	-456.0652	0	52576.7969	0
3017	485	-456.0815	0	52576.8983	0
3018	485	-456.1041	0	52576.8810	0
3019	485	-456.1303	0	52576.8728	0
3020	485	-456.1361	0	52576.9191	0
3021	485	-456.1001	0	52577.0871	0
3022	485	-456.0689	0	52577.2519	0
3023	485	-456.0529	0	52577.2582	0
3024	485	-456.0419	0	52577.3088	0
3025	485	-456.0270	0	52577.3238	0
3026	485	-455.9905	0	52577.4805	0
3027	485	-455.9678	0	52577.5871	0
3028	485	-455.9706	0	52577.6249	0
3029	485	-455.9900	0	52577.6898	0
3030	485	-455.9990	0	52577.7619	0
3031	485	-456.0222	0	52577.7875	0
3032	485	-456.0060	0	52577.9447	0
3033	485	-455.9953	0	52578.1018	0
3034	485	-455.9732	0	52578.2574	0
3035	485	-455.9643	0	52578.3125	0
3036	485	-455.9628	0	52578.3301	0
3037	485	-455.9446	0	52578.3815	0
3038	485	-455.9397	0	52578.4984	0
3039	485	-455.9236	0	52578.6372	0
3040	485	-455.9356	0	52578.7371	0
3041	485	-455.9765	0	52578.6753	0
3042	485	-456.0221	0	52578.6498	0
3043	485	-456.0345	0	52578.7356	0
3044	485	-456.0341	0	52578.8153	0
3045	485	-456.0379	0	52578.8914	0
3046	485	-456.0309	0	52578.9655	0
3047	485	-456.0325	0	52578.9441	0
3048	485	-456.0282	0	52578.9817	0
3049	485	-456.0306	0	52578.9446	0
3050	485	-456.0282	0	52578.9770	0
3051	485	-456.0311	0	52579.0852	0
3052	485	-456.0402	0	52579.1729	0
3053	485	-456.0531	0	52579.2051	0
3054	485	-456.0611	0	52579.3104	0
3055	485	-456.0618	0	52579.4450	0
3056	485	-456.0559	0	52579.5407	0
3057	485	-456.0371	0	52579.6204	0
3058	485	-456.0016	0	52579.7415	0
3059	485	-455.9944	0	52579.6898	0
3060	485	-455.9888	0	52579.6684	0
3061	485	-455.9757	0	52579.7036	0
3062	485	-455.9906	0	52579.7170	0
3063	485	-455.9841	0	52579.8140	0
3064	485	-455.9840	0	52579.9904	0
3065	485	-456.0053	0	52580.1012	0
3066	485	-456.0319	0	52580.1422	0
3067	485	-456.0577	0	52580.2487	0
3068	485	-456.0628	0	52580.3785	0
3069	485	-456.0668	0	52580.4253	0
3070	485	-456.0629	0	52580.6232	0
3071	485	-456.0559	0	52580.7400	0
3072	485	-456.0602	0	52580.7811	0
3073	485	-456.0673	0	52580.7486	0
3074	485	-456.0451	0	52580.8680	0
3075	485	-456.0368	0	52580.9551	0
3076	485	-456.0266	0	52581.1198	0
3077	485	-456.0244	0	52581.2227	0
3078	485	-456.0244	0	52581.3478	0
3079	485	-456.0462	0	52581.3931	0
3080	485	-456.0664	0	52581.4068	0
3081	485	-456.0445	0	52581.5841	0
3082	485	-456.0461	0	52581.6491	0
3083	485	-456.0210	0	52581.7566	0
3084	485	-455.9940	0	52581.8362	0
3085	485	-456.0050	0	52581.8192	0
3086	485	-456.0109	0	52581.8102	0
3087	485	-456.0070	0	52581.8918	0
3088	485	-456.0127	0	52581.9633	0
3089	485	-456.0256	0	52581.9886	0
3090	485	-456.0252	0	52582.1248	0
3091	485	-456.0549	0	52582.1743	0
3092	485	-456.0843	0	52582.1912	0
3093	485	-456.0964	0	52582.3244	0
3094	485	-456.1167	0	52582.3728	0
3095	485	-456.1175	0	52582.4297	0
3096	485	-456.1010	0	52582.5338	0
3097	485	-456.0842	0	52582.6547	0
3098	485	-456.0857	0	52582.6981	0
3099	485	-456.0801	0	52582.7528	0
3100	485	-456.0708	0	52582.7710	0
3101	485	-456.0803	0	52582.8172	0
3102	485	-456.1018	0	52582.8334	0
3103	485	-456.1035	0	52582.9200	0
3104	485	-456.1176	0	52583.0343	0
3105	485	-456.1082	0	52583.1575	0
3106	485	-456.1225	0	52583.2024	0
3107	485	-456.1267	0	52583.2987	0
3108	485	-456.1155	0	52583.3719	0
3109	485	-456.0860	0	52583.4785	0
3110	485	-456.0697	0	52583.5566	0
3111	485	-456.0583	0	52583.6239	0
3112	485	-456.0642	0	52583.6462	0
3113	485	-456.0677	0	52583.6517	0
3114	485	-456.0574	0	52583.7326	0
3115	485	-456.0602	0	52583.9212	0
3116	485	-456.0895	0	52583.9903	0
3117	485	-456.1256	0	52583.9751	0
3118	485	-456.1556	0	52584.0858	0
3119	485	-456.1598	0	52584.2036	0
3120	485	-456.1409	0	52584.4029	0
3121	485	-456.1071	0	52584.5905	0
3122	485	-456.0947	0	52584.6585	0
3123	485	-456.1000	0	52584.6809	0
3124	485	-456.1107	0	52584.6857	0
3125	485	-456.1108	0	52584.7617	0
3126	485	-456.1139	0	52584.9024	0
3127	485	-456.1078	0	52585.1060	0
3128	485	-456.1246	0	52585.1788	0
3129	485	-456.1635	0	52585.1278	0
3130	485	-456.2028	0	52585.1059	0
3131	485	-456.1926	0	52585.2454	0
3132	485	-456.1907	0	52585.4465	0
3133	485	-456.1942	0	52585.5565	0
3134	485	-456.1856	0	52585.7054	0
3135	485	-456.1954	0	52585.7226	0
3136	485	-456.1710	0	52585.9086	0
3137	485	-456.1705	0	52586.0126	0
3138	485	-456.1683	0	52586.1931	0
3139	485	-456.1603	0	52586.4377	0
3140	485	-456.1982	0	52586.5260	0
3141	485	-456.2327	0	52586.6266	0
3142	485	-456.2483	0	52586.7314	0
3143	485	-456.2444	0	52586.9077	0
3144	485	-456.2356	0	52587.0745	0
3145	485	-456.2355	0	52587.1671	0
3146	485	-456.2341	0	52587.2675	0
3147	485	-456.2365	0	52587.3349	0
3148	485	-456.2236	0	52587.5275	0
3149	485	-456.2117	0	52587.6301	0
3150	485	-456.2273	0	52587.6298	0
3151	485	-456.2453	0	52587.7273	0
3152	485	-456.2493	0	52587.8620	0
3153	485	-456.2541	0	52587.9427	0
3154	485	-456.2453	0	52588.0687	0
3155	485	-456.2190	0	52588.2450	0
3156	485	-456.2077	0	52588.3076	0
3157	485	-456.1961	0	52588.3933	0
3158	485	-456.1825	0	52588.4212	0
3159	485	-456.1827	0	52588.4286	0
3160	485	-456.1523	0	52588.5912	0
3161	485	-456.1431	0	52588.7784	0
3162	485	-456.1215	0	52589.0999	0
3163	485	-456.1397	0	52589.0911	0
3164	485	-456.2208	0	52588.6600	0
3165	485	-456.2564	0	52588.4873	0
3166	485	-456.2649	0	52588.5591	0
3167	485	-456.1807	0	52589.2707	0
3168	485	-456.1349	0	52589.5800	0
3171	485	-456.0492	0	52590.0239	0
3172	485	-455.9997	0	52590.2287	0
3175	485	-455.9377	0	52590.6350	0
3176	485	-455.9638	0	52590.6103	0
3177	485	-455.9753	0	52590.6298	0
3178	485	-455.9575	0	52590.7221	0
3179	485	-455.8923	0	52590.9868	0
3180	485	-455.8899	0	52590.9932	0
3181	485	-455.8679	0	52591.0777	0
3182	485	-455.8488	0	52591.1910	0
3183	485	-455.8470	0	52591.2004	0
3184	485	-455.8575	0	52591.2567	0
3185	485	-455.8502	0	52591.4169	0
3186	485	-455.8079	0	52591.7261	0
3187	485	-455.8194	0	52591.7838	0
3188	485	-455.8910	0	52591.6597	0
3189	485	-455.9502	0	52591.5533	0
3190	485	-455.9348	0	52591.7325	0
3191	485	-455.9015	0	52591.8532	0
3192	485	-455.8593	0	52592.0075	0
3195	485	-455.8410	0	52592.1586	0
3196	485	-455.5816	0	52593.1230	0
3197	485	-455.4628	0	52593.6402	0
