1747	498	-441.5767	0	52619.0613	0
1748	498	-441.7531	0	52618.9584	0
1749	498	-441.9470	0	52618.8777	0
1750	498	-442.0762	0	52618.8579	0
1751	498	-442.1661	0	52618.8937	0
1754	498	-442.8203	0	52618.5332	0
1755	498	-442.9673	0	52618.4544	0
1756	498	-443.0896	0	52618.3867	0
1757	498	-443.1941	0	52618.3342	0
1758	498	-443.3100	0	52618.2472	0
1759	498	-443.4063	0	52618.1633	0
1760	498	-443.4853	0	52618.0964	0
1761	498	-443.5404	0	52618.0383	0
1762	498	-443.5885	0	52618.0082	0
1763	498	-443.6863	0	52617.9629	0
1764	498	-443.8139	0	52617.8997	0
1765	498	-443.8977	0	52617.8262	0
1766	498	-443.9806	0	52617.7565	0
1767	498	-444.0532	0	52617.6997	0
1768	498	-444.1236	0	52617.6630	0
1769	498	-444.2139	0	52617.6007	0
1770	498	-444.3019	0	52617.5134	0
1771	498	-444.3619	0	52617.4403	0
1772	498	-444.4128	0	52617.3830	0
1773	498	-444.4484	0	52617.3441	0
1774	498	-444.4991	0	52617.3152	0
1775	498	-444.5675	0	52617.2834	0
1776	498	-444.6705	0	52617.2139	0
1777	498	-444.7809	0	52617.1468	0
1778	498	-444.8943	0	52617.0857	0
1779	498	-444.9816	0	52617.0360	0
1780	498	-445.0718	0	52616.9945	0
1781	498	-445.1476	0	52616.9413	0
1782	498	-445.2274	0	52616.8655	0
1783	498	-445.2893	0	52616.7940	0
1784	498	-445.3283	0	52616.7430	0
1785	498	-445.3826	0	52616.7201	0
1786	498	-445.4285	0	52616.6927	0
1787	498	-445.4722	0	52616.6689	0
1788	498	-445.5775	0	52616.5865	0
1789	498	-445.7050	0	52616.5219	0
1790	498	-445.7917	0	52616.4705	0
1791	498	-445.8504	0	52616.4314	0
1792	498	-445.9086	0	52616.3780	0
1793	498	-445.9705	0	52616.3065	0
1794	498	-445.9703	0	52616.0966	0
1795	498	-445.9883	0	52615.9635	0
1796	498	-446.0284	0	52615.8921	0
1797	498	-446.0583	0	52615.8719	0
1798	498	-446.0892	0	52615.8014	0
1799	498	-446.1282	0	52615.6386	0
1800	498	-446.2084	0	52615.4720	0
1801	498	-446.2771	0	52615.3737	0
1802	498	-446.3446	0	52615.3214	0
1803	498	-446.3966	0	52615.2614	0
1804	498	-446.4358	0	52615.1446	0
1805	498	-446.4384	0	52614.9459	0
1806	498	-446.4403	0	52614.7598	0
1807	498	-446.4616	0	52614.6551	0
1808	498	-446.5014	0	52614.5871	0
1809	498	-446.5240	0	52614.5287	0
1810	498	-446.5589	0	52614.4344	0
1811	498	-446.6069	0	52614.2499	0
1812	498	-446.6522	0	52614.0972	0
1813	498	-446.7081	0	52613.9936	0
1814	498	-446.7521	0	52613.9717	0
1815	498	-446.7709	0	52613.9061	0
1816	498	-446.7916	0	52613.8139	0
1817	498	-446.7771	0	52613.5966	0
1818	498	-446.7796	0	52613.4113	0
1819	498	-446.8035	0	52613.3438	0
1820	498	-446.8391	0	52613.3037	0
1821	498	-446.8752	0	52613.2575	0
1822	498	-446.9112	0	52613.1342	0
1823	498	-446.9362	0	52612.9134	0
1824	498	-446.9623	0	52612.7633	0
1825	498	-446.9984	0	52612.6913	0
1826	498	-447.0363	0	52612.6577	0
1827	498	-447.0641	0	52612.6131	0
1828	498	-447.0718	0	52612.4780	0
1829	498	-447.0678	0	52612.2347	0
1830	498	-447.0776	0	52612.0536	0
1831	498	-447.0943	0	52611.9797	0
1832	498	-447.1010	0	52611.9474	0
1833	498	-447.1501	0	52611.8792	0
1834	498	-447.1808	0	52611.7632	0
1835	498	-447.1975	0	52611.5133	0
1836	498	-447.2169	0	52611.3730	0
1837	498	-447.2465	0	52611.3037	0
1838	498	-447.2711	0	52611.2710	0
1839	498	-447.2893	0	52611.2330	0
1840	498	-447.2964	0	52611.0747	0
1841	498	-447.2766	0	52610.8192	0
1842	498	-447.2777	0	52610.6632	0
1843	498	-447.2979	0	52610.5974	0
1844	498	-447.3286	0	52610.5545	0
1845	498	-447.3547	0	52610.4785	0
1846	498	-447.3962	0	52610.3349	0
1847	498	-447.4117	0	52610.1350	0
1848	498	-447.4361	0	52609.9965	0
1849	498	-447.4578	0	52609.9374	0
1850	498	-447.4703	0	52609.8972	0
1851	498	-447.4613	0	52609.7891	0
1852	498	-447.4372	0	52609.6091	0
1853	498	-447.4060	0	52609.3763	0
1854	498	-447.4027	0	52609.2579	0
1855	498	-447.4095	0	52609.2176	0
1856	498	-447.4156	0	52609.1491	0
1857	498	-447.4279	0	52609.0448	0
1858	498	-447.4322	0	52608.8674	0
1859	498	-447.4215	0	52608.6484	0
1860	498	-447.4185	0	52608.5588	0
1861	498	-447.4104	0	52608.5067	0
1862	498	-447.3919	0	52608.4690	0
1863	498	-447.3712	0	52608.3867	0
1864	498	-447.3455	0	52608.1861	0
1865	498	-447.3138	0	52607.9762	0
1866	498	-447.3048	0	52607.8627	0
1867	498	-447.3151	0	52607.8371	0
1868	498	-447.3364	0	52607.7917	0
1869	498	-447.3487	0	52607.6611	0
1870	498	-447.3535	0	52607.4307	0
1871	498	-447.3610	0	52607.2792	0
1872	498	-447.3697	0	52607.2131	0
1873	498	-447.3619	0	52607.1538	0
1874	498	-447.3487	0	52607.1236	0
1875	498	-447.3316	0	52606.9944	0
1876	498	-447.3024	0	52606.7425	0
1877	498	-447.2901	0	52606.5944	0
1878	498	-447.2945	0	52606.5289	0
1879	498	-447.3102	0	52606.4932	0
1880	498	-447.3387	0	52606.4110	0
1881	498	-447.3561	0	52606.2238	0
1882	498	-447.3646	0	52605.9943	0
1883	498	-447.3661	0	52605.8675	0
1884	498	-447.3744	0	52605.8247	0
1885	498	-447.3723	0	52605.8144	0
1886	498	-447.3671	0	52605.7249	0
1887	498	-447.3436	0	52605.4991	0
1888	498	-447.3285	0	52605.3251	0
1889	498	-447.3316	0	52605.2323	0
1890	498	-447.3363	0	52605.1863	0
1891	498	-447.3647	0	52605.1399	0
1892	498	-447.3949	0	52605.0142	0
1893	498	-447.4113	0	52604.7620	0
1894	498	-447.4368	0	52604.6195	0
1895	498	-447.4571	0	52604.5375	0
1896	498	-447.4692	0	52604.5112	0
1897	498	-447.4765	0	52604.4398	0
1898	498	-447.4762	0	52604.3347	0
1899	498	-447.4629	0	52604.0488	0
1900	498	-447.4722	0	52603.8564	0
1901	498	-447.4954	0	52603.7703	0
1902	498	-447.5285	0	52603.7239	0
1903	498	-447.5692	0	52603.6045	0
1904	498	-447.6033	0	52603.4748	0
1905	498	-447.6175	0	52603.1816	0
1906	498	-447.6476	0	52603.0367	0
1907	498	-447.6789	0	52603.0221	0
1908	498	-447.7027	0	52603.0031	0
1909	498	-447.7118	0	52602.9281	0
1910	498	-447.7145	0	52602.7582	0
1911	498	-447.7138	0	52602.6057	0
1912	498	-447.7191	0	52602.4774	0
1913	498	-447.7352	0	52602.4327	0
1914	498	-447.7614	0	52602.4006	0
1915	498	-447.7961	0	52602.2955	0
1916	498	-447.8116	0	52602.0501	0
1917	498	-447.8230	0	52601.8630	0
1918	498	-447.8345	0	52601.7380	0
1919	498	-447.8449	0	52601.7357	0
1920	498	-447.8466	0	52601.7197	0
1921	498	-447.8410	0	52601.5808	0
1922	498	-447.8284	0	52601.3734	0
1923	498	-447.8208	0	52601.1976	0
1924	498	-447.8157	0	52601.0754	0
1925	498	-447.8283	0	52601.0337	0
1926	498	-447.8558	0	52601.0415	0
1927	498	-447.8784	0	52600.9452	0
1928	498	-447.8929	0	52600.7255	0
1929	498	-447.9109	0	52600.5609	0
1930	498	-447.9217	0	52600.4398	0
1931	498	-447.9318	0	52600.4412	0
1932	498	-447.9371	0	52600.4247	0
1933	498	-447.9294	0	52600.2746	0
1934	498	-447.9163	0	52600.0928	0
1935	498	-447.9144	0	52599.9622	0
1936	498	-447.9088	0	52599.8742	0
1937	498	-447.9173	0	52599.8670	0
1938	498	-447.9312	0	52599.8016	0
1939	498	-447.9513	0	52599.7139	0
1940	498	-447.9618	0	52599.5502	0
1941	498	-447.9675	0	52599.3568	0
1942	498	-447.9790	0	52599.2643	0
1943	498	-447.9864	0	52599.2800	0
1944	498	-447.9791	0	52599.2675	0
1945	498	-447.9608	0	52599.1773	0
1946	498	-447.9380	0	52598.9863	0
1947	498	-447.9118	0	52598.7324	0
1948	498	-447.8988	0	52598.5935	0
1949	498	-447.8969	0	52598.4741	0
1950	498	-447.9214	0	52598.4331	0
1951	498	-447.9571	0	52598.3962	0
1952	498	-447.9685	0	52598.2188	0
1953	498	-447.9681	0	52598.1319	0
1954	498	-447.9693	0	52598.0055	0
1955	498	-447.9547	0	52597.8902	0
1956	498	-447.9348	0	52597.7777	0
1957	498	-447.9230	0	52597.6411	0
1958	498	-447.9116	0	52597.5189	0
1959	498	-447.9048	0	52597.4778	0
1960	498	-447.9058	0	52597.4416	0
1961	498	-447.9151	0	52597.5070	0
1962	498	-447.9282	0	52597.5093	0
1963	498	-447.9588	0	52597.4615	0
1964	498	-447.9744	0	52597.2441	0
1965	498	-447.9878	0	52596.9573	0
1966	498	-448.0016	0	52596.8525	0
1967	498	-448.0218	0	52596.8683	0
1968	498	-448.0318	0	52596.8779	0
1969	498	-448.0300	0	52596.6507	0
1970	498	-448.0246	0	52596.4088	0
1971	498	-448.0317	0	52596.2937	0
1972	498	-448.0418	0	52596.3085	0
1973	498	-448.0643	0	52596.3437	0
1974	498	-448.0909	0	52596.2794	0
1975	498	-448.1041	0	52596.0965	0
1976	498	-448.1233	0	52595.8112	0
1977	498	-448.1237	0	52595.6239	0
1978	498	-448.1161	0	52595.4749	0
1979	498	-448.1056	0	52595.3680	0
1980	498	-448.0810	0	52595.2495	0
1981	498	-448.0636	0	52595.1250	0
1982	498	-448.0540	0	52595.0255	0
1983	498	-448.0445	0	52595.0223	0
1984	498	-448.0453	0	52594.9963	0
1985	498	-448.0498	0	52594.9628	0
1986	498	-448.0709	0	52594.9810	0
1987	498	-448.0841	0	52594.8194	0
1988	498	-448.0762	0	52594.5591	0
1989	498	-448.0559	0	52594.2560	0
1990	498	-448.0331	0	52594.0564	0
1991	498	-448.0214	0	52594.0490	0
1992	498	-448.0053	0	52593.9302	0
1993	498	-447.9920	0	52593.7994	0
1994	498	-447.9890	0	52593.7241	0
1995	498	-447.9791	0	52593.7011	0
1996	498	-448.0001	0	52593.9677	0
1997	498	-448.0234	0	52594.1282	0
1998	498	-447.9829	0	52593.3877	0
1999	498	-447.9707	0	52592.9584	0
2000	498	-448.0165	0	52593.0634	0
2001	498	-448.0216	0	52593.2246	0
2002	498	-447.9738	0	52592.7317	0
2003	498	-447.9565	0	52592.7083	0
2004	498	-447.9352	0	52592.4095	0
2005	498	-447.9523	0	52592.5975	0
2006	498	-447.9148	0	52592.4798	0
2007	498	-447.9262	0	52592.4695	0
2008	498	-447.9699	0	52594.3947	0
2009	498	-447.9497	0	52595.2456	0
2010	498	-447.8473	0	52595.1541	0
2011	498	-447.8666	0	52596.0469	0
2012	498	-447.8515	0	52596.3554	0
2013	498	-447.8194	0	52596.4135	0
2014	498	-447.7900	0	52596.4537	0
2015	498	-447.7262	0	52596.6729	0
2016	498	-447.6714	0	52596.8540	0
2017	498	-447.6073	0	52597.0206	0
2018	498	-447.5778	0	52597.0766	0
2019	498	-447.5585	0	52597.2188	0
2020	498	-447.5264	0	52597.4693	0
2021	498	-447.5143	0	52597.6561	0
2022	498	-447.5079	0	52597.7452	0
2023	498	-447.4912	0	52597.7732	0
2024	498	-447.4895	0	52597.8510	0
2025	498	-447.4950	0	52598.1178	0
2026	498	-447.4788	0	52598.3099	0
2027	498	-447.4462	0	52598.4500	0
2028	498	-447.4238	0	52598.4979	0
2029	498	-447.4023	0	52598.6522	0
2030	498	-447.3984	0	52598.9611	0
2031	498	-447.4121	0	52599.1839	0
2032	498	-447.4115	0	52599.2856	0
2033	498	-447.4056	0	52599.2957	0
2034	498	-447.4003	0	52599.4068	0
2035	498	-447.3943	0	52599.6673	0
2036	498	-447.3865	0	52599.9133	0
2037	498	-447.3951	0	52600.0435	0
2038	498	-447.3826	0	52600.0666	0
2039	498	-447.3757	0	52600.1771	0
2040	498	-447.3909	0	52600.4469	0
2041	498	-447.4042	0	52600.6681	0
2042	498	-447.4247	0	52600.7655	0
2043	498	-447.4347	0	52600.7966	0
2044	498	-447.4450	0	52600.8847	0
2045	498	-447.4532	0	52601.1173	0
2046	498	-447.4572	0	52601.3407	0
2047	498	-447.4576	0	52601.4796	0
2048	498	-447.4676	0	52601.4663	0
2049	498	-447.4800	0	52601.5343	0
2050	498	-447.5108	0	52601.7889	0
2051	498	-447.5417	0	52601.9931	0
2052	498	-447.5682	0	52602.1215	0
2053	498	-447.5903	0	52602.2021	0
2054	498	-447.5941	0	52602.2658	0
2055	498	-447.6180	0	52602.5083	0
2056	498	-447.6204	0	52602.7962	0
2057	498	-447.6121	0	52602.9548	0
2058	498	-447.5965	0	52602.9747	0
2059	498	-447.5904	0	52603.0486	0
2060	498	-447.6019	0	52603.2309	0
2061	498	-447.6165	0	52603.5044	0
2062	498	-447.6268	0	52603.6707	0
2063	498	-447.6270	0	52603.7460	0
2064	498	-447.6221	0	52603.8039	0
2065	498	-447.6266	0	52603.9899	0
2066	498	-447.6124	0	52604.2397	0
2067	498	-447.6014	0	52604.4448	0
2068	498	-447.5793	0	52604.5017	0
2069	498	-447.5754	0	52604.5661	0
2070	498	-447.5903	0	52604.7781	0
2071	498	-447.6190	0	52605.0554	0
2072	498	-447.6408	0	52605.2469	0
2073	498	-447.6618	0	52605.3124	0
2074	498	-447.6604	0	52605.3482	0
2075	498	-447.6756	0	52605.5079	0
2076	498	-447.6815	0	52605.7287	0
2077	498	-447.6773	0	52605.9255	0
2078	498	-447.6681	0	52605.9957	0
2079	498	-447.6610	0	52606.0322	0
2080	498	-447.6565	0	52606.1869	0
2081	498	-447.6602	0	52606.4260	0
2082	498	-447.6475	0	52606.6113	0
2083	498	-447.6500	0	52606.7310	0
2084	498	-447.6478	0	52606.7719	0
2085	498	-447.6414	0	52606.9068	0
2086	498	-447.6423	0	52607.1432	0
2087	498	-447.6437	0	52607.3867	0
2088	498	-447.6320	0	52607.5015	0
2089	498	-447.6229	0	52607.5529	0
2090	498	-447.6307	0	52607.6707	0
2091	498	-447.6427	0	52607.9019	0
2092	498	-447.6591	0	52608.1211	0
2093	498	-447.6629	0	52608.2364	0
2094	498	-447.6521	0	52608.3011	0
2095	498	-447.6522	0	52608.4059	0
2096	498	-447.6608	0	52608.6222	0
2097	498	-447.6588	0	52608.8417	0
2098	498	-447.6411	0	52608.9568	0
2099	498	-447.6254	0	52609.0196	0
2100	498	-447.6167	0	52609.1313	0
2101	498	-447.6298	0	52609.3846	0
2102	498	-447.6330	0	52609.6311	0
2103	498	-447.6310	0	52609.7522	0
2104	498	-447.6231	0	52609.7827	0
2105	498	-447.6118	0	52609.8775	0
2106	498	-447.6166	0	52610.0803	0
2107	498	-447.5998	0	52610.2915	0
2108	498	-447.5681	0	52610.4521	0
2109	498	-447.5160	0	52610.5328	0
2110	498	-447.4711	0	52610.6431	0
2111	498	-447.4501	0	52610.8725	0
2112	498	-447.4354	0	52611.0831	0
2113	498	-447.4207	0	52611.2465	0
2114	498	-447.4088	0	52611.3041	0
2115	498	-447.4106	0	52611.3679	0
2116	498	-447.4149	0	52611.5493	0
2117	498	-447.4167	0	52611.7621	0
2118	498	-447.3971	0	52611.9495	0
2119	498	-447.3420	0	52612.0209	0
2120	498	-447.2823	0	52612.0923	0
2121	498	-447.2505	0	52612.3119	0
2122	498	-447.2170	0	52612.5140	0
2123	498	-447.1971	0	52612.6980	0
2124	498	-447.1860	0	52612.7886	0
2125	498	-447.1835	0	52612.8344	0
2126	498	-447.1834	0	52612.9973	0
2127	498	-447.1160	0	52613.1852	0
2128	498	-447.0987	0	52613.3714	0
2129	498	-447.0575	0	52613.4805	0
2130	498	-446.9702	0	52613.5492	0
2131	498	-446.9048	0	52613.7773	0
2132	498	-446.8496	0	52613.9982	0
2133	498	-446.7946	0	52614.1781	0
2134	498	-446.7551	0	52614.2658	0
2135	498	-446.7405	0	52614.3086	0
2136	498	-446.7077	0	52614.4112	0
2137	498	-446.5982	0	52614.6225	0
2138	498	-446.5664	0	52614.8022	0
2139	498	-446.5352	0	52614.9230	0
2140	498	-446.4447	0	52615.0009	0
2141	498	-446.3597	0	52615.1617	0
2142	498	-446.2735	0	52615.3774	0
2143	498	-446.1992	0	52615.5704	0
2144	498	-446.1444	0	52615.6745	0
2145	498	-446.1101	0	52615.7238	0
2146	498	-446.0702	0	52615.7854	0
2147	498	-445.9135	0	52615.9548	0
2148	498	-445.8786	0	52616.1476	0
2149	498	-445.8508	0	52616.2419	0
2150	498	-445.7584	0	52616.3138	0
2151	498	-445.6489	0	52616.4776	0
2152	498	-445.5308	0	52616.6212	0
2153	498	-445.4237	0	52616.7260	0
2154	498	-445.3402	0	52616.8013	0
2155	498	-445.3066	0	52616.8429	0
2156	498	-445.2542	0	52616.8999	0
2157	498	-445.1435	0	52616.9749	0
2158	498	-445.0342	0	52617.0651	0
2159	498	-444.9471	0	52617.1176	0
2160	498	-444.8476	0	52617.1708	0
2161	498	-444.6634	0	52617.2057	0
2162	498	-444.4702	0	52617.2996	0
2163	498	-444.3157	0	52617.4041	0
2164	498	-444.2194	0	52617.4609	0
2165	498	-444.1953	0	52617.5166	0
2166	498	-444.1517	0	52617.5607	0
2167	498	-444.0565	0	52617.6398	0
2168	498	-443.9632	0	52617.7283	0
2169	498	-443.8428	0	52617.7905	0
2170	498	-443.7014	0	52617.8446	0
2171	498	-443.5107	0	52617.9068	0
2172	498	-443.3080	0	52618.0034	0
2173	498	-443.1247	0	52618.1092	0
2174	498	-443.0088	0	52618.1991	0
2175	498	-442.9808	0	52618.2476	0
2176	498	-442.9696	0	52618.2940	0
2177	498	-442.8787	0	52618.3720	0
2178	498	-442.7891	0	52618.4726	0
2179	498	-442.5574	0	52618.5621	0
2180	498	-442.3886	0	52618.6173	0
2181	498	-442.2507	0	52618.6753	0
2182	498	-442.0735	0	52618.7717	0
2183	498	-441.9146	0	52618.8771	0
2184	498	-441.8067	0	52618.9790	0
2185	498	-441.7140	0	52619.0421	0
2186	498	-441.5593	0	52619.1276	0
2187	498	-441.3898	0	52619.2193	0
2188	498	-441.1910	0	52619.3527	0
