1959	500	-454.2492	0	52515.3210	0
1960	500	-454.2478	0	52515.3792	0
1961	500	-454.2464	0	52515.3962	0
1962	500	-454.2458	0	52515.3990	0
1963	500	-454.2437	0	52515.6523	0
1964	500	-454.2174	0	52515.7319	0
1965	500	-454.2371	0	52515.5147	0
1966	500	-454.2152	0	52515.6729	0
1967	500	-454.2126	0	52515.4878	0
1968	500	-454.2129	0	52515.4163	0
1969	500	-454.2110	0	52515.3883	0
1970	500	-454.2305	0	52515.3870	0
1971	500	-454.2425	0	52515.1540	0
1972	500	-454.2475	0	52515.0616	0
1973	500	-454.2437	0	52515.2654	0
1974	500	-454.2370	0	52515.5805	0
1975	500	-454.2297	0	52515.6964	0
1976	500	-454.2239	0	52515.7366	0
1977	500	-454.2218	0	52515.7512	0
1978	500	-454.2432	0	52515.5293	0
1979	500	-454.2273	0	52515.6632	0
1980	500	-454.2372	0	52515.7263	0
1981	500	-454.2224	0	52515.7367	0
1982	500	-454.2341	0	52515.9883	0
1983	500	-454.2377	0	52516.0732	0
1984	500	-454.2373	0	52516.1090	0
1985	500	-454.2398	0	52516.1217	0
1986	500	-454.2388	0	52516.3543	0
1987	500	-454.2407	0	52516.4416	0
1988	500	-454.2458	0	52516.2375	0
1989	500	-454.2546	0	52515.9290	0
1990	500	-454.2735	0	52516.0536	0
1991	500	-454.2848	0	52515.8684	0
1992	500	-454.2967	0	52516.2669	0
1993	500	-454.2957	0	52516.4161	0
1994	500	-454.3187	0	52516.0144	0
1996	500	-454.3022	0	52515.8360	0
1999	500	-454.3505	0	52515.5041	0
2000	500	-454.3314	0	52515.4405	0
2003	500	-454.2989	0	52515.7120	0
2004	500	-454.2964	0	52515.7567	0
2005	500	-454.2858	0	52516.0063	0
2006	500	-454.3060	0	52515.8749	0
2007	500	-454.3069	0	52516.0546	0
2008	500	-454.3063	0	52516.1166	0
2009	500	-454.3056	0	52516.1382	0
2010	500	-454.3350	0	52515.9289	0
2011	500	-454.3534	0	52515.6109	0
2012	500	-454.3780	0	52515.5006	0
2013	500	-454.3873	0	52515.4607	0
2014	500	-454.4232	0	52514.7417	0
2015	500	-454.4271	0	52514.7098	0
2016	500	-454.4480	0	52514.4713	0
2017	500	-454.4488	0	52514.6189	0
2018	500	-454.4775	0	52513.7389	0
2019	500	-454.5262	0	52512.9116	0
2020	500	-454.5146	0	52513.8642	0
2021	500	-454.4955	0	52513.9495	0
2022	500	-454.5067	0	52513.9919	0
2023	500	-454.5091	0	52514.4948	0
2025	500	-454.5391	0	52514.4382	0
2026	500	-454.5571	0	52514.6654	0
2027	500	-454.5913	0	52514.7565	0
2028	500	-454.6520	0	52514.5816	0
2029	500	-454.6726	0	52514.5149	0
2030	500	-454.7103	0	52514.5016	0
2031	500	-454.7033	0	52514.4878	0
2032	500	-454.7265	0	52514.4964	0
2036	500	-454.5796	0	52513.5075	0
2037	500	-454.5138	0	52512.8483	0
2038	500	-454.4343	0	52512.8560	0
2039	500	-454.3570	0	52512.5938	0
2041	500	-454.1473	0	52512.9822	0
2042	500	-454.0690	0	52513.0762	0
2043	500	-454.0476	0	52512.8667	0
2044	500	-454.0094	0	52513.0199	0
2045	500	-454.0237	0	52512.5926	0
2046	500	-453.9800	0	52512.9092	0
2047	500	-453.9934	0	52512.7927	0
2048	500	-453.9939	0	52512.7467	0
2051	500	-454.0344	0	52512.4262	0
2052	500	-454.0463	0	52512.3814	0
2053	500	-454.0793	0	52512.1317	0
2064	500	-454.0955	0	52512.3615	0
2065	500	-454.0989	0	52512.3819	0
2077	500	-454.3928	0	52511.0490	0
2078	500	-454.4177	0	52510.7332	0
2079	500	-454.4308	0	52510.8869	0
2102	500	-454.6060	0	52510.3310	0
2103	500	-454.6491	0	52509.8046	0
2104	500	-454.6452	0	52510.1437	0
2105	500	-454.6280	0	52510.2675	0
2106	500	-454.6474	0	52510.3238	0
2107	500	-454.6776	0	52510.3585	0
2108	500	-454.6982	0	52510.1153	0
2109	500	-454.7071	0	52510.0243	0
2111	500	-454.8513	0	52509.7346	0
2112	500	-454.8867	0	52509.4173	0
2113	500	-454.9123	0	52509.0427	0
2114	500	-454.9848	0	52507.8779	0
2115	500	-454.9359	0	52507.9327	0
2116	500	-454.8423	0	52508.4643	0
2117	500	-454.7480	0	52509.4391	0
2118	500	-454.6448	0	52510.8173	0
2119	500	-454.6194	0	52511.8201	0
2122	500	-454.6846	0	52511.7158	0
2123	500	-454.7408	0	52510.8700	0
2124	500	-454.7576	0	52510.5858	0
2125	500	-454.7492	0	52510.9980	0
2126	500	-454.7687	0	52510.9003	0
2127	500	-454.7424	0	52511.3537	0
2128	500	-454.7310	0	52511.5182	0
2129	500	-454.7172	0	52511.8191	0
2130	500	-454.7413	0	52511.4474	0
2131	500	-454.9171	0	52513.3464	0
2132	500	-454.8389	0	52512.3242	0
2133	500	-454.8192	0	52511.8891	0
2134	500	-454.8395	0	52510.7423	0
2135	500	-454.8667	0	52510.2832	0
2136	500	-454.8354	0	52510.0999	0
2137	500	-454.8461	0	52510.0371	0
2138	500	-454.8577	0	52509.7623	0
2139	500	-454.8617	0	52509.6643	0
2140	500	-454.8298	0	52510.1380	0
2141	500	-454.8225	0	52510.0633	0
2142	500	-454.8386	0	52510.0378	0
2143	500	-454.8523	0	52509.7782	0
2144	500	-454.8904	0	52509.1732	0
2145	500	-454.9101	0	52508.6819	0
2146	500	-454.9311	0	52507.9763	0
2147	500	-454.9551	0	52507.9926	0
2148	500	-454.9219	0	52508.7791	0
2149	500	-454.9044	0	52509.0786	0
2150	500	-454.8651	0	52509.4418	0
2151	500	-454.8931	0	52509.3436	0
2152	500	-454.9395	0	52511.3750	0
2153	500	-455.0497	0	52512.1454	0
2154	500	-455.0676	0	52512.6701	0
