1792	510	-455.8369	0	52602.1486	0
1793	510	-455.8360	0	52602.1469	0
1794	510	-455.8357	0	52602.1465	0
1795	510	-455.8362	0	52602.1471	0
1796	510	-455.8363	0	52602.1473	0
1797	510	-455.8364	0	52602.1473	0
1799	510	-455.8370	0	52602.1482	0
1800	510	-455.8367	0	52602.1480	0
1804	510	-455.8377	0	52602.1492	0
1815	510	-455.8352	0	52602.1471	0
1816	510	-455.8355	0	52602.1475	0
1818	510	-455.8354	0	52602.1474	0
1821	510	-455.8363	0	52602.1487	0
1822	510	-455.8358	0	52602.1475	0
1823	510	-455.8356	0	52602.1472	0
