1810	514	-465.7003	0	52447.8644	1
1827	514	-465.7008	0	52447.8956	0
1828	514	-465.6992	0	52447.8995	0
1829	514	-465.6972	0	52447.8957	0
1830	514	-465.6958	0	52447.9010	0
1831	514	-465.6951	0	52447.9080	0
1832	514	-465.6947	0	52447.9004	0
1833	514	-465.6943	0	52447.9025	0
1834	514	-465.6938	0	52447.9066	0
1835	514	-465.6934	0	52447.9115	0
1836	514	-465.6931	0	52447.9116	0
1837	514	-465.6930	0	52447.9064	0
1838	514	-465.6934	0	52447.9027	0
1839	514	-465.6933	0	52447.9081	0
1840	514	-465.6932	0	52447.9151	0
1841	514	-465.6937	0	52447.9228	0
1842	514	-465.6939	0	52447.9109	0
1843	514	-465.6940	0	52447.9076	0
1844	514	-465.6941	0	52447.9148	0
1845	514	-465.6942	0	52447.9192	0
1846	514	-465.6945	0	52447.9191	0
1847	514	-465.6951	0	52447.9157	0
1848	514	-465.6954	0	52447.9144	0
1849	514	-465.6956	0	52447.9172	0
1850	514	-465.6956	0	52447.9166	0
1851	514	-465.6955	0	52447.9163	0
1852	514	-465.6954	0	52447.9111	0
1853	514	-465.6956	0	52447.9159	0
1854	514	-465.6959	0	52447.9194	0
1855	514	-465.6964	0	52447.9207	0
1856	514	-465.6967	0	52447.9178	0
1857	514	-465.6971	0	52447.9151	0
1858	514	-465.6975	0	52447.9107	0
1859	514	-465.6974	0	52447.9124	0
1860	514	-465.6975	0	52447.9148	0
1861	514	-465.6980	0	52447.9123	0
1862	514	-465.6989	0	52447.9013	0
1863	514	-465.6992	0	52447.8987	0
1864	514	-465.6988	0	52447.8960	0
1865	514	-465.6992	0	52447.9002	0
1866	514	-465.6991	0	52447.9002	0
1867	514	-465.6993	0	52447.9002	0
1868	514	-465.6995	0	52447.9087	0
1869	514	-465.6994	0	52447.9171	0
1870	514	-465.6995	0	52447.9219	0
1871	514	-465.6995	0	52447.9236	0
1872	514	-465.6998	0	52447.9225	0
1873	514	-465.7001	0	52447.9221	0
1874	514	-465.7003	0	52447.9252	0
1875	514	-465.7004	0	52447.9280	0
1876	514	-465.7007	0	52447.9290	0
1877	514	-465.7010	0	52447.9293	0
1878	514	-465.7013	0	52447.9294	0
1879	514	-465.7014	0	52447.9327	0
1880	514	-465.7015	0	52447.9371	0
1881	514	-465.7017	0	52447.9387	0
1882	514	-465.7021	0	52447.9377	0
1883	514	-465.7022	0	52447.9372	0
1884	514	-465.7023	0	52447.9418	0
1885	514	-465.7026	0	52447.9482	0
1886	514	-465.7029	0	52447.9490	0
1887	514	-465.7038	0	52447.9429	0
1888	514	-465.7042	0	52447.9391	0
1889	514	-465.7043	0	52447.9344	0
1890	514	-465.7047	0	52447.9342	0
1891	514	-465.7047	0	52447.9341	0
1892	514	-465.7046	0	52447.9356	0
1893	514	-465.7052	0	52447.9426	0
1894	514	-465.7053	0	52447.9499	0
1895	514	-465.7054	0	52447.9557	0
1896	514	-465.7059	0	52447.9563	0
1897	514	-465.7060	0	52447.9564	0
1898	514	-465.7059	0	52447.9595	0
1899	514	-465.7059	0	52447.9621	0
1900	514	-465.7056	0	52447.9630	0
1901	514	-465.7056	0	52447.9617	0
1902	514	-465.7057	0	52447.9596	0
1903	514	-465.7056	0	52447.9634	0
1904	514	-465.7052	0	52447.9692	0
1905	514	-465.7050	0	52447.9713	0
1906	514	-465.7051	0	52447.9706	0
1907	514	-465.7051	0	52447.9702	0
1908	514	-465.7049	0	52447.9759	0
1909	514	-465.7043	0	52447.9809	0
1910	514	-465.7037	0	52447.9783	0
1911	514	-465.7038	0	52447.9626	0
1912	514	-465.7035	0	52447.9638	0
1913	514	-465.7030	0	52447.9787	0
1914	514	-465.7025	0	52447.9874	0
1915	514	-465.7024	0	52447.9905	0
1916	514	-465.7023	0	52447.9902	0
1917	514	-465.7020	0	52447.9928	0
1918	514	-465.7015	0	52447.9965	0
1919	514	-465.7008	0	52448.0006	0
1920	514	-465.7003	0	52448.0020	0
1921	514	-465.7000	0	52448.0010	0
1922	514	-465.7000	0	52447.9992	0
1923	514	-465.6997	0	52448.0012	0
1924	514	-465.6995	0	52448.0060	0
1925	514	-465.6997	0	52448.0064	0
1926	514	-465.6996	0	52448.0092	0
1927	514	-465.6993	0	52448.0129	0
1928	514	-465.6988	0	52448.0195	0
1929	514	-465.6981	0	52448.0245	0
1930	514	-465.6983	0	52448.0250	0
1931	514	-465.6982	0	52448.0238	0
1932	514	-465.6981	0	52448.0272	0
1933	514	-465.6978	0	52448.0296	0
1934	514	-465.6975	0	52448.0330	0
1935	514	-465.6977	0	52448.0330	0
1936	514	-465.6977	0	52448.0341	0
1937	514	-465.6976	0	52448.0408	0
1938	514	-465.6972	0	52448.0469	0
1939	514	-465.6966	0	52448.0504	0
1940	514	-465.6964	0	52448.0491	0
1941	514	-465.6963	0	52448.0497	0
1942	514	-465.6960	0	52448.0511	0
1943	514	-465.6958	0	52448.0528	0
1944	514	-465.6959	0	52448.0557	0
1945	514	-465.6960	0	52448.0568	0
1946	514	-465.6961	0	52448.0583	0
1947	514	-465.6956	0	52448.0636	0
1948	514	-465.6952	0	52448.0678	0
1949	514	-465.6950	0	52448.0693	0
1950	514	-465.6948	0	52448.0686	0
1951	514	-465.6947	0	52448.0683	0
1952	514	-465.6944	0	52448.0739	0
1953	514	-465.6942	0	52448.0782	0
1954	514	-465.6943	0	52448.0797	0
1955	514	-465.6946	0	52448.0791	0
1956	514	-465.6946	0	52448.0800	0
1957	514	-465.6945	0	52448.0858	0
1958	514	-465.6944	0	52448.0913	0
1959	514	-465.6941	0	52448.0921	0
1960	514	-465.6939	0	52448.0924	0
1961	514	-465.6938	0	52448.0923	0
1962	514	-465.6938	0	52448.0945	0
1963	514	-465.6935	0	52448.0952	0
1964	514	-465.6936	0	52448.0954	0
1965	514	-465.6937	0	52448.0954	0
1966	514	-465.6937	0	52448.0997	0
1967	514	-465.6932	0	52448.1055	0
1968	514	-465.6931	0	52448.1066	0
1969	514	-465.6929	0	52448.1080	0
1970	514	-465.6933	0	52448.1020	0
1971	514	-465.6934	0	52448.1019	0
1972	514	-465.6930	0	52448.1081	0
1973	514	-465.6928	0	52448.1136	0
1974	514	-465.6930	0	52448.1156	0
1975	514	-465.6932	0	52448.1162	0
1976	514	-465.6932	0	52448.1195	0
1977	514	-465.6928	0	52448.1248	0
1978	514	-465.6926	0	52448.1287	0
1979	514	-465.6926	0	52448.1270	0
1980	514	-465.6927	0	52448.1273	0
1981	514	-465.6924	0	52448.1314	0
1982	514	-465.6925	0	52448.1348	0
1983	514	-465.6925	0	52448.1360	0
1984	514	-465.6930	0	52448.1354	0
1985	514	-465.6932	0	52448.1351	0
1986	514	-465.6931	0	52448.1388	0
1987	514	-465.6928	0	52448.1431	0
1988	514	-465.6927	0	52448.1446	0
1989	514	-465.6929	0	52448.1441	0
1990	514	-465.6930	0	52448.1430	0
1991	514	-465.6931	0	52448.1463	0
1992	514	-465.6931	0	52448.1503	0
1993	514	-465.6933	0	52448.1518	0
1994	514	-465.6937	0	52448.1504	0
1995	514	-465.6939	0	52448.1498	0
1996	514	-465.6937	0	52448.1533	0
1997	514	-465.6935	0	52448.1564	0
1998	514	-465.6936	0	52448.1566	0
1999	514	-465.6936	0	52448.1557	0
2000	514	-465.6938	0	52448.1553	0
2001	514	-465.6938	0	52448.1579	0
2002	514	-465.6939	0	52448.1615	0
2003	514	-465.6941	0	52448.1619	0
2004	514	-465.6943	0	52448.1621	0
2005	514	-465.6944	0	52448.1621	0
2006	514	-465.6942	0	52448.1647	0
2007	514	-465.6940	0	52448.1684	0
2008	514	-465.6938	0	52448.1688	0
2009	514	-465.6939	0	52448.1672	0
2010	514	-465.6938	0	52448.1683	0
2011	514	-465.6938	0	52448.1731	0
2012	514	-465.6938	0	52448.1757	0
2013	514	-465.6940	0	52448.1758	0
2014	514	-465.6944	0	52448.1749	0
2015	514	-465.6945	0	52448.1754	0
2016	514	-465.6942	0	52448.1798	0
2017	514	-465.6939	0	52448.1824	0
2018	514	-465.6938	0	52448.1824	0
2019	514	-465.6937	0	52448.1823	0
2020	514	-465.6938	0	52448.1831	0
2021	514	-465.6935	0	52448.1851	0
2022	514	-465.6936	0	52448.1892	0
2023	514	-465.6941	0	52448.1890	0
2024	514	-465.6944	0	52448.1889	0
2025	514	-465.6946	0	52448.1921	0
2026	514	-465.6942	0	52448.1941	0
2027	514	-465.6940	0	52448.1965	0
2028	514	-465.6938	0	52448.1956	0
2029	514	-465.6938	0	52448.1978	0
2030	514	-465.6938	0	52448.2001	0
2031	514	-465.6936	0	52448.2050	0
2032	514	-465.6938	0	52448.2068	0
2033	514	-465.6941	0	52448.2066	0
2034	514	-465.6943	0	52448.2080	0
2035	514	-465.6941	0	52448.2101	0
2036	514	-465.6937	0	52448.2140	0
2037	514	-465.6936	0	52448.2153	0
2038	514	-465.6937	0	52448.2142	0
2039	514	-465.6938	0	52448.2146	0
2040	514	-465.6937	0	52448.2177	0
2041	514	-465.6936	0	52448.2227	0
2042	514	-465.6938	0	52448.2245	0
2043	514	-465.6939	0	52448.2243	0
2044	514	-465.6940	0	52448.2249	0
2045	514	-465.6937	0	52448.2281	0
2046	514	-465.6933	0	52448.2315	0
2047	514	-465.6931	0	52448.2327	0
2048	514	-465.6931	0	52448.2323	0
2049	514	-465.6930	0	52448.2329	0
2050	514	-465.6928	0	52448.2374	0
2051	514	-465.6925	0	52448.2412	0
2052	514	-465.6926	0	52448.2411	0
2053	514	-465.6925	0	52448.2403	0
2054	514	-465.6924	0	52448.2435	0
2055	514	-465.6920	0	52448.2475	0
2056	514	-465.6915	0	52448.2510	0
2057	514	-465.6912	0	52448.2501	0
2058	514	-465.6910	0	52448.2498	0
2059	514	-465.6908	0	52448.2509	0
2060	514	-465.6907	0	52448.2555	0
2061	514	-465.6909	0	52448.2578	0
2062	514	-465.6912	0	52448.2586	0
2063	514	-465.6915	0	52448.2588	0
2064	514	-465.6913	0	52448.2629	0
2065	514	-465.6910	0	52448.2657	0
2066	514	-465.6908	0	52448.2680	0
2067	514	-465.6905	0	52448.2668	0
2068	514	-465.6905	0	52448.2656	0
2069	514	-465.6904	0	52448.2671	0
2070	514	-465.6902	0	52448.2721	0
2071	514	-465.6902	0	52448.2740	0
2072	514	-465.6905	0	52448.2740	0
2073	514	-465.6906	0	52448.2719	0
2074	514	-465.6904	0	52448.2724	0
2075	514	-465.6899	0	52448.2739	0
2076	514	-465.6896	0	52448.2737	0
2077	514	-465.6896	0	52448.2703	0
2078	514	-465.6896	0	52448.2663	0
2079	514	-465.6894	0	52448.2682	0
2080	514	-465.6893	0	52448.2702	0
2081	514	-465.6894	0	52448.2716	0
2082	514	-465.6898	0	52448.2721	0
2083	514	-465.6898	0	52448.2716	0
2084	514	-465.6892	0	52448.2721	0
2085	514	-465.6886	0	52448.2736	0
2086	514	-465.6886	0	52448.2781	0
2087	514	-465.6895	0	52448.2877	0
2088	514	-465.6898	0	52448.2957	0
2089	514	-465.6897	0	52448.3050	0
2090	514	-465.6893	0	52448.3123	0
2091	514	-465.6894	0	52448.3140	0
2092	514	-465.6893	0	52448.3151	0
2093	514	-465.6892	0	52448.3166	0
2094	514	-465.6886	0	52448.3192	0
2095	514	-465.6880	0	52448.3217	0
2096	514	-465.6875	0	52448.3214	0
2097	514	-465.6874	0	52448.3213	0
2098	514	-465.6869	0	52448.3233	0
2099	514	-465.6863	0	52448.3267	0
2100	514	-465.6861	0	52448.3300	0
2101	514	-465.6860	0	52448.3306	0
2102	514	-465.6859	0	52448.3302	0
2103	514	-465.6856	0	52448.3331	0
2104	514	-465.6852	0	52448.3367	0
2105	514	-465.6847	0	52448.3396	0
2106	514	-465.6845	0	52448.3390	0
2107	514	-465.6842	0	52448.3403	0
2108	514	-465.6839	0	52448.3437	0
2109	514	-465.6836	0	52448.3478	0
2110	514	-465.6836	0	52448.3493	0
2111	514	-465.6836	0	52448.3498	0
2112	514	-465.6834	0	52448.3499	0
2113	514	-465.6830	0	52448.3538	0
2114	514	-465.6828	0	52448.3566	0
2115	514	-465.6824	0	52448.3566	0
2116	514	-465.6824	0	52448.3575	0
2117	514	-465.6823	0	52448.3592	0
2118	514	-465.6825	0	52448.3630	0
2119	514	-465.6824	0	52448.3662	0
2120	514	-465.6824	0	52448.3674	0
2121	514	-465.6824	0	52448.3673	0
2122	514	-465.6823	0	52448.3694	0
2123	514	-465.6822	0	52448.3733	0
2124	514	-465.6819	0	52448.3760	0
2125	514	-465.6815	0	52448.3761	0
2126	514	-465.6812	0	52448.3765	0
2127	514	-465.6812	0	52448.3783	0
2128	514	-465.6811	0	52448.3815	0
2129	514	-465.6813	0	52448.3840	0
2130	514	-465.6814	0	52448.3848	0
2131	514	-465.6815	0	52448.3855	0
2132	514	-465.6815	0	52448.3894	0
2133	514	-465.6815	0	52448.3941	0
2134	514	-465.6811	0	52448.3962	0
2135	514	-465.6811	0	52448.3965	0
2136	514	-465.6811	0	52448.3966	0
2137	514	-465.6811	0	52448.4009	0
2138	514	-465.6811	0	52448.4044	0
2139	514	-465.6812	0	52448.4068	0
2140	514	-465.6813	0	52448.4068	0
2141	514	-465.6813	0	52448.4071	0
2142	514	-465.6810	0	52448.4107	0
2143	514	-465.6805	0	52448.4153	0
2144	514	-465.6800	0	52448.4177	0
2145	514	-465.6799	0	52448.4185	0
2146	514	-465.6797	0	52448.4187	0
2147	514	-465.6798	0	52448.4224	0
2148	514	-465.6799	0	52448.4251	0
2149	514	-465.6801	0	52448.4264	0
2150	514	-465.6802	0	52448.4264	0
2151	514	-465.6802	0	52448.4274	0
2152	514	-465.6801	0	52448.4305	0
2153	514	-465.6799	0	52448.4330	0
2154	514	-465.6797	0	52448.4335	0
2155	514	-465.6797	0	52448.4330	0
2156	514	-465.6797	0	52448.4347	0
2157	514	-465.6797	0	52448.4400	0
2158	514	-465.6797	0	52448.4439	0
2159	514	-465.6801	0	52448.4430	0
2160	514	-465.6802	0	52448.4422	0
2161	514	-465.6801	0	52448.4442	0
2162	514	-465.6798	0	52448.4477	0
2163	514	-465.6795	0	52448.4490	0
2164	514	-465.6793	0	52448.4485	0
2165	514	-465.6792	0	52448.4495	0
2166	514	-465.6791	0	52448.4539	0
2167	514	-465.6790	0	52448.4567	0
2168	514	-465.6790	0	52448.4586	0
2169	514	-465.6791	0	52448.4587	0
2170	514	-465.6790	0	52448.4598	0
2171	514	-465.6786	0	52448.4632	0
2172	514	-465.6782	0	52448.4659	0
2173	514	-465.6779	0	52448.4662	0
2174	514	-465.6779	0	52448.4669	0
2175	514	-465.6777	0	52448.4688	0
2176	514	-465.6774	0	52448.4723	0
2177	514	-465.6772	0	52448.4750	0
2178	514	-465.6774	0	52448.4756	0
2179	514	-465.6775	0	52448.4758	0
2180	514	-465.6772	0	52448.4780	0
2181	514	-465.6769	0	52448.4812	0
2182	514	-465.6765	0	52448.4832	0
2183	514	-465.6763	0	52448.4836	0
2184	514	-465.6760	0	52448.4840	0
2185	514	-465.6759	0	52448.4875	0
2186	514	-465.6756	0	52448.4906	0
2187	514	-465.6757	0	52448.4927	0
2188	514	-465.6758	0	52448.4926	0
2189	514	-465.6758	0	52448.4931	0
2190	514	-465.6756	0	52448.4959	0
2191	514	-465.6753	0	52448.4989	0
2192	514	-465.6751	0	52448.5002	0
2193	514	-465.6749	0	52448.5002	0
2194	514	-465.6747	0	52448.5018	0
2195	514	-465.6745	0	52448.5055	0
2196	514	-465.6745	0	52448.5084	0
2197	514	-465.6748	0	52448.5099	0
2198	514	-465.6751	0	52448.5097	0
2199	514	-465.6752	0	52448.5107	0
2200	514	-465.6751	0	52448.5139	0
2201	514	-465.6750	0	52448.5169	0
2202	514	-465.6748	0	52448.5177	0
2203	514	-465.6748	0	52448.5180	0
2204	514	-465.6747	0	52448.5202	0
2205	514	-465.6747	0	52448.5229	0
2206	514	-465.6748	0	52448.5255	0
2207	514	-465.6752	0	52448.5262	0
2208	514	-465.6756	0	52448.5264	0
2209	514	-465.6758	0	52448.5289	0
2210	514	-465.6757	0	52448.5320	0
2211	514	-465.6755	0	52448.5345	0
2212	514	-465.6754	0	52448.5352	0
2213	514	-465.6753	0	52448.5356	0
2214	514	-465.6754	0	52448.5380	0
2215	514	-465.6755	0	52448.5412	0
2216	514	-465.6758	0	52448.5438	0
2217	514	-465.6760	0	52448.5439	0
2218	514	-465.6761	0	52448.5449	0
2219	514	-465.6759	0	52448.5474	0
2220	514	-465.6756	0	52448.5503	0
2221	514	-465.6753	0	52448.5515	0
2222	514	-465.6750	0	52448.5517	0
2223	514	-465.6749	0	52448.5534	0
2224	514	-465.6747	0	52448.5567	0
2225	514	-465.6745	0	52448.5596	0
2226	514	-465.6744	0	52448.5608	0
2227	514	-465.6745	0	52448.5612	0
2228	514	-465.6743	0	52448.5624	0
2229	514	-465.6740	0	52448.5658	0
2230	514	-465.6736	0	52448.5685	0
2231	514	-465.6732	0	52448.5690	0
2232	514	-465.6728	0	52448.5695	0
2233	514	-465.6726	0	52448.5719	0
2234	514	-465.6723	0	52448.5756	0
2235	514	-465.6722	0	52448.5779	0
2236	514	-465.6723	0	52448.5783	0
2237	514	-465.6722	0	52448.5790	0
2238	514	-465.6720	0	52448.5810	0
2239	514	-465.6716	0	52448.5840	0
2240	514	-465.6712	0	52448.5856	0
2241	514	-465.6709	0	52448.5860	0
2242	514	-465.6706	0	52448.5874	0
2243	514	-465.6705	0	52448.5908	0
2244	514	-465.6704	0	52448.5935	0
2245	514	-465.6704	0	52448.5948	0
2246	514	-465.6706	0	52448.5951	0
2247	514	-465.6705	0	52448.5964	0
2248	514	-465.6703	0	52448.5994	0
2249	514	-465.6702	0	52448.6025	0
2250	514	-465.6699	0	52448.6038	0
2251	514	-465.6697	0	52448.6040	0
2252	514	-465.6697	0	52448.6058	0
2253	514	-465.6696	0	52448.6088	0
2254	514	-465.6696	0	52448.6110	0
2255	514	-465.6699	0	52448.6119	0
2256	514	-465.6701	0	52448.6122	0
2257	514	-465.6701	0	52448.6138	0
2258	514	-465.6700	0	52448.6165	0
2259	514	-465.6698	0	52448.6191	0
2260	514	-465.6694	0	52448.6203	0
2261	514	-465.6691	0	52448.6207	0
2262	514	-465.6691	0	52448.6229	0
2263	514	-465.6689	0	52448.6257	0
2264	514	-465.6687	0	52448.6282	0
2265	514	-465.6687	0	52448.6293	0
2266	514	-465.6685	0	52448.6297	0
2267	514	-465.6683	0	52448.6319	0
2268	514	-465.6679	0	52448.6350	0
2269	514	-465.6676	0	52448.6372	0
2270	514	-465.6670	0	52448.6377	0
2271	514	-465.6665	0	52448.6387	0
2272	514	-465.6660	0	52448.6413	0
2273	514	-465.6656	0	52448.6443	0
2274	514	-465.6653	0	52448.6465	0
2275	514	-465.6650	0	52448.6469	0
2276	514	-465.6644	0	52448.6476	0
2277	514	-465.6638	0	52448.6502	0
2278	514	-465.6632	0	52448.6530	0
2279	514	-465.6624	0	52448.6551	0
2280	514	-465.6616	0	52448.6559	0
2281	514	-465.6608	0	52448.6581	0
2282	514	-465.6602	0	52448.6605	0
2283	514	-465.6595	0	52448.6630	0
2284	514	-465.6587	0	52448.6643	0
2285	514	-465.6576	0	52448.6650	0
2286	514	-465.6565	0	52448.6667	0
2287	514	-465.6555	0	52448.6694	0
2288	514	-465.6551	0	52448.6714	0
2289	514	-465.6542	0	52448.6721	0
2290	514	-465.6534	0	52448.6735	0
2291	514	-465.6525	0	52448.6761	0
2292	514	-465.6516	0	52448.6790	0
2293	514	-465.6508	0	52448.6809	0
2294	514	-465.6499	0	52448.6815	0
2295	514	-465.6486	0	52448.6825	0
2296	514	-465.6467	0	52448.6850	0
2297	514	-465.6458	0	52448.6866	0
2298	514	-465.6451	0	52448.6873	0
2299	514	-465.6439	0	52448.6876	0
2300	514	-465.6425	0	52448.6883	0
2301	514	-465.6408	0	52448.6893	0
2302	514	-465.6395	0	52448.6907	0
2303	514	-465.6385	0	52448.6913	0
2304	514	-465.6373	0	52448.6916	0
2305	514	-465.6356	0	52448.6925	0
2306	514	-465.6341	0	52448.6936	0
2307	514	-465.6326	0	52448.6946	0
2308	514	-465.6312	0	52448.6952	0
2309	514	-465.6296	0	52448.6956	0
2310	514	-465.6280	0	52448.6966	0
2311	514	-465.6264	0	52448.6982	0
2312	514	-465.6251	0	52448.6992	0
2313	514	-465.6240	0	52448.6996	0
2314	514	-465.6224	0	52448.7003	0
2315	514	-465.6213	0	52448.7013	0
2316	514	-465.6186	0	52448.7028	0
2317	514	-465.6170	0	52448.7037	0
2318	514	-465.6157	0	52448.7040	0
2319	514	-465.6137	0	52448.7046	0
2320	514	-465.6120	0	52448.7059	0
2321	514	-465.6100	0	52448.7076	0
2322	514	-465.6082	0	52448.7087	0
2323	514	-465.6065	0	52448.7092	0
2324	514	-465.6049	0	52448.7100	0
2325	514	-465.6025	0	52448.7114	0
2326	514	-465.6000	0	52448.7130	0
2327	514	-465.5975	0	52448.7137	0
2328	514	-465.5961	0	52448.7143	0
