1868	532	-460.4471	0	52508.3815	0
1869	532	-460.2999	0	52509.8683	0
1870	532	-460.3281	0	52509.6813	0
1871	532	-460.3214	0	52509.5691	0
1872	532	-460.4211	0	52508.5415	0
1873	532	-460.5073	0	52507.5745	0
1874	532	-460.4922	0	52507.5514	0
1875	532	-460.3567	0	52508.7859	0
1876	532	-460.3929	0	52508.9325	0
1877	532	-460.3449	0	52509.2726	0
1878	532	-460.4105	0	52508.8218	0
1879	532	-460.4318	0	52508.3534	0
1880	532	-460.4711	0	52507.5778	0
1881	532	-460.4798	0	52507.2849	0
1882	532	-460.5057	0	52507.1782	0
1883	532	-460.5358	0	52506.2424	0
1884	532	-460.4907	0	52506.4842	0
1885	532	-460.4104	0	52506.8841	0
1886	532	-460.4015	0	52506.7387	0
1887	532	-460.3789	0	52506.6897	0
1888	532	-460.4137	0	52506.6829	0
1889	532	-460.4632	0	52506.3792	0
1890	532	-460.5541	0	52505.3607	0
1891	532	-460.4918	0	52505.8809	0
1892	532	-460.4795	0	52505.7819	0
1893	532	-460.4163	0	52505.7409	0
1894	532	-460.4708	0	52505.1114	0
1895	532	-460.4498	0	52505.1960	0
1896	532	-460.5180	0	52504.6107	0
1897	532	-460.5186	0	52504.7171	0
1898	532	-460.5765	0	52504.1390	0
1899	532	-460.5162	0	52504.2269	0
1900	532	-460.4881	0	52504.2753	0
1901	532	-460.5173	0	52503.6635	0
1902	532	-460.4988	0	52503.7500	0
1903	532	-460.4216	0	52504.0910	0
1904	532	-460.4144	0	52503.9202	0
1905	532	-460.3710	0	52503.8561	0
1906	532	-460.3719	0	52503.5162	0
1907	532	-460.3768	0	52503.3869	0
1908	532	-460.4406	0	52502.7126	0
1909	532	-460.4433	0	52502.4591	0
1910	532	-460.4707	0	52502.3779	0
1911	532	-460.4428	0	52502.6768	0
1912	532	-460.4393	0	52503.1197	0
1913	532	-460.5161	0	52502.6554	0
1914	532	-460.5445	0	52502.4820	0
1915	532	-460.6898	0	52500.1423	0
1916	532	-460.7226	0	52499.9064	0
1917	532	-460.7323	0	52500.1742	0
1918	532	-460.7394	0	52500.2795	0
1919	532	-460.7173	0	52500.3231	0
1920	532	-460.7151	0	52500.3550	0
1921	532	-460.7510	0	52499.7039	0
1922	532	-460.7146	0	52500.1356	0
1923	532	-460.6582	0	52500.6168	0
1924	532	-460.6286	0	52500.4890	0
1925	532	-460.5648	0	52500.7596	0
1926	532	-460.5146	0	52500.8611	0
1927	532	-460.4946	0	52500.9055	0
1928	532	-460.4444	0	52501.2377	0
1929	532	-460.4238	0	52501.3693	0
1930	532	-460.4193	0	52501.0850	0
1931	532	-460.4598	0	52500.6378	0
1932	532	-460.4233	0	52500.8057	0
1933	532	-460.3688	0	52501.1952	0
1934	532	-460.3450	0	52501.3441	0
1935	532	-460.3352	0	52501.3961	0
1936	532	-460.2857	0	52501.7377	0
1937	532	-460.3054	0	52501.5524	0
1938	532	-460.2688	0	52501.7915	0
1939	532	-460.2556	0	52501.8851	0
1940	532	-460.2523	0	52501.5906	0
1941	532	-460.2697	0	52501.4782	0
1942	532	-460.2494	0	52501.4243	0
1943	532	-460.1921	0	52501.7322	0
1944	532	-460.1536	0	52501.8368	0
1945	532	-460.1353	0	52501.8782	0
1946	532	-460.1274	0	52501.8888	0
1947	532	-460.1006	0	52501.8841	0
1948	532	-460.1086	0	52501.8866	0
1949	532	-460.1317	0	52501.5667	0
1950	532	-460.1406	0	52501.4422	0
1951	532	-460.1069	0	52501.7108	0
1952	532	-460.1329	0	52501.4947	0
1953	532	-460.1219	0	52501.7365	0
1954	532	-460.0787	0	52502.1504	0
1955	532	-460.0268	0	52502.9496	0
1956	532	-459.9828	0	52503.2467	0
1957	532	-459.9077	0	52503.6590	0
1958	532	-459.9392	0	52503.4921	0
1959	532	-459.9060	0	52503.7435	0
1960	532	-459.9344	0	52503.2003	0
1961	532	-459.9683	0	52502.6578	0
1962	532	-459.9345	0	52502.7765	0
1963	532	-459.8593	0	52503.4519	0
1964	532	-459.8461	0	52503.3818	0
1979	532	-459.7353	0	52503.7830	0
1980	532	-459.7875	0	52503.4650	0
1982	532	-459.9667	0	52502.6070	0
1983	532	-460.0502	0	52502.0971	0
1984	532	-460.0547	0	52502.2323	0
1985	532	-460.0312	0	52502.6104	0
1992	532	-459.6959	0	52504.6469	0
1993	532	-459.3702	0	52506.7296	0
1994	532	-459.3349	0	52507.0415	0
1995	532	-459.2493	0	52507.7488	0
1996	532	-459.2159	0	52507.9868	0
