1940	551	-465.8001	0	52447.8248	0
1941	551	-465.7992	0	52447.8285	0
1947	551	-465.7955	0	52447.8494	0
1948	551	-465.7952	0	52447.8485	0
1949	551	-465.7950	0	52447.8482	0
1950	551	-465.7940	0	52447.8517	0
1951	551	-465.7934	0	52447.8529	0
1952	551	-465.7928	0	52447.8570	0
1953	551	-465.7915	0	52447.8677	0
1954	551	-465.7914	0	52447.8698	0
1955	551	-465.7867	0	52447.9087	0
1956	551	-465.7890	0	52447.8852	0
1957	551	-465.7900	0	52447.8759	0
1958	551	-465.7881	0	52447.8953	0
1959	551	-465.7869	0	52447.9037	0
1960	551	-465.7859	0	52447.9117	0
1961	551	-465.7853	0	52447.9131	0
1962	551	-465.7847	0	52447.9167	0
1963	551	-465.7843	0	52447.9162	0
1964	551	-465.7826	0	52447.9286	0
