1967	553	-449.5366	0	52532.6228	0
1968	553	-449.5291	0	52532.9283	0
1969	553	-449.5112	0	52533.2616	0
1970	553	-449.5096	0	52533.5716	0
1971	553	-449.4628	0	52533.0333	0
1972	553	-449.4676	0	52532.4236	0
1973	553	-449.4596	0	52532.0002	0
1974	553	-449.4478	0	52531.6478	0
1975	553	-449.4464	0	52531.7236	0
1976	553	-449.4446	0	52531.7611	0
1977	553	-449.4399	0	52531.5773	0
1978	553	-449.4736	0	52531.5189	0
1979	553	-449.4855	0	52531.6973	0
1980	553	-449.4828	0	52531.7694	0
1981	553	-449.4849	0	52532.1920	0
