1974	557	-458.6753	0	52536.5774	0
1975	557	-458.6469	0	52536.4942	0
1976	557	-458.6465	0	52536.2533	0
1977	557	-458.6781	0	52535.9822	0
1978	557	-458.6585	0	52536.0896	0
1979	557	-458.5866	0	52536.5141	0
1980	557	-458.6019	0	52536.6658	0
1981	557	-458.6078	0	52536.7226	0
1982	557	-458.5832	0	52536.9205	0
1983	557	-458.5448	0	52537.1682	0
1984	557	-458.5618	0	52537.0809	0
1985	557	-458.5397	0	52537.2185	0
1986	557	-458.5301	0	52537.2678	0
1987	557	-458.4977	0	52537.4552	0
1988	557	-458.4860	0	52537.5242	0
1989	557	-458.4903	0	52537.7220	0
1990	557	-458.5009	0	52537.6215	0
1991	557	-458.5512	0	52537.4103	0
1992	557	-458.6012	0	52537.1606	0
1993	557	-458.5611	0	52537.5742	0
1994	557	-458.5178	0	52537.9018	0
1995	557	-458.5204	0	52538.0223	0
1996	557	-458.5240	0	52538.0683	0
1997	557	-458.5270	0	52538.0814	0
1998	557	-458.5185	0	52538.2509	0
1999	557	-458.4737	0	52538.4811	0
2000	557	-458.5047	0	52538.3962	0
2001	557	-458.5184	0	52538.3627	0
2002	557	-458.5602	0	52538.0096	0
2003	557	-458.4982	0	52538.7082	0
2004	557	-458.4480	0	52539.1427	0
2005	557	-458.4504	0	52538.9690	0
2006	557	-458.4773	0	52538.7289	0
2007	557	-458.5440	0	52538.3033	0
2008	557	-458.5647	0	52537.9662	0
2009	557	-458.5030	0	52538.1756	0
2010	557	-458.5093	0	52538.0829	0
2011	557	-458.5279	0	52538.0516	0
2012	557	-458.5315	0	52538.0406	0
2013	557	-458.4674	0	52538.5439	0
2014	557	-458.4743	0	52538.3971	0
2015	557	-458.4921	0	52538.0008	0
2016	557	-458.5255	0	52537.6779	0
2017	557	-458.5630	0	52537.3871	0
2018	557	-458.5331	0	52537.4443	0
2019	557	-458.5386	0	52537.4707	0
2020	557	-458.5227	0	52537.4818	0
2021	557	-458.5206	0	52537.3166	0
2022	557	-458.4786	0	52537.5959	0
2023	557	-458.4140	0	52537.8743	0
2024	557	-458.3712	0	52537.9783	0
2025	557	-458.3357	0	52538.0145	0
2026	557	-458.3200	0	52538.0246	0
2027	557	-458.2849	0	52538.1996	0
2028	557	-458.2712	0	52538.2660	0
2029	557	-458.2051	0	52538.4537	0
2030	557	-458.1324	0	52538.6891	0
2031	557	-458.1289	0	52538.6069	0
2032	557	-458.1079	0	52538.5708	0
2033	557	-457.9930	0	52539.2193	0
2034	557	-457.9089	0	52539.6230	0
2035	557	-457.8982	0	52539.6076	0
2036	557	-457.9382	0	52539.0931	0
2037	557	-457.9376	0	52538.8952	0
2038	557	-457.8460	0	52539.6494	0
2039	557	-457.8404	0	52539.7652	0
2040	557	-457.8419	0	52539.8038	0
2041	557	-457.8932	0	52539.4930	0
2042	557	-457.8297	0	52539.6937	0
2043	557	-457.7808	0	52539.9273	0
2044	557	-457.7474	0	52540.0153	0
2045	557	-457.7364	0	52540.0398	0
2046	557	-457.7613	0	52539.8868	0
2047	557	-457.7278	0	52539.9872	0
2048	557	-457.6608	0	52540.5065	0
2049	557	-457.6016	0	52540.8609	0
2050	557	-457.5910	0	52540.8260	0
2051	557	-457.5994	0	52540.9750	0
2052	557	-457.5355	0	52541.3383	0
2053	557	-457.4763	0	52541.7888	0
2054	557	-457.4279	0	52542.1046	0
2055	557	-457.4138	0	52542.0601	0
2056	557	-457.4259	0	52542.0406	0
2057	557	-457.4075	0	52542.1806	0
2058	557	-457.3871	0	52542.2295	0
2059	557	-457.3663	0	52542.5525	0
2060	557	-457.3598	0	52542.6665	0
2061	557	-457.3595	0	52542.5496	0
2062	557	-457.3083	0	52542.8062	0
2063	557	-457.2552	0	52543.2055	0
2064	557	-457.2622	0	52543.0396	0
2065	557	-457.2319	0	52543.1264	0
2066	557	-457.2336	0	52542.8520	0
2067	557	-457.1370	0	52543.3471	0
2068	557	-457.0829	0	52543.6813	0
2069	557	-457.0438	0	52543.9530	0
2070	557	-457.0345	0	52543.8951	0
2071	557	-456.9953	0	52543.8687	0
2072	557	-456.9472	0	52544.3012	0
2073	557	-456.8994	0	52544.4590	0
2074	557	-456.8641	0	52544.5090	0
2075	557	-456.8275	0	52544.3685	0
2076	557	-456.8173	0	52544.3157	0
2077	557	-456.7463	0	52544.5794	0
2078	557	-456.6872	0	52544.6743	0
2079	557	-456.6739	0	52544.7109	0
2080	557	-456.7236	0	52544.5698	0
2081	557	-456.7155	0	52544.6641	0
2082	557	-456.6317	0	52544.9832	0
2083	557	-456.5731	0	52545.2455	0
2084	557	-456.5289	0	52545.3407	0
2085	557	-456.5005	0	52545.5185	0
2086	557	-456.4762	0	52545.4316	0
2087	557	-456.4120	0	52545.6832	0
2088	557	-456.3511	0	52545.9168	0
2089	557	-456.3289	0	52545.9978	0
2090	557	-456.3591	0	52545.8815	0
2091	557	-456.3424	0	52545.9793	0
2092	557	-456.2810	0	52546.4382	0
2093	557	-456.1880	0	52546.6003	0
2094	557	-456.0860	0	52547.0814	0
2095	557	-456.1044	0	52546.9744	0
2096	557	-456.0582	0	52547.0660	0
2097	557	-455.9475	0	52547.3653	0
2098	557	-455.9120	0	52547.6168	0
2099	557	-455.9299	0	52547.5685	0
2100	557	-455.9609	0	52547.4072	0
2101	557	-455.9498	0	52547.6139	0
2102	557	-455.9382	0	52547.8278	0
2103	557	-455.9258	0	52548.0409	0
2104	557	-455.9011	0	52548.1180	0
2105	557	-455.9022	0	52547.8655	0
2106	557	-455.8959	0	52548.0395	0
2107	557	-455.8512	0	52548.5070	0
2108	557	-455.8106	0	52548.6798	0
2109	557	-455.7990	0	52548.7401	0
2110	557	-455.8115	0	52548.7599	0
2111	557	-455.8057	0	52548.8933	0
2112	557	-455.7539	0	52549.3379	0
2113	557	-455.7354	0	52549.3720	0
2114	557	-455.7147	0	52549.6395	0
2115	557	-455.7255	0	52549.4726	0
2116	557	-455.6938	0	52549.5361	0
2117	557	-455.6088	0	52550.0736	0
2118	557	-455.5557	0	52550.2735	0
2119	557	-455.5331	0	52550.5992	0
2120	557	-455.5295	0	52550.5876	0
2121	557	-455.5240	0	52550.7087	0
2122	557	-455.4594	0	52551.1269	0
2123	557	-455.3773	0	52551.5303	0
2124	557	-455.3488	0	52551.4219	0
2125	557	-455.3235	0	52551.2408	0
2126	557	-455.3148	0	52551.1698	0
2127	557	-455.2243	0	52551.6410	0
2128	557	-455.1632	0	52551.9348	0
2129	557	-455.1422	0	52552.1706	0
2130	557	-455.1543	0	52551.9987	0
2131	557	-455.1185	0	52552.1782	0
2132	557	-455.0421	0	52552.8502	0
2133	557	-454.9760	0	52553.2200	0
2134	557	-454.9616	0	52553.3522	0
2135	557	-454.9207	0	52553.5137	0
2136	557	-454.9063	0	52553.5676	0
2137	557	-454.8370	0	52554.0523	0
2138	557	-454.7830	0	52554.4629	0
2139	557	-454.7580	0	52554.4940	0
2140	557	-454.7657	0	52554.4947	0
2141	557	-454.7639	0	52554.6085	0
2142	557	-454.7253	0	52554.8740	0
2143	557	-454.6737	0	52555.1978	0
2144	557	-454.6374	0	52555.3095	0
2145	557	-454.6392	0	52555.2320	0
2146	557	-454.6135	0	52555.1947	0
2147	557	-454.5451	0	52555.6304	0
2148	557	-454.4998	0	52555.7868	0
2149	557	-454.4780	0	52555.8405	0
2150	557	-454.4893	0	52555.8547	0
2151	557	-454.5101	0	52555.6292	0
2152	557	-454.4990	0	52555.7641	0
2153	557	-454.4433	0	52556.1478	0
2154	557	-454.4225	0	52556.1749	0
2155	557	-454.4269	0	52556.1806	0
2156	557	-454.4330	0	52556.0684	0
2157	557	-454.3859	0	52556.5784	0
2158	557	-454.3570	0	52556.8765	0
2159	557	-454.3368	0	52556.9842	0
2160	557	-454.3296	0	52557.0189	0
2161	557	-454.3072	0	52557.1370	0
2162	557	-454.2754	0	52557.3936	0
2163	557	-454.2287	0	52557.5936	0
2164	557	-454.2043	0	52557.6637	0
2165	557	-454.1932	0	52557.5762	0
2166	557	-454.1765	0	52557.4292	0
2167	557	-454.1096	0	52558.0151	0
2168	557	-454.0580	0	52558.4428	0
2169	557	-454.0451	0	52558.4921	0
2170	557	-454.0566	0	52558.5049	0
2171	557	-454.0745	0	52558.3965	0
2172	557	-454.0270	0	52558.8811	0
2173	557	-453.9648	0	52559.1595	0
2174	557	-453.9372	0	52559.4662	0
2175	557	-453.9269	0	52559.4721	0
2176	557	-453.9546	0	52559.3647	0
2177	557	-453.9502	0	52559.7301	0
2178	557	-453.9139	0	52560.0625	0
2179	557	-453.9196	0	52560.1859	0
2180	557	-453.9271	0	52560.2245	0
2181	557	-453.9287	0	52560.3337	0
2182	557	-453.9368	0	52560.8690	0
2183	557	-453.9089	0	52561.1610	0
2184	557	-453.9249	0	52561.1655	0
2185	557	-453.9560	0	52561.1622	0
2186	557	-453.9817	0	52561.1569	0
2187	557	-453.9762	0	52561.4387	0
2188	557	-453.9693	0	52561.9260	0
2189	557	-453.9689	0	52562.0100	0
2190	557	-453.9833	0	52561.9389	0
2191	557	-453.9705	0	52562.0991	0
2192	557	-453.9339	0	52562.3432	0
2193	557	-453.8892	0	52562.7117	0
2194	557	-453.8704	0	52562.9400	0
2195	557	-453.8915	0	52562.9240	0
2196	557	-453.8901	0	52562.9113	0
2197	557	-453.8617	0	52563.3651	0
2198	557	-453.8304	0	52563.7110	0
2199	557	-453.8371	0	52563.9292	0
2200	557	-453.8319	0	52564.0024	0
2201	557	-453.8440	0	52564.0231	0
2202	557	-453.8461	0	52564.1158	0
2203	557	-453.8259	0	52564.5954	0
2204	557	-453.8048	0	52564.7669	0
2205	557	-453.8226	0	52564.7353	0
2206	557	-453.8589	0	52564.5412	0
2207	557	-453.8467	0	52564.6390	0
2208	557	-453.8203	0	52564.8484	0
2209	557	-453.8187	0	52564.9235	0
2210	557	-453.8506	0	52564.8585	0
2211	557	-453.8740	0	52564.9182	0
2212	557	-453.8788	0	52565.0250	0
2213	557	-453.8476	0	52565.3257	0
2214	557	-453.8593	0	52565.5210	0
2215	557	-453.8869	0	52565.5914	0
2216	557	-453.9244	0	52565.5287	0
2217	557	-453.9374	0	52565.6721	0
2218	557	-453.9188	0	52565.9779	0
2219	557	-453.9288	0	52566.1772	0
2220	557	-453.9730	0	52566.1623	0
2221	557	-453.9955	0	52566.2382	0
2222	557	-453.9695	0	52566.5143	0
2223	557	-453.9271	0	52566.8654	0
2224	557	-453.9209	0	52567.0761	0
2225	557	-453.9571	0	52566.8984	0
2226	557	-453.9855	0	52566.9121	0
2227	557	-453.9800	0	52567.2407	0
2228	557	-453.9532	0	52567.6074	0
2229	557	-453.9588	0	52567.7394	0
2230	557	-453.9745	0	52567.7832	0
2231	557	-453.9776	0	52567.8772	0
2232	557	-453.9251	0	52568.1473	0
2233	557	-453.8870	0	52568.5622	0
2234	557	-453.8971	0	52568.5542	0
2235	557	-453.9126	0	52568.5441	0
2236	557	-453.9438	0	52568.6164	0
2237	557	-453.9040	0	52569.0266	0
2238	557	-453.8578	0	52569.4087	0
2239	557	-453.8702	0	52569.4707	0
2240	557	-453.9112	0	52569.4869	0
2241	557	-453.9224	0	52569.5660	0
2242	557	-453.8711	0	52569.9710	0
2243	557	-453.8224	0	52570.3411	0
2244	557	-453.8272	0	52570.3245	0
2245	557	-453.8274	0	52570.3863	0
2246	557	-453.8297	0	52570.4039	0
2247	557	-453.8180	0	52570.6294	0
2248	557	-453.8171	0	52570.7812	0
2249	557	-453.8088	0	52570.9064	0
2250	557	-453.8315	0	52570.9496	0
2251	557	-453.8354	0	52571.1052	0
2252	557	-453.8044	0	52571.4507	0
2253	557	-453.7619	0	52571.7901	0
2254	557	-453.7453	0	52571.8402	0
2255	557	-453.7741	0	52571.7112	0
2256	557	-453.7712	0	52571.7991	0
2257	557	-453.7366	0	52572.0393	0
2258	557	-453.7270	0	52572.2679	0
2259	557	-453.7282	0	52572.3489	0
2260	557	-453.7443	0	52572.3036	0
2261	557	-453.7486	0	52572.3524	0
2262	557	-453.7215	0	52572.7138	0
2263	557	-453.7072	0	52572.9148	0
2264	557	-453.7098	0	52573.1225	0
2265	557	-453.7435	0	52573.0588	0
2266	557	-453.7354	0	52573.0984	0
2267	557	-453.7122	0	52573.3120	0
2268	557	-453.7080	0	52573.5231	0
2269	557	-453.7465	0	52573.5304	0
2270	557	-453.7836	0	52573.5282	0
2271	557	-453.8031	0	52573.5901	0
2272	557	-453.7342	0	52573.9445	0
2273	557	-453.6945	0	52574.1416	0
2274	557	-453.7015	0	52574.2095	0
2275	557	-453.7144	0	52574.2308	0
2276	557	-453.7003	0	52574.2337	0
2277	557	-453.6759	0	52574.4923	0
2278	557	-453.6482	0	52574.9112	0
2279	557	-453.6533	0	52575.0632	0
2280	557	-453.6751	0	52575.0506	0
2281	557	-453.6444	0	52575.1684	0
2282	557	-453.5921	0	52575.5256	0
2283	557	-453.5442	0	52575.9050	0
2284	557	-453.5331	0	52576.0426	0
2285	557	-453.5362	0	52576.0248	0
2286	557	-453.5056	0	52576.0753	0
2287	557	-453.4622	0	52576.2733	0
2288	557	-453.4296	0	52576.4661	0
2289	557	-453.4215	0	52576.5924	0
2290	557	-453.4288	0	52576.6359	0
2291	557	-453.4159	0	52576.7669	0
2292	557	-453.3922	0	52576.9921	0
2293	557	-453.3159	0	52577.3122	0
2294	557	-453.3041	0	52577.4844	0
2295	557	-453.2667	0	52577.4870	0
2296	557	-453.2270	0	52577.5989	0
2297	557	-453.2059	0	52577.9266	0
2298	557	-453.1828	0	52578.2175	0
2299	557	-453.1864	0	52578.3789	0
2300	557	-453.1869	0	52578.4317	0
2301	557	-453.1621	0	52578.5609	0
2302	557	-453.1468	0	52578.7722	0
2303	557	-453.0576	0	52579.0731	0
2304	557	-453.0335	0	52579.2336	0
2305	557	-453.0263	0	52579.1218	0
2306	557	-452.9994	0	52579.2962	0
2307	557	-452.9493	0	52579.6289	0
2308	557	-452.9094	0	52579.9674	0
2309	557	-452.8921	0	52580.0885	0
2310	557	-452.9064	0	52580.0196	0
2311	557	-452.9001	0	52580.2023	0
2312	557	-452.8351	0	52580.5312	0
2313	557	-452.7772	0	52580.7553	0
2314	557	-452.7411	0	52580.8329	0
2315	557	-452.7352	0	52580.8561	0
2316	557	-452.6793	0	52581.0156	0
2317	557	-452.6120	0	52581.3792	0
2318	557	-452.5877	0	52581.6123	0
2319	557	-452.5747	0	52581.6444	0
2320	557	-452.5873	0	52581.6483	0
2321	557	-452.5599	0	52581.7470	0
2322	557	-452.5265	0	52581.9799	0
2323	557	-452.5109	0	52582.2120	0
2324	557	-452.4883	0	52582.2937	0
2325	557	-452.4487	0	52582.2201	0
2326	557	-452.4055	0	52582.2869	0
2327	557	-452.3629	0	52582.4556	0
2328	557	-452.3321	0	52582.9555	0
2329	557	-452.3349	0	52583.1815	0
2330	557	-452.3211	0	52583.2149	0
2331	557	-452.2853	0	52583.4102	0
2332	557	-452.2323	0	52583.6218	0
2333	557	-452.2022	0	52583.9279	0
2334	557	-452.1775	0	52584.1281	0
2335	557	-452.1707	0	52584.1538	0
2336	557	-452.0897	0	52584.2042	0
2337	557	-452.0575	0	52584.3999	0
2338	557	-452.0048	0	52584.6935	0
2339	557	-451.9943	0	52584.8432	0
2340	557	-451.9886	0	52584.8493	0
2341	557	-451.9616	0	52585.1118	0
2342	557	-451.9135	0	52585.3823	0
2343	557	-451.8716	0	52585.7371	0
2344	557	-451.8532	0	52585.9925	0
2345	557	-451.8441	0	52586.1657	0
2346	557	-451.7949	0	52586.1877	0
2347	557	-451.7452	0	52586.3972	0
2348	557	-451.7109	0	52586.6367	0
2349	557	-451.7058	0	52586.8434	0
2350	557	-451.6895	0	52586.7913	0
2351	557	-451.6833	0	52586.9301	0
2352	557	-451.6325	0	52587.2620	0
2353	557	-451.5854	0	52587.4628	0
2354	557	-451.5734	0	52587.5305	0
2355	557	-451.5590	0	52587.5510	0
2356	557	-451.5308	0	52587.7521	0
2357	557	-451.4756	0	52588.0960	0
2358	557	-451.4527	0	52588.3364	0
2359	557	-451.4359	0	52588.4214	0
2360	557	-451.4333	0	52588.4466	0
2361	557	-451.3874	0	52588.5292	0
2362	557	-451.3289	0	52588.7091	0
2363	557	-451.2841	0	52588.8856	0
2364	557	-451.2714	0	52589.0963	0
2365	557	-451.2614	0	52589.0584	0
2366	557	-451.2414	0	52589.1881	0
2367	557	-451.1802	0	52589.3454	0
2368	557	-451.1716	0	52589.7667	0
2369	557	-451.1799	0	52589.8788	0
2370	557	-451.2081	0	52589.9151	0
2371	557	-451.1982	0	52590.1016	0
2372	557	-451.1650	0	52590.3099	0
2373	557	-451.1496	0	52590.7325	0
2374	557	-451.1521	0	52590.9849	0
2375	557	-451.1455	0	52590.9736	0
2376	557	-451.1420	0	52591.0630	0
2377	557	-451.1084	0	52591.3293	0
2378	557	-451.0965	0	52591.6879	0
2379	557	-451.0949	0	52591.8164	0
2380	557	-451.0930	0	52591.8260	0
2381	557	-451.0805	0	52591.9866	0
2382	557	-451.0628	0	52592.3311	0
2383	557	-451.0482	0	52592.5190	0
2384	557	-451.0629	0	52592.7704	0
2385	557	-451.0934	0	52592.8274	0
2386	557	-451.0716	0	52592.9377	0
2387	557	-451.0832	0	52593.2171	0
2388	557	-451.1003	0	52593.4362	0
2389	557	-451.1454	0	52593.4193	0
2390	557	-451.1758	0	52593.4057	0
2391	557	-451.1853	0	52593.6068	0
2392	557	-451.1862	0	52593.9159	0
2393	557	-451.1747	0	52594.0850	0
2394	557	-451.1724	0	52594.1708	0
2395	557	-451.1449	0	52594.1426	0
2396	557	-451.0725	0	52594.4197	0
2397	557	-451.0214	0	52594.7760	0
2398	557	-451.0231	0	52595.0150	0
2399	557	-451.0361	0	52595.0980	0
2400	557	-451.0213	0	52595.1524	0
2401	557	-451.0135	0	52595.3052	0
2402	557	-450.9846	0	52595.5514	0
2403	557	-450.9992	0	52595.7709	0
2404	557	-451.0071	0	52595.8472	0
2405	557	-450.9820	0	52595.8720	0
2406	557	-450.9550	0	52596.0895	0
2407	557	-450.9308	0	52596.4526	0
2408	557	-450.9306	0	52596.6600	0
2409	557	-450.9418	0	52596.7571	0
2410	557	-450.9192	0	52596.7655	0
2411	557	-450.9277	0	52597.0127	0
2412	557	-450.9221	0	52597.3001	0
2413	557	-450.9127	0	52597.5008	0
2414	557	-450.9361	0	52597.5437	0
2415	557	-450.9407	0	52597.5304	0
2416	557	-450.9040	0	52597.7643	0
2417	557	-450.8446	0	52598.0879	0
2418	557	-450.8572	0	52598.3658	0
2419	557	-450.8847	0	52598.4863	0
2420	557	-450.8428	0	52598.4610	0
2421	557	-450.8001	0	52598.6540	0
2422	557	-450.7793	0	52598.8581	0
2423	557	-450.8292	0	52598.9697	0
2424	557	-450.8480	0	52599.0283	0
2425	557	-450.8232	0	52599.0699	0
2426	557	-450.8258	0	52599.3241	0
2427	557	-450.7871	0	52599.6563	0
2428	557	-450.7876	0	52599.8607	0
2429	557	-450.7770	0	52599.9338	0
2430	557	-450.7468	0	52599.9580	0
2431	557	-450.7419	0	52600.1712	0
2432	557	-450.7099	0	52600.4558	0
2433	557	-450.7130	0	52600.5974	0
2434	557	-450.7677	0	52600.6810	0
2435	557	-450.8372	0	52600.7238	0
2436	557	-450.8689	0	52600.8947	0
2437	557	-450.8832	0	52601.1714	0
2438	557	-450.9047	0	52601.3480	0
2439	557	-450.9105	0	52601.4087	0
2440	557	-450.9256	0	52601.4248	0
2441	557	-450.9271	0	52601.6574	0
2442	557	-450.9084	0	52601.9115	0
2443	557	-450.9059	0	52602.0952	0
2444	557	-450.9200	0	52602.1753	0
2445	557	-450.9468	0	52602.2357	0
2446	557	-450.9381	0	52602.4556	0
2447	557	-450.9112	0	52602.6966	0
2448	557	-450.9024	0	52602.9064	0
2449	557	-450.9105	0	52602.9965	0
2450	557	-450.9106	0	52603.0774	0
2451	557	-450.9344	0	52603.2564	0
2452	557	-450.8828	0	52603.5281	0
2453	557	-450.8631	0	52603.7090	0
2454	557	-450.8672	0	52603.7706	0
2455	557	-450.8705	0	52603.8380	0
2456	557	-450.8783	0	52604.0868	0
2457	557	-450.8785	0	52604.3363	0
2458	557	-450.9159	0	52604.5165	0
2459	557	-450.9196	0	52604.5959	0
2460	557	-450.9105	0	52604.6684	0
2461	557	-450.8890	0	52604.9085	0
2462	557	-450.8484	0	52605.1484	0
2463	557	-450.8326	0	52605.3091	0
2464	557	-450.8456	0	52605.3472	0
2465	557	-450.8454	0	52605.4605	0
2466	557	-450.8295	0	52605.7476	0
2467	557	-450.8151	0	52606.0365	0
2468	557	-450.8282	0	52606.2083	0
2469	557	-450.8372	0	52606.2669	0
2470	557	-450.8426	0	52606.3665	0
2471	557	-450.8309	0	52606.6192	0
2472	557	-450.8119	0	52606.9115	0
2473	557	-450.8121	0	52607.0540	0
2474	557	-450.8260	0	52607.0872	0
2475	557	-450.8392	0	52607.1979	0
2476	557	-450.8404	0	52607.4020	0
2477	557	-450.8321	0	52607.6390	0
2478	557	-450.8314	0	52607.7973	0
2479	557	-450.8403	0	52607.8503	0
2480	557	-450.8412	0	52608.0006	0
2481	557	-450.8423	0	52608.2811	0
2482	557	-450.8379	0	52608.5222	0
2483	557	-450.8340	0	52608.6203	0
2484	557	-450.8328	0	52608.6749	0
2485	557	-450.8183	0	52608.8294	0
2486	557	-450.7921	0	52609.0874	0
2487	557	-450.8040	0	52609.3317	0
2488	557	-450.7903	0	52609.4853	0
2489	557	-450.7686	0	52609.5391	0
2490	557	-450.7440	0	52609.7377	0
2491	557	-450.7252	0	52609.9548	0
2492	557	-450.7032	0	52610.2175	0
2493	557	-450.6980	0	52610.3210	0
2494	557	-450.6897	0	52610.3950	0
2495	557	-450.7027	0	52610.5950	0
2496	557	-450.6508	0	52610.8452	0
2497	557	-450.6113	0	52611.0887	0
2498	557	-450.5932	0	52611.2126	0
2499	557	-450.5776	0	52611.2639	0
2500	557	-450.5593	0	52611.4364	0
2501	557	-450.5188	0	52611.6806	0
2502	557	-450.4875	0	52611.8664	0
2503	557	-450.4525	0	52611.9247	0
2504	557	-450.4281	0	52612.0037	0
2505	557	-450.3642	0	52612.2416	0
2506	557	-450.3269	0	52612.4785	0
2507	557	-450.2212	0	52612.6803	0
2508	557	-450.1788	0	52612.7434	0
2509	557	-450.1187	0	52612.7669	0
2510	557	-450.0164	0	52612.8285	0
2511	557	-449.8666	0	52612.9410	0
2512	557	-449.8635	0	52612.9727	0
2513	557	-449.8431	0	52612.9672	0
2514	557	-449.6383	0	52613.0325	0
2515	557	-449.5329	0	52613.1207	0
2516	557	-449.4435	0	52613.2434	0
2517	557	-449.3732	0	52613.2912	0
2518	557	-449.2778	0	52613.3063	0
2519	557	-449.1746	0	52613.3170	0
2520	557	-449.1042	0	52613.4850	0
2521	557	-449.0164	0	52613.7119	0
2522	557	-448.9374	0	52613.8378	0
2523	557	-448.8392	0	52613.8832	0
2524	557	-448.7266	0	52613.9945	0
2525	557	-448.6246	0	52614.2221	0
2526	557	-448.5268	0	52614.4527	0
2527	557	-448.4230	0	52614.5864	0
2528	557	-448.3038	0	52614.6636	0
2529	557	-448.1772	0	52614.7676	0
2530	557	-448.0692	0	52614.9532	0
2531	557	-447.9664	0	52615.1599	0
2532	557	-447.8704	0	52615.2668	0
2533	557	-447.7516	0	52615.3134	0
2534	557	-447.6534	0	52615.4819	0
2535	557	-447.5590	0	52615.6809	0
2536	557	-447.4572	0	52615.8964	0
2537	557	-447.3378	0	52615.9775	0
2538	557	-447.2144	0	52616.0258	0
2539	557	-447.0679	0	52616.1792	0
2540	557	-446.9265	0	52616.3799	0
2541	557	-446.8465	0	52616.5592	0
2542	557	-446.7611	0	52616.6297	0
2543	557	-446.6002	0	52616.6912	0
2544	557	-446.4260	0	52616.7814	0
2545	557	-446.2584	0	52616.8921	0
2546	557	-446.1108	0	52616.9967	0
2547	557	-445.9844	0	52617.0628	0
2548	557	-445.8346	0	52617.1134	0
2549	557	-445.7546	0	52617.1711	0
2550	557	-445.5857	0	52617.2849	0
2551	557	-445.4690	0	52617.3632	0
2552	557	-445.3284	0	52617.4064	0
2553	557	-445.1764	0	52617.4486	0
2554	557	-445.0248	0	52617.5394	0
2555	557	-444.8667	0	52617.6539	0
2556	557	-444.7411	0	52617.7556	0
2557	557	-444.6056	0	52617.8109	0
2558	557	-444.4001	0	52617.8589	0
2559	557	-444.2283	0	52617.9397	0
2560	557	-444.0798	0	52618.0576	0
2561	557	-444.0069	0	52618.1416	0
2562	557	-443.8555	0	52618.1839	0
2563	557	-443.6930	0	52618.2212	0
2564	557	-443.5854	0	52618.3065	0
2565	557	-443.4278	0	52618.4385	0
2566	557	-443.2770	0	52618.5571	0
2567	557	-443.1192	0	52618.5964	0
2568	557	-442.8876	0	52618.6567	0
2569	557	-442.7344	0	52618.7872	0
2570	557	-442.5561	0	52618.9283	0
2571	557	-442.4058	0	52619.0183	0
2572	557	-442.1717	0	52619.0608	0
