2052	568	-465.6942	0	52448.7000	0
2053	568	-465.6947	0	52448.6995	0
2054	568	-465.6958	0	52448.6988	0
2055	568	-465.6969	0	52448.6977	0
2056	568	-465.6981	0	52448.6965	0
2057	568	-465.6991	0	52448.6954	0
2058	568	-465.6995	0	52448.6948	0
2059	568	-465.7002	0	52448.6942	0
2060	568	-465.7008	0	52448.6934	0
2061	568	-465.7016	0	52448.6923	0
2062	568	-465.7015	0	52448.6917	0
2063	568	-465.7012	0	52448.6913	0
2064	568	-465.7013	0	52448.6906	0
2065	568	-465.7023	0	52448.6897	0
2066	568	-465.7032	0	52448.6887	0
2067	568	-465.7036	0	52448.6880	0
2068	568	-465.7039	0	52448.6877	0
2069	568	-465.7043	0	52448.6873	0
2070	568	-465.7053	0	52448.6867	0
2071	568	-465.7059	0	52448.6861	0
2072	568	-465.7061	0	52448.6857	0
2073	568	-465.7063	0	52448.6854	0
2074	568	-465.7071	0	52448.6847	0
2075	568	-465.7082	0	52448.6838	0
2076	568	-465.7094	0	52448.6829	0
2077	568	-465.7100	0	52448.6824	0
2078	568	-465.7104	0	52448.6822	0
2079	568	-465.7109	0	52448.6817	0
2080	568	-465.7121	0	52448.6810	0
2081	568	-465.7130	0	52448.6801	0
2082	568	-465.7133	0	52448.6796	0
2083	568	-465.7135	0	52448.6793	0
2084	568	-465.7139	0	52448.6784	0
2085	568	-465.7148	0	52448.6763	0
2086	568	-465.7156	0	52448.6748	0
2087	568	-465.7160	0	52448.6739	0
2088	568	-465.7165	0	52448.6728	0
2089	568	-465.7174	0	52448.6709	0
2090	568	-465.7183	0	52448.6691	0
2091	568	-465.7185	0	52448.6684	0
2092	568	-465.7186	0	52448.6680	0
2093	568	-465.7188	0	52448.6669	0
2094	568	-465.7196	0	52448.6646	0
2095	568	-465.7206	0	52448.6621	0
2096	568	-465.7214	0	52448.6607	0
2097	568	-465.7220	0	52448.6598	0
2098	568	-465.7227	0	52448.6590	0
2099	568	-465.7237	0	52448.6569	0
2100	568	-465.7244	0	52448.6549	0
2101	568	-465.7246	0	52448.6542	0
2102	568	-465.7247	0	52448.6538	0
2103	568	-465.7251	0	52448.6525	0
2104	568	-465.7259	0	52448.6503	0
2105	568	-465.7269	0	52448.6484	0
2106	568	-465.7276	0	52448.6475	0
2107	568	-465.7282	0	52448.6466	0
2108	568	-465.7290	0	52448.6452	0
2109	568	-465.7300	0	52448.6428	0
2110	568	-465.7305	0	52448.6414	0
2111	568	-465.7308	0	52448.6408	0
2112	568	-465.7309	0	52448.6403	0
2113	568	-465.7313	0	52448.6385	0
2114	568	-465.7321	0	52448.6360	0
2115	568	-465.7329	0	52448.6347	0
2116	568	-465.7334	0	52448.6340	0
2117	568	-465.7340	0	52448.6331	0
2118	568	-465.7348	0	52448.6312	0
2119	568	-465.7357	0	52448.6288	0
2120	568	-465.7361	0	52448.6276	0
2121	568	-465.7362	0	52448.6269	0
2122	568	-465.7363	0	52448.6260	0
2123	568	-465.7366	0	52448.6237	0
2124	568	-465.7370	0	52448.6214	0
2125	568	-465.7372	0	52448.6200	0
2126	568	-465.7374	0	52448.6194	0
2127	568	-465.7376	0	52448.6184	0
2128	568	-465.7381	0	52448.6163	0
2129	568	-465.7387	0	52448.6141	0
2130	568	-465.7390	0	52448.6129	0
2131	568	-465.7391	0	52448.6122	0
2132	568	-465.7391	0	52448.6109	0
2133	568	-465.7396	0	52448.6082	0
2134	568	-465.7400	0	52448.6066	0
2135	568	-465.7402	0	52448.6056	0
2136	568	-465.7405	0	52448.6051	0
2137	568	-465.7409	0	52448.6034	0
2138	568	-465.7416	0	52448.6004	0
2139	568	-465.7420	0	52448.5990	0
2140	568	-465.7422	0	52448.5981	0
2141	568	-465.7422	0	52448.5972	0
2142	568	-465.7423	0	52448.5958	0
2143	568	-465.7427	0	52448.5937	0
2144	568	-465.7431	0	52448.5922	0
2145	568	-465.7434	0	52448.5916	0
2146	568	-465.7438	0	52448.5906	0
2147	568	-465.7443	0	52448.5885	0
2148	568	-465.7448	0	52448.5865	0
2149	568	-465.7450	0	52448.5854	0
2150	568	-465.7450	0	52448.5848	0
2151	568	-465.7450	0	52448.5833	0
2152	568	-465.7454	0	52448.5803	0
2153	568	-465.7457	0	52448.5785	0
2154	568	-465.7458	0	52448.5776	0
2155	568	-465.7461	0	52448.5769	0
2156	568	-465.7466	0	52448.5758	0
2157	568	-465.7473	0	52448.5733	0
2158	568	-465.7475	0	52448.5718	0
2159	568	-465.7471	0	52448.5710	0
2160	568	-465.7468	0	52448.5704	0
2161	568	-465.7470	0	52448.5685	0
2162	568	-465.7475	0	52448.5662	0
2163	568	-465.7482	0	52448.5646	0
2164	568	-465.7486	0	52448.5637	0
2165	568	-465.7488	0	52448.5629	0
2166	568	-465.7489	0	52448.5608	0
2167	568	-465.7488	0	52448.5591	0
2168	568	-465.7488	0	52448.5576	0
2169	568	-465.7483	0	52448.5573	0
2170	568	-465.7481	0	52448.5564	0
2171	568	-465.7482	0	52448.5543	0
2172	568	-465.7488	0	52448.5522	0
2173	568	-465.7493	0	52448.5506	0
2174	568	-465.7499	0	52448.5493	0
2175	568	-465.7503	0	52448.5480	0
2176	568	-465.7503	0	52448.5459	0
2177	568	-465.7499	0	52448.5452	0
2178	568	-465.7497	0	52448.5448	0
2179	568	-465.7492	0	52448.5450	0
2180	568	-465.7490	0	52448.5440	0
2181	568	-465.7495	0	52448.5416	0
2182	568	-465.7500	0	52448.5401	0
2183	568	-465.7503	0	52448.5388	0
2184	568	-465.7506	0	52448.5374	0
2185	568	-465.7505	0	52448.5370	0
2186	568	-465.7505	0	52448.5359	0
2187	568	-465.7506	0	52448.5343	0
2188	568	-465.7505	0	52448.5337	0
2189	568	-465.7505	0	52448.5330	0
2190	568	-465.7507	0	52448.5308	0
2191	568	-465.7511	0	52448.5287	0
2192	568	-465.7515	0	52448.5267	0
2193	568	-465.7518	0	52448.5252	0
2194	568	-465.7521	0	52448.5243	0
2195	568	-465.7525	0	52448.5215	0
2196	568	-465.7524	0	52448.5202	0
2197	568	-465.7524	0	52448.5197	0
2198	568	-465.7523	0	52448.5194	0
2199	568	-465.7527	0	52448.5174	0
2200	568	-465.7527	0	52448.5161	0
2201	568	-465.7529	0	52448.5153	0
2202	568	-465.7531	0	52448.5141	0
2203	568	-465.7532	0	52448.5133	0
2204	568	-465.7535	0	52448.5124	0
2205	568	-465.7539	0	52448.5112	0
2206	568	-465.7540	0	52448.5104	0
2207	568	-465.7542	0	52448.5095	0
2208	568	-465.7542	0	52448.5098	0
2209	568	-465.7544	0	52448.5078	0
2210	568	-465.7545	0	52448.5059	0
2211	568	-465.7559	0	52448.5011	0
2212	568	-465.7560	0	52448.5009	0
2213	568	-465.7556	0	52448.5032	0
2214	568	-465.7554	0	52448.5031	0
2216	568	-465.7573	0	52448.4960	0
2217	568	-465.7596	0	52448.4884	0
