2085	572	-465.6888	0	52447.8587	0
2086	572	-465.6889	0	52447.8587	0
2087	572	-465.6890	0	52447.8631	0
2088	572	-465.6894	0	52447.8625	0
2089	572	-465.6903	0	52447.8622	0
2090	572	-465.6912	0	52447.8582	0
2091	572	-465.6922	0	52447.8587	0
2092	572	-465.6927	0	52447.8609	0
2093	572	-465.6929	0	52447.8655	0
2094	572	-465.6934	0	52447.8672	0
2095	572	-465.6935	0	52447.8678	0
2096	572	-465.6940	0	52447.8662	0
2097	572	-465.6945	0	52447.8693	0
2098	572	-465.6954	0	52447.8705	0
2099	572	-465.6965	0	52447.8710	0
2100	572	-465.6978	0	52447.8676	0
2101	572	-465.6988	0	52447.8681	0
2102	572	-465.6995	0	52447.8702	0
2103	572	-465.7001	0	52447.8747	0
2104	572	-465.7009	0	52447.8727	0
2105	572	-465.7014	0	52447.8720	0
2106	572	-465.7019	0	52447.8754	0
2107	572	-465.7026	0	52447.8785	0
2108	572	-465.7033	0	52447.8815	0
2109	572	-465.7040	0	52447.8826	0
2110	572	-465.7049	0	52447.8830	0
2111	572	-465.7059	0	52447.8814	0
2112	572	-465.7063	0	52447.8826	0
2113	572	-465.7068	0	52447.8866	0
2114	572	-465.7074	0	52447.8863	0
2115	572	-465.7081	0	52447.8880	0
2116	572	-465.7089	0	52447.8868	0
2117	572	-465.7094	0	52447.8900	0
2118	572	-465.7100	0	52447.8894	0
2119	572	-465.7107	0	52447.8944	0
2120	572	-465.7114	0	52447.8963	0
2121	572	-465.7123	0	52447.8970	0
2122	572	-465.7129	0	52447.8990	0
2123	572	-465.7131	0	52447.9015	0
2124	572	-465.7132	0	52447.9040	0
2125	572	-465.7134	0	52447.9032	0
2126	572	-465.7136	0	52447.9029	0
2127	572	-465.7141	0	52447.9045	0
2128	572	-465.7144	0	52447.9101	0
2129	572	-465.7148	0	52447.9106	0
2130	572	-465.7154	0	52447.9090	0
2131	572	-465.7162	0	52447.9084	0
2132	572	-465.7167	0	52447.9082	0
2133	572	-465.7169	0	52447.9063	0
2134	572	-465.7171	0	52447.9091	0
2135	572	-465.7173	0	52447.9118	0
2136	572	-465.7178	0	52447.9111	0
2137	572	-465.7182	0	52447.9108	0
2138	572	-465.7187	0	52447.9140	0
2139	572	-465.7188	0	52447.9185	0
2140	572	-465.7190	0	52447.9219	0
2141	572	-465.7192	0	52447.9215	0
2142	572	-465.7194	0	52447.9229	0
2143	572	-465.7195	0	52447.9234	0
2144	572	-465.7194	0	52447.9252	0
2145	572	-465.7195	0	52447.9258	0
2146	572	-465.7197	0	52447.9276	0
2147	572	-465.7200	0	52447.9315	0
2148	572	-465.7204	0	52447.9377	0
2149	572	-465.7206	0	52447.9431	0
2150	572	-465.7208	0	52447.9482	0
2151	572	-465.7209	0	52447.9486	0
2152	572	-465.7209	0	52447.9486	0
2153	572	-465.7211	0	52447.9485	0
2154	572	-465.7209	0	52447.9500	0
2155	572	-465.7211	0	52447.9457	0
2156	572	-465.7211	0	52447.9488	0
2157	572	-465.7211	0	52447.9545	0
2158	572	-465.7215	0	52447.9582	0
2159	572	-465.7216	0	52447.9625	0
2160	572	-465.7218	0	52447.9670	0
2161	572	-465.7219	0	52447.9687	0
2162	572	-465.7221	0	52447.9677	0
2163	572	-465.7220	0	52447.9732	0
2164	572	-465.7216	0	52447.9780	0
2165	572	-465.7214	0	52447.9798	0
2166	572	-465.7214	0	52447.9774	0
2167	572	-465.7216	0	52447.9735	0
2168	572	-465.7217	0	52447.9778	0
2169	572	-465.7220	0	52447.9794	0
2170	572	-465.7222	0	52447.9843	0
2171	572	-465.7224	0	52447.9875	0
2172	572	-465.7226	0	52447.9872	0
2173	572	-465.7228	0	52447.9871	0
2174	572	-465.7225	0	52447.9897	0
2175	572	-465.7225	0	52447.9893	0
2176	572	-465.7223	0	52447.9890	0
2177	572	-465.7224	0	52447.9860	0
2178	572	-465.7226	0	52447.9877	0
2179	572	-465.7228	0	52447.9897	0
2180	572	-465.7229	0	52447.9933	0
2181	572	-465.7233	0	52447.9946	0
2182	572	-465.7234	0	52447.9936	0
2183	572	-465.7235	0	52447.9946	0
2184	572	-465.7233	0	52447.9977	0
2185	572	-465.7230	0	52448.0030	0
2186	572	-465.7229	0	52448.0035	0
2187	572	-465.7228	0	52448.0023	0
2188	572	-465.7231	0	52448.0018	0
2189	572	-465.7231	0	52448.0043	0
2190	572	-465.7233	0	52448.0066	0
2191	572	-465.7235	0	52448.0088	0
2192	572	-465.7236	0	52448.0096	0
2193	572	-465.7234	0	52448.0124	0
2194	572	-465.7234	0	52448.0149	0
2195	572	-465.7232	0	52448.0183	0
2196	572	-465.7230	0	52448.0196	0
2197	572	-465.7229	0	52448.0200	0
2198	572	-465.7228	0	52448.0214	0
2199	572	-465.7227	0	52448.0245	0
2200	572	-465.7227	0	52448.0269	0
2201	572	-465.7229	0	52448.0277	0
2202	572	-465.7231	0	52448.0280	0
2203	572	-465.7232	0	52448.0293	0
2204	572	-465.7231	0	52448.0297	0
2205	572	-465.7228	0	52448.0337	0
2206	572	-465.7225	0	52448.0351	0
2207	572	-465.7224	0	52448.0330	0
2208	572	-465.7222	0	52448.0322	0
2209	572	-465.7223	0	52448.0318	0
2210	572	-465.7225	0	52448.0329	0
2211	572	-465.7227	0	52448.0346	0
2212	572	-465.7229	0	52448.0339	0
2213	572	-465.7229	0	52448.0349	0
2214	572	-465.7227	0	52448.0365	0
2215	572	-465.7223	0	52448.0396	0
2216	572	-465.7220	0	52448.0419	0
2217	572	-465.7219	0	52448.0415	0
2218	572	-465.7217	0	52448.0413	0
2219	572	-465.7218	0	52448.0412	0
2220	572	-465.7220	0	52448.0437	0
2221	572	-465.7221	0	52448.0458	0
2222	572	-465.7223	0	52448.0466	0
2223	572	-465.7224	0	52448.0468	0
2224	572	-465.7224	0	52448.0481	0
2225	572	-465.7223	0	52448.0498	0
2226	572	-465.7221	0	52448.0528	0
2227	572	-465.7218	0	52448.0539	0
2228	572	-465.7216	0	52448.0531	0
2229	572	-465.7218	0	52448.0527	0
2230	572	-465.7219	0	52448.0549	0
2231	572	-465.7219	0	52448.0569	0
2232	572	-465.7217	0	52448.0589	0
2233	572	-465.7217	0	52448.0595	0
2234	572	-465.7215	0	52448.0621	0
2235	572	-465.7213	0	52448.0654	0
2236	572	-465.7209	0	52448.0678	0
2237	572	-465.7204	0	52448.0686	0
2238	572	-465.7200	0	52448.0688	0
2239	572	-465.7198	0	52448.0700	0
2240	572	-465.7199	0	52448.0704	0
2241	572	-465.7199	0	52448.0717	0
2242	572	-465.7200	0	52448.0733	0
2243	572	-465.7201	0	52448.0738	0
2244	572	-465.7202	0	52448.0752	0
2245	572	-465.7200	0	52448.0767	0
2246	572	-465.7198	0	52448.0796	0
2247	572	-465.7196	0	52448.0817	0
2248	572	-465.7192	0	52448.0836	0
2249	572	-465.7190	0	52448.0854	0
2250	572	-465.7190	0	52448.0871	0
2251	572	-465.7190	0	52448.0888	0
2252	572	-465.7189	0	52448.0916	0
2253	572	-465.7191	0	52448.0915	0
2254	572	-465.7192	0	52448.0925	0
2255	572	-465.7192	0	52448.0939	0
2256	572	-465.7190	0	52448.0955	0
2257	572	-465.7190	0	52448.0960	0
2258	572	-465.7188	0	52448.0950	0
2259	572	-465.7188	0	52448.0968	0
2260	572	-465.7187	0	52448.0974	0
2261	572	-465.7188	0	52448.0987	0
2262	572	-465.7188	0	52448.1013	0
2263	572	-465.7190	0	52448.1012	0
2264	572	-465.7190	0	52448.1022	0
2265	572	-465.7189	0	52448.1035	0
2266	572	-465.7188	0	52448.1051	0
2267	572	-465.7186	0	52448.1067	0
2268	572	-465.7185	0	52448.1051	0
2269	572	-465.7186	0	52448.1034	0
2270	572	-465.7186	0	52448.1038	0
2271	572	-465.7184	0	52448.1061	0
2272	572	-465.7185	0	52448.1079	0
2273	572	-465.7186	0	52448.1086	0
2274	572	-465.7187	0	52448.1088	0
2275	572	-465.7186	0	52448.1100	0
2276	572	-465.7183	0	52448.1124	0
2277	572	-465.7181	0	52448.1144	0
2278	572	-465.7179	0	52448.1140	0
2279	572	-465.7178	0	52448.1138	0
2280	572	-465.7176	0	52448.1158	0
2281	572	-465.7171	0	52448.1206	0
2282	572	-465.7169	0	52448.1223	0
2283	572	-465.7168	0	52448.1230	0
2284	572	-465.7168	0	52448.1231	0
2285	572	-465.7166	0	52448.1242	0
2286	572	-465.7163	0	52448.1255	0
2287	572	-465.7158	0	52448.1290	0
2288	572	-465.7155	0	52448.1312	0
2289	572	-465.7152	0	52448.1320	0
2290	572	-465.7150	0	52448.1323	0
2291	572	-465.7147	0	52448.1362	0
2292	572	-465.7145	0	52448.1415	0
2293	572	-465.7143	0	52448.1424	0
2294	572	-465.7141	0	52448.1437	0
2295	572	-465.7140	0	52448.1441	0
2296	572	-465.7136	0	52448.1442	0
2297	572	-465.7131	0	52448.1470	0
2298	572	-465.7128	0	52448.1499	0
2299	572	-465.7125	0	52448.1490	0
2300	572	-465.7122	0	52448.1487	0
2301	572	-465.7120	0	52448.1465	0
2302	572	-465.7118	0	52448.1438	0
2303	572	-465.7116	0	52448.1407	0
2304	572	-465.7116	0	52448.1395	0
2305	572	-465.7116	0	52448.1411	0
2306	572	-465.7115	0	52448.1436	0
2307	572	-465.7111	0	52448.1484	0
2308	572	-465.7108	0	52448.1511	0
2309	572	-465.7104	0	52448.1520	0
2310	572	-465.7103	0	52448.1514	0
2311	572	-465.7102	0	52448.1511	0
2312	572	-465.7099	0	52448.1547	0
2313	572	-465.7096	0	52448.1579	0
2314	572	-465.7098	0	52448.1581	0
2315	572	-465.7101	0	52448.1600	0
2316	572	-465.7100	0	52448.1625	0
2317	572	-465.7099	0	52448.1661	0
2318	572	-465.7096	0	52448.1674	0
2319	572	-465.7096	0	52448.1660	0
2320	572	-465.7095	0	52448.1672	0
2321	572	-465.7097	0	52448.1676	0
2322	572	-465.7099	0	52448.1704	0
2323	572	-465.7102	0	52448.1732	0
2324	572	-465.7106	0	52448.1750	0
2325	572	-465.7109	0	52448.1775	0
2326	572	-465.7111	0	52448.1800	0
2327	572	-465.7111	0	52448.1851	0
2328	572	-465.7112	0	52448.1911	0
2329	572	-465.7112	0	52448.1918	0
2330	572	-465.7111	0	52448.1927	0
2331	572	-465.7111	0	52448.1963	0
2332	572	-465.7112	0	52448.2000	0
2333	572	-465.7114	0	52448.2021	0
2334	572	-465.7114	0	52448.2036	0
2335	572	-465.7116	0	52448.2049	0
2336	572	-465.7116	0	52448.2045	0
2337	572	-465.7115	0	52448.2059	0
2338	572	-465.7115	0	52448.2087	0
2339	572	-465.7113	0	52448.2113	0
2340	572	-465.7111	0	52448.2106	0
2341	572	-465.7110	0	52448.2111	0
2342	572	-465.7111	0	52448.2112	0
2343	572	-465.7112	0	52448.2127	0
2344	572	-465.7112	0	52448.2171	0
2345	572	-465.7113	0	52448.2172	0
2346	572	-465.7113	0	52448.2187	0
2347	572	-465.7113	0	52448.2215	0
2348	572	-465.7111	0	52448.2247	0
2349	572	-465.7109	0	52448.2266	0
2350	572	-465.7105	0	52448.2280	0
2351	572	-465.7103	0	52448.2277	0
2352	572	-465.7104	0	52448.2283	0
2353	572	-465.7103	0	52448.2314	0
2354	572	-465.7103	0	52448.2355	0
2355	572	-465.7104	0	52448.2369	0
2356	572	-465.7103	0	52448.2367	0
2357	572	-465.7103	0	52448.2373	0
2358	572	-465.7101	0	52448.2396	0
2359	572	-465.7099	0	52448.2425	0
2360	572	-465.7097	0	52448.2429	0
2361	572	-465.7094	0	52448.2429	0
2362	572	-465.7093	0	52448.2443	0
2363	572	-465.7093	0	52448.2476	0
2364	572	-465.7093	0	52448.2515	0
2365	572	-465.7094	0	52448.2523	0
2366	572	-465.7093	0	52448.2532	0
2367	572	-465.7093	0	52448.2548	0
2368	572	-465.7091	0	52448.2574	0
2369	572	-465.7090	0	52448.2590	0
2370	572	-465.7090	0	52448.2602	0
2371	572	-465.7089	0	52448.2599	0
2372	572	-465.7089	0	52448.2631	0
2373	572	-465.7089	0	52448.2668	0
2374	572	-465.7089	0	52448.2721	0
2375	572	-465.7089	0	52448.2740	0
2376	572	-465.7091	0	52448.2740	0
2377	572	-465.7092	0	52448.2758	0
2378	572	-465.7091	0	52448.2783	0
2379	572	-465.7090	0	52448.2817	0
2380	572	-465.7087	0	52448.2823	0
2381	572	-465.7083	0	52448.2805	0
2382	572	-465.7081	0	52448.2785	0
2383	572	-465.7080	0	52448.2803	0
2384	572	-465.7079	0	52448.2821	0
2385	572	-465.7082	0	52448.2840	0
2386	572	-465.7087	0	52448.2828	0
2387	572	-465.7092	0	52448.2817	0
2388	572	-465.7094	0	52448.2824	0
2389	572	-465.7093	0	52448.2846	0
2390	572	-465.7093	0	52448.2866	0
2391	572	-465.7092	0	52448.2854	0
2392	572	-465.7093	0	52448.2874	0
2393	572	-465.7095	0	52448.2893	0
2394	572	-465.7095	0	52448.2894	0
2395	572	-465.7097	0	52448.2900	0
2396	572	-465.7098	0	52448.2926	0
2397	572	-465.7099	0	52448.2953	0
2398	572	-465.7097	0	52448.2969	0
2399	572	-465.7096	0	52448.3021	0
2400	572	-465.7094	0	52448.3062	0
2401	572	-465.7091	0	52448.3067	0
2402	572	-465.7092	0	52448.3112	0
2403	572	-465.7093	0	52448.3113	0
2404	572	-465.7093	0	52448.3117	0
2405	572	-465.7093	0	52448.3124	0
2406	572	-465.7094	0	52448.3159	0
2407	572	-465.7093	0	52448.3155	0
2408	572	-465.7091	0	52448.3164	0
2409	572	-465.7087	0	52448.3189	0
2410	572	-465.7082	0	52448.3203	0
2411	572	-465.7078	0	52448.3207	0
2412	572	-465.7077	0	52448.3192	0
2413	572	-465.7079	0	52448.3208	0
2414	572	-465.7081	0	52448.3219	0
2415	572	-465.7086	0	52448.3228	0
2416	572	-465.7089	0	52448.3252	0
2417	572	-465.7091	0	52448.3266	0
2418	572	-465.7091	0	52448.3281	0
2419	572	-465.7090	0	52448.3318	0
2420	572	-465.7088	0	52448.3346	0
2421	572	-465.7086	0	52448.3351	0
2422	572	-465.7087	0	52448.3368	0
2423	572	-465.7089	0	52448.3384	0
2424	572	-465.7089	0	52448.3389	0
2425	572	-465.7089	0	52448.3401	0
2426	572	-465.7090	0	52448.3414	0
2427	572	-465.7091	0	52448.3454	0
2428	572	-465.7092	0	52448.3497	0
2429	572	-465.7091	0	52448.3531	0
2430	572	-465.7088	0	52448.3549	0
2431	572	-465.7087	0	52448.3582	0
2432	572	-465.7086	0	52448.3594	0
2433	572	-465.7087	0	52448.3603	0
2434	572	-465.7089	0	52448.3592	0
2435	572	-465.7092	0	52448.3591	0
2436	572	-465.7097	0	52448.3599	0
2437	572	-465.7102	0	52448.3625	0
2438	572	-465.7105	0	52448.3643	0
2439	572	-465.7107	0	52448.3672	0
2440	572	-465.7107	0	52448.3686	0
2441	572	-465.7104	0	52448.3692	0
2442	572	-465.7104	0	52448.3697	0
2443	572	-465.7105	0	52448.3699	0
2444	572	-465.7106	0	52448.3686	0
2445	572	-465.7106	0	52448.3689	0
2446	572	-465.7109	0	52448.3699	0
2447	572	-465.7114	0	52448.3724	0
2448	572	-465.7116	0	52448.3746	0
2449	572	-465.7117	0	52448.3780	0
2450	572	-465.7115	0	52448.3842	0
2451	572	-465.7113	0	52448.3882	0
2452	572	-465.7111	0	52448.3900	0
2453	572	-465.7111	0	52448.3891	0
2454	572	-465.7109	0	52448.3866	0
2455	572	-465.7108	0	52448.3868	0
2456	572	-465.7108	0	52448.3876	0
2457	572	-465.7108	0	52448.3891	0
2458	572	-465.7111	0	52448.3929	0
2459	572	-465.7110	0	52448.3943	0
2460	572	-465.7108	0	52448.3963	0
2461	572	-465.7105	0	52448.4006	0
2462	572	-465.7103	0	52448.4010	0
2463	572	-465.7098	0	52448.3972	0
2464	572	-465.7097	0	52448.3948	0
2465	572	-465.7096	0	52448.3959	0
2466	572	-465.7097	0	52448.3998	0
2467	572	-465.7098	0	52448.4001	0
2468	572	-465.7099	0	52448.4044	0
2469	572	-465.7101	0	52448.4090	0
2470	572	-465.7100	0	52448.4125	0
2471	572	-465.7099	0	52448.4145	0
2472	572	-465.7097	0	52448.4137	0
2473	572	-465.7095	0	52448.4104	0
2474	572	-465.7096	0	52448.4086	0
2475	572	-465.7096	0	52448.4095	0
2476	572	-465.7095	0	52448.4132	0
2477	572	-465.7097	0	52448.4149	0
2478	572	-465.7098	0	52448.4169	0
2479	572	-465.7099	0	52448.4194	0
2480	572	-465.7098	0	52448.4203	0
2481	572	-465.7098	0	52448.4217	0
2482	572	-465.7095	0	52448.4239	0
2483	572	-465.7094	0	52448.4233	0
2484	572	-465.7093	0	52448.4216	0
2485	572	-465.7092	0	52448.4202	0
2486	572	-465.7091	0	52448.4221	0
2487	572	-465.7091	0	52448.4246	0
2488	572	-465.7093	0	52448.4272	0
2489	572	-465.7095	0	52448.4285	0
2490	572	-465.7094	0	52448.4300	0
2491	572	-465.7090	0	52448.4308	0
2492	572	-465.7089	0	52448.4318	0
2493	572	-465.7088	0	52448.4325	0
2494	572	-465.7087	0	52448.4337	0
2495	572	-465.7088	0	52448.4341	0
2496	572	-465.7089	0	52448.4355	0
2497	572	-465.7088	0	52448.4384	0
2498	572	-465.7089	0	52448.4404	0
2499	572	-465.7091	0	52448.4423	0
2500	572	-465.7092	0	52448.4433	0
2501	572	-465.7092	0	52448.4443	0
2502	572	-465.7090	0	52448.4475	0
2503	572	-465.7087	0	52448.4496	0
2504	572	-465.7085	0	52448.4509	0
2505	572	-465.7083	0	52448.4520	0
2506	572	-465.7083	0	52448.4529	0
2507	572	-465.7083	0	52448.4551	0
2508	572	-465.7083	0	52448.4576	0
2509	572	-465.7085	0	52448.4591	0
2510	572	-465.7088	0	52448.4605	0
2511	572	-465.7089	0	52448.4606	0
2512	572	-465.7087	0	52448.4627	0
2513	572	-465.7084	0	52448.4649	0
2514	572	-465.7079	0	52448.4677	0
2515	572	-465.7076	0	52448.4692	0
2516	572	-465.7074	0	52448.4700	0
2517	572	-465.7074	0	52448.4717	0
2518	572	-465.7073	0	52448.4728	0
2519	572	-465.7074	0	52448.4742	0
2520	572	-465.7077	0	52448.4755	0
2521	572	-465.7078	0	52448.4768	0
2522	572	-465.7076	0	52448.4775	0
2523	572	-465.7072	0	52448.4793	0
2524	572	-465.7070	0	52448.4818	0
2525	572	-465.7069	0	52448.4822	0
2526	572	-465.7070	0	52448.4828	0
2527	572	-465.7070	0	52448.4848	0
2528	572	-465.7069	0	52448.4860	0
2529	572	-465.7070	0	52448.4887	0
2530	572	-465.7073	0	52448.4904	0
2531	572	-465.7074	0	52448.4907	0
2532	572	-465.7074	0	52448.4903	0
2533	572	-465.7073	0	52448.4916	0
2534	572	-465.7071	0	52448.4940	0
2535	572	-465.7068	0	52448.4971	0
2536	572	-465.7069	0	52448.4989	0
2537	572	-465.7068	0	52448.4996	0
2538	572	-465.7068	0	52448.5012	0
2539	572	-465.7068	0	52448.5036	0
2540	572	-465.7068	0	52448.5054	0
2541	572	-465.7069	0	52448.5064	0
2542	572	-465.7069	0	52448.5063	0
2543	572	-465.7069	0	52448.5074	0
2544	572	-465.7067	0	52448.5089	0
2545	572	-465.7064	0	52448.5114	0
2546	572	-465.7060	0	52448.5128	0
2547	572	-465.7058	0	52448.5135	0
2548	572	-465.7057	0	52448.5154	0
2549	572	-465.7057	0	52448.5181	0
2550	572	-465.7056	0	52448.5200	0
2551	572	-465.7057	0	52448.5220	0
2552	572	-465.7059	0	52448.5229	0
2553	572	-465.7056	0	52448.5238	0
2554	572	-465.7051	0	52448.5245	0
2555	572	-465.7048	0	52448.5264	0
2556	572	-465.7047	0	52448.5277	0
2557	572	-465.7047	0	52448.5293	0
2558	572	-465.7047	0	52448.5301	0
2559	572	-465.7048	0	52448.5309	0
2560	572	-465.7049	0	52448.5327	0
2561	572	-465.7051	0	52448.5349	0
2562	572	-465.7054	0	52448.5362	0
2563	572	-465.7055	0	52448.5369	0
2564	572	-465.7055	0	52448.5380	0
2565	572	-465.7053	0	52448.5403	0
2566	572	-465.7051	0	52448.5428	0
2567	572	-465.7048	0	52448.5444	0
2568	572	-465.7045	0	52448.5446	0
2569	572	-465.7046	0	52448.5450	0
2570	572	-465.7048	0	52448.5467	0
2571	572	-465.7050	0	52448.5489	0
2572	572	-465.7052	0	52448.5503	0
2573	572	-465.7053	0	52448.5509	0
2574	572	-465.7052	0	52448.5519	0
2575	572	-465.7051	0	52448.5543	0
2576	572	-465.7048	0	52448.5570	0
2577	572	-465.7044	0	52448.5588	0
2578	572	-465.7042	0	52448.5595	0
2579	572	-465.7041	0	52448.5600	0
2580	572	-465.7041	0	52448.5621	0
2581	572	-465.7042	0	52448.5646	0
2582	572	-465.7044	0	52448.5666	0
2583	572	-465.7045	0	52448.5672	0
2584	572	-465.7045	0	52448.5679	0
2585	572	-465.7044	0	52448.5697	0
2586	572	-465.7041	0	52448.5720	0
2587	572	-465.7038	0	52448.5742	0
2588	572	-465.7034	0	52448.5754	0
2589	572	-465.7033	0	52448.5758	0
2590	572	-465.7034	0	52448.5773	0
2591	572	-465.7034	0	52448.5792	0
2592	572	-465.7035	0	52448.5814	0
2593	572	-465.7036	0	52448.5826	0
2594	572	-465.7037	0	52448.5832	0
2595	572	-465.7035	0	52448.5851	0
2596	572	-465.7033	0	52448.5871	0
2597	572	-465.7030	0	52448.5894	0
2598	572	-465.7026	0	52448.5906	0
2599	572	-465.7022	0	52448.5911	0
2600	572	-465.7022	0	52448.5920	0
2601	572	-465.7022	0	52448.5934	0
2602	572	-465.7023	0	52448.5955	0
2603	572	-465.7025	0	52448.5971	0
2604	572	-465.7026	0	52448.5978	0
2605	572	-465.7025	0	52448.5984	0
2606	572	-465.7022	0	52448.6002	0
2607	572	-465.7019	0	52448.6022	0
2608	572	-465.7016	0	52448.6042	0
2609	572	-465.7013	0	52448.6051	0
2610	572	-465.7011	0	52448.6056	0
2611	572	-465.7011	0	52448.6073	0
2612	572	-465.7011	0	52448.6091	0
2613	572	-465.7012	0	52448.6114	0
2614	572	-465.7013	0	52448.6127	0
2615	572	-465.7012	0	52448.6133	0
2616	572	-465.7011	0	52448.6147	0
2617	572	-465.7010	0	52448.6166	0
2618	572	-465.7008	0	52448.6185	0
2619	572	-465.7005	0	52448.6200	0
2620	572	-465.7000	0	52448.6207	0
2621	572	-465.6994	0	52448.6217	0
2622	572	-465.6989	0	52448.6239	0
2623	572	-465.6983	0	52448.6260	0
2624	572	-465.6979	0	52448.6278	0
2625	572	-465.6974	0	52448.6287	0
2626	572	-465.6970	0	52448.6293	0
2627	572	-465.6966	0	52448.6300	0
2628	572	-465.6960	0	52448.6309	0
2629	572	-465.6957	0	52448.6317	0
2630	572	-465.6951	0	52448.6321	0
2631	572	-465.6943	0	52448.6324	0
2632	572	-465.6939	0	52448.6336	0
2633	572	-465.6935	0	52448.6351	0
2634	572	-465.6932	0	52448.6370	0
2635	572	-465.6929	0	52448.6382	0
2636	572	-465.6926	0	52448.6386	0
2637	572	-465.6921	0	52448.6390	0
2638	572	-465.6914	0	52448.6396	0
2639	572	-465.6909	0	52448.6407	0
2640	572	-465.6904	0	52448.6412	0
2641	572	-465.6899	0	52448.6412	0
2642	572	-465.6895	0	52448.6413	0
2643	572	-465.6891	0	52448.6426	0
2644	572	-465.6885	0	52448.6440	0
2645	572	-465.6880	0	52448.6457	0
2646	572	-465.6876	0	52448.6469	0
2647	572	-465.6872	0	52448.6475	0
2648	572	-465.6866	0	52448.6481	0
2649	572	-465.6857	0	52448.6497	0
2650	572	-465.6849	0	52448.6516	0
2651	572	-465.6844	0	52448.6530	0
2652	572	-465.6838	0	52448.6537	0
2653	572	-465.6832	0	52448.6542	0
2654	572	-465.6826	0	52448.6564	0
2655	572	-465.6819	0	52448.6582	0
2656	572	-465.6814	0	52448.6604	0
2657	572	-465.6807	0	52448.6613	0
2658	572	-465.6800	0	52448.6618	0
2659	572	-465.6790	0	52448.6625	0
2660	572	-465.6775	0	52448.6641	0
2661	572	-465.6770	0	52448.6658	0
2662	572	-465.6767	0	52448.6668	0
2663	572	-465.6760	0	52448.6672	0
2664	572	-465.6755	0	52448.6683	0
2665	572	-465.6749	0	52448.6701	0
2666	572	-465.6743	0	52448.6719	0
2667	572	-465.6737	0	52448.6735	0
2668	572	-465.6727	0	52448.6745	0
2669	572	-465.6720	0	52448.6751	0
2670	572	-465.6714	0	52448.6762	0
2671	572	-465.6708	0	52448.6775	0
2672	572	-465.6706	0	52448.6794	0
2673	572	-465.6702	0	52448.6807	0
2674	572	-465.6693	0	52448.6815	0
2675	572	-465.6684	0	52448.6828	0
2676	572	-465.6675	0	52448.6837	0
2677	572	-465.6667	0	52448.6846	0
2678	572	-465.6660	0	52448.6853	0
2679	572	-465.6654	0	52448.6858	0
2680	572	-465.6654	0	52448.6861	0
2681	572	-465.6650	0	52448.6868	0
2682	572	-465.6641	0	52448.6877	0
2683	572	-465.6633	0	52448.6881	0
2684	572	-465.6624	0	52448.6882	0
2685	572	-465.6607	0	52448.6885	0
2686	572	-465.6588	0	52448.6892	0
2687	572	-465.6574	0	52448.6902	0
2688	572	-465.6561	0	52448.6911	0
2689	572	-465.6553	0	52448.6917	0
2690	572	-465.6552	0	52448.6921	0
2691	572	-465.6546	0	52448.6927	0
2692	572	-465.6534	0	52448.6938	0
2693	572	-465.6523	0	52448.6947	0
2694	572	-465.6513	0	52448.6954	0
2695	572	-465.6500	0	52448.6959	0
2696	572	-465.6481	0	52448.6968	0
2697	572	-465.6470	0	52448.6978	0
2698	572	-465.6456	0	52448.6988	0
2699	572	-465.6447	0	52448.6997	0
2700	572	-465.6443	0	52448.7002	0
2701	572	-465.6442	0	52448.7010	0
2702	572	-465.6435	0	52448.7021	0
2703	572	-465.6418	0	52448.7035	0
2704	572	-465.6403	0	52448.7043	0
2705	572	-465.6389	0	52448.7049	0
2706	572	-465.6373	0	52448.7054	0
2707	572	-465.6357	0	52448.7066	0
2708	572	-465.6344	0	52448.7078	0
2709	572	-465.6336	0	52448.7088	0
2710	572	-465.6335	0	52448.7094	0
