2208	591	-465.7679	0	52447.7142	0
2209	591	-465.7681	0	52447.7119	0
2210	591	-465.7684	0	52447.7054	0
2211	591	-465.7685	0	52447.7005	0
2212	591	-465.7681	0	52447.6990	0
2214	591	-465.7676	0	52447.6957	0
2215	591	-465.7674	0	52447.6929	0
2216	591	-465.7666	0	52447.6972	0
2217	591	-465.7660	0	52447.6987	0
2218	591	-465.7657	0	52447.6966	0
2219	591	-465.7648	0	52447.6983	0
2220	591	-465.7642	0	52447.7016	0
2221	591	-465.7638	0	52447.7027	0
2222	591	-465.7631	0	52447.7056	0
2223	591	-465.7629	0	52447.7041	0
2224	591	-465.7634	0	52447.6985	0
2225	591	-465.7634	0	52447.6964	0
2226	591	-465.7629	0	52447.6980	0
2227	591	-465.7622	0	52447.6986	0
2228	591	-465.7621	0	52447.6988	0
