2213	592	-450.0980	0	52618.0858	0
2214	592	-450.1925	0	52618.0173	0
2215	592	-450.2643	0	52617.9669	0
2216	592	-450.3726	0	52617.9147	0
2217	592	-450.4793	0	52617.8453	0
2218	592	-450.5980	0	52617.7588	0
2219	592	-450.6959	0	52617.6692	0
2220	592	-450.7684	0	52617.5936	0
2221	592	-450.8062	0	52617.5404	0
2222	592	-450.8736	0	52617.4587	0
2223	592	-450.9374	0	52617.3716	0
2224	592	-450.9922	0	52617.2920	0
2225	592	-451.0098	0	52617.2428	0
2226	592	-451.0235	0	52617.1955	0
2227	592	-451.0386	0	52617.1388	0
2228	592	-451.0691	0	52617.0616	0
2229	592	-451.0920	0	52616.9824	0
2230	592	-451.0827	0	52616.9250	0
2231	592	-451.0734	0	52616.8748	0
2232	592	-451.0649	0	52616.8224	0
2233	592	-451.0745	0	52616.7464	0
2234	592	-451.0861	0	52616.6661	0
2235	592	-451.0788	0	52616.6168	0
2236	592	-451.0699	0	52616.5793	0
2237	592	-451.0783	0	52616.5287	0
2238	592	-451.0953	0	52616.4618	0
2239	592	-451.1007	0	52616.3897	0
2240	592	-451.0862	0	52616.3279	0
2241	592	-451.0594	0	52616.2921	0
2242	592	-451.0406	0	52616.2595	0
2243	592	-451.0359	0	52616.2049	0
2244	592	-451.0433	0	52616.1183	0
2245	592	-451.0363	0	52616.0542	0
2246	592	-451.0149	0	52616.0334	0
2247	592	-451.0079	0	52615.9826	0
2248	592	-451.0077	0	52615.9305	0
2249	592	-451.0121	0	52615.8317	0
2250	592	-450.9939	0	52615.7631	0
2251	592	-450.9654	0	52615.7351	0
2252	592	-450.9333	0	52615.6767	0
2253	592	-450.9085	0	52615.5269	0
2254	592	-450.8929	0	52615.3245	0
2255	592	-450.8875	0	52615.1548	0
2256	592	-450.8723	0	52615.1143	0
2257	592	-450.8701	0	52615.0766	0
2258	592	-450.8813	0	52614.9095	0
2259	592	-450.8956	0	52614.6748	0
2260	592	-450.9042	0	52614.5208	0
2261	592	-450.8926	0	52614.4210	0
2262	592	-450.8793	0	52614.3681	0
2263	592	-450.8613	0	52614.2777	0
2264	592	-450.8399	0	52614.0729	0
2265	592	-450.8322	0	52613.8828	0
2266	592	-450.8347	0	52613.7714	0
2267	592	-450.8344	0	52613.7272	0
2268	592	-450.8431	0	52613.6404	0
2269	592	-450.8563	0	52613.4753	0
2270	592	-450.8835	0	52613.2524	0
2271	592	-450.8762	0	52613.1440	0
2272	592	-450.8612	0	52613.0865	0
2273	592	-450.8321	0	52613.0489	0
2274	592	-450.7985	0	52612.8666	0
2275	592	-450.7870	0	52612.6621	0
2276	592	-450.7833	0	52612.5404	0
2277	592	-450.7700	0	52612.4676	0
2278	592	-450.7608	0	52612.3955	0
2279	592	-450.7578	0	52612.2627	0
2280	592	-450.7617	0	52612.0433	0
2281	592	-450.7626	0	52611.8857	0
2282	592	-450.7486	0	52611.8068	0
2283	592	-450.7219	0	52611.7400	0
2284	592	-450.7059	0	52611.6399	0
2285	592	-450.7018	0	52611.4598	0
2286	592	-450.7206	0	52611.2825	0
2287	592	-450.7379	0	52611.1728	0
2288	592	-450.7501	0	52611.1174	0
2289	592	-450.7870	0	52611.0028	0
2290	592	-450.8141	0	52610.8368	0
2291	592	-450.8528	0	52610.6875	0
2292	592	-450.8686	0	52610.5969	0
2293	592	-450.8711	0	52610.5385	0
2294	592	-450.8748	0	52610.4610	0
2295	592	-450.8809	0	52610.3348	0
2296	592	-450.8828	0	52610.1270	0
2297	592	-450.9154	0	52609.9445	0
2298	592	-450.9368	0	52609.8697	0
2299	592	-450.9561	0	52609.8246	0
2300	592	-450.9857	0	52609.6822	0
2301	592	-451.0241	0	52609.4996	0
2302	592	-451.0653	0	52609.3561	0
2303	592	-451.0787	0	52609.2741	0
2304	592	-451.0943	0	52609.2142	0
2305	592	-451.1213	0	52609.1157	0
2306	592	-451.1447	0	52608.9003	0
2307	592	-451.1788	0	52608.7163	0
2308	592	-451.2075	0	52608.6039	0
2309	592	-451.2382	0	52608.5532	0
2310	592	-451.2812	0	52608.4532	0
2311	592	-451.3253	0	52608.2741	0
2312	592	-451.3718	0	52608.1234	0
2313	592	-451.4010	0	52608.0342	0
2314	592	-451.4176	0	52607.9802	0
2315	592	-451.4306	0	52607.9398	0
2316	592	-451.4483	0	52607.8043	0
2317	592	-451.4747	0	52607.5788	0
2318	592	-451.5017	0	52607.4327	0
2319	592	-451.5234	0	52607.3298	0
2320	592	-451.5373	0	52607.2829	0
2321	592	-451.5684	0	52607.1765	0
2322	592	-451.6100	0	52606.9535	0
2323	592	-451.6436	0	52606.8183	0
2324	592	-451.6651	0	52606.7042	0
2325	592	-451.6764	0	52606.6387	0
2326	592	-451.6887	0	52606.5911	0
2327	592	-451.7144	0	52606.3700	0
2328	592	-451.7349	0	52606.1634	0
2329	592	-451.7588	0	52606.0469	0
2330	592	-451.7813	0	52605.9639	0
2331	592	-451.7937	0	52605.9092	0
2332	592	-451.8266	0	52605.7322	0
2333	592	-451.8609	0	52605.5508	0
2334	592	-451.8717	0	52605.4287	0
2335	592	-451.8553	0	52605.3600	0
2336	592	-451.8391	0	52605.2958	0
2337	592	-451.8359	0	52605.2014	0
2338	592	-451.8247	0	52604.9736	0
2339	592	-451.8293	0	52604.7983	0
2340	592	-451.8381	0	52604.7214	0
2341	592	-451.8396	0	52604.6980	0
2342	592	-451.8386	0	52604.6634	0
2343	592	-451.8606	0	52604.4321	0
2344	592	-451.8793	0	52604.2511	0
2345	592	-451.8903	0	52604.1070	0
2346	592	-451.8923	0	52604.0251	0
2347	592	-451.8909	0	52603.9830	0
2348	592	-451.8842	0	52603.8248	0
2349	592	-451.9114	0	52603.6499	0
2350	592	-451.9400	0	52603.5368	0
2351	592	-451.9665	0	52603.4300	0
2352	592	-451.9909	0	52603.3592	0
2353	592	-452.0262	0	52603.1807	0
2354	592	-452.0595	0	52603.0110	0
2355	592	-452.0890	0	52602.8988	0
2356	592	-452.1092	0	52602.7896	0
2357	592	-452.1108	0	52602.7542	0
2358	592	-452.1223	0	52602.6736	0
2359	592	-452.1480	0	52602.4483	0
2360	592	-452.1796	0	52602.3107	0
2361	592	-452.1820	0	52602.1728	0
2362	592	-452.1876	0	52602.0704	0
2363	592	-452.2478	0	52601.7879	0
2364	592	-452.3454	0	52601.3739	0
2365	592	-452.3893	0	52601.2193	0
2366	592	-452.3787	0	52601.2871	0
2367	592	-452.3772	0	52601.3206	0
2368	592	-452.3885	0	52601.3581	0
2369	592	-452.4033	0	52601.2582	0
2370	592	-452.4391	0	52601.0646	0
2371	592	-452.4842	0	52600.9337	0
2372	592	-452.5205	0	52600.8076	0
2373	592	-452.5496	0	52600.7432	0
2374	592	-452.5800	0	52600.6824	0
2375	592	-452.6287	0	52600.5391	0
2376	592	-452.6608	0	52600.4061	0
2377	592	-452.6773	0	52600.2983	0
2378	592	-452.6812	0	52600.2416	0
2379	592	-452.6744	0	52600.2050	0
2380	592	-452.6868	0	52600.0056	0
2381	592	-452.7207	0	52599.8467	0
2382	592	-452.7537	0	52599.6837	0
2383	592	-452.7695	0	52599.6264	0
2384	592	-452.8057	0	52599.5425	0
2385	592	-452.8721	0	52599.4029	0
2386	592	-452.9357	0	52599.1973	0
2387	592	-452.9868	0	52599.0561	0
2388	592	-453.0006	0	52599.0085	0
2389	592	-453.0251	0	52598.9272	0
2390	592	-453.0725	0	52598.7634	0
2391	592	-453.1135	0	52598.5211	0
2392	592	-453.1363	0	52598.3659	0
2393	592	-453.1424	0	52598.2891	0
2394	592	-453.1403	0	52598.2897	0
2395	592	-453.1588	0	52598.2236	0
2396	592	-453.1927	0	52597.9904	0
2397	592	-453.2203	0	52597.8103	0
2398	592	-453.2389	0	52597.6749	0
2399	592	-453.2441	0	52597.6529	0
2400	592	-453.2418	0	52597.6020	0
2401	592	-453.2388	0	52597.4433	0
2402	592	-453.2631	0	52597.2875	0
2403	592	-453.2812	0	52597.1838	0
2404	592	-453.2903	0	52597.1491	0
2405	592	-453.3136	0	52597.0655	0
2406	592	-453.3687	0	52596.8844	0
2407	592	-453.4053	0	52596.7696	0
2408	592	-453.4329	0	52596.6542	0
2409	592	-453.4448	0	52596.6150	0
2410	592	-453.4541	0	52596.5785	0
2411	592	-453.4526	0	52596.4417	0
2412	592	-453.4655	0	52596.2901	0
2413	592	-453.4870	0	52596.1837	0
2414	592	-453.5152	0	52596.1465	0
2415	592	-453.5401	0	52596.1359	0
2416	592	-453.5581	0	52596.0571	0
2417	592	-453.5895	0	52595.8183	0
2418	592	-453.6099	0	52595.5970	0
2419	592	-453.6167	0	52595.4640	0
2420	592	-453.6191	0	52595.3374	0
2421	592	-453.6110	0	52595.1852	0
2422	592	-453.5886	0	52595.0520	0
2423	592	-453.5904	0	52594.9225	0
2424	592	-453.5864	0	52594.8793	0
2425	592	-453.5737	0	52594.9511	0
2426	592	-453.5702	0	52594.8724	0
2427	592	-453.5919	0	52594.6764	0
2428	592	-453.6004	0	52594.4652	0
2429	592	-453.5934	0	52594.3322	0
2430	592	-453.5958	0	52594.1711	0
2431	592	-453.5750	0	52594.0880	0
2432	592	-453.5510	0	52594.0039	0
2433	592	-453.5519	0	52593.8000	0
2434	592	-453.5729	0	52593.7868	0
2435	592	-453.5983	0	52593.6962	0
2436	592	-453.6203	0	52593.6952	0
2437	592	-453.6550	0	52593.5793	0
2438	592	-453.6922	0	52593.3580	0
2439	592	-453.7213	0	52593.1254	0
2440	592	-453.7268	0	52592.9202	0
2441	592	-453.7034	0	52592.8490	0
2442	592	-453.6776	0	52592.7670	0
2443	592	-453.6755	0	52592.5215	0
2444	592	-453.6872	0	52592.3059	0
2445	592	-453.6893	0	52592.2944	0
2446	592	-453.6771	0	52592.2016	0
2447	592	-453.6756	0	52592.1075	0
2448	592	-453.6851	0	52591.8824	0
2449	592	-453.6958	0	52591.7042	0
2450	592	-453.6921	0	52591.5119	0
2451	592	-453.6697	0	52591.4454	0
2452	592	-453.6620	0	52591.3268	0
2453	592	-453.6448	0	52591.1884	0
2454	592	-453.6429	0	52590.9720	0
2455	592	-453.6605	0	52590.8961	0
2456	592	-453.6594	0	52590.8042	0
2457	592	-453.6965	0	52590.6710	0
2458	592	-453.7232	0	52590.6250	0
2459	592	-453.7696	0	52590.3700	0
2460	592	-453.7989	0	52590.1368	0
2461	592	-453.8026	0	52590.0541	0
2462	592	-453.8037	0	52590.0301	0
2463	592	-453.7983	0	52589.9553	0
2464	592	-453.8102	0	52589.7164	0
2465	592	-453.8314	0	52589.5212	0
2466	592	-453.8483	0	52589.4541	0
2467	592	-453.8644	0	52589.4328	0
2468	592	-453.8740	0	52589.4302	0
2469	592	-453.9057	0	52589.2874	0
2470	592	-453.9472	0	52589.0157	0
2471	592	-453.9639	0	52588.8424	0
2472	592	-453.9636	0	52588.7444	0
2473	592	-453.9368	0	52588.7153	0
2474	592	-453.9140	0	52588.7103	0
2475	592	-453.9212	0	52588.4468	0
2476	592	-453.9360	0	52588.3135	0
2477	592	-453.9284	0	52588.2677	0
2478	592	-453.9190	0	52588.1788	0
2479	592	-453.9095	0	52588.1511	0
2480	592	-453.9260	0	52587.8736	0
2481	592	-453.9199	0	52587.6933	0
2482	592	-453.8924	0	52587.5137	0
2483	592	-453.8596	0	52587.4522	0
2484	592	-453.8281	0	52587.4350	0
2485	592	-453.7973	0	52587.2345	0
2486	592	-453.7816	0	52587.1234	0
2487	592	-453.7701	0	52587.1278	0
2488	592	-453.7531	0	52587.2129	0
2489	592	-453.7498	0	52587.1706	0
2490	592	-453.7546	0	52586.9966	0
2491	592	-453.7766	0	52586.6863	0
2492	592	-453.7781	0	52586.5333	0
2493	592	-453.7587	0	52586.5231	0
2494	592	-453.7396	0	52586.3993	0
2495	592	-453.7214	0	52586.3574	0
2496	592	-453.7254	0	52586.1786	0
2497	592	-453.7295	0	52586.1147	0
2498	592	-453.7134	0	52586.1359	0
2499	592	-453.7037	0	52586.1076	0
2500	592	-453.7068	0	52586.1003	0
2501	592	-453.7413	0	52585.8465	0
2502	592	-453.7643	0	52585.6229	0
2503	592	-453.7492	0	52585.5440	0
2504	592	-453.7375	0	52585.3889	0
2505	592	-453.7298	0	52585.2903	0
2506	592	-453.7305	0	52585.0822	0
2507	592	-453.7304	0	52585.0085	0
2508	592	-453.7303	0	52584.9413	0
2509	592	-453.7197	0	52585.0094	0
2510	592	-453.7283	0	52584.9064	0
2511	592	-453.7445	0	52584.6483	0
2512	592	-453.7607	0	52584.3711	0
2513	592	-453.7654	0	52584.1351	0
2514	592	-453.7280	0	52584.1452	0
2515	592	-453.6963	0	52584.0634	0
2516	592	-453.6855	0	52583.9905	0
2517	592	-453.6899	0	52583.7825	0
2518	592	-453.6883	0	52583.6628	0
2519	592	-453.6756	0	52583.6687	0
2520	592	-453.6634	0	52583.6302	0
2521	592	-453.6559	0	52583.5731	0
2522	592	-453.6487	0	52583.4153	0
2523	592	-453.6595	0	52583.1205	0
2524	592	-453.6440	0	52582.9664	0
2525	592	-453.6196	0	52582.9626	0
2526	592	-453.5927	0	52582.9193	0
2527	592	-453.6053	0	52582.6155	0
2528	592	-453.6230	0	52582.3574	0
2529	592	-453.6198	0	52582.2660	0
2530	592	-453.6118	0	52582.2360	0
2531	592	-453.6179	0	52582.2811	0
2532	592	-453.6345	0	52582.1037	0
2533	592	-453.6618	0	52581.8396	0
2534	592	-453.6707	0	52581.6442	0
2535	592	-453.6574	0	52581.5755	0
2536	592	-453.6525	0	52581.5049	0
2537	592	-453.6390	0	52581.4336	0
2538	592	-453.6381	0	52581.2578	0
2539	592	-453.6466	0	52581.1435	0
2540	592	-453.6434	0	52581.0019	0
2541	592	-453.6516	0	52581.0067	0
2542	592	-453.6552	0	52581.0114	0
2543	592	-453.6824	0	52580.7577	0
2544	592	-453.7122	0	52580.4525	0
2545	592	-453.7150	0	52580.3434	0
2546	592	-453.7086	0	52580.2550	0
2547	592	-453.6880	0	52580.2275	0
2548	592	-453.6884	0	52580.1152	0
2549	592	-453.7215	0	52579.8603	0
2550	592	-453.7413	0	52579.7142	0
2551	592	-453.7533	0	52579.5542	0
2552	592	-453.7553	0	52579.5560	0
2553	592	-453.7816	0	52579.3404	0
2554	592	-453.8027	0	52579.1517	0
2555	592	-453.8115	0	52578.9193	0
2556	592	-453.8164	0	52578.7798	0
2557	592	-453.8069	0	52578.7335	0
2558	592	-453.8030	0	52578.6661	0
2559	592	-453.8055	0	52578.3615	0
2560	592	-453.8145	0	52578.2513	0
2561	592	-453.8311	0	52578.1000	0
2562	592	-453.8454	0	52578.1058	0
2563	592	-453.8503	0	52577.9980	0
2564	592	-453.8438	0	52577.7881	0
2565	592	-453.8562	0	52577.5371	0
2566	592	-453.8421	0	52577.3897	0
2567	592	-453.8216	0	52577.2200	0
2568	592	-453.8124	0	52577.1636	0
2569	592	-453.8200	0	52576.9678	0
2570	592	-453.8343	0	52576.7782	0
2571	592	-453.8385	0	52576.7127	0
2572	592	-453.8320	0	52576.6925	0
2573	592	-453.8301	0	52576.6914	0
2574	592	-453.8461	0	52576.3910	0
2575	592	-453.8722	0	52576.1563	0
2576	592	-453.8689	0	52576.0749	0
2577	592	-453.8597	0	52575.9249	0
2578	592	-453.8440	0	52575.8741	0
2579	592	-453.8301	0	52575.7980	0
2580	592	-453.8385	0	52575.5856	0
2581	592	-453.8504	0	52575.5735	0
2582	592	-453.8521	0	52575.6360	0
2583	592	-453.8789	0	52575.6023	0
2584	592	-453.9136	0	52575.4670	0
2585	592	-453.9520	0	52575.2912	0
2586	592	-453.9854	0	52575.1651	0
2587	592	-453.9982	0	52575.1222	0
2588	592	-453.9677	0	52575.1740	0
2589	592	-453.9681	0	52575.1340	0
2590	592	-453.9905	0	52574.9282	0
2591	592	-454.0080	0	52574.7230	0
2592	592	-454.0133	0	52574.7144	0
2593	592	-454.0019	0	52574.8464	0
2594	592	-454.0119	0	52574.8336	0
2595	592	-454.0268	0	52574.7013	0
2596	592	-454.0310	0	52574.5906	0
2597	592	-454.0122	0	52574.5495	0
2598	592	-453.9799	0	52574.6691	0
2599	592	-453.9810	0	52574.5857	0
2600	592	-453.9904	0	52574.4923	0
2601	592	-454.0071	0	52574.2613	0
2602	592	-454.0014	0	52574.1760	0
2603	592	-454.0016	0	52574.0804	0
2604	592	-454.0149	0	52573.9791	0
2605	592	-454.0175	0	52573.8789	0
2606	592	-454.0201	0	52573.7097	0
2607	592	-454.0329	0	52573.5136	0
2608	592	-454.0260	0	52573.4428	0
2609	592	-453.9985	0	52573.4897	0
2610	592	-453.9994	0	52573.3054	0
2611	592	-454.0015	0	52573.1032	0
2612	592	-453.9902	0	52573.0313	0
2613	592	-453.9918	0	52572.8693	0
2614	592	-454.0042	0	52572.8121	0
2615	592	-454.0098	0	52572.7264	0
2616	592	-454.0150	0	52572.4870	0
2617	592	-454.0304	0	52572.2605	0
2618	592	-454.0194	0	52572.1797	0
2619	592	-453.9920	0	52572.0841	0
2620	592	-453.9552	0	52571.9809	0
2621	592	-453.9563	0	52571.6592	0
2622	592	-453.9529	0	52571.4710	0
2623	592	-453.9406	0	52571.3310	0
2624	592	-453.9270	0	52571.2121	0
2625	592	-453.9219	0	52571.0995	0
2626	592	-453.9207	0	52570.8418	0
2627	592	-453.9158	0	52570.7506	0
2628	592	-453.8898	0	52570.6459	0
2629	592	-453.8424	0	52570.6883	0
2630	592	-453.8138	0	52570.5602	0
2631	592	-453.8128	0	52570.3672	0
2632	592	-453.7916	0	52570.2227	0
2633	592	-453.7879	0	52570.0982	0
2634	592	-453.7786	0	52570.0574	0
2635	592	-453.7767	0	52570.0470	0
2636	592	-453.8003	0	52569.8190	0
2637	592	-453.8097	0	52569.5828	0
2638	592	-453.8138	0	52569.3443	0
2639	592	-453.8133	0	52569.2573	0
2640	592	-453.7851	0	52569.2315	0
2641	592	-453.7786	0	52568.9919	0
2642	592	-453.7744	0	52568.8284	0
2643	592	-453.7594	0	52568.7718	0
2644	592	-453.7568	0	52568.6768	0
2645	592	-453.7562	0	52568.6457	0
2646	592	-453.7850	0	52568.4004	0
2647	592	-453.8093	0	52568.0718	0
2648	592	-453.8303	0	52567.8706	0
2649	592	-453.8276	0	52567.8009	0
2650	592	-453.8256	0	52567.7002	0
2651	592	-453.8308	0	52567.4212	0
2652	592	-453.8603	0	52567.0735	0
2653	592	-453.8745	0	52566.9472	0
2654	592	-453.8955	0	52566.9083	0
2655	592	-453.9162	0	52566.9829	0
2656	592	-453.9428	0	52566.8496	0
2657	592	-453.9943	0	52566.5524	0
2658	592	-454.0166	0	52566.3629	0
2659	592	-454.0168	0	52566.2940	0
2660	592	-454.0152	0	52566.1925	0
2661	592	-454.0219	0	52565.9849	0
2662	592	-454.0397	0	52565.7398	0
2663	592	-454.0641	0	52565.4810	0
2664	592	-454.0931	0	52565.3003	0
2665	592	-454.1184	0	52565.2404	0
2666	592	-454.1835	0	52564.9609	0
2667	592	-454.2233	0	52564.6831	0
2668	592	-454.2653	0	52564.4957	0
2669	592	-454.2782	0	52564.4316	0
2670	592	-454.2838	0	52564.3258	0
2671	592	-454.2824	0	52564.3819	0
2672	592	-454.3148	0	52564.1408	0
2673	592	-454.3415	0	52563.9621	0
2674	592	-454.3699	0	52563.7197	0
2675	592	-454.4065	0	52563.6333	0
2676	592	-454.4210	0	52563.6072	0
2677	592	-454.4552	0	52563.4198	0
2678	592	-454.4837	0	52563.1684	0
2679	592	-454.4946	0	52562.9853	0
2680	592	-454.4811	0	52563.0177	0
2681	592	-454.4648	0	52562.9405	0
2682	592	-454.4600	0	52562.7288	0
2683	592	-454.4583	0	52562.5596	0
2684	592	-454.4690	0	52562.4063	0
2685	592	-454.4607	0	52562.2581	0
2686	592	-454.4605	0	52562.1128	0
2687	592	-454.4618	0	52561.9651	0
2688	592	-454.4724	0	52561.8214	0
2689	592	-454.4882	0	52561.5763	0
2690	592	-454.4814	0	52561.3914	0
2691	592	-454.4464	0	52561.4259	0
2692	592	-454.4012	0	52561.4449	0
2693	592	-454.4044	0	52561.0615	0
2694	592	-454.4038	0	52560.8228	0
2695	592	-454.3876	0	52560.7379	0
2696	592	-454.3805	0	52560.8119	0
2697	592	-454.3639	0	52560.8454	0
2698	592	-454.3765	0	52560.5645	0
2699	592	-454.3815	0	52560.3589	0
2700	592	-454.3681	0	52560.2867	0
2701	592	-454.3519	0	52560.1635	0
2702	592	-454.3351	0	52560.0204	0
2703	592	-454.3258	0	52559.8683	0
2704	592	-454.3393	0	52559.5101	0
2705	592	-454.3350	0	52559.3792	0
2706	592	-454.3387	0	52559.2303	0
2707	592	-454.3530	0	52559.0760	0
2708	592	-454.3636	0	52558.8142	0
2709	592	-454.3631	0	52558.7222	0
2710	592	-454.3512	0	52558.5866	0
2711	592	-454.3311	0	52558.5417	0
2712	592	-454.3096	0	52558.4254	0
2713	592	-454.3033	0	52558.1708	0
2714	592	-454.3146	0	52557.8654	0
2715	592	-454.3166	0	52557.6506	0
2716	592	-454.3207	0	52557.5743	0
2717	592	-454.3098	0	52557.4415	0
2718	592	-454.3052	0	52557.3991	0
2719	592	-454.3352	0	52557.0595	0
2720	592	-454.3302	0	52556.9362	0
2721	592	-454.3109	0	52557.0089	0
2722	592	-454.2768	0	52556.9307	0
2723	592	-454.2687	0	52556.7945	0
2724	592	-454.2852	0	52556.2995	0
2725	592	-454.3081	0	52556.0044	0
2726	592	-454.3066	0	52556.0137	0
2727	592	-454.3131	0	52556.0238	0
2728	592	-454.3194	0	52555.9242	0
2729	592	-454.3543	0	52555.5468	0
2730	592	-454.3712	0	52555.2952	0
2731	592	-454.3751	0	52555.2072	0
2732	592	-454.3776	0	52554.9498	0
2733	592	-454.3756	0	52554.7392	0
2734	592	-454.3781	0	52554.4316	0
2735	592	-454.4080	0	52554.0888	0
2736	592	-454.4039	0	52554.0815	0
2737	592	-454.4012	0	52554.2059	0
2738	592	-454.3985	0	52554.2615	0
2739	592	-454.4132	0	52554.0499	0
2740	592	-454.4357	0	52553.6168	0
2741	592	-454.4473	0	52553.3388	0
2742	592	-454.4048	0	52553.4790	0
2743	592	-454.3714	0	52553.6628	0
2744	592	-454.3677	0	52553.3710	0
2745	592	-454.3680	0	52553.1440	0
2746	592	-454.3807	0	52553.0633	0
2747	592	-454.4051	0	52552.9178	0
2748	592	-454.4292	0	52552.7450	0
2749	592	-454.4591	0	52552.5632	0
2750	592	-454.4702	0	52552.5004	0
2751	592	-454.4566	0	52552.6050	0
2752	592	-454.4648	0	52552.6527	0
2753	592	-454.4555	0	52552.6709	0
2754	592	-454.4596	0	52552.4348	0
2755	592	-454.4617	0	52552.2224	0
2756	592	-454.4757	0	52552.2757	0
2757	592	-454.4857	0	52552.1751	0
2758	592	-454.4880	0	52552.2636	0
2759	592	-454.5288	0	52551.9297	0
2760	592	-454.5750	0	52551.6767	0
2761	592	-454.5939	0	52551.4620	0
2762	592	-454.6030	0	52551.3836	0
2763	592	-454.5927	0	52551.2326	0
2764	592	-454.5885	0	52551.1777	0
2765	592	-454.5844	0	52551.0360	0
2766	592	-454.5826	0	52550.8581	0
2767	592	-454.5650	0	52550.7931	0
2768	592	-454.5475	0	52550.7744	0
2769	592	-454.5241	0	52550.8988	0
2770	592	-454.5160	0	52550.8232	0
2771	592	-454.5142	0	52550.7962	0
2772	592	-454.5019	0	52550.6591	0
2773	592	-454.4814	0	52550.6097	0
2774	592	-454.4538	0	52550.5946	0
2775	592	-454.4329	0	52550.4583	0
2776	592	-454.4346	0	52550.1478	0
2777	592	-454.4639	0	52549.9064	0
2778	592	-454.4656	0	52549.8155	0
2779	592	-454.4424	0	52549.7842	0
2780	592	-454.4569	0	52549.6494	0
2781	592	-454.4979	0	52549.3310	0
2782	592	-454.5204	0	52548.9511	0
2783	592	-454.5455	0	52548.6752	0
2784	592	-454.5381	0	52548.5755	0
2785	592	-454.5563	0	52548.2767	0
2786	592	-454.5812	0	52547.8940	0
2787	592	-454.5773	0	52547.7505	0
2788	592	-454.5745	0	52547.8472	0
2789	592	-454.5752	0	52547.8908	0
2790	592	-454.5622	0	52547.9100	0
2791	592	-454.5908	0	52547.6481	0
2792	592	-454.6008	0	52547.5548	0
2793	592	-454.5872	0	52547.6625	0
2794	592	-454.5808	0	52547.5690	0
2795	592	-454.5690	0	52547.2574	0
2796	592	-454.5785	0	52547.0027	0
2797	592	-454.5858	0	52546.6292	0
2798	592	-454.5888	0	52546.4911	0
2799	592	-454.5898	0	52546.4479	0
2800	592	-454.5560	0	52546.5770	0
2801	592	-454.5192	0	52546.7718	0
2802	592	-454.4888	0	52546.7083	0
2803	592	-454.4367	0	52546.9685	0
2804	592	-454.3895	0	52546.9233	0
2805	592	-454.3763	0	52546.6232	0
2806	592	-454.3717	0	52546.3688	0
2807	592	-454.3730	0	52546.1332	0
2808	592	-454.3785	0	52545.9006	0
2809	592	-454.3630	0	52545.8160	0
2810	592	-454.3264	0	52545.6422	0
2811	592	-454.3231	0	52545.4340	0
2812	592	-454.2997	0	52545.2104	0
2813	592	-454.2746	0	52544.9835	0
2814	592	-454.2312	0	52545.0515	0
2815	592	-454.1926	0	52544.9299	0
2816	592	-454.0959	0	52544.5876	0
2817	592	-454.1492	0	52543.7162	0
2818	592	-454.0737	0	52544.1329	0
2819	592	-454.0502	0	52544.4646	0
2820	592	-454.0504	0	52544.1336	0
2821	592	-454.0795	0	52543.7096	0
2822	592	-454.0895	0	52543.2488	0
2823	592	-454.0596	0	52543.0755	0
2824	592	-454.0257	0	52543.0173	0
2825	592	-453.9752	0	52543.0000	0
2826	592	-453.9611	0	52542.5328	0
2827	592	-453.9530	0	52542.2048	0
2828	592	-453.9307	0	52542.0829	0
2829	592	-453.9098	0	52542.0483	0
2830	592	-453.9027	0	52542.0453	0
2831	592	-453.9187	0	52541.7279	0
2832	592	-453.9403	0	52541.2975	0
2833	592	-453.9640	0	52540.9818	0
2834	592	-453.9367	0	52541.0284	0
2835	592	-453.9108	0	52540.8921	0
2836	592	-453.9054	0	52540.5207	0
2837	592	-453.9185	0	52540.0590	0
2838	592	-453.9073	0	52539.8919	0
2839	592	-453.9233	0	52539.6704	0
2840	592	-453.9287	0	52539.5978	0
2841	592	-453.9383	0	52539.2449	0
2842	592	-453.9440	0	52538.7775	0
2843	592	-453.9253	0	52538.7795	0
2844	592	-453.9169	0	52538.7897	0
2845	592	-453.8743	0	52538.9686	0
2846	592	-453.8204	0	52539.0408	0
2847	592	-453.8044	0	52538.7373	0
2848	592	-453.8147	0	52538.4539	0
2849	592	-453.8195	0	52538.1852	0
2850	592	-453.8209	0	52538.0873	0
2851	592	-453.8203	0	52538.0572	0
2852	592	-453.7995	0	52538.0509	0
2853	592	-453.7835	0	52538.0547	0
2854	592	-453.7433	0	52538.0573	0
2855	592	-453.7069	0	52538.2328	0
2856	592	-453.6588	0	52538.2988	0
2857	592	-453.6415	0	52537.9809	0
2858	592	-453.6155	0	52537.5146	0
2859	592	-453.5996	0	52537.1650	0
2860	592	-453.5414	0	52537.2107	0
2861	592	-453.4999	0	52537.4079	0
2862	592	-453.4803	0	52537.3109	0
2863	592	-453.4518	0	52536.9190	0
2864	592	-453.4156	0	52536.7763	0
2865	592	-453.3523	0	52536.7186	0
2866	592	-453.2747	0	52536.8802	0
2867	592	-453.2069	0	52536.7616	0
2868	592	-453.1787	0	52536.3641	0
2869	592	-453.1430	0	52536.0306	0
2870	592	-453.0829	0	52536.0886	0
2871	592	-453.0010	0	52536.4675	0
2872	592	-452.9668	0	52536.0801	0
2873	592	-452.9090	0	52535.5639	0
2874	592	-452.8270	0	52535.5511	0
2875	592	-452.7395	0	52535.7296	0
2876	592	-452.6659	0	52535.4320	0
2877	592	-452.6043	0	52535.3186	0
2878	592	-452.5257	0	52535.0924	0
2879	592	-452.4669	0	52534.8226	0
2880	592	-452.4200	0	52534.5381	0
2881	592	-452.3424	0	52534.2433	0
2882	592	-452.2757	0	52534.3226	0
2883	592	-452.2033	0	52533.9786	0
2884	592	-452.1295	0	52533.4688	0
2885	592	-452.0471	0	52533.4668	0
2886	592	-451.9333	0	52533.8425	0
2887	592	-451.8488	0	52534.1778	0
2888	592	-451.7637	0	52534.4903	0
2889	592	-451.7254	0	52534.2323	0
2890	592	-451.7023	0	52533.9482	0
2891	592	-451.6170	0	52534.2104	0
2892	592	-451.5615	0	52534.4926	0
2893	592	-451.4973	0	52534.5995	0
2894	592	-451.4422	0	52534.0808	0
2895	592	-451.3921	0	52533.6881	0
2896	592	-451.3152	0	52533.5372	0
2897	592	-451.2011	0	52533.6625	0
2898	592	-451.1177	0	52534.2758	0
2899	592	-451.0241	0	52534.4979	0
2900	592	-450.9544	0	52534.2030	0
2901	592	-450.9117	0	52534.0933	0
2902	592	-450.7972	0	52533.8522	0
2903	592	-450.7096	0	52534.1359	0
2904	592	-450.7154	0	52533.4798	0
2905	592	-450.6199	0	52532.8497	0
2906	592	-450.5827	0	52532.6081	0
2907	592	-450.5347	0	52532.7135	0
2908	592	-450.4985	0	52532.9471	0
2909	592	-450.4343	0	52533.6160	0
