2263	600	-465.7117	0	52448.6922	0
2264	600	-465.7156	0	52448.6897	0
2265	600	-465.7186	0	52448.6880	0
2266	600	-465.7212	0	52448.6865	0
2267	600	-465.7240	0	52448.6838	0
2268	600	-465.7260	0	52448.6823	0
2269	600	-465.7284	0	52448.6805	0
2270	600	-465.7312	0	52448.6779	0
2271	600	-465.7336	0	52448.6759	0
2272	600	-465.7347	0	52448.6748	0
2273	600	-465.7359	0	52448.6733	0
2274	600	-465.7372	0	52448.6702	0
2275	600	-465.7376	0	52448.6668	0
2276	600	-465.7393	0	52448.6631	0
2277	600	-465.7413	0	52448.6590	0
2278	600	-465.7420	0	52448.6552	0
2279	600	-465.7429	0	52448.6522	0
2280	600	-465.7442	0	52448.6487	0
2281	600	-465.7454	0	52448.6442	0
2282	600	-465.7461	0	52448.6413	0
2283	600	-465.7482	0	52448.6381	0
2284	600	-465.7498	0	52448.6345	0
2285	600	-465.7509	0	52448.6322	0
2286	600	-465.7530	0	52448.6301	0
2287	600	-465.7553	0	52448.6273	0
2288	600	-465.7573	0	52448.6241	0
2289	600	-465.7590	0	52448.6220	0
2290	600	-465.7612	0	52448.6198	0
2291	600	-465.7624	0	52448.6180	0
2292	600	-465.7639	0	52448.6173	0
2293	600	-465.7650	0	52448.6177	0
