2290	603	-465.7743	0	52448.3661	0
2291	603	-465.7743	0	52448.3661	0
2293	603	-465.7744	0	52448.3612	0
2294	603	-465.7743	0	52448.3608	0
2295	603	-465.7739	0	52448.3612	0
2296	603	-465.7733	0	52448.3610	0
2297	603	-465.7742	0	52448.3547	0
2299	603	-465.7751	0	52448.3499	0
2300	603	-465.7751	0	52448.3486	0
2301	603	-465.7744	0	52448.3491	0
2302	603	-465.7726	0	52448.3547	0
2303	603	-465.7729	0	52448.3505	0
2304	603	-465.7722	0	52448.3515	0
2305	603	-465.7713	0	52448.3519	0
2306	603	-465.7713	0	52448.3492	0
2307	603	-465.7735	0	52448.3399	0
2308	603	-465.7742	0	52448.3364	0
2309	603	-465.7744	0	52448.3346	0
2310	603	-465.7739	0	52448.3370	0
2311	603	-465.7735	0	52448.3370	0
2312	603	-465.7736	0	52448.3356	0
2313	603	-465.7727	0	52448.3381	0
2314	603	-465.7725	0	52448.3371	0
2315	603	-465.7729	0	52448.3342	0
2316	603	-465.7724	0	52448.3343	0
2317	603	-465.7710	0	52448.3394	0
2318	603	-465.7705	0	52448.3409	0
2319	603	-465.7706	0	52448.3399	0
2320	603	-465.7721	0	52448.3328	0
2321	603	-465.7716	0	52448.3343	0
2322	603	-465.7717	0	52448.3330	0
2323	603	-465.7722	0	52448.3304	0
2324	603	-465.7734	0	52448.3248	0
2325	603	-465.7737	0	52448.3217	0
2326	603	-465.7742	0	52448.3190	0
2327	603	-465.7731	0	52448.3217	0
2332	603	-465.7739	0	52448.3130	0
2333	603	-465.7731	0	52448.3153	0
2334	603	-465.7730	0	52448.3121	0
2335	603	-465.7746	0	52448.3036	0
2336	603	-465.7754	0	52448.2994	0
2337	603	-465.7754	0	52448.2973	0
2338	603	-465.7748	0	52448.2989	0
2339	603	-465.7742	0	52448.3002	0
2340	603	-465.7744	0	52448.2984	0
2341	603	-465.7751	0	52448.2949	0
2342	603	-465.7757	0	52448.2908	0
2343	603	-465.7753	0	52448.2910	0
2344	603	-465.7744	0	52448.2936	0
2345	603	-465.7751	0	52448.2886	0
2346	603	-465.7759	0	52448.2833	0
2348	603	-465.7778	0	52448.2731	0
2349	603	-465.7776	0	52448.2716	0
2350	603	-465.7758	0	52448.2787	0
2351	603	-465.7773	0	52448.2699	0
2352	603	-465.7774	0	52448.2693	0
2353	603	-465.7763	0	52448.2730	0
2354	603	-465.7781	0	52448.2622	0
2355	603	-465.7787	0	52448.2569	0
2356	603	-465.7777	0	52448.2595	0
2358	603	-465.7769	0	52448.2601	0
2359	603	-465.7759	0	52448.2633	0
2360	603	-465.7752	0	52448.2645	0
2361	603	-465.7759	0	52448.2589	0
2362	603	-465.7750	0	52448.2615	0
2363	603	-465.7744	0	52448.2632	0
2364	603	-465.7736	0	52448.2639	0
2365	603	-465.7741	0	52448.2587	0
2366	603	-465.7740	0	52448.2582	0
2367	603	-465.7743	0	52448.2560	0
2368	603	-465.7744	0	52448.2552	0
2369	603	-465.7742	0	52448.2557	0
2370	603	-465.7745	0	52448.2552	0
2371	603	-465.7747	0	52448.2537	0
2372	603	-465.7753	0	52448.2504	0
2373	603	-465.7766	0	52448.2437	0
2374	603	-465.7756	0	52448.2473	0
2375	603	-465.7746	0	52448.2502	0
2376	603	-465.7752	0	52448.2465	0
2377	603	-465.7759	0	52448.2424	0
2378	603	-465.7760	0	52448.2416	0
2379	603	-465.7760	0	52448.2406	0
2380	603	-465.7748	0	52448.2452	0
2381	603	-465.7736	0	52448.2499	0
2382	603	-465.7737	0	52448.2494	0
2383	603	-465.7733	0	52448.2492	0
2384	603	-465.7759	0	52448.2354	0
2385	603	-465.7764	0	52448.2319	0
2386	603	-465.7785	0	52448.2212	0
2387	603	-465.7791	0	52448.2200	0
2388	603	-465.7799	0	52448.2152	0
2389	603	-465.7797	0	52448.2172	0
2390	603	-465.7798	0	52448.2158	0
2391	603	-465.7787	0	52448.2229	0
2392	603	-465.7802	0	52448.2142	0
2393	603	-465.7802	0	52448.2126	0
2394	603	-465.7801	0	52448.2114	0
2395	603	-465.7793	0	52448.2133	0
2396	603	-465.7792	0	52448.2125	0
2397	603	-465.7782	0	52448.2170	0
2398	603	-465.7779	0	52448.2172	0
2399	603	-465.7785	0	52448.2141	0
2400	603	-465.7777	0	52448.2169	0
2401	603	-465.7770	0	52448.2188	0
2402	603	-465.7761	0	52448.2226	0
2403	603	-465.7751	0	52448.2247	0
2404	603	-465.7747	0	52448.2239	0
2405	603	-465.7754	0	52448.2190	0
2406	603	-465.7768	0	52448.2110	0
2407	603	-465.7768	0	52448.2104	0
2408	603	-465.7770	0	52448.2086	0
2409	603	-465.7775	0	52448.2049	0
2410	603	-465.7781	0	52448.1996	0
2411	603	-465.7784	0	52448.1960	0
2412	603	-465.7781	0	52448.1963	0
2413	603	-465.7780	0	52448.1949	0
2414	603	-465.7784	0	52448.1928	0
2415	603	-465.7787	0	52448.1913	0
2416	603	-465.7786	0	52448.1916	0
2417	603	-465.7790	0	52448.1893	0
2418	603	-465.7789	0	52448.1893	0
2419	603	-465.7783	0	52448.1919	0
2420	603	-465.7783	0	52448.1904	0
2421	603	-465.7784	0	52448.1883	0
2422	603	-465.7785	0	52448.1866	0
2423	603	-465.7773	0	52448.1920	0
2424	603	-465.7772	0	52448.1923	0
2425	603	-465.7772	0	52448.1924	0
2426	603	-465.7772	0	52448.1925	0
2427	603	-465.7757	0	52448.2000	0
2428	603	-465.7775	0	52448.1908	0
2429	603	-465.7777	0	52448.1886	0
2430	603	-465.7781	0	52448.1852	0
2431	603	-465.7773	0	52448.1890	0
2432	603	-465.7779	0	52448.1837	0
2433	603	-465.7789	0	52448.1776	0
2434	603	-465.7792	0	52448.1770	0
2435	603	-465.7792	0	52448.1785	0
2436	603	-465.7795	0	52448.1783	0
2437	603	-465.7804	0	52448.1740	0
2438	603	-465.7809	0	52448.1715	0
2439	603	-465.7806	0	52448.1732	0
2440	603	-465.7812	0	52448.1696	0
2441	603	-465.7820	0	52448.1647	0
2442	603	-465.7822	0	52448.1621	0
2443	603	-465.7819	0	52448.1611	0
2444	603	-465.7814	0	52448.1626	0
2445	603	-465.7813	0	52448.1624	0
2446	603	-465.7811	0	52448.1624	0
2447	603	-465.7813	0	52448.1606	0
2448	603	-465.7815	0	52448.1600	0
2449	603	-465.7817	0	52448.1589	0
2450	603	-465.7821	0	52448.1567	0
2451	603	-465.7823	0	52448.1559	0
2452	603	-465.7825	0	52448.1529	0
2453	603	-465.7837	0	52448.1463	0
2454	603	-465.7841	0	52448.1438	0
2455	603	-465.7843	0	52448.1429	0
2456	603	-465.7848	0	52448.1399	0
2457	603	-465.7856	0	52448.1350	0
2458	603	-465.7860	0	52448.1331	0
2459	603	-465.7862	0	52448.1306	0
2460	603	-465.7863	0	52448.1288	0
2461	603	-465.7868	0	52448.1252	0
2462	603	-465.7869	0	52448.1229	0
2463	603	-465.7871	0	52448.1212	0
2464	603	-465.7871	0	52448.1206	0
2465	603	-465.7869	0	52448.1205	0
2466	603	-465.7869	0	52448.1185	0
2467	603	-465.7868	0	52448.1168	0
2468	603	-465.7872	0	52448.1142	0
2469	603	-465.7871	0	52448.1133	0
2470	603	-465.7870	0	52448.1141	0
2471	603	-465.7870	0	52448.1134	0
2472	603	-465.7873	0	52448.1122	0
2473	603	-465.7878	0	52448.1108	0
2474	603	-465.7884	0	52448.1093	0
2475	603	-465.7886	0	52448.1088	0
2476	603	-465.7887	0	52448.1076	0
2477	603	-465.7891	0	52448.1051	0
2478	603	-465.7894	0	52448.1032	0
2479	603	-465.7898	0	52448.1004	0
2480	603	-465.7894	0	52448.1015	0
2481	603	-465.7884	0	52448.1030	0
2482	603	-465.7889	0	52448.1005	0
2483	603	-465.7890	0	52448.0996	0
2484	603	-465.7889	0	52448.1003	0
2485	603	-465.7882	0	52448.1017	0
2486	603	-465.7886	0	52448.0990	0
2487	603	-465.7889	0	52448.0960	0
2488	603	-465.7887	0	52448.0948	0
2489	603	-465.7882	0	52448.0966	0
2490	603	-465.7885	0	52448.0919	0
2491	603	-465.7888	0	52448.0879	0
2492	603	-465.7887	0	52448.0865	0
2493	603	-465.7887	0	52448.0849	0
2494	603	-465.7886	0	52448.0843	0
2495	603	-465.7887	0	52448.0809	0
2496	603	-465.7886	0	52448.0807	0
2497	603	-465.7884	0	52448.0796	0
2498	603	-465.7882	0	52448.0781	0
2499	603	-465.7878	0	52448.0776	0
2500	603	-465.7879	0	52448.0752	0
2501	603	-465.7880	0	52448.0720	0
2502	603	-465.7876	0	52448.0720	0
2503	603	-465.7870	0	52448.0732	0
2504	603	-465.7866	0	52448.0726	0
2505	603	-465.7868	0	52448.0701	0
2506	603	-465.7866	0	52448.0680	0
2507	603	-465.7862	0	52448.0684	0
2508	603	-465.7864	0	52448.0651	0
2509	603	-465.7861	0	52448.0628	0
2510	603	-465.7859	0	52448.0607	0
2511	603	-465.7861	0	52448.0565	0
2512	603	-465.7861	0	52448.0549	0
2513	603	-465.7858	0	52448.0556	0
2514	603	-465.7857	0	52448.0535	0
2515	603	-465.7856	0	52448.0528	0
2516	603	-465.7856	0	52448.0501	0
2517	603	-465.7856	0	52448.0492	0
2518	603	-465.7855	0	52448.0489	0
2519	603	-465.7853	0	52448.0476	0
2520	603	-465.7851	0	52448.0460	0
2521	603	-465.7849	0	52448.0454	0
2522	603	-465.7848	0	52448.0452	0
2523	603	-465.7848	0	52448.0440	0
2524	603	-465.7851	0	52448.0411	0
2525	603	-465.7854	0	52448.0388	0
2526	603	-465.7857	0	52448.0355	0
2527	603	-465.7856	0	52448.0343	0
2528	603	-465.7853	0	52448.0339	0
2529	603	-465.7853	0	52448.0313	0
2530	603	-465.7853	0	52448.0291	0
2531	603	-465.7855	0	52448.0270	0
2532	603	-465.7853	0	52448.0276	0
2533	603	-465.7852	0	52448.0266	0
2534	603	-465.7854	0	52448.0250	0
2535	603	-465.7851	0	52448.0244	0
2536	603	-465.7856	0	52448.0190	0
2537	603	-465.7855	0	52448.0184	0
2538	603	-465.7853	0	52448.0156	0
2539	603	-465.7854	0	52448.0119	0
2540	603	-465.7874	0	52447.9972	0
2541	603	-465.7866	0	52447.9994	0
2542	603	-465.7855	0	52448.0047	0
2543	603	-465.7854	0	52448.0041	0
2544	603	-465.7857	0	52448.0026	0
2545	603	-465.7855	0	52448.0021	0
2546	603	-465.7852	0	52448.0019	0
2547	603	-465.7851	0	52448.0006	0
2548	603	-465.7849	0	52447.9973	0
2549	603	-465.7854	0	52447.9906	0
2550	603	-465.7850	0	52447.9923	0
2551	603	-465.7847	0	52447.9930	0
2552	603	-465.7847	0	52447.9934	0
2553	603	-465.7852	0	52447.9894	0
2554	603	-465.7861	0	52447.9837	0
2555	603	-465.7865	0	52447.9802	0
2556	603	-465.7861	0	52447.9789	0
2557	603	-465.7862	0	52447.9771	0
2558	603	-465.7862	0	52447.9750	0
2559	603	-465.7870	0	52447.9685	0
2560	603	-465.7878	0	52447.9632	0
2561	603	-465.7877	0	52447.9642	0
2562	603	-465.7873	0	52447.9676	0
2563	603	-465.7877	0	52447.9646	0
2564	603	-465.7883	0	52447.9605	0
2565	603	-465.7883	0	52447.9606	0
2566	603	-465.7884	0	52447.9608	0
2567	603	-465.7882	0	52447.9624	0
2568	603	-465.7893	0	52447.9570	0
2569	603	-465.7897	0	52447.9551	0
2570	603	-465.7900	0	52447.9544	0
2571	603	-465.7901	0	52447.9573	0
2572	603	-465.7896	0	52447.9629	0
2573	603	-465.7923	0	52447.9468	0
2574	603	-465.7909	0	52447.9557	0
2575	603	-465.7892	0	52447.9668	0
2576	603	-465.7893	0	52447.9681	0
2577	603	-465.7901	0	52447.9612	0
2591	603	-465.7924	0	52447.9486	0
2592	603	-465.7927	0	52447.9466	0
2593	603	-465.7937	0	52447.9428	0
2594	603	-465.7944	0	52447.9399	0
2595	603	-465.7938	0	52447.9451	0
2596	603	-465.7936	0	52447.9471	0
2597	603	-465.7935	0	52447.9479	0
2598	603	-465.7931	0	52447.9482	0
2599	603	-465.7924	0	52447.9529	0
2600	603	-465.7929	0	52447.9500	0
2601	603	-465.7930	0	52447.9520	0
2602	603	-465.7928	0	52447.9543	0
2603	603	-465.7926	0	52447.9598	0
2604	603	-465.7921	0	52447.9617	0
2605	603	-465.7933	0	52447.9515	0
2606	603	-465.7935	0	52447.9524	0
2607	603	-465.7938	0	52447.9528	0
2608	603	-465.7941	0	52447.9530	0
2609	603	-465.7944	0	52447.9484	0
2610	603	-465.7948	0	52447.9483	0
2611	603	-465.7948	0	52447.9467	0
2612	603	-465.7961	0	52447.9447	0
2613	603	-465.7972	0	52447.9424	0
2614	603	-465.7979	0	52447.9385	0
2616	603	-465.7978	0	52447.9404	0
2617	603	-465.7977	0	52447.9393	0
2618	603	-465.7980	0	52447.9374	0
2621	603	-465.7985	0	52447.9365	0
2622	603	-465.7985	0	52447.9382	0
2623	603	-465.7993	0	52447.9341	0
2627	603	-465.7945	0	52447.9647	0
2628	603	-465.7983	0	52447.9434	0
2630	603	-465.8006	0	52447.9305	0
2631	603	-465.8016	0	52447.9259	0
2632	603	-465.8025	0	52447.9227	0
2633	603	-465.8032	0	52447.9200	0
2637	603	-465.8031	0	52447.9196	0
2638	603	-465.8043	0	52447.9133	0
2640	603	-465.8012	0	52447.9278	0
2642	603	-465.8020	0	52447.9257	0
2644	603	-465.8033	0	52447.9191	0
2645	603	-465.8037	0	52447.9162	0
2646	603	-465.8035	0	52447.9168	0
2647	603	-465.8036	0	52447.9154	0
2648	603	-465.8041	0	52447.9100	0
2649	603	-465.8036	0	52447.9145	0
2659	603	-465.8075	0	52447.8877	0
2661	603	-465.8062	0	52447.8947	0
2665	603	-465.8069	0	52447.8943	0
2666	603	-465.8072	0	52447.8874	0
2667	603	-465.8068	0	52447.8885	0
2668	603	-465.8068	0	52447.8872	0
2669	603	-465.8077	0	52447.8832	0
2670	603	-465.8077	0	52447.8835	0
2671	603	-465.8079	0	52447.8820	0
2672	603	-465.8081	0	52447.8796	0
2673	603	-465.8080	0	52447.8788	0
2676	603	-465.8080	0	52447.8853	0
2677	603	-465.8093	0	52447.8791	0
2678	603	-465.8090	0	52447.8824	0
2679	603	-465.8091	0	52447.8820	0
2680	603	-465.8091	0	52447.8836	0
2681	603	-465.8093	0	52447.8842	0
2682	603	-465.8105	0	52447.8774	0
2683	603	-465.8113	0	52447.8749	0
