2507	640	-450.9759	0	52511.9269	2
2508	640	-450.9706	0	52512.4172	2
2509	640	-451.0099	0	52511.3310	2
2510	640	-451.0661	0	52511.5794	2
2511	640	-450.9700	0	52511.6681	2
2512	640	-451.0260	0	52511.7139	2
2513	640	-450.9861	0	52512.0198	2
2514	640	-451.1016	0	52512.1539	2
2515	640	-451.2018	0	52513.0526	2
2516	640	-451.4013	0	52513.6928	2
2517	640	-451.9037	0	52514.7998	2
2518	640	-452.3336	0	52515.5090	2
2519	640	-452.7659	0	52516.5905	2
2520	640	-453.1499	0	52517.2740	2
2521	640	-453.5205	0	52517.8022	2
2522	640	-453.9142	0	52518.0205	2
2523	640	-454.3587	0	52518.3813	2
2524	640	-454.7176	0	52518.7774	2
2525	640	-455.0129	0	52519.1865	2
2527	640	-455.8117	0	52520.3193	2
2528	640	-456.2396	0	52521.5231	2
2529	640	-456.7149	0	52521.9975	2
2530	640	-457.1453	0	52522.4269	2
2531	640	-457.5530	0	52522.8379	2
2532	640	-458.0667	0	52523.2575	2
2533	640	-458.4757	0	52523.6527	2
2534	640	-458.8204	0	52523.8136	2
2535	640	-459.0818	0	52524.3297	2
2536	640	-459.3939	0	52524.5430	2
2537	640	-459.7385	0	52524.6366	2
2538	640	-460.0551	0	52524.9047	2
2539	640	-460.3919	0	52525.4733	2
2540	640	-460.8034	0	52525.4819	2
2541	640	-461.1171	0	52525.7200	2
2542	640	-461.5069	0	52525.8326	2
2543	640	-461.8616	0	52525.6701	2
2544	640	-462.2413	0	52525.8497	2
2545	640	-462.6234	0	52526.1599	2
2546	640	-462.9776	0	52526.0829	2
2547	640	-463.2506	0	52526.0586	2
2548	640	-463.6686	0	52526.0876	2
2549	640	-463.8940	0	52526.1006	2
2550	640	-464.2177	0	52526.1324	2
2551	640	-464.6494	0	52525.9595	2
2552	640	-464.9634	0	52525.9147	2
2553	640	-465.4304	0	52525.7173	2
2554	640	-465.7039	0	52525.2213	2
2555	640	-466.0056	0	52525.0541	2
2556	640	-466.3632	0	52524.7985	2
2557	640	-466.6641	0	52524.7297	2
2558	640	-466.8998	0	52524.0526	2
2559	640	-467.0754	0	52524.0341	2
