2576	655	-452.1926	0	52523.5594	1
2577	655	-452.5097	0	52524.3329	1
2578	655	-452.8462	0	52525.6931	1
2579	655	-453.2305	0	52526.8521	1
2580	655	-453.5046	0	52527.4488	1
2581	655	-453.7912	0	52528.3084	1
2584	655	-454.8160	0	52529.2998	1
2585	655	-455.0586	0	52529.1587	1
2586	655	-455.3558	0	52529.7409	1
2591	655	-456.6449	0	52534.4328	1
2592	655	-456.8513	0	52535.1672	1
2593	655	-457.0086	0	52536.4989	1
2594	655	-457.2143	0	52537.1580	1
2595	655	-457.4642	0	52537.3950	1
2596	655	-457.6547	0	52537.9898	1
2597	655	-457.8317	0	52538.7064	1
2598	655	-457.9729	0	52539.2963	1
2599	655	-458.0700	0	52540.3280	1
2600	655	-458.3449	0	52540.2044	1
2601	655	-458.5023	0	52540.1465	1
2607	655	-460.0239	0	52540.3715	0
2608	655	-460.3434	0	52539.1545	0
2612	655	-460.9863	0	52540.8684	0
