2666	679	-465.7052	0	52447.5318	0
2667	679	-465.7052	0	52447.5310	0
2668	679	-465.7054	0	52447.5269	0
2669	679	-465.7055	0	52447.5256	0
2670	679	-465.7055	0	52447.5252	0
2671	679	-465.7055	0	52447.5252	0
2672	679	-465.7057	0	52447.5218	0
2673	679	-465.7058	0	52447.5206	0
2674	679	-465.7056	0	52447.5236	0
2675	679	-465.7056	0	52447.5249	0
2676	679	-465.7056	0	52447.5253	0
2677	679	-465.7060	0	52447.5256	0
2678	679	-465.7060	0	52447.5256	0
2680	679	-465.7060	0	52447.5218	0
2681	679	-465.7064	0	52447.5141	0
2713	679	-465.7081	0	52447.4735	0
2714	679	-465.7086	0	52447.4694	0
2715	679	-465.7088	0	52447.4680	0
2716	679	-465.7093	0	52447.4640	0
2717	679	-465.7094	0	52447.4662	0
2718	679	-465.7096	0	52447.4671	0
