2678	685	-463.2563	0	52533.2191	0
2699	685	-462.6753	0	52535.2348	1
2702	685	-462.7013	0	52534.5165	0
2703	685	-462.6511	0	52534.4006	0
2734	685	-461.0761	0	52532.2597	0
2735	685	-460.9767	0	52532.4144	0
2736	685	-460.8188	0	52533.0248	0
2737	685	-460.8008	0	52531.8956	0
2738	685	-460.8091	0	52530.6354	0
2739	685	-460.6282	0	52530.3568	0
2740	685	-460.5479	0	52529.8485	0
2741	685	-460.5664	0	52529.0480	0
2742	685	-460.2234	0	52530.7893	0
2743	685	-460.1981	0	52530.4345	0
2744	685	-460.3815	0	52528.4321	0
2745	685	-460.4994	0	52527.3051	0
2746	685	-460.3978	0	52526.2177	0
2747	685	-460.3710	0	52525.3589	0
2748	685	-460.2378	0	52525.0485	0
2749	685	-460.1750	0	52524.9610	0
2750	685	-460.2871	0	52524.2882	0
2751	685	-460.3224	0	52523.8204	0
2752	685	-460.2828	0	52523.6607	0
2753	685	-460.2088	0	52523.8340	0
2755	685	-460.1068	0	52523.6518	0
2756	685	-460.0380	0	52523.6709	0
2757	685	-459.9174	0	52524.1171	0
2758	685	-459.8691	0	52524.0686	0
2759	685	-459.6095	0	52525.5736	0
2760	685	-459.5383	0	52525.7298	0
2761	685	-459.5638	0	52525.3315	0
2762	685	-459.7171	0	52523.3724	0
2763	685	-459.7714	0	52522.6432	0
2764	685	-459.8545	0	52521.9160	0
2765	685	-459.8634	0	52521.8674	0
2766	685	-459.9126	0	52520.9464	0
2767	685	-459.8468	0	52520.8233	0
2768	685	-459.8829	0	52520.0654	0
2769	685	-459.8184	0	52520.0377	0
2770	685	-459.7604	0	52520.5508	0
2771	685	-459.7345	0	52520.7324	0
2772	685	-459.7400	0	52520.8185	0
2773	685	-459.6996	0	52520.8457	0
2774	685	-459.7535	0	52519.6561	0
2775	685	-459.8151	0	52518.1677	0
2780	685	-460.1812	0	52513.7595	0
2781	685	-460.2222	0	52514.2716	0
2782	685	-460.2036	0	52514.1542	0
2783	685	-460.2189	0	52513.6135	0
2784	685	-460.2331	0	52513.1619	0
2785	685	-460.2122	0	52513.2833	0
2786	685	-460.2245	0	52512.5329	0
2800	685	-460.0363	0	52509.7704	0
2801	685	-459.9776	0	52509.7335	0
2802	685	-460.0312	0	52508.8111	0
2803	685	-460.0686	0	52508.1969	0
2804	685	-460.1561	0	52506.7462	0
2805	685	-460.2110	0	52505.9071	0
