274	69	-460.8089	0	52548.6432	0
275	69	-460.8543	0	52548.4589	0
276	69	-460.7900	0	52548.8698	0
277	69	-460.8508	0	52548.6972	0
280	69	-460.9148	0	52548.4219	0
295	69	-460.9155	0	52548.8004	0
296	69	-460.8883	0	52548.8129	0
304	69	-461.0934	0	52548.0523	0
305	69	-461.1615	0	52547.5880	0
306	69	-461.2662	0	52546.8736	0
317	69	-460.9298	0	52548.9462	0
324	69	-461.0117	0	52549.2218	0
325	69	-461.0062	0	52549.3672	0
326	69	-461.0453	0	52549.0130	0
327	69	-461.0409	0	52548.8804	0
328	69	-460.9295	0	52549.4917	0
329	69	-460.8979	0	52549.7255	0
330	69	-460.9636	0	52549.2803	0
331	69	-461.0270	0	52548.9813	0
332	69	-461.0692	0	52548.8703	0
335	69	-461.1608	0	52548.3147	0
336	69	-461.1529	0	52548.3713	0
337	69	-461.1406	0	52548.3913	0
338	69	-461.1415	0	52548.2629	0
339	69	-461.1044	0	52548.3495	0
340	69	-461.1425	0	52548.2514	0
341	69	-461.0998	0	52548.6134	0
342	69	-461.1023	0	52548.6211	0
344	69	-461.0063	0	52549.4133	0
345	69	-460.9922	0	52549.4601	0
346	69	-460.9835	0	52549.4759	0
347	69	-460.9616	0	52549.4744	0
348	69	-460.9519	0	52549.4703	0
349	69	-460.9574	0	52549.3346	0
350	69	-460.9459	0	52549.4113	0
351	69	-460.9251	0	52549.4343	0
352	69	-460.9332	0	52549.3134	0
353	69	-460.9207	0	52549.2614	0
354	69	-460.8890	0	52549.3744	0
355	69	-460.8423	0	52549.6779	0
356	69	-460.7438	0	52550.4395	0
357	69	-460.5848	0	52551.4659	0
358	69	-460.4643	0	52552.3420	0
359	69	-460.3880	0	52552.9001	0
360	69	-460.3412	0	52553.2165	0
361	69	-460.3284	0	52553.3230	0
362	69	-460.3029	0	52553.5917	0
363	69	-460.2951	0	52553.6806	0
364	69	-460.3234	0	52553.5828	0
365	69	-460.3171	0	52553.5371	0
366	69	-460.3154	0	52553.5099	0
367	69	-460.3292	0	52553.3714	0
368	69	-460.3355	0	52553.3137	0
369	69	-460.3535	0	52553.2877	0
370	69	-460.3683	0	52553.1526	0
371	69	-460.3712	0	52553.0981	0
372	69	-460.3893	0	52553.0763	0
373	69	-460.4353	0	52552.9487	0
374	69	-460.4545	0	52552.8977	0
375	69	-460.4628	0	52552.8744	0
376	69	-460.4379	0	52552.9852	0
377	69	-460.3819	0	52553.0248	0
378	69	-460.3403	0	52553.0382	0
379	69	-460.2429	0	52553.2807	0
380	69	-460.1941	0	52553.3669	0
382	69	-460.0944	0	52553.8160	0
383	69	-460.1267	0	52553.6569	0
384	69	-460.2146	0	52553.1234	0
385	69	-460.2552	0	52552.8032	0
386	69	-460.2297	0	52552.9202	0
387	69	-460.1967	0	52552.9662	0
388	69	-460.2058	0	52552.8648	0
389	69	-460.1158	0	52553.4320	0
390	69	-460.0920	0	52553.5250	0
391	69	-460.1168	0	52553.1987	0
392	69	-460.0642	0	52553.4362	0
393	69	-460.0086	0	52553.7636	0
394	69	-460.0471	0	52553.5261	0
395	69	-460.0617	0	52553.4365	0
396	69	-460.0544	0	52553.5214	0
397	69	-460.0740	0	52553.4334	0
398	69	-460.0581	0	52553.5201	0
399	69	-460.0294	0	52553.6707	0
400	69	-460.0553	0	52553.6077	0
401	69	-460.0414	0	52553.7003	0
402	69	-460.0232	0	52553.7346	0
403	69	-460.0106	0	52553.7487	0
404	69	-459.9991	0	52553.8712	0
405	69	-459.9927	0	52553.9142	0
406	69	-459.9552	0	52554.0456	0
407	69	-459.9484	0	52553.9748	0
408	69	-459.9587	0	52553.8300	0
409	69	-459.9771	0	52553.7724	0
410	69	-459.9809	0	52553.7504	0
412	69	-459.8980	0	52554.2817	0
413	69	-460.0059	0	52553.8947	0
