2710	692	-461.3029	0	52550.2354	0
2711	692	-461.2547	0	52550.0831	0
2714	692	-460.9469	0	52550.7113	0
2715	692	-460.8840	0	52550.7649	0
2716	692	-460.8294	0	52550.6410	0
2717	692	-460.8148	0	52550.3306	0
2718	692	-460.8357	0	52549.9522	0
2719	692	-460.8092	0	52549.8144	0
2720	692	-460.7863	0	52549.2377	0
2721	692	-460.7852	0	52549.1539	0
2722	692	-460.7907	0	52548.7295	0
2723	692	-460.8045	0	52548.4368	0
2724	692	-460.8467	0	52547.7882	0
2725	692	-460.7400	0	52548.0949	0
2726	692	-460.6837	0	52548.0845	0
2731	692	-460.5294	0	52547.1594	0
2732	692	-460.4875	0	52546.7958	0
2733	692	-460.7608	0	52544.5096	0
2736	692	-460.3962	0	52545.8183	0
2737	692	-460.3546	0	52545.4895	0
2738	692	-460.3583	0	52544.9455	0
2739	692	-460.2903	0	52545.0386	0
2740	692	-460.2267	0	52545.5243	0
2741	692	-460.0361	0	52546.7264	0
2742	692	-460.0256	0	52546.5687	0
2743	692	-460.1044	0	52545.7944	0
2744	692	-460.2586	0	52544.6281	0
2745	692	-460.2674	0	52544.3284	0
2746	692	-460.2182	0	52544.3623	0
2747	692	-460.2448	0	52544.2358	0
2748	692	-460.3038	0	52543.7496	0
2749	692	-460.2774	0	52543.5641	0
2750	692	-460.2462	0	52543.6553	0
2751	692	-460.1788	0	52543.9994	0
2752	692	-460.1630	0	52543.9775	0
2753	692	-460.1831	0	52543.3703	0
2754	692	-460.0771	0	52543.5905	0
2755	692	-460.0827	0	52543.2238	0
2756	692	-459.9518	0	52543.6838	0
2757	692	-459.8848	0	52543.8699	0
2758	692	-459.8751	0	52543.6374	0
2759	692	-459.8216	0	52543.5506	0
2760	692	-459.8537	0	52543.2150	0
2761	692	-459.7881	0	52543.2357	0
2762	692	-459.7361	0	52543.0972	0
2763	692	-459.6804	0	52542.8912	0
2764	692	-459.6380	0	52542.8146	0
2765	692	-459.5561	0	52543.2458	0
2766	692	-459.5285	0	52543.1019	0
2767	692	-459.4844	0	52543.0489	0
2768	692	-459.4720	0	52542.7215	0
2769	692	-459.4198	0	52542.7540	0
2770	692	-459.3477	0	52542.7609	0
2771	692	-459.3032	0	52542.7699	0
2772	692	-459.3797	0	52541.6780	0
2774	692	-459.3576	0	52541.3885	0
2775	692	-459.2941	0	52541.6766	0
2776	692	-459.2400	0	52541.9330	0
2777	692	-459.2643	0	52541.2401	0
2778	692	-459.2096	0	52541.2921	0
2779	692	-459.2644	0	52540.5154	0
2780	692	-459.1828	0	52540.6981	0
2781	692	-459.1670	0	52540.6129	0
2782	692	-459.1005	0	52540.5795	0
2783	692	-459.1850	0	52539.7473	0
2784	692	-459.1405	0	52539.4443	0
2785	692	-459.0712	0	52539.6568	0
2786	692	-459.0474	0	52539.5829	0
2787	692	-459.0025	0	52539.3909	0
2788	692	-458.9218	0	52539.6581	0
2789	692	-458.8048	0	52540.0950	0
2790	692	-458.7518	0	52540.0852	0
2791	692	-458.7297	0	52540.0827	0
2792	692	-458.7265	0	52539.5802	0
2793	692	-458.7674	0	52538.8977	0
2794	692	-458.7207	0	52538.7994	0
2795	692	-458.7063	0	52538.5991	0
2796	692	-458.6391	0	52538.6956	0
2797	692	-458.6163	0	52538.3952	0
2798	692	-458.5592	0	52538.2865	0
2799	692	-458.5573	0	52537.9059	0
2800	692	-458.4906	0	52538.1045	0
2801	692	-458.3960	0	52538.1809	0
2802	692	-458.4923	0	52537.1760	0
2803	692	-458.5481	0	52536.6356	0
2804	692	-458.5542	0	52536.2567	0
2805	692	-458.4875	0	52536.2956	0
2806	692	-458.4205	0	52536.4882	0
2807	692	-458.4014	0	52536.5711	0
2808	692	-458.4169	0	52536.6132	0
2809	692	-458.3816	0	52536.8082	0
2810	692	-458.3567	0	52536.8855	0
2811	692	-458.3452	0	52536.9197	0
2812	692	-458.3591	0	52536.5759	0
2813	692	-458.3730	0	52536.2744	0
2814	692	-458.3797	0	52535.8051	0
2815	692	-458.3617	0	52535.6316	0
2816	692	-458.3356	0	52535.5682	0
2817	692	-458.3550	0	52535.1901	0
2818	692	-458.3390	0	52534.8660	0
2819	692	-458.3247	0	52534.5646	0
2820	692	-458.2325	0	52535.0109	0
2821	692	-458.2157	0	52534.8122	0
2822	692	-458.1715	0	52534.7408	0
2823	692	-458.1767	0	52534.5360	0
2824	692	-458.1681	0	52534.2770	0
2825	692	-458.0961	0	52534.3635	0
2826	692	-458.0704	0	52534.0276	0
2827	692	-458.0977	0	52533.5355	0
2828	692	-458.1014	0	52533.1607	0
2829	692	-458.0836	0	52533.0280	0
2830	692	-458.0439	0	52532.9807	0
2831	692	-458.0163	0	52532.7764	0
2832	692	-458.0513	0	52532.1274	0
2833	692	-458.0565	0	52531.6964	0
2834	692	-458.0689	0	52531.3418	0
2835	692	-458.0193	0	52531.2168	0
2836	692	-458.0275	0	52530.9849	0
2837	692	-458.1053	0	52530.1078	0
2838	692	-458.1594	0	52529.5880	0
2839	692	-458.2147	0	52528.9952	0
2840	692	-458.1993	0	52528.9819	0
2841	692	-458.1627	0	52528.7807	0
2842	692	-458.1386	0	52528.5124	0
2843	692	-458.1505	0	52528.2130	0
2844	692	-458.2135	0	52527.4862	0
2845	692	-458.0133	0	52528.6509	0
2846	692	-457.9746	0	52528.4944	0
2847	692	-457.8845	0	52528.6512	0
2848	692	-457.7595	0	52529.1230	0
2849	692	-457.7359	0	52528.8828	0
2850	692	-457.7215	0	52528.8037	0
2851	692	-457.6854	0	52528.7678	0
2852	692	-457.6865	0	52528.3473	0
2853	692	-457.7053	0	52527.7682	0
2854	692	-457.7280	0	52527.5592	0
2855	692	-457.6899	0	52527.6894	0
2856	692	-457.5396	0	52528.1566	0
2857	692	-457.5279	0	52528.1258	0
2858	692	-457.5704	0	52527.2738	0
2870	692	-457.1514	0	52527.7273	0
2871	692	-457.1191	0	52527.7665	0
2872	692	-457.1506	0	52526.9260	0
2873	692	-457.0946	0	52526.8195	0
2874	692	-457.0649	0	52526.5636	0
2875	692	-457.0451	0	52526.2502	0
2876	692	-457.0343	0	52526.3538	0
2877	692	-457.0457	0	52525.9600	0
2878	692	-456.9964	0	52525.8124	0
2879	692	-456.9620	0	52525.5395	0
2880	692	-456.8904	0	52525.8771	0
2881	692	-456.8755	0	52525.5668	0
2882	692	-456.8784	0	52525.2345	0
2883	692	-456.8185	0	52525.1070	0
2889	692	-456.6913	0	52523.7612	0
2891	692	-456.5546	0	52525.2598	0
2893	692	-456.4949	0	52525.7078	0
2894	692	-456.5362	0	52525.3857	0
2895	692	-456.5483	0	52525.2523	0
2896	692	-456.5550	0	52525.1975	0
2897	692	-456.5748	0	52524.7276	0
2898	692	-456.6127	0	52524.3225	0
2899	692	-456.6378	0	52523.9454	0
2900	692	-456.6419	0	52523.7956	0
2901	692	-456.6379	0	52523.7459	0
2902	692	-456.7311	0	52522.5941	0
2903	692	-456.6980	0	52523.3094	0
2904	692	-456.5797	0	52524.4634	0
2905	692	-456.6028	0	52524.4623	0
2906	692	-456.6367	0	52524.0071	0
2907	692	-456.6912	0	52523.8323	0
2908	692	-456.6901	0	52524.2266	0
2909	692	-456.6503	0	52524.3647	0
2910	692	-456.6432	0	52524.4163	0
2911	692	-456.7007	0	52523.9835	0
2912	692	-456.7918	0	52522.9046	0
2913	692	-456.7070	0	52524.1266	0
2914	692	-456.6602	0	52525.6503	0
2917	692	-457.0168	0	52520.7890	0
2918	692	-457.0310	0	52520.9001	0
2919	692	-457.0122	0	52521.1720	0
2920	692	-457.0474	0	52521.2751	0
2921	692	-457.1400	0	52521.0778	0
2922	692	-457.1706	0	52520.7568	0
2923	692	-457.1797	0	52520.8855	0
2924	692	-457.2599	0	52520.9447	0
2925	692	-457.3521	0	52520.7288	0
2926	692	-457.4332	0	52520.6616	0
2927	692	-457.4681	0	52520.6354	0
2928	692	-457.4754	0	52520.8783	0
2929	692	-457.5322	0	52520.7249	0
2930	692	-457.5766	0	52520.6783	0
2931	692	-457.6425	0	52520.4198	0
2932	692	-457.7117	0	52519.8438	0
2933	692	-457.7446	0	52519.8731	0
2934	692	-457.7889	0	52519.6470	0
2935	692	-457.8478	0	52519.5775	0
2936	692	-457.9743	0	52519.3159	0
2937	692	-458.0545	0	52518.9850	0
2938	692	-458.1211	0	52518.6145	0
2939	692	-458.1601	0	52518.7372	0
2940	692	-458.1990	0	52518.7980	0
2941	692	-458.3331	0	52518.0766	0
2942	692	-458.4218	0	52517.8185	0
2943	692	-458.4535	0	52517.7321	0
2944	692	-458.4618	0	52518.2075	0
2945	692	-458.5552	0	52517.9082	0
2946	692	-458.6918	0	52517.3063	0
2947	692	-458.7321	0	52517.3323	0
2948	692	-458.7345	0	52517.6019	0
2949	692	-458.7388	0	52517.7098	0
2950	692	-458.7916	0	52517.5148	0
2951	692	-458.9143	0	52516.9439	0
2952	692	-458.9398	0	52516.7320	0
2953	692	-458.9455	0	52516.6559	0
2954	692	-458.9086	0	52517.3993	0
2955	692	-458.8759	0	52518.4402	0
2956	692	-458.8821	0	52518.5768	0
2957	692	-458.8852	0	52518.6278	0
2958	692	-458.8752	0	52518.8978	0
2959	692	-458.8545	0	52518.9877	0
2960	692	-458.8569	0	52519.5272	0
2961	692	-458.9806	0	52518.7527	0
2962	692	-459.1787	0	52517.4724	0
2963	692	-459.2745	0	52516.9711	0
2964	692	-459.2891	0	52516.7739	0
2965	692	-459.2344	0	52516.9593	0
2966	692	-459.2717	0	52516.7837	0
2967	692	-459.3723	0	52516.2109	0
2968	692	-459.4133	0	52516.0066	0
2969	692	-459.4268	0	52515.9322	0
2970	692	-459.4795	0	52515.6536	0
2971	692	-459.6103	0	52514.5269	0
2972	692	-459.6822	0	52514.0937	0
2973	692	-459.6841	0	52514.4608	0
2974	692	-459.6552	0	52514.8782	0
2975	692	-459.6359	0	52515.3181	0
2976	692	-459.6764	0	52515.4890	0
2977	692	-459.7474	0	52515.2970	0
2978	692	-459.8465	0	52514.1619	0
2979	692	-459.8476	0	52513.7340	0
2980	692	-459.8631	0	52514.1262	0
2981	692	-459.9082	0	52514.3038	0
2982	692	-459.9344	0	52514.0928	0
2983	692	-459.9820	0	52513.1975	0
2984	692	-459.9792	0	52513.4122	0
2985	692	-460.0810	0	52512.1217	0
2986	692	-460.0634	0	52512.7492	0
2987	692	-460.1121	0	52512.1796	0
2988	692	-460.2094	0	52511.4228	0
2989	692	-460.2514	0	52511.4296	0
2991	692	-460.2271	0	52511.4178	0
2992	692	-460.1681	0	52511.7149	0
2993	692	-460.0917	0	52512.3732	0
2994	692	-460.1195	0	52512.0862	0
2995	692	-460.1817	0	52511.4286	0
2996	692	-460.2393	0	52510.8988	0
2997	692	-460.2771	0	52510.4286	0
2998	692	-460.2123	0	52511.1092	0
2999	692	-460.2663	0	52510.2432	0
3000	692	-460.3733	0	52508.4317	0
3002	692	-460.7585	0	52504.2226	0
3003	692	-460.8994	0	52502.6544	0
3004	692	-461.0073	0	52502.1784	0
