2712	695	-465.8104	0	52447.8717	0
2714	695	-465.8102	0	52447.8686	1
2715	695	-465.8083	0	52447.8658	1
2716	695	-465.8076	0	52447.8609	1
2717	695	-465.8062	0	52447.8572	1
2718	695	-465.8063	0	52447.8521	1
2719	695	-465.8055	0	52447.8463	1
2720	695	-465.8041	0	52447.8479	1
2721	695	-465.8043	0	52447.8318	1
2722	695	-465.8037	0	52447.8230	1
2723	695	-465.8024	0	52447.8240	1
2724	695	-465.8020	0	52447.8183	1
2729	695	-465.7979	0	52447.7982	0
2731	695	-465.7976	0	52447.7831	0
2732	695	-465.7963	0	52447.7847	0
2733	695	-465.7969	0	52447.7788	0
2736	695	-465.7977	0	52447.7561	0
2738	695	-465.7956	0	52447.7607	0
2739	695	-465.7941	0	52447.7624	0
2744	695	-465.7925	0	52447.7471	1
2745	695	-465.7925	0	52447.7438	1
2751	695	-465.7911	0	52447.7289	0
2752	695	-465.7909	0	52447.7310	0
2753	695	-465.7915	0	52447.7243	0
2754	695	-465.7922	0	52447.7195	0
2755	695	-465.7929	0	52447.7080	0
2756	695	-465.7925	0	52447.7061	0
2769	695	-465.7918	0	52447.6757	0
2770	695	-465.7909	0	52447.6805	0
2771	695	-465.7908	0	52447.6795	0
2772	695	-465.7910	0	52447.6740	0
2773	695	-465.7915	0	52447.6693	0
2774	695	-465.7915	0	52447.6649	0
2775	695	-465.7918	0	52447.6579	0
2776	695	-465.7917	0	52447.6554	0
2777	695	-465.7920	0	52447.6519	0
2778	695	-465.7923	0	52447.6507	0
2779	695	-465.7923	0	52447.6531	0
2780	695	-465.7923	0	52447.6514	0
2786	695	-465.7950	0	52447.6190	0
