2800	725	-440.3544	0	52619.3454	0
2801	725	-440.4037	0	52619.3164	0
2802	725	-440.4007	0	52619.2982	0
2803	725	-440.3473	0	52619.3047	0
2804	725	-440.2784	0	52619.3193	0
2805	725	-440.1690	0	52619.3611	0
2806	725	-440.0342	0	52619.4137	0
2807	725	-439.8603	0	52619.4589	0
2808	725	-439.8013	0	52619.4689	0
2809	725	-439.8044	0	52619.4642	0
2810	725	-439.7534	0	52619.4499	0
2811	725	-439.7967	0	52619.4222	0
2812	725	-439.8213	0	52619.3967	0
2813	725	-439.7993	0	52619.3725	0
2814	725	-439.8002	0	52619.3206	0
2815	725	-439.7528	0	52619.2703	0
2816	725	-439.7121	0	52619.2396	0
2817	725	-439.6790	0	52619.2252	0
2818	725	-439.5848	0	52619.2446	0
2819	725	-439.5048	0	52619.2539	0
2820	725	-439.3831	0	52619.2746	0
2821	725	-439.3206	0	52619.2945	0
2822	725	-439.2482	0	52619.3090	0
2823	725	-439.1827	0	52619.3104	0
2824	725	-439.1583	0	52619.3111	0
2825	725	-439.1743	0	52619.3035	0
2826	725	-439.1829	0	52619.2960	0
2827	725	-439.1899	0	52619.2881	0
2828	725	-439.2490	0	52619.2684	0
2829	725	-439.3318	0	52619.2438	0
2830	725	-439.3589	0	52619.2162	0
2831	725	-439.4063	0	52619.1867	0
2832	725	-439.4655	0	52619.1655	0
2833	725	-439.4989	0	52619.1421	0
2834	725	-439.5060	0	52619.1245	0
2835	725	-439.4939	0	52619.1106	0
2836	725	-439.4670	0	52619.0989	0
2837	725	-439.4340	0	52619.0881	0
2838	725	-439.3825	0	52619.0846	0
2839	725	-439.2956	0	52619.0828	0
2840	725	-439.1975	0	52619.0812	0
2841	725	-439.1305	0	52619.0753	0
2842	725	-439.0549	0	52619.0701	0
2843	725	-439.0104	0	52619.0707	0
2844	725	-439.0110	0	52619.0592	0
2845	725	-439.0464	0	52619.0213	0
2846	725	-439.0978	0	52618.9826	0
2847	725	-439.1788	0	52618.9406	0
2848	725	-439.2614	0	52618.9035	0
2849	725	-439.3218	0	52618.8711	0
2850	725	-439.3249	0	52618.8618	0
2851	725	-439.2631	0	52618.8770	0
2852	725	-439.1735	0	52618.8871	0
2853	725	-439.1111	0	52618.8852	0
2854	725	-439.1055	0	52618.8776	0
2855	725	-439.0856	0	52618.8725	0
2856	725	-439.0614	0	52618.8632	0
2857	725	-439.0126	0	52618.8248	0
2858	725	-438.9558	0	52618.7954	0
2859	725	-438.9101	0	52618.7675	0
2860	725	-438.8344	0	52618.7748	0
2861	725	-438.7271	0	52618.8088	0
2862	725	-438.5945	0	52618.8498	0
2863	725	-438.4778	0	52618.8745	0
2864	725	-438.3612	0	52618.8679	0
2866	725	-438.1636	0	52618.8314	0
2874	725	-438.0350	0	52619.2212	0
2875	725	-438.0309	0	52619.2363	0
2876	725	-438.0149	0	52619.2385	0
2877	725	-438.0120	0	52619.2378	0
2878	725	-438.0109	0	52619.2368	0
2879	725	-438.0071	0	52619.2360	0
2880	725	-438.0005	0	52619.2359	0
2881	725	-437.9977	0	52619.2252	0
2882	725	-437.9972	0	52619.2209	0
2883	725	-438.0005	0	52619.2184	0
2884	725	-438.0018	0	52619.2122	0
2885	725	-438.0119	0	52619.2085	0
2886	725	-438.0074	0	52619.1980	0
2887	725	-438.0044	0	52619.1941	0
2888	725	-438.0041	0	52619.1925	0
2889	725	-438.0087	0	52619.1912	0
2890	725	-438.0097	0	52619.1908	0
2891	725	-438.0076	0	52619.1909	0
2892	725	-438.0098	0	52619.1855	0
2893	725	-438.0119	0	52619.1834	0
2894	725	-438.0107	0	52619.1828	0
2895	725	-438.0050	0	52619.1684	0
2896	725	-438.0133	0	52619.1715	0
2897	725	-438.0207	0	52619.1672	0
2898	725	-438.0175	0	52619.1664	0
2899	725	-438.0195	0	52619.1657	0
2900	725	-438.0243	0	52619.1701	0
2901	725	-438.0262	0	52619.1767	0
2902	725	-438.0319	0	52619.1736	0
2903	725	-438.0390	0	52619.1767	0
2904	725	-438.0403	0	52619.1731	0
2905	725	-438.0385	0	52619.1769	0
2906	725	-438.0432	0	52619.1829	0
2907	725	-438.0432	0	52619.1852	0
2908	725	-438.0450	0	52619.1858	0
2909	725	-438.0474	0	52619.1807	0
2910	725	-438.0458	0	52619.1841	0
2911	725	-438.0481	0	52619.1851	0
2912	725	-438.0494	0	52619.1852	0
2913	725	-438.0509	0	52619.1851	0
2914	725	-438.0427	0	52619.1863	0
2915	725	-438.0400	0	52619.1867	0
2916	725	-438.0402	0	52619.1815	0
2917	725	-438.0445	0	52619.1791	0
2918	725	-438.0285	0	52619.1904	0
2919	725	-438.0097	0	52619.1964	0
2920	725	-438.0009	0	52619.2188	0
2921	725	-437.9921	0	52619.2328	0
2922	725	-437.9798	0	52619.2640	0
2923	725	-437.9692	0	52619.2962	0
2926	725	-437.9233	0	52619.3831	0
2927	725	-437.8998	0	52619.4179	0
2928	725	-437.8805	0	52619.4103	0
2942	725	-437.8652	0	52619.4752	0
2943	725	-437.8494	0	52619.4631	0
2944	725	-437.8421	0	52619.4844	0
2949	725	-437.8384	0	52619.4533	0
2951	725	-437.8371	0	52619.3692	0
2952	725	-437.8358	0	52619.3329	0
2953	725	-437.8439	0	52619.3134	0
2954	725	-437.8067	0	52619.0631	0
2955	725	-437.8243	0	52619.1881	0
2956	725	-437.8405	0	52619.2597	0
2957	725	-437.8407	0	52619.2630	0
2958	725	-437.8383	0	52619.2403	0
2959	725	-437.7582	0	52618.8678	0
2960	725	-437.7124	0	52618.7072	0
2961	725	-437.6711	0	52618.6145	0
2962	725	-437.6416	0	52618.5688	0
2963	725	-437.6180	0	52618.5281	0
2964	725	-437.5776	0	52618.4658	0
2965	725	-437.5281	0	52618.3893	0
2966	725	-437.4633	0	52618.3132	0
2967	725	-437.4368	0	52618.2850	0
2968	725	-437.4519	0	52618.2836	0
2971	725	-437.4722	0	52618.3847	0
2972	725	-437.4477	0	52618.3864	0
2975	725	-437.4320	0	52618.5048	0
2976	725	-437.4713	0	52618.7095	0
2984	725	-437.1434	0	52618.1804	0
