2945	767	-465.8143	0	52447.7594	0
2946	767	-465.8148	0	52447.7499	0
2947	767	-465.8139	0	52447.7492	0
2948	767	-465.8137	0	52447.7441	0
2949	767	-465.8119	0	52447.7472	0
2950	767	-465.8108	0	52447.7435	0
2951	767	-465.8099	0	52447.7398	0
2954	767	-465.8064	0	52447.7408	0
2955	767	-465.8080	0	52447.7210	0
2956	767	-465.8080	0	52447.7094	0
2957	767	-465.8076	0	52447.7026	0
2958	767	-465.8072	0	52447.6977	0
2959	767	-465.8072	0	52447.6909	0
2961	767	-465.8120	0	52447.6084	0
2962	767	-465.8123	0	52447.6020	0
