349	77	-465.6653	0	52448.2941	0
350	77	-465.6656	0	52448.2964	0
351	77	-465.6657	0	52448.2992	0
352	77	-465.6656	0	52448.3014	0
353	77	-465.6655	0	52448.3007	0
354	77	-465.6653	0	52448.3023	0
355	77	-465.6653	0	52448.3089	0
356	77	-465.6655	0	52448.3175	0
357	77	-465.6657	0	52448.3272	0
358	77	-465.6659	0	52448.3338	0
359	77	-465.6659	0	52448.3381	0
360	77	-465.6658	0	52448.3406	0
362	77	-465.6661	0	52448.3506	0
363	77	-465.6661	0	52448.3528	0
364	77	-465.6659	0	52448.3535	0
365	77	-465.6659	0	52448.3526	0
366	77	-465.6660	0	52448.3541	0
367	77	-465.6660	0	52448.3560	0
368	77	-465.6659	0	52448.3576	0
369	77	-465.6659	0	52448.3580	0
370	77	-465.6661	0	52448.3576	0
371	77	-465.6664	0	52448.3602	0
372	77	-465.6665	0	52448.3621	0
373	77	-465.6666	0	52448.3645	0
374	77	-465.6665	0	52448.3668	0
375	77	-465.6665	0	52448.3671	0
376	77	-465.6665	0	52448.3676	0
377	77	-465.6665	0	52448.3686	0
378	77	-465.6665	0	52448.3712	0
379	77	-465.6662	0	52448.3721	0
380	77	-465.6662	0	52448.3737	0
381	77	-465.6662	0	52448.3743	0
382	77	-465.6660	0	52448.3749	0
383	77	-465.6662	0	52448.3777	0
384	77	-465.6661	0	52448.3800	0
385	77	-465.6661	0	52448.3825	0
386	77	-465.6659	0	52448.3826	0
