3036	783	-457.2659	0	52520.7632	0
3038	783	-457.3214	0	52521.6221	0
3039	783	-457.3881	0	52521.5019	0
3041	783	-457.4806	0	52521.7864	0
3042	783	-457.4894	0	52522.0977	0
3045	783	-457.7268	0	52521.3213	0
3046	783	-457.7826	0	52521.6609	0
3047	783	-457.8119	0	52522.0124	0
3049	783	-457.9445	0	52521.6845	0
3050	783	-458.0352	0	52521.6205	0
3054	783	-458.0507	0	52523.1669	0
3055	783	-458.0700	0	52523.5441	0
3056	783	-458.1504	0	52523.2232	0
3057	783	-458.1214	0	52523.5480	0
3058	783	-458.1493	0	52523.6605	0
3059	783	-458.1116	0	52524.5949	0
3060	783	-458.1198	0	52524.9344	0
3061	783	-458.1908	0	52524.8372	0
3062	783	-458.5767	0	52522.3376	0
3063	783	-458.7188	0	52521.8374	0
3064	783	-458.8377	0	52521.1812	0
3065	783	-458.7375	0	52522.4982	0
3066	783	-458.7714	0	52522.5784	0
3067	783	-458.8452	0	52522.1575	0
3068	783	-458.8914	0	52521.9970	0
3069	783	-458.8888	0	52522.3963	0
3070	783	-458.8804	0	52522.7778	0
3071	783	-458.9664	0	52522.2399	0
3073	783	-459.2078	0	52518.6395	0
3074	783	-459.1689	0	52518.8664	0
3075	783	-459.1131	0	52519.4207	0
3076	783	-458.9938	0	52520.6041	0
3077	783	-458.8648	0	52521.4910	0
3078	783	-458.8164	0	52522.0689	0
3079	783	-458.7781	0	52522.2746	0
3080	783	-458.7249	0	52522.3356	0
3081	783	-458.6723	0	52522.5834	0
3082	783	-458.6179	0	52522.8987	0
3083	783	-458.5288	0	52523.6809	0
3084	783	-458.4977	0	52523.9710	0
3085	783	-458.3418	0	52524.7275	0
3086	783	-458.0728	0	52526.5626	0
3087	783	-457.9781	0	52527.1868	0
3088	783	-457.9871	0	52526.9575	0
3089	783	-457.9473	0	52526.8503	0
3090	783	-457.8390	0	52527.2163	0
3091	783	-457.7959	0	52527.3375	0
3092	783	-457.7456	0	52527.5779	0
3093	783	-457.7173	0	52527.6513	0
3094	783	-457.7235	0	52527.4553	0
3095	783	-457.7419	0	52527.1592	0
3096	783	-457.7599	0	52527.0385	0
3097	783	-457.7063	0	52526.9849	0
3098	783	-457.6122	0	52527.1607	0
3099	783	-457.5371	0	52527.2176	0
3100	783	-457.4600	0	52527.2321	0
3101	783	-457.3733	0	52527.6563	0
3102	783	-457.3454	0	52527.5922	0
3103	783	-457.3300	0	52527.5590	0
3105	783	-457.3542	0	52526.5217	0
3106	783	-457.3803	0	52525.8168	0
3108	783	-457.2691	0	52526.5386	0
3109	783	-457.4176	0	52524.4921	0
3110	783	-457.4357	0	52523.9800	0
3111	783	-457.3830	0	52524.0050	0
3112	783	-457.1736	0	52525.5584	0
3114	783	-456.9232	0	52526.2465	0
3115	783	-456.8040	0	52526.8770	0
