354	80	-465.5670	0	52448.7052	0
355	80	-465.5673	0	52448.7058	0
356	80	-465.5680	0	52448.7069	0
357	80	-465.5689	0	52448.7083	0
358	80	-465.5696	0	52448.7092	0
359	80	-465.5701	0	52448.7098	0
360	80	-465.5705	0	52448.7101	0
361	80	-465.5709	0	52448.7101	0
362	80	-465.5712	0	52448.7099	0
363	80	-465.5714	0	52448.7096	0
364	80	-465.5717	0	52448.7095	0
365	80	-465.5720	0	52448.7095	0
366	80	-465.5721	0	52448.7095	0
367	80	-465.5722	0	52448.7094	0
368	80	-465.5722	0	52448.7096	0
369	80	-465.5719	0	52448.7088	0
