3097	804	-457.8013	0	52328.5367	2
3098	804	-457.9371	0	52329.0360	2
3099	804	-457.9973	0	52327.2153	2
3100	804	-458.0614	0	52328.6254	2
3101	804	-458.1389	0	52329.1091	2
3102	804	-458.2567	0	52327.5018	2
3103	804	-458.2336	0	52326.8157	2
3104	804	-458.2171	0	52326.5754	2
3105	804	-458.1976	0	52326.4831	2
3106	804	-458.1785	0	52326.4960	2
3107	804	-458.1629	0	52326.4953	2
3108	804	-458.1628	0	52324.6743	2
3109	804	-458.1620	0	52323.9729	2
3110	804	-458.1570	0	52323.7343	2
3111	804	-458.0940	0	52323.6309	2
3112	804	-458.4287	0	52316.1953	2
3113	804	-458.4914	0	52313.3134	2
3114	804	-458.4838	0	52314.2013	2
3115	804	-458.4163	0	52314.5811	2
3116	804	-458.2296	0	52316.5553	2
3117	804	-458.0734	0	52319.2564	2
3118	804	-458.0828	0	52320.3078	2
3119	804	-458.2123	0	52316.9348	2
3120	804	-458.0862	0	52319.4514	2
3121	804	-458.1048	0	52316.5306	2
3122	804	-458.2094	0	52317.4973	2
3123	804	-458.2429	0	52317.8334	2
3124	804	-458.2497	0	52317.9980	2
3125	804	-458.4641	0	52316.3204	2
3126	804	-458.3437	0	52315.5347	2
3127	804	-458.3044	0	52315.2096	2
3135	804	-458.2789	0	52315.0839	2
3136	804	-458.4600	0	52311.1207	2
3137	804	-458.4995	0	52309.8023	2
3138	804	-458.5388	0	52311.3575	2
3139	804	-458.4608	0	52309.9456	2
3140	804	-458.6416	0	52307.5009	2
3141	804	-458.5443	0	52308.5137	2
3142	804	-458.6125	0	52306.9523	2
3143	804	-459.0063	0	52302.5282	2
3144	804	-458.9805	0	52302.7661	2
3145	804	-458.9194	0	52304.9623	2
3146	804	-458.8626	0	52303.7194	2
3147	804	-459.0460	0	52301.3648	2
3148	804	-459.2933	0	52296.3725	2
3149	804	-459.3537	0	52292.1463	2
3150	804	-459.0592	0	52297.0110	2
3151	804	-458.7377	0	52300.9543	2
3152	804	-458.6258	0	52302.4270	2
3153	804	-458.7563	0	52300.8714	2
3154	804	-458.9625	0	52298.2942	2
3155	804	-459.1915	0	52295.2793	2
3156	804	-459.1657	0	52296.2267	2
3157	804	-458.9863	0	52298.6804	2
3158	804	-458.7212	0	52303.7585	2
3159	804	-458.6663	0	52303.5330	2
3160	804	-458.9492	0	52297.0887	2
3161	804	-458.7559	0	52301.0490	2
3162	804	-458.6886	0	52302.5468	2
3163	804	-458.4931	0	52302.9449	2
3164	804	-458.4026	0	52305.3056	2
3165	804	-458.4222	0	52304.0213	2
3166	804	-458.4161	0	52305.6751	2
3167	804	-458.4294	0	52306.2140	2
3168	804	-458.4460	0	52306.4467	2
3181	804	-458.4321	0	52309.3890	2
3182	804	-458.4363	0	52309.4528	2
3183	804	-458.4885	0	52309.5329	2
3184	804	-458.6543	0	52307.6218	2
3185	804	-458.8645	0	52300.8778	2
3190	804	-458.7453	0	52302.9183	2
3191	804	-458.8158	0	52303.2823	2
3192	804	-458.7994	0	52301.3131	2
3194	804	-458.3185	0	52307.4097	2
3195	804	-458.1964	0	52310.9531	2
3196	804	-458.0828	0	52310.0641	2
3197	804	-457.8249	0	52313.5257	2
3199	804	-458.2540	0	52310.4676	2
3200	804	-458.5483	0	52305.7335	2
3201	804	-459.1531	0	52296.0519	2
3202	804	-459.3258	0	52289.9776	2
3203	804	-458.7999	0	52295.7355	2
3204	804	-459.0613	0	52289.3282	2
3205	804	-458.8947	0	52293.6818	2
3206	804	-458.6821	0	52299.7332	2
3207	804	-458.7321	0	52297.6971	2
3208	804	-458.7418	0	52296.9861	2
3209	804	-458.7005	0	52298.8877	2
3210	804	-458.5262	0	52301.5633	2
3211	804	-458.4847	0	52300.5197	2
3212	804	-458.2764	0	52304.2717	2
3213	804	-458.2290	0	52307.7376	2
3214	804	-458.0625	0	52310.8823	2
3215	804	-457.9225	0	52314.0070	2
3216	804	-457.7441	0	52316.8962	2
3219	804	-458.3193	0	52311.2046	2
3220	804	-458.3209	0	52308.1227	2
3221	804	-458.4721	0	52304.9012	2
3222	804	-458.3649	0	52305.6049	2
3223	804	-458.0472	0	52311.8073	2
3224	804	-458.0243	0	52312.1458	2
3225	804	-458.0041	0	52310.2707	2
3226	804	-458.0679	0	52309.6115	2
3227	804	-458.0700	0	52311.3371	2
3228	804	-458.0753	0	52311.9925	2
3229	804	-457.9012	0	52312.0747	2
3230	804	-458.0280	0	52312.2571	2
3231	804	-458.1902	0	52312.3872	2
3232	804	-458.0694	0	52316.2072	2
3233	804	-458.0141	0	52317.5735	2
3234	804	-457.9298	0	52318.0726	2
3235	804	-457.6937	0	52319.9777	2
3236	804	-457.7207	0	52320.7554	2
3237	804	-457.5902	0	52322.7542	2
3238	804	-457.7847	0	52319.8850	2
3239	804	-457.7904	0	52318.7974	2
3240	804	-457.5952	0	52323.7213	2
3241	804	-457.4772	0	52325.5667	2
3242	804	-457.0403	0	52331.2741	2
3243	804	-457.2105	0	52328.1191	2
3244	804	-457.4687	0	52327.1212	2
3245	804	-457.2764	0	52330.0580	2
3246	804	-457.2194	0	52331.2015	2
3247	804	-457.3308	0	52326.2717	2
3248	804	-457.3141	0	52329.8706	2
3249	804	-457.3653	0	52331.1367	2
3250	804	-457.3899	0	52331.6234	2
3251	804	-457.4033	0	52331.7497	2
3252	804	-457.1908	0	52335.0941	2
3253	804	-457.1785	0	52336.3906	2
3254	804	-457.2702	0	52335.1771	2
3255	804	-457.3499	0	52334.7321	2
3256	804	-457.3910	0	52332.8270	2
3257	804	-457.4217	0	52330.2844	2
3258	804	-457.4709	0	52331.1300	2
3259	804	-457.4249	0	52331.4285	2
3260	804	-457.3526	0	52331.4554	2
3261	804	-457.4689	0	52329.8269	2
3262	804	-457.4015	0	52332.5839	2
3263	804	-457.3356	0	52331.9133	2
3264	804	-457.3134	0	52331.6316	2
3265	804	-457.3449	0	52333.2932	2
3266	804	-457.3497	0	52333.9101	2
3267	804	-457.3820	0	52335.8385	2
3268	804	-457.3304	0	52336.5151	2
3269	804	-457.4316	0	52335.1697	2
3270	804	-457.5351	0	52333.0132	2
3271	804	-457.2403	0	52331.9077	2
3272	804	-457.3119	0	52329.8481	2
3273	804	-457.1342	0	52330.6894	2
3274	804	-456.9849	0	52332.7785	2
3275	804	-457.0078	0	52333.5543	2
