3141	814	-450.2631	0	52536.1982	0
3142	814	-450.2846	0	52536.2003	0
3143	814	-450.2604	0	52535.9845	0
3144	814	-450.2869	0	52536.3288	0
3145	814	-450.3616	0	52536.8457	0
3146	814	-450.4368	0	52537.0198	0
3147	814	-450.5423	0	52536.8953	0
3148	814	-450.6009	0	52536.6603	0
3149	814	-450.6592	0	52536.7593	0
3150	814	-450.6996	0	52536.9717	0
3151	814	-450.7432	0	52537.2360	0
3152	814	-450.7946	0	52536.9735	0
3153	814	-450.8329	0	52536.8711	0
3154	814	-450.8715	0	52537.1900	0
3155	814	-450.9076	0	52537.8392	0
3156	814	-450.9780	0	52538.0831	0
3157	814	-451.0412	0	52537.9989	0
3158	814	-451.1034	0	52537.9668	0
3159	814	-451.1295	0	52537.6041	0
3160	814	-451.1360	0	52537.6325	0
3161	814	-451.1621	0	52537.6432	0
3162	814	-451.2069	0	52537.2981	0
3163	814	-451.2578	0	52537.1690	0
3164	814	-451.2940	0	52537.4723	0
3165	814	-451.3195	0	52537.9300	0
3166	814	-451.3228	0	52538.4465	0
3167	814	-451.3382	0	52538.3014	0
3168	814	-451.3947	0	52537.7224	0
3169	814	-451.4666	0	52537.3310	0
3170	814	-451.5119	0	52537.0060	0
3171	814	-451.5476	0	52537.0686	0
3172	814	-451.5791	0	52536.9147	0
3173	814	-451.6069	0	52537.0403	0
3174	814	-451.6126	0	52536.9124	0
3175	814	-451.5923	0	52536.6831	0
3176	814	-451.5934	0	52536.7777	0
3177	814	-451.6034	0	52537.1698	0
3178	814	-451.6625	0	52536.9749	0
3179	814	-451.7244	0	52537.0815	0
3180	814	-451.7848	0	52537.1235	0
3181	814	-451.8156	0	52537.4901	0
3182	814	-451.8506	0	52538.1579	0
3208	814	-452.8071	0	52533.9789	0
3209	814	-452.8508	0	52534.4560	0
3220	814	-452.6472	0	52539.4397	0
3221	814	-452.6913	0	52539.0665	0
3222	814	-452.7507	0	52538.6279	0
3223	814	-452.8159	0	52538.2801	0
3224	814	-452.8373	0	52538.5053	0
3225	814	-452.8315	0	52539.4435	0
3226	814	-452.8146	0	52540.1214	0
3227	814	-452.8464	0	52540.1910	0
3228	814	-452.9086	0	52539.8610	0
3229	814	-452.9573	0	52540.2499	0
3230	814	-452.9351	0	52541.0272	0
3231	814	-452.9503	0	52541.1627	0
3232	814	-453.0132	0	52541.0464	0
3233	814	-453.0353	0	52541.3117	0
3234	814	-453.0471	0	52541.5654	0
3235	814	-453.0815	0	52541.8159	0
3236	814	-453.1041	0	52541.9026	0
3237	814	-453.1645	0	52541.7711	0
3238	814	-453.1717	0	52542.0321	0
3239	814	-453.1969	0	52542.1266	0
3240	814	-453.1938	0	52542.3108	0
3241	814	-453.2138	0	52542.3758	0
3242	814	-453.2290	0	52542.8602	0
3243	814	-453.1268	0	52542.8746	0
3244	814	-453.0875	0	52542.8716	0
3245	814	-453.0239	0	52543.3241	0
3246	814	-452.9961	0	52543.6458	0
3247	814	-452.9554	0	52544.0605	0
3248	814	-452.9112	0	52544.8084	0
3249	814	-452.9214	0	52544.6228	0
3250	814	-452.8946	0	52544.3976	0
3251	814	-452.8648	0	52544.2995	0
3252	814	-452.8381	0	52544.2570	0
3253	814	-452.8099	0	52544.2336	0
3254	814	-452.8033	0	52544.2174	0
3255	814	-452.8017	0	52544.3603	0
3256	814	-452.8038	0	52544.5594	0
3257	814	-452.8258	0	52544.6343	0
3258	814	-452.8524	0	52544.6599	0
3259	814	-452.8836	0	52544.5177	0
3260	814	-452.9093	0	52544.4604	0
3261	814	-452.9015	0	52544.5835	0
3262	814	-452.8821	0	52545.0720	0
3263	814	-452.8168	0	52545.9759	0
3264	814	-452.8043	0	52546.0215	0
3265	814	-452.8238	0	52545.7444	0
3266	814	-452.7805	0	52545.6309	0
3267	814	-452.7538	0	52545.7289	0
3268	814	-452.7634	0	52546.1967	0
3269	814	-452.7221	0	52546.6539	0
3270	814	-452.7241	0	52547.1061	0
3271	814	-452.7387	0	52547.2668	0
3272	814	-452.7434	0	52547.3217	0
3273	814	-452.7296	0	52547.6104	0
3274	814	-452.7177	0	52547.9924	0
3275	814	-452.6828	0	52547.9888	0
