3150	815	-455.9972	0	52601.2464	0
3151	815	-455.9971	0	52601.2514	0
3153	815	-455.9964	0	52601.2532	0
3155	815	-455.9961	0	52601.2422	0
3156	815	-455.9961	0	52601.2377	0
3157	815	-455.9958	0	52601.2338	0
3158	815	-455.9958	0	52601.2278	0
3159	815	-455.9954	0	52601.2281	0
3160	815	-455.9950	0	52601.2283	0
3161	815	-455.9945	0	52601.2283	0
3162	815	-455.9936	0	52601.2329	0
3163	815	-455.9933	0	52601.2324	0
3164	815	-455.9930	0	52601.2300	0
3165	815	-455.9924	0	52601.2313	0
3166	815	-455.9922	0	52601.2296	0
3167	815	-455.9919	0	52601.2290	0
3168	815	-455.9914	0	52601.2309	0
3169	815	-455.9908	0	52601.2339	0
3170	815	-455.9900	0	52601.2349	0
3171	815	-455.9894	0	52601.2331	0
3172	815	-455.9888	0	52601.2346	0
3173	815	-455.9886	0	52601.2351	0
3174	815	-455.9881	0	52601.2397	0
3175	815	-455.9878	0	52601.2414	0
3176	815	-455.9879	0	52601.2398	0
3177	815	-455.9876	0	52601.2392	0
3178	815	-455.9880	0	52601.2324	0
3179	815	-455.9884	0	52601.2253	0
3180	815	-455.9884	0	52601.2249	0
3181	815	-455.9877	0	52601.2247	0
3182	815	-455.9868	0	52601.2267	0
3183	815	-455.9862	0	52601.2276	0
3184	815	-455.9854	0	52601.2278	0
3185	815	-455.9841	0	52601.2322	0
3186	815	-455.9829	0	52601.2294	0
3187	815	-455.9823	0	52601.2306	0
3188	815	-455.9818	0	52601.2332	0
3189	815	-455.9815	0	52601.2341	0
3190	815	-455.9813	0	52601.2345	0
3191	815	-455.9811	0	52601.2346	0
3192	815	-455.9808	0	52601.2346	0
3193	815	-455.9798	0	52601.2345	0
3194	815	-455.9787	0	52601.2388	0
3200	815	-455.9725	0	52601.2403	0
3201	815	-455.9723	0	52601.2355	0
3202	815	-455.9726	0	52601.2318	0
3203	815	-455.9718	0	52601.2349	0
3204	815	-455.9717	0	52601.2316	0
3205	815	-455.9712	0	52601.2348	0
