3178	827	-450.3656	0	52536.3168	0
3179	827	-450.4156	0	52536.6573	0
3180	827	-450.4236	0	52536.9758	0
3181	827	-450.4633	0	52537.2687	0
3182	827	-450.5352	0	52537.7463	0
3183	827	-450.6591	0	52537.7138	0
3184	827	-450.7432	0	52537.8790	0
3185	827	-450.8529	0	52537.7468	0
3186	827	-450.8512	0	52538.5835	0
3187	827	-450.9257	0	52538.1734	0
3188	827	-451.0062	0	52538.3760	0
3189	827	-451.0936	0	52538.7935	0
3190	827	-451.2872	0	52537.8991	0
3191	827	-451.3948	0	52537.9292	0
3192	827	-451.4954	0	52538.2838	0
3193	827	-451.5281	0	52539.0891	0
3194	827	-451.5514	0	52539.5561	0
3195	827	-451.6141	0	52539.5734	0
3196	827	-451.6024	0	52539.8970	0
3197	827	-451.5524	0	52540.6654	0
3198	827	-451.5037	0	52541.2643	0
3199	827	-451.4826	0	52541.3239	0
3200	827	-451.4867	0	52541.1749	0
3201	827	-451.4860	0	52541.4316	0
3202	827	-451.4707	0	52541.8375	0
3203	827	-451.4501	0	52542.1381	0
3204	827	-451.4121	0	52542.5563	0
3205	827	-451.3906	0	52542.5481	0
3206	827	-451.3775	0	52542.3810	0
3207	827	-451.3444	0	52542.3037	0
3208	827	-451.3402	0	52542.7416	0
3209	827	-451.3282	0	52543.2047	0
3210	827	-451.3210	0	52543.2198	0
3211	827	-451.3283	0	52543.2191	0
3212	827	-451.3119	0	52543.2078	0
3213	827	-451.2631	0	52543.6576	0
3214	827	-451.2229	0	52543.8198	0
3215	827	-451.2070	0	52544.0255	0
3216	827	-451.1930	0	52543.6396	0
3217	827	-451.2025	0	52543.3293	0
3218	827	-451.1959	0	52543.3614	0
3219	827	-451.1835	0	52543.5258	0
3220	827	-451.1721	0	52543.7368	0
3221	827	-451.1809	0	52543.6580	0
3222	827	-451.1840	0	52543.7825	0
3223	827	-451.1667	0	52543.9735	0
3224	827	-451.1290	0	52544.1920	0
3225	827	-451.0975	0	52544.5737	0
3226	827	-451.0659	0	52544.7094	0
3227	827	-451.0544	0	52544.6103	0
3228	827	-451.0336	0	52544.7138	0
3229	827	-451.0014	0	52545.0441	0
3230	827	-450.9908	0	52545.3119	0
3231	827	-450.9878	0	52545.5525	0
3232	827	-450.9686	0	52545.4930	0
3233	827	-450.9652	0	52545.7571	0
3234	827	-450.9398	0	52546.2815	0
3235	827	-450.8801	0	52547.0361	0
3236	827	-450.8503	0	52547.1760	0
3237	827	-450.8291	0	52547.3603	0
3238	827	-450.8130	0	52547.5603	0
3239	827	-450.7802	0	52547.4833	0
3240	827	-450.7529	0	52548.0103	0
3241	827	-450.7440	0	52548.1950	0
3242	827	-450.7245	0	52548.2520	0
3243	827	-450.7670	0	52548.2724	0
3244	827	-450.8201	0	52548.1359	0
3245	827	-450.7442	0	52548.4807	0
3246	827	-450.7458	0	52548.6102	0
3247	827	-450.7436	0	52548.9257	0
3248	827	-450.7411	0	52549.1728	0
3249	827	-450.7260	0	52549.3926	0
3250	827	-450.6844	0	52549.7337	0
3251	827	-450.6642	0	52550.2539	0
3252	827	-450.6601	0	52550.5706	0
3253	827	-450.6445	0	52550.6777	0
3254	827	-450.6451	0	52550.9704	0
3255	827	-450.6465	0	52551.2010	0
3256	827	-450.6308	0	52551.4031	0
3257	827	-450.5842	0	52551.7259	0
3258	827	-450.5739	0	52551.7101	0
3259	827	-450.5822	0	52551.3160	0
3260	827	-450.5988	0	52551.2895	0
3261	827	-450.5511	0	52552.1412	0
3262	827	-450.5319	0	52552.3429	0
3263	827	-450.5287	0	52552.4115	0
3264	827	-450.5435	0	52552.4302	0
3265	827	-450.5882	0	52552.3063	0
3266	827	-450.5944	0	52552.3813	0
3267	827	-450.5666	0	52553.0175	0
3268	827	-450.5442	0	52553.3725	0
3269	827	-450.5196	0	52553.5010	0
3270	827	-450.4955	0	52554.0233	0
3271	827	-450.4973	0	52554.2099	0
3272	827	-450.4920	0	52554.5111	0
3273	827	-450.4958	0	52554.7324	0
3274	827	-450.4825	0	52554.8080	0
3275	827	-450.4778	0	52554.9434	0
