355	83	-465.8052	0	52448.0394	0
356	83	-465.8037	0	52448.0466	0
357	83	-465.8024	0	52448.0559	0
358	83	-465.8018	0	52448.0613	0
365	83	-465.8000	0	52448.0710	0
366	83	-465.7999	0	52448.0686	0
377	83	-465.8014	0	52448.0654	0
378	83	-465.8010	0	52448.0639	0
379	83	-465.8005	0	52448.0644	0
380	83	-465.8000	0	52448.0670	0
381	83	-465.8000	0	52448.0668	0
382	83	-465.8003	0	52448.0644	0
383	83	-465.8004	0	52448.0646	0
384	83	-465.8001	0	52448.0670	0
385	83	-465.8006	0	52448.0703	0
386	83	-465.8008	0	52448.0715	0
387	83	-465.8015	0	52448.0708	0
388	83	-465.8022	0	52448.0682	0
391	83	-465.7996	0	52448.0995	0
392	83	-465.7990	0	52448.1061	0
393	83	-465.7988	0	52448.1106	0
394	83	-465.7987	0	52448.1111	0
395	83	-465.7990	0	52448.1091	0
396	83	-465.7989	0	52448.1103	0
397	83	-465.7989	0	52448.1107	0
398	83	-465.7988	0	52448.1128	0
399	83	-465.7991	0	52448.1115	0
400	83	-465.7991	0	52448.1119	0
401	83	-465.7990	0	52448.1120	0
402	83	-465.7984	0	52448.1161	0
403	83	-465.7979	0	52448.1185	0
408	83	-465.7981	0	52448.1154	0
409	83	-465.7982	0	52448.1159	0
410	83	-465.7982	0	52448.1151	0
