3213	835	-457.2212	0	52490.9881	0
3214	835	-457.1657	0	52490.9806	0
3215	835	-457.1124	0	52490.9610	0
3216	835	-457.1173	0	52490.0845	0
3217	835	-457.0579	0	52490.2130	0
3218	835	-457.0451	0	52489.8451	0
3219	835	-457.0931	0	52488.9034	0
3220	835	-457.1089	0	52488.5714	0
3221	835	-457.1207	0	52488.0574	0
3222	835	-457.0798	0	52488.2717	0
3223	835	-457.0775	0	52487.9673	0
3224	835	-457.0044	0	52488.2554	0
3225	835	-456.8997	0	52489.1612	0
3226	835	-456.8833	0	52488.7175	0
3228	835	-456.8599	0	52488.0446	0
3229	835	-456.7993	0	52488.3302	0
3230	835	-456.7717	0	52488.8348	0
3231	835	-456.7678	0	52489.0130	0
3232	835	-456.7539	0	52489.4771	0
3233	835	-456.6745	0	52490.4167	0
3234	835	-456.5430	0	52491.8968	0
3235	835	-456.5026	0	52492.0558	0
3236	835	-456.4691	0	52491.7289	0
3237	835	-456.4139	0	52492.3346	0
3238	835	-456.4346	0	52491.8175	0
3240	835	-456.3602	0	52492.4705	0
3241	835	-456.3444	0	52492.6021	0
3242	835	-456.3385	0	52492.6418	0
3243	835	-456.3362	0	52492.6511	0
3244	835	-456.2634	0	52493.3743	0
3245	835	-456.2359	0	52493.6394	0
3246	835	-456.1953	0	52494.0912	0
3247	835	-456.1319	0	52494.2460	0
3248	835	-456.1330	0	52494.2887	0
3251	835	-456.0282	0	52495.2092	0
3252	835	-456.0409	0	52495.6996	0
3253	835	-456.0237	0	52495.8536	0
3254	835	-456.0430	0	52495.9052	0
3255	835	-455.9934	0	52496.2648	0
3268	835	-455.7760	0	52498.4500	0
3269	835	-455.7716	0	52498.4971	0
3270	835	-455.7404	0	52498.8559	0
3271	835	-455.7246	0	52498.9819	0
3272	835	-455.7132	0	52499.3679	0
3273	835	-455.6707	0	52500.1852	0
3274	835	-455.6520	0	52500.4761	0
