1	852	-455.9515	0	52601.4645	0
2	852	-455.9519	0	52601.4614	0
3	852	-455.9521	0	52601.4609	0
4	852	-455.9522	0	52601.4622	0
5	852	-455.9524	0	52601.4627	0
6	852	-455.9523	0	52601.4629	0
7	852	-455.9519	0	52601.4641	0
8	852	-455.9517	0	52601.4670	0
9	852	-455.9517	0	52601.4656	0
10	852	-455.9520	0	52601.4651	0
11	852	-455.9522	0	52601.4662	0
12	852	-455.9523	0	52601.4666	0
13	852	-455.9524	0	52601.4679	0
14	852	-455.9525	0	52601.4684	0
15	852	-455.9527	0	52601.4674	0
16	852	-455.9526	0	52601.4670	0
17	852	-455.9527	0	52601.4680	0
18	852	-455.9526	0	52601.4672	0
19	852	-455.9523	0	52601.4668	0
20	852	-455.9523	0	52601.4667	0
21	852	-455.9524	0	52601.4679	0
22	852	-455.9525	0	52601.4671	0
23	852	-455.9525	0	52601.4680	0
24	852	-455.9525	0	52601.4695	0
25	852	-455.9525	0	52601.4701	0
26	852	-455.9526	0	52601.4703	0
27	852	-455.9523	0	52601.4703	0
28	852	-455.9519	0	52601.4714	0
29	852	-455.9514	0	52601.4718	0
30	852	-455.9509	0	52601.4730	0
31	852	-455.9511	0	52601.4699	0
32	852	-455.9512	0	52601.4712	0
33	852	-455.9512	0	52601.4728	0
34	852	-455.9515	0	52601.4735	0
35	852	-455.9518	0	52601.4750	0
36	852	-455.9519	0	52601.4755	0
37	852	-455.9521	0	52601.4757	0
38	852	-455.9523	0	52601.4770	0
39	852	-455.9524	0	52601.4763	0
40	852	-455.9524	0	52601.4760	0
41	852	-455.9524	0	52601.4758	0
42	852	-455.9525	0	52601.4758	0
43	852	-455.9527	0	52601.4758	0
44	852	-455.9528	0	52601.4770	0
45	852	-455.9530	0	52601.4775	0
46	852	-455.9533	0	52601.4800	0
47	852	-455.9533	0	52601.4833	0
48	852	-455.9536	0	52601.4834	0
49	852	-455.9537	0	52601.4845	0
50	852	-455.9538	0	52601.4838	0
51	852	-455.9536	0	52601.4846	0
52	852	-455.9535	0	52601.4849	0
53	852	-455.9533	0	52601.4849	0
54	852	-455.9534	0	52601.4838	0
55	852	-455.9535	0	52601.4833	0
56	852	-455.9535	0	52601.4843	0
57	852	-455.9538	0	52601.4836	0
58	852	-455.9537	0	52601.4844	0
59	852	-455.9538	0	52601.4847	0
60	852	-455.9537	0	52601.4754	0
61	852	-455.9532	0	52601.4835	0
62	852	-455.9536	0	52601.4762	0
63	852	-455.9534	0	52601.4769	0
64	852	-455.9533	0	52601.4783	0
65	852	-455.9532	0	52601.4789	0
66	852	-455.9532	0	52601.4756	0
67	852	-455.9533	0	52601.4756	0
68	852	-455.9534	0	52601.4756	0
69	852	-455.9536	0	52601.4745	0
70	852	-455.9537	0	52601.4776	0
71	852	-455.9538	0	52601.4847	0
72	852	-455.9540	0	52601.4885	0
73	852	-455.9539	0	52601.4898	0
74	852	-455.9539	0	52601.4891	0
75	852	-455.9539	0	52601.4900	0
76	852	-455.9538	0	52601.4902	0
77	852	-455.9538	0	52601.4903	0
78	852	-455.9538	0	52601.4915	0
79	852	-455.9539	0	52601.4919	0
80	852	-455.9541	0	52601.4921	0
81	852	-455.9542	0	52601.4932	0
82	852	-455.9543	0	52601.4937	0
83	852	-455.9542	0	52601.4938	0
84	852	-455.9539	0	52601.4949	0
85	852	-455.9537	0	52601.4952	0
86	852	-455.9534	0	52601.4964	0
87	852	-455.9532	0	52601.4968	0
88	852	-455.9531	0	52601.4969	0
89	852	-455.9531	0	52601.4981	0
90	852	-455.9530	0	52601.4996	0
91	852	-455.9530	0	52601.5024	0
92	852	-455.9529	0	52601.5044	0
93	852	-455.9527	0	52601.5052	0
94	852	-455.9526	0	52601.5076	0
95	852	-455.9525	0	52601.5106	0
96	852	-455.9520	0	52601.5116	0
97	852	-455.9515	0	52601.5130	0
98	852	-455.9515	0	52601.5134	0
99	852	-455.9516	0	52601.5158	0
100	852	-455.9517	0	52601.5166	0
101	852	-455.9517	0	52601.5200	0
102	852	-455.9517	0	52601.5223	0
103	852	-455.9521	0	52601.5222	0
104	852	-455.9525	0	52601.5231	0
105	852	-455.9527	0	52601.5245	0
106	852	-455.9526	0	52601.5260	0
107	852	-455.9525	0	52601.5275	0
108	852	-455.9523	0	52601.5290	0
109	852	-455.9524	0	52601.5307	0
110	852	-455.9526	0	52601.5312	0
111	852	-455.9526	0	52601.5314	0
112	852	-455.9528	0	52601.5335	0
113	852	-455.9529	0	52601.5363	0
114	852	-455.9532	0	52601.5373	0
115	852	-455.9535	0	52601.5377	0
116	852	-455.9535	0	52601.5388	0
117	852	-455.9533	0	52601.5411	0
118	852	-455.9530	0	52601.5429	0
119	852	-455.9528	0	52601.5445	0
120	852	-455.9525	0	52601.5460	0
121	852	-455.9525	0	52601.5455	0
122	852	-455.9525	0	52601.5453	0
123	852	-455.9523	0	52601.5461	0
124	852	-455.9522	0	52601.5484	0
125	852	-455.9522	0	52601.5521	0
126	852	-455.9523	0	52601.5525	0
127	852	-455.9524	0	52601.5536	0
128	852	-455.9521	0	52601.5549	0
129	852	-455.9520	0	52601.5563	0
130	852	-455.9517	0	52601.5586	0
131	852	-455.9514	0	52601.5594	0
132	852	-455.9511	0	52601.5606	0
133	852	-455.9511	0	52601.5591	0
134	852	-455.9510	0	52601.5594	0
135	852	-455.9510	0	52601.5614	0
136	852	-455.9509	0	52601.5630	0
137	852	-455.9510	0	52601.5637	0
138	852	-455.9512	0	52601.5639	0
139	852	-455.9513	0	52601.5639	0
140	852	-455.9515	0	52601.5649	0
141	852	-455.9515	0	52601.5652	0
142	852	-455.9512	0	52601.5671	0
143	852	-455.9512	0	52601.5669	0
144	852	-455.9512	0	52601.5658	0
145	852	-455.9514	0	52601.5664	0
146	852	-455.9515	0	52601.5684	0
147	852	-455.9517	0	52601.5701	0
148	852	-455.9518	0	52601.5717	0
149	852	-455.9522	0	52601.5723	0
150	852	-455.9524	0	52601.5716	0
151	852	-455.9527	0	52601.5722	0
152	852	-455.9526	0	52601.5733	0
153	852	-455.9525	0	52601.5765	0
154	852	-455.9523	0	52601.5794	0
155	852	-455.9520	0	52601.5795	0
156	852	-455.9519	0	52601.5795	0
157	852	-455.9521	0	52601.5804	0
158	852	-455.9521	0	52601.5834	0
159	852	-455.9522	0	52601.5854	0
160	852	-455.9526	0	52601.5853	0
161	852	-455.9527	0	52601.5852	0
162	852	-455.9528	0	52601.5851	0
163	852	-455.9527	0	52601.5868	0
164	852	-455.9526	0	52601.5900	0
165	852	-455.9523	0	52601.5921	0
166	852	-455.9520	0	52601.5927	0
167	852	-455.9519	0	52601.5930	0
168	852	-455.9520	0	52601.5913	0
169	852	-455.9519	0	52601.5923	0
170	852	-455.9521	0	52601.5945	0
171	852	-455.9522	0	52601.5952	0
172	852	-455.9525	0	52601.5964	0
173	852	-455.9527	0	52601.5960	0
174	852	-455.9528	0	52601.5966	0
175	852	-455.9527	0	52601.5968	0
176	852	-455.9525	0	52601.5986	0
177	852	-455.9525	0	52601.6000	0
178	852	-455.9522	0	52601.6005	0
179	852	-455.9520	0	52601.6007	0
180	852	-455.9524	0	52601.6008	0
181	852	-455.9527	0	52601.6033	0
182	852	-455.9529	0	52601.6052	0
183	852	-455.9532	0	52601.6058	0
184	852	-455.9533	0	52601.6069	0
185	852	-455.9536	0	52601.6064	0
186	852	-455.9537	0	52601.6071	0
187	852	-455.9536	0	52601.6081	0
188	852	-455.9535	0	52601.6101	0
189	852	-455.9535	0	52601.6109	0
190	852	-455.9534	0	52601.6111	0
191	852	-455.9533	0	52601.6119	0
192	852	-455.9532	0	52601.6139	0
193	852	-455.9531	0	52601.6162	0
194	852	-455.9532	0	52601.6179	0
195	852	-455.9534	0	52601.6185	0
196	852	-455.9536	0	52601.6179	0
197	852	-455.9537	0	52601.6176	0
198	852	-455.9538	0	52601.6183	0
199	852	-455.9537	0	52601.6209	0
200	852	-455.9533	0	52601.6227	0
201	852	-455.9533	0	52601.6225	0
202	852	-455.9532	0	52601.6208	0
203	852	-455.9532	0	52601.6201	0
204	852	-455.9532	0	52601.6222	0
205	852	-455.9533	0	52601.6246	0
206	852	-455.9533	0	52601.6255	0
207	852	-455.9535	0	52601.6258	0
208	852	-455.9535	0	52601.6259	0
209	852	-455.9536	0	52601.6267	0
210	852	-455.9537	0	52601.6277	0
211	852	-455.9537	0	52601.6289	0
212	852	-455.9536	0	52601.6301	0
213	852	-455.9536	0	52601.6305	0
214	852	-455.9536	0	52601.6299	0
215	852	-455.9535	0	52601.6311	0
216	852	-455.9536	0	52601.6324	0
217	852	-455.9539	0	52601.6336	0
218	852	-455.9541	0	52601.6349	0
219	852	-455.9544	0	52601.6353	0
220	852	-455.9547	0	52601.6347	0
221	852	-455.9548	0	52601.6360	0
222	852	-455.9549	0	52601.6373	0
223	852	-455.9546	0	52601.6384	0
224	852	-455.9543	0	52601.6396	0
225	852	-455.9542	0	52601.6400	0
226	852	-455.9544	0	52601.6394	0
227	852	-455.9546	0	52601.6399	0
228	852	-455.9547	0	52601.6401	0
229	852	-455.9547	0	52601.6416	0
230	852	-455.9548	0	52601.6429	0
231	852	-455.9552	0	52601.6442	0
232	852	-455.9554	0	52601.6454	0
233	852	-455.9555	0	52601.6473	0
234	852	-455.9556	0	52601.6480	0
235	852	-455.9557	0	52601.6490	0
236	852	-455.9556	0	52601.6508	0
237	852	-455.9556	0	52601.6515	0
238	852	-455.9556	0	52601.6531	0
239	852	-455.9557	0	52601.6545	0
240	852	-455.9557	0	52601.6542	0
241	852	-455.9558	0	52601.6548	0
242	852	-455.9561	0	52601.6558	0
243	852	-455.9564	0	52601.6561	0
244	852	-455.9567	0	52601.6562	0
245	852	-455.9570	0	52601.6555	0
246	852	-455.9570	0	52601.6574	0
247	852	-455.9569	0	52601.6588	0
248	852	-455.9568	0	52601.6600	0
249	852	-455.9568	0	52601.6604	0
250	852	-455.9568	0	52601.6598	0
251	852	-455.9567	0	52601.6603	0
252	852	-455.9565	0	52601.6626	0
253	852	-455.9565	0	52601.6655	0
254	852	-455.9567	0	52601.6673	0
255	852	-455.9569	0	52601.6673	0
256	852	-455.9571	0	52601.6665	0
257	852	-455.9573	0	52601.6676	0
258	852	-455.9573	0	52601.6694	0
259	852	-455.9571	0	52601.6728	0
260	852	-455.9570	0	52601.6733	0
261	852	-455.9567	0	52601.6748	0
262	852	-455.9567	0	52601.6747	0
263	852	-455.9567	0	52601.6759	0
264	852	-455.9566	0	52601.6770	0
265	852	-455.9567	0	52601.6795	0
266	852	-455.9569	0	52601.6804	0
267	852	-455.9571	0	52601.6807	0
268	852	-455.9572	0	52601.6814	0
269	852	-455.9574	0	52601.6823	0
270	852	-455.9573	0	52601.6846	0
271	852	-455.9571	0	52601.6867	0
272	852	-455.9569	0	52601.6881	0
273	852	-455.9567	0	52601.6886	0
274	852	-455.9567	0	52601.6888	0
275	852	-455.9565	0	52601.6894	0
276	852	-455.9566	0	52601.6916	0
277	852	-455.9566	0	52601.6936	0
278	852	-455.9569	0	52601.6944	0
279	852	-455.9572	0	52601.6947	0
280	852	-455.9574	0	52601.6954	0
281	852	-455.9574	0	52601.6962	0
282	852	-455.9574	0	52601.6971	0
283	852	-455.9573	0	52601.6987	0
284	852	-455.9573	0	52601.6993	0
285	852	-455.9573	0	52601.6994	0
286	852	-455.9572	0	52601.7001	0
287	852	-455.9572	0	52601.7009	0
288	852	-455.9572	0	52601.7018	0
289	852	-455.9574	0	52601.7022	0
290	852	-455.9577	0	52601.7023	0
291	852	-455.9579	0	52601.7029	0
292	852	-455.9581	0	52601.7038	0
293	852	-455.9580	0	52601.7059	0
294	852	-455.9577	0	52601.7091	0
295	852	-455.9570	0	52601.7114	0
296	852	-455.9566	0	52601.7117	0
297	852	-455.9561	0	52601.7117	0
298	852	-455.9562	0	52601.7123	0
299	852	-455.9563	0	52601.7143	0
300	852	-455.9564	0	52601.7168	0
301	852	-455.9567	0	52601.7171	0
302	852	-455.9568	0	52601.7178	0
303	852	-455.9568	0	52601.7180	0
304	852	-455.9569	0	52601.7198	0
305	852	-455.9566	0	52601.7222	0
306	852	-455.9562	0	52601.7248	0
307	852	-455.9560	0	52601.7263	0
308	852	-455.9561	0	52601.7262	0
309	852	-455.9564	0	52601.7268	0
310	852	-455.9565	0	52601.7281	0
311	852	-455.9564	0	52601.7308	0
312	852	-455.9565	0	52601.7324	0
313	852	-455.9568	0	52601.7323	0
314	852	-455.9569	0	52601.7328	0
315	852	-455.9568	0	52601.7336	0
316	852	-455.9567	0	52601.7349	0
317	852	-455.9565	0	52601.7370	0
318	852	-455.9565	0	52601.7389	0
319	852	-455.9567	0	52601.7396	0
320	852	-455.9568	0	52601.7398	0
321	852	-455.9568	0	52601.7404	0
322	852	-455.9569	0	52601.7422	0
323	852	-455.9570	0	52601.7439	0
324	852	-455.9573	0	52601.7451	0
325	852	-455.9574	0	52601.7466	0
326	852	-455.9575	0	52601.7460	0
327	852	-455.9574	0	52601.7474	0
328	852	-455.9571	0	52601.7489	0
329	852	-455.9566	0	52601.7515	0
330	852	-455.9563	0	52601.7519	0
331	852	-455.9563	0	52601.7505	0
332	852	-455.9563	0	52601.7504	0
333	852	-455.9562	0	52601.7509	0
334	852	-455.9560	0	52601.7536	0
335	852	-455.9560	0	52601.7552	0
336	852	-455.9560	0	52601.7562	0
337	852	-455.9561	0	52601.7561	0
338	852	-455.9560	0	52601.7570	0
339	852	-455.9559	0	52601.7578	0
340	852	-455.9558	0	52601.7592	0
341	852	-455.9555	0	52601.7611	0
342	852	-455.9552	0	52601.7618	0
343	852	-455.9551	0	52601.7610	0
344	852	-455.9550	0	52601.7607	0
345	852	-455.9549	0	52601.7616	0
346	852	-455.9548	0	52601.7634	0
347	852	-455.9548	0	52601.7640	0
348	852	-455.9549	0	52601.7643	0
349	852	-455.9551	0	52601.7643	0
350	852	-455.9553	0	52601.7638	0
351	852	-455.9553	0	52601.7646	0
352	852	-455.9552	0	52601.7659	0
353	852	-455.9549	0	52601.7683	0
354	852	-455.9548	0	52601.7692	0
355	852	-455.9548	0	52601.7690	0
356	852	-455.9549	0	52601.7694	0
357	852	-455.9551	0	52601.7701	0
358	852	-455.9550	0	52601.7722	0
359	852	-455.9551	0	52601.7735	0
360	852	-455.9553	0	52601.7749	0
361	852	-455.9555	0	52601.7755	0
362	852	-455.9558	0	52601.7751	0
363	852	-455.9559	0	52601.7765	0
364	852	-455.9559	0	52601.7774	0
365	852	-455.9558	0	52601.7791	0
366	852	-455.9556	0	52601.7807	0
367	852	-455.9556	0	52601.7808	0
368	852	-455.9556	0	52601.7813	0
369	852	-455.9558	0	52601.7824	0
370	852	-455.9560	0	52601.7837	0
371	852	-455.9561	0	52601.7851	0
372	852	-455.9562	0	52601.7870	0
373	852	-455.9562	0	52601.7872	0
374	852	-455.9563	0	52601.7872	0
375	852	-455.9562	0	52601.7886	0
376	852	-455.9559	0	52601.7909	0
377	852	-455.9557	0	52601.7922	0
378	852	-455.9555	0	52601.7926	0
379	852	-455.9554	0	52601.7919	0
380	852	-455.9554	0	52601.7920	0
381	852	-455.9553	0	52601.7924	0
382	852	-455.9550	0	52601.7948	0
383	852	-455.9549	0	52601.7966	0
384	852	-455.9549	0	52601.7972	0
385	852	-455.9550	0	52601.7974	0
386	852	-455.9549	0	52601.7988	0
387	852	-455.9546	0	52601.7997	0
388	852	-455.9543	0	52601.8018	0
389	852	-455.9540	0	52601.8025	0
390	852	-455.9539	0	52601.8014	0
391	852	-455.9539	0	52601.8005	0
392	852	-455.9538	0	52601.8006	0
393	852	-455.9537	0	52601.8028	0
394	852	-455.9537	0	52601.8058	0
395	852	-455.9538	0	52601.8077	0
396	852	-455.9540	0	52601.8084	0
397	852	-455.9542	0	52601.8078	0
398	852	-455.9542	0	52601.8084	0
399	852	-455.9541	0	52601.8111	0
400	852	-455.9538	0	52601.8117	0
401	852	-455.9536	0	52601.8115	0
402	852	-455.9535	0	52601.8109	0
403	852	-455.9534	0	52601.8111	0
404	852	-455.9533	0	52601.8115	0
405	852	-455.9532	0	52601.8130	0
406	852	-455.9533	0	52601.8151	0
407	852	-455.9535	0	52601.8159	0
408	852	-455.9536	0	52601.8158	0
409	852	-455.9537	0	52601.8165	0
410	852	-455.9537	0	52601.8180	0
411	852	-455.9535	0	52601.8189	0
412	852	-455.9532	0	52601.8205	0
413	852	-455.9531	0	52601.8214	0
414	852	-455.9530	0	52601.8218	0
415	852	-455.9530	0	52601.8222	0
416	852	-455.9531	0	52601.8232	0
417	852	-455.9530	0	52601.8251	0
418	852	-455.9530	0	52601.8278	0
419	852	-455.9533	0	52601.8272	0
420	852	-455.9534	0	52601.8273	0
421	852	-455.9534	0	52601.8281	0
422	852	-455.9530	0	52601.8311	0
423	852	-455.9527	0	52601.8342	0
424	852	-455.9524	0	52601.8360	0
425	852	-455.9522	0	52601.8359	0
426	852	-455.9521	0	52601.8362	0
427	852	-455.9522	0	52601.8355	0
428	852	-455.9522	0	52601.8371	0
429	852	-455.9523	0	52601.8392	0
430	852	-455.9522	0	52601.8410	0
431	852	-455.9524	0	52601.8410	0
432	852	-455.9525	0	52601.8416	0
433	852	-455.9526	0	52601.8422	0
434	852	-455.9527	0	52601.8439	0
435	852	-455.9522	0	52601.8470	0
436	852	-455.9519	0	52601.8492	0
437	852	-455.9518	0	52601.8490	0
438	852	-455.9518	0	52601.8492	0
439	852	-455.9518	0	52601.8492	0
440	852	-455.9519	0	52601.8506	0
441	852	-455.9520	0	52601.8525	0
442	852	-455.9523	0	52601.8536	0
443	852	-455.9527	0	52601.8539	0
444	852	-455.9528	0	52601.8540	0
445	852	-455.9529	0	52601.8547	0
446	852	-455.9527	0	52601.8574	0
447	852	-455.9524	0	52601.8591	0
448	852	-455.9520	0	52601.8600	0
449	852	-455.9519	0	52601.8596	0
450	852	-455.9518	0	52601.8598	0
451	852	-455.9518	0	52601.8601	0
452	852	-455.9517	0	52601.8616	0
453	852	-455.9517	0	52601.8638	0
454	852	-455.9516	0	52601.8663	0
455	852	-455.9517	0	52601.8675	0
456	852	-455.9517	0	52601.8680	0
457	852	-455.9520	0	52601.8681	0
458	852	-455.9519	0	52601.8691	0
459	852	-455.9517	0	52601.8704	0
460	852	-455.9515	0	52601.8712	0
461	852	-455.9514	0	52601.8721	0
462	852	-455.9513	0	52601.8724	0
463	852	-455.9514	0	52601.8722	0
464	852	-455.9513	0	52601.8746	0
465	852	-455.9515	0	52601.8765	0
466	852	-455.9519	0	52601.8781	0
467	852	-455.9521	0	52601.8780	0
468	852	-455.9524	0	52601.8780	0
469	852	-455.9526	0	52601.8785	0
470	852	-455.9527	0	52601.8794	0
471	852	-455.9527	0	52601.8799	0
472	852	-455.9526	0	52601.8808	0
473	852	-455.9527	0	52601.8804	0
474	852	-455.9529	0	52601.8806	0
475	852	-455.9530	0	52601.8818	0
476	852	-455.9532	0	52601.8838	0
477	852	-455.9533	0	52601.8849	0
478	852	-455.9535	0	52601.8862	0
479	852	-455.9538	0	52601.8860	0
480	852	-455.9542	0	52601.8865	0
481	852	-455.9545	0	52601.8879	0
482	852	-455.9545	0	52601.8893	0
483	852	-455.9542	0	52601.8916	0
484	852	-455.9541	0	52601.8924	0
485	852	-455.9540	0	52601.8918	0
486	852	-455.9541	0	52601.8921	0
487	852	-455.9540	0	52601.8928	0
488	852	-455.9540	0	52601.8945	0
489	852	-455.9540	0	52601.8962	0
490	852	-455.9541	0	52601.8972	0
491	852	-455.9544	0	52601.8969	0
492	852	-455.9544	0	52601.8985	0
493	852	-455.9541	0	52601.9002	0
494	852	-455.9540	0	52601.9017	0
495	852	-455.9537	0	52601.9033	0
496	852	-455.9536	0	52601.9045	0
497	852	-455.9534	0	52601.9048	0
498	852	-455.9532	0	52601.9052	0
499	852	-455.9532	0	52601.9059	0
500	852	-455.9529	0	52601.9083	0
501	852	-455.9529	0	52601.9100	0
502	852	-455.9529	0	52601.9114	0
503	852	-455.9529	0	52601.9124	0
504	852	-455.9531	0	52601.9133	0
505	852	-455.9531	0	52601.9149	0
506	852	-455.9530	0	52601.9165	0
507	852	-455.9527	0	52601.9184	0
508	852	-455.9525	0	52601.9196	0
509	852	-455.9524	0	52601.9195	0
510	852	-455.9521	0	52601.9202	0
511	852	-455.9520	0	52601.9212	0
512	852	-455.9519	0	52601.9233	0
513	852	-455.9520	0	52601.9248	0
514	852	-455.9521	0	52601.9256	0
515	852	-455.9522	0	52601.9261	0
516	852	-455.9523	0	52601.9267	0
517	852	-455.9523	0	52601.9287	0
518	852	-455.9522	0	52601.9303	0
519	852	-455.9519	0	52601.9319	0
520	852	-455.9518	0	52601.9325	0
521	852	-455.9517	0	52601.9326	0
522	852	-455.9516	0	52601.9329	0
523	852	-455.9516	0	52601.9344	0
524	852	-455.9515	0	52601.9368	0
525	852	-455.9517	0	52601.9384	0
526	852	-455.9519	0	52601.9389	0
527	852	-455.9520	0	52601.9389	0
528	852	-455.9520	0	52601.9400	0
529	852	-455.9520	0	52601.9417	0
530	852	-455.9518	0	52601.9435	0
531	852	-455.9516	0	52601.9446	0
532	852	-455.9514	0	52601.9450	0
533	852	-455.9511	0	52601.9453	0
534	852	-455.9509	0	52601.9463	0
535	852	-455.9507	0	52601.9478	0
536	852	-455.9505	0	52601.9498	0
537	852	-455.9504	0	52601.9510	0
538	852	-455.9505	0	52601.9516	0
539	852	-455.9505	0	52601.9518	0
540	852	-455.9505	0	52601.9529	0
541	852	-455.9503	0	52601.9546	0
542	852	-455.9500	0	52601.9563	0
543	852	-455.9496	0	52601.9577	0
544	852	-455.9493	0	52601.9585	0
545	852	-455.9492	0	52601.9587	0
546	852	-455.9491	0	52601.9594	0
547	852	-455.9490	0	52601.9615	0
548	852	-455.9489	0	52601.9632	0
549	852	-455.9492	0	52601.9643	0
550	852	-455.9493	0	52601.9648	0
551	852	-455.9493	0	52601.9650	0
552	852	-455.9493	0	52601.9662	0
553	852	-455.9492	0	52601.9674	0
554	852	-455.9488	0	52601.9697	0
555	852	-455.9485	0	52601.9713	0
556	852	-455.9483	0	52601.9718	0
557	852	-455.9481	0	52601.9720	0
558	852	-455.9480	0	52601.9734	0
559	852	-455.9478	0	52601.9750	0
560	852	-455.9478	0	52601.9769	0
561	852	-455.9479	0	52601.9780	0
562	852	-455.9480	0	52601.9783	0
563	852	-455.9480	0	52601.9792	0
564	852	-455.9480	0	52601.9809	0
565	852	-455.9477	0	52601.9832	0
566	852	-455.9475	0	52601.9844	0
567	852	-455.9473	0	52601.9848	0
568	852	-455.9470	0	52601.9849	0
569	852	-455.9467	0	52601.9855	0
570	852	-455.9466	0	52601.9866	0
571	852	-455.9462	0	52601.9889	0
572	852	-455.9461	0	52601.9904	0
573	852	-455.9463	0	52601.9911	0
574	852	-455.9465	0	52601.9915	0
575	852	-455.9466	0	52601.9925	0
576	852	-455.9466	0	52601.9938	0
577	852	-455.9465	0	52601.9958	0
578	852	-455.9463	0	52601.9967	0
579	852	-455.9462	0	52601.9970	0
580	852	-455.9459	0	52601.9975	0
581	852	-455.9456	0	52601.9982	0
582	852	-455.9455	0	52601.9995	0
583	852	-455.9453	0	52602.0014	0
584	852	-455.9452	0	52602.0033	0
585	852	-455.9452	0	52602.0044	0
586	852	-455.9455	0	52602.0047	0
587	852	-455.9456	0	52602.0056	0
588	852	-455.9456	0	52602.0070	0
589	852	-455.9454	0	52602.0086	0
590	852	-455.9451	0	52602.0101	0
591	852	-455.9449	0	52602.0108	0
592	852	-455.9448	0	52602.0113	0
593	852	-455.9446	0	52602.0120	0
594	852	-455.9444	0	52602.0135	0
595	852	-455.9445	0	52602.0153	0
596	852	-455.9447	0	52602.0169	0
597	852	-455.9448	0	52602.0175	0
598	852	-455.9450	0	52602.0173	0
599	852	-455.9451	0	52602.0180	0
600	852	-455.9452	0	52602.0195	0
601	852	-455.9451	0	52602.0209	0
602	852	-455.9451	0	52602.0228	0
603	852	-455.9452	0	52602.0236	0
604	852	-455.9450	0	52602.0243	0
605	852	-455.9449	0	52602.0250	0
606	852	-455.9446	0	52602.0259	0
607	852	-455.9445	0	52602.0274	0
608	852	-455.9445	0	52602.0297	0
609	852	-455.9447	0	52602.0308	0
610	852	-455.9448	0	52602.0312	0
611	852	-455.9447	0	52602.0317	0
612	852	-455.9443	0	52602.0329	0
613	852	-455.9439	0	52602.0345	0
614	852	-455.9436	0	52602.0359	0
615	852	-455.9433	0	52602.0365	0
616	852	-455.9430	0	52602.0370	0
617	852	-455.9427	0	52602.0379	0
618	852	-455.9425	0	52602.0396	0
619	852	-455.9423	0	52602.0417	0
620	852	-455.9423	0	52602.0433	0
621	852	-455.9423	0	52602.0441	0
622	852	-455.9424	0	52602.0445	0
623	852	-455.9424	0	52602.0450	0
624	852	-455.9422	0	52602.0463	0
625	852	-455.9418	0	52602.0477	0
626	852	-455.9414	0	52602.0490	0
627	852	-455.9412	0	52602.0499	0
628	852	-455.9408	0	52602.0504	0
629	852	-455.9405	0	52602.0512	0
630	852	-455.9404	0	52602.0525	0
631	852	-455.9403	0	52602.0540	0
632	852	-455.9403	0	52602.0560	0
633	852	-455.9403	0	52602.0567	0
634	852	-455.9403	0	52602.0570	0
635	852	-455.9403	0	52602.0576	0
636	852	-455.9403	0	52602.0591	0
637	852	-455.9401	0	52602.0609	0
638	852	-455.9398	0	52602.0627	0
639	852	-455.9395	0	52602.0634	0
640	852	-455.9392	0	52602.0638	0
641	852	-455.9391	0	52602.0646	0
642	852	-455.9388	0	52602.0660	0
643	852	-455.9387	0	52602.0675	0
644	852	-455.9386	0	52602.0689	0
645	852	-455.9386	0	52602.0699	0
646	852	-455.9386	0	52602.0705	0
647	852	-455.9385	0	52602.0711	0
648	852	-455.9382	0	52602.0727	0
649	852	-455.9377	0	52602.0743	0
650	852	-455.9373	0	52602.0757	0
651	852	-455.9368	0	52602.0765	0
652	852	-455.9364	0	52602.0771	0
653	852	-455.9361	0	52602.0781	0
654	852	-455.9359	0	52602.0798	0
655	852	-455.9359	0	52602.0816	0
656	852	-455.9359	0	52602.0828	0
657	852	-455.9359	0	52602.0837	0
658	852	-455.9358	0	52602.0841	0
659	852	-455.9357	0	52602.0848	0
660	852	-455.9354	0	52602.0867	0
661	852	-455.9351	0	52602.0884	0
662	852	-455.9347	0	52602.0896	0
663	852	-455.9342	0	52602.0900	0
664	852	-455.9339	0	52602.0903	0
665	852	-455.9338	0	52602.0916	0
666	852	-455.9336	0	52602.0936	0
667	852	-455.9336	0	52602.0956	0
668	852	-455.9335	0	52602.0969	0
669	852	-455.9335	0	52602.0975	0
670	852	-455.9335	0	52602.0981	0
671	852	-455.9333	0	52602.0987	0
672	852	-455.9331	0	52602.1004	0
673	852	-455.9329	0	52602.1023	0
674	852	-455.9326	0	52602.1035	0
675	852	-455.9322	0	52602.1043	0
676	852	-455.9321	0	52602.1046	0
677	852	-455.9321	0	52602.1058	0
678	852	-455.9322	0	52602.1073	0
679	852	-455.9321	0	52602.1095	0
680	852	-455.9326	0	52602.1105	0
681	852	-455.9328	0	52602.1113	0
682	852	-455.9328	0	52602.1116	0
683	852	-455.9327	0	52602.1127	0
684	852	-455.9322	0	52602.1147	0
685	852	-455.9318	0	52602.1164	0
686	852	-455.9314	0	52602.1171	0
687	852	-455.9310	0	52602.1178	0
688	852	-455.9309	0	52602.1184	0
689	852	-455.9309	0	52602.1199	0
690	852	-455.9310	0	52602.1215	0
691	852	-455.9310	0	52602.1225	0
692	852	-455.9311	0	52602.1231	0
693	852	-455.9314	0	52602.1235	0
694	852	-455.9316	0	52602.1239	0
695	852	-455.9316	0	52602.1242	0
696	852	-455.9315	0	52602.1248	0
697	852	-455.9312	0	52602.1255	0
698	852	-455.9310	0	52602.1259	0
699	852	-455.9308	0	52602.1262	0
700	852	-455.9306	0	52602.1267	0
701	852	-455.9303	0	52602.1272	0
702	852	-455.9299	0	52602.1280	0
703	852	-455.9298	0	52602.1286	0
704	852	-455.9300	0	52602.1290	0
705	852	-455.9304	0	52602.1292	0
706	852	-455.9307	0	52602.1295	0
707	852	-455.9308	0	52602.1300	0
708	852	-455.9307	0	52602.1307	0
709	852	-455.9306	0	52602.1316	0
710	852	-455.9305	0	52602.1320	0
711	852	-455.9304	0	52602.1324	0
712	852	-455.9301	0	52602.1329	0
713	852	-455.9298	0	52602.1337	0
714	852	-455.9299	0	52602.1345	0
715	852	-455.9302	0	52602.1350	0
716	852	-455.9303	0	52602.1356	0
717	852	-455.9303	0	52602.1364	0
718	852	-455.9299	0	52602.1378	0
719	852	-455.9291	0	52602.1395	0
720	852	-455.9280	0	52602.1408	0
721	852	-455.9269	0	52602.1418	0
722	852	-455.9267	0	52602.1424	0
723	852	-455.9269	0	52602.1430	0
724	852	-455.9266	0	52602.1438	0
725	852	-455.9259	0	52602.1447	0
