1	853	-465.7019	0	52447.9977	0
2	853	-465.7017	0	52448.0009	0
3	853	-465.7014	0	52447.9999	0
4	853	-465.7013	0	52447.9996	0
5	853	-465.7009	0	52448.0007	0
6	853	-465.7009	0	52448.0051	0
7	853	-465.7009	0	52448.0091	0
8	853	-465.7006	0	52448.0066	0
9	853	-465.7007	0	52448.0057	0
10	853	-465.7009	0	52448.0054	0
11	853	-465.7010	0	52448.0052	0
12	853	-465.7008	0	52448.0051	0
13	853	-465.7009	0	52448.0039	0
14	853	-465.7004	0	52448.0069	0
15	853	-465.7003	0	52448.0056	0
16	853	-465.7000	0	52448.0075	0
17	853	-465.7001	0	52448.0082	0
18	853	-465.6999	0	52448.0108	0
19	853	-465.6999	0	52448.0130	0
20	853	-465.6999	0	52448.0138	0
21	853	-465.6999	0	52448.0153	0
22	853	-465.7001	0	52448.0134	0
23	853	-465.7003	0	52448.0103	0
24	853	-465.7002	0	52448.0138	0
25	853	-465.7000	0	52448.0151	0
26	853	-465.7002	0	52448.0121	0
27	853	-465.7006	0	52448.0075	0
28	853	-465.7011	0	52448.0034	0
29	853	-465.7013	0	52448.0030	0
30	853	-465.7012	0	52448.0087	0
31	853	-465.7013	0	52448.0099	0
32	853	-465.7022	0	52448.0068	0
33	853	-465.7026	0	52448.0033	0
34	853	-465.7031	0	52448.0009	0
35	853	-465.7032	0	52448.0011	0
36	853	-465.7033	0	52448.0013	0
37	853	-465.7032	0	52448.0025	0
38	853	-465.7028	0	52448.0030	0
39	853	-465.7028	0	52448.0032	0
40	853	-465.7025	0	52448.0092	0
41	853	-465.7024	0	52448.0115	0
42	853	-465.7029	0	52448.0089	0
43	853	-465.7032	0	52448.0091	0
44	853	-465.7031	0	52448.0091	0
45	853	-465.7031	0	52448.0079	0
46	853	-465.7029	0	52448.0086	0
47	853	-465.7027	0	52448.0076	0
48	853	-465.7026	0	52448.0085	0
49	853	-465.7024	0	52448.0099	0
50	853	-465.7023	0	52448.0117	0
51	853	-465.7023	0	52448.0111	0
52	853	-465.7024	0	52448.0121	0
53	853	-465.7025	0	52448.0113	0
54	853	-465.7023	0	52448.0110	0
55	853	-465.7022	0	52448.0132	0
56	853	-465.7022	0	52448.0128	0
57	853	-465.7019	0	52448.0162	0
58	853	-465.7015	0	52448.0174	0
59	853	-465.7011	0	52448.0189	0
60	853	-465.7015	0	52448.0136	0
61	853	-465.7010	0	52448.0197	0
62	853	-465.7011	0	52448.0221	0
63	853	-465.7011	0	52448.0230	0
64	853	-465.7013	0	52448.0233	0
65	853	-465.7016	0	52448.0234	0
66	853	-465.7017	0	52448.0234	0
67	853	-465.7017	0	52448.0234	0
68	853	-465.7014	0	52448.0256	0
69	853	-465.7012	0	52448.0264	0
70	853	-465.7013	0	52448.0267	0
71	853	-465.7015	0	52448.0268	0
72	853	-465.7016	0	52448.0257	0
73	853	-465.7016	0	52448.0264	0
74	853	-465.7016	0	52448.0289	0
75	853	-465.7018	0	52448.0288	0
76	853	-465.7019	0	52448.0287	0
77	853	-465.7021	0	52448.0275	0
78	853	-465.7022	0	52448.0259	0
79	853	-465.7026	0	52448.0265	0
80	853	-465.7024	0	52448.0278	0
81	853	-465.7022	0	52448.0283	0
82	853	-465.7019	0	52448.0284	0
83	853	-465.7017	0	52448.0272	0
84	853	-465.7015	0	52448.0314	0
85	853	-465.7014	0	52448.0340	0
86	853	-465.7014	0	52448.0372	0
87	853	-465.7016	0	52448.0396	0
88	853	-465.7017	0	52448.0382	0
89	853	-465.7018	0	52448.0399	0
90	853	-465.7019	0	52448.0427	0
91	853	-465.7019	0	52448.0448	0
92	853	-465.7016	0	52448.0466	0
93	853	-465.7014	0	52448.0472	0
94	853	-465.7013	0	52448.0474	0
95	853	-465.7015	0	52448.0485	0
96	853	-465.7014	0	52448.0511	0
97	853	-465.7015	0	52448.0552	0
98	853	-465.7015	0	52448.0567	0
99	853	-465.7016	0	52448.0583	0
100	853	-465.7019	0	52448.0579	0
101	853	-465.7020	0	52448.0587	0
102	853	-465.7022	0	52448.0569	0
103	853	-465.7020	0	52448.0624	0
104	853	-465.7022	0	52448.0603	0
105	853	-465.7024	0	52448.0595	0
106	853	-465.7021	0	52448.0632	0
107	853	-465.7025	0	52448.0541	0
108	853	-465.7015	0	52448.0680	0
109	853	-465.7010	0	52448.0777	0
110	853	-465.7009	0	52448.0822	0
111	853	-465.7007	0	52448.0836	0
112	853	-465.7006	0	52448.0821	0
113	853	-465.7007	0	52448.0824	0
114	853	-465.7009	0	52448.0835	0
115	853	-465.7010	0	52448.0819	0
116	853	-465.7010	0	52448.0812	0
117	853	-465.7008	0	52448.0818	0
118	853	-465.7009	0	52448.0851	0
119	853	-465.7010	0	52448.0873	0
120	853	-465.7012	0	52448.0890	0
121	853	-465.7012	0	52448.0896	0
122	853	-465.7015	0	52448.0889	0
123	853	-465.7015	0	52448.0905	0
124	853	-465.7014	0	52448.0940	0
125	853	-465.7013	0	52448.0952	0
126	853	-465.7011	0	52448.0956	0
127	853	-465.7010	0	52448.0957	0
128	853	-465.7010	0	52448.0967	0
129	853	-465.7011	0	52448.0989	0
130	853	-465.7011	0	52448.1016	0
131	853	-465.7011	0	52448.1017	0
132	853	-465.7011	0	52448.1016	0
133	853	-465.7011	0	52448.1015	0
134	853	-465.7011	0	52448.1034	0
135	853	-465.7008	0	52448.1058	0
136	853	-465.7005	0	52448.1058	0
137	853	-465.7004	0	52448.1066	0
138	853	-465.7003	0	52448.1069	0
139	853	-465.7003	0	52448.1079	0
140	853	-465.7004	0	52448.1092	0
141	853	-465.7006	0	52448.1115	0
142	853	-465.7006	0	52448.1115	0
143	853	-465.7007	0	52448.1114	0
144	853	-465.7007	0	52448.1113	0
145	853	-465.7005	0	52448.1131	0
146	853	-465.7003	0	52448.1146	0
147	853	-465.7002	0	52448.1152	0
148	853	-465.7004	0	52448.1135	0
149	853	-465.7005	0	52448.1138	0
150	853	-465.7006	0	52448.1139	0
151	853	-465.7008	0	52448.1157	0
152	853	-465.7010	0	52448.1183	0
153	853	-465.7013	0	52448.1192	0
154	853	-465.7014	0	52448.1214	0
155	853	-465.7014	0	52448.1221	0
156	853	-465.7014	0	52448.1242	0
157	853	-465.7012	0	52448.1276	0
158	853	-465.7011	0	52448.1270	0
159	853	-465.7012	0	52448.1259	0
160	853	-465.7013	0	52448.1263	0
161	853	-465.7013	0	52448.1282	0
162	853	-465.7015	0	52448.1298	0
163	853	-465.7017	0	52448.1321	0
164	853	-465.7020	0	52448.1321	0
165	853	-465.7021	0	52448.1330	0
166	853	-465.7023	0	52448.1350	0
167	853	-465.7023	0	52448.1357	0
168	853	-465.7022	0	52448.1377	0
169	853	-465.7021	0	52448.1392	0
170	853	-465.7021	0	52448.1389	0
171	853	-465.7022	0	52448.1379	0
172	853	-465.7023	0	52448.1375	0
173	853	-465.7023	0	52448.1381	0
174	853	-465.7023	0	52448.1392	0
175	853	-465.7023	0	52448.1405	0
176	853	-465.7023	0	52448.1418	0
177	853	-465.7023	0	52448.1422	0
178	853	-465.7020	0	52448.1432	0
179	853	-465.7017	0	52448.1452	0
180	853	-465.7015	0	52448.1459	0
181	853	-465.7013	0	52448.1461	0
182	853	-465.7012	0	52448.1470	0
183	853	-465.7015	0	52448.1481	0
184	853	-465.7015	0	52448.1494	0
185	853	-465.7018	0	52448.1499	0
186	853	-465.7020	0	52448.1500	0
187	853	-465.7021	0	52448.1501	0
188	853	-465.7021	0	52448.1500	0
189	853	-465.7017	0	52448.1508	0
190	853	-465.7012	0	52448.1518	0
191	853	-465.7007	0	52448.1554	0
192	853	-465.7006	0	52448.1560	0
193	853	-465.7006	0	52448.1569	0
194	853	-465.7007	0	52448.1581	0
195	853	-465.7008	0	52448.1585	0
196	853	-465.7007	0	52448.1594	0
197	853	-465.7008	0	52448.1606	0
198	853	-465.7009	0	52448.1610	0
199	853	-465.7009	0	52448.1603	0
200	853	-465.7008	0	52448.1616	0
201	853	-465.7004	0	52448.1644	0
202	853	-465.7001	0	52448.1662	0
203	853	-465.7002	0	52448.1653	0
204	853	-465.7002	0	52448.1657	0
205	853	-465.7005	0	52448.1666	0
206	853	-465.7008	0	52448.1678	0
207	853	-465.7010	0	52448.1682	0
208	853	-465.7015	0	52448.1692	0
209	853	-465.7018	0	52448.1695	0
210	853	-465.7022	0	52448.1689	0
211	853	-465.7025	0	52448.1702	0
212	853	-465.7025	0	52448.1714	0
213	853	-465.7024	0	52448.1734	0
214	853	-465.7025	0	52448.1734	0
215	853	-465.7026	0	52448.1733	0
216	853	-465.7027	0	52448.1718	0
217	853	-465.7028	0	52448.1727	0
218	853	-465.7030	0	52448.1746	0
219	853	-465.7034	0	52448.1769	0
220	853	-465.7038	0	52448.1778	0
221	853	-465.7041	0	52448.1781	0
222	853	-465.7042	0	52448.1797	0
223	853	-465.7044	0	52448.1810	0
224	853	-465.7046	0	52448.1823	0
225	853	-465.7046	0	52448.1835	0
226	853	-465.7047	0	52448.1839	0
227	853	-465.7050	0	52448.1841	0
228	853	-465.7051	0	52448.1841	0
229	853	-465.7052	0	52448.1841	0
230	853	-465.7053	0	52448.1856	0
231	853	-465.7056	0	52448.1869	0
232	853	-465.7058	0	52448.1873	0
233	853	-465.7056	0	52448.1882	0
234	853	-465.7050	0	52448.1899	0
235	853	-465.7048	0	52448.1913	0
236	853	-465.7047	0	52448.1925	0
237	853	-465.7049	0	52448.1929	0
238	853	-465.7050	0	52448.1938	0
239	853	-465.7053	0	52448.1941	0
240	853	-465.7054	0	52448.1957	0
241	853	-465.7055	0	52448.1962	0
242	853	-465.7057	0	52448.1972	0
243	853	-465.7058	0	52448.1982	0
244	853	-465.7059	0	52448.1986	0
245	853	-465.7060	0	52448.2008	0
246	853	-465.7059	0	52448.2016	0
247	853	-465.7057	0	52448.2026	0
248	853	-465.7058	0	52448.2037	0
249	853	-465.7061	0	52448.2034	0
250	853	-465.7062	0	52448.2025	0
251	853	-465.7065	0	52448.2014	0
252	853	-465.7066	0	52448.2053	0
253	853	-465.7066	0	52448.2081	0
254	853	-465.7068	0	52448.2091	0
255	853	-465.7068	0	52448.2095	0
256	853	-465.7069	0	52448.2089	0
257	853	-465.7066	0	52448.2100	0
258	853	-465.7064	0	52448.2118	0
259	853	-465.7062	0	52448.2131	0
260	853	-465.7062	0	52448.2135	0
261	853	-465.7063	0	52448.2137	0
262	853	-465.7063	0	52448.2144	0
263	853	-465.7063	0	52448.2173	0
264	853	-465.7064	0	52448.2191	0
265	853	-465.7065	0	52448.2204	0
266	853	-465.7066	0	52448.2209	0
267	853	-465.7067	0	52448.2217	0
268	853	-465.7066	0	52448.2233	0
269	853	-465.7065	0	52448.2258	0
270	853	-465.7066	0	52448.2274	0
271	853	-465.7069	0	52448.2280	0
272	853	-465.7072	0	52448.2269	0
273	853	-465.7072	0	52448.2277	0
274	853	-465.7073	0	52448.2273	0
275	853	-465.7072	0	52448.2311	0
276	853	-465.7074	0	52448.2325	0
277	853	-465.7075	0	52448.2330	0
278	853	-465.7073	0	52448.2337	0
279	853	-465.7070	0	52448.2352	0
280	853	-465.7065	0	52448.2370	0
281	853	-465.7062	0	52448.2376	0
282	853	-465.7061	0	52448.2378	0
283	853	-465.7061	0	52448.2378	0
284	853	-465.7060	0	52448.2378	0
285	853	-465.7059	0	52448.2416	0
286	853	-465.7059	0	52448.2436	0
287	853	-465.7060	0	52448.2436	0
288	853	-465.7061	0	52448.2443	0
289	853	-465.7059	0	52448.2463	0
290	853	-465.7056	0	52448.2476	0
291	853	-465.7053	0	52448.2499	0
292	853	-465.7052	0	52448.2507	0
293	853	-465.7056	0	52448.2510	0
294	853	-465.7058	0	52448.2511	0
295	853	-465.7059	0	52448.2529	0
296	853	-465.7057	0	52448.2553	0
297	853	-465.7058	0	52448.2568	0
298	853	-465.7057	0	52448.2579	0
299	853	-465.7055	0	52448.2565	0
300	853	-465.7052	0	52448.2571	0
301	853	-465.7049	0	52448.2596	0
302	853	-465.7047	0	52448.2611	0
303	853	-465.7045	0	52448.2622	0
304	853	-465.7042	0	52448.2632	0
305	853	-465.7042	0	52448.2635	0
306	853	-465.7043	0	52448.2659	0
307	853	-465.7045	0	52448.2679	0
308	853	-465.7047	0	52448.2698	0
309	853	-465.7048	0	52448.2716	0
310	853	-465.7050	0	52448.2717	0
311	853	-465.7051	0	52448.2728	0
312	853	-465.7050	0	52448.2748	0
313	853	-465.7048	0	52448.2761	0
314	853	-465.7046	0	52448.2766	0
315	853	-465.7047	0	52448.2761	0
316	853	-465.7050	0	52448.2754	0
317	853	-465.7052	0	52448.2767	0
318	853	-465.7053	0	52448.2795	0
319	853	-465.7054	0	52448.2815	0
320	853	-465.7055	0	52448.2839	0
321	853	-465.7054	0	52448.2837	0
322	853	-465.7054	0	52448.2852	0
323	853	-465.7050	0	52448.2873	0
324	853	-465.7046	0	52448.2896	0
325	853	-465.7044	0	52448.2899	0
326	853	-465.7043	0	52448.2900	0
327	853	-465.7043	0	52448.2899	0
328	853	-465.7043	0	52448.2920	0
329	853	-465.7043	0	52448.2933	0
330	853	-465.7044	0	52448.2943	0
331	853	-465.7046	0	52448.2951	0
332	853	-465.7047	0	52448.2954	0
333	853	-465.7046	0	52448.2960	0
334	853	-465.7044	0	52448.2972	0
335	853	-465.7042	0	52448.2976	0
336	853	-465.7038	0	52448.3003	0
337	853	-465.7036	0	52448.3007	0
338	853	-465.7034	0	52448.3014	0
339	853	-465.7034	0	52448.3006	0
340	853	-465.7034	0	52448.3007	0
341	853	-465.7032	0	52448.3023	0
342	853	-465.7033	0	52448.3029	0
343	853	-465.7035	0	52448.3025	0
344	853	-465.7034	0	52448.3034	0
345	853	-465.7032	0	52448.3047	0
346	853	-465.7030	0	52448.3062	0
347	853	-465.7028	0	52448.3062	0
348	853	-465.7026	0	52448.3061	0
349	853	-465.7026	0	52448.3051	0
350	853	-465.7025	0	52448.3057	0
351	853	-465.7025	0	52448.3064	0
352	853	-465.7026	0	52448.3081	0
353	853	-465.7027	0	52448.3098	0
354	853	-465.7028	0	52448.3099	0
355	853	-465.7030	0	52448.3104	0
356	853	-465.7030	0	52448.3115	0
357	853	-465.7032	0	52448.3130	0
358	853	-465.7032	0	52448.3154	0
359	853	-465.7032	0	52448.3158	0
360	853	-465.7031	0	52448.3150	0
361	853	-465.7031	0	52448.3151	0
362	853	-465.7031	0	52448.3166	0
363	853	-465.7031	0	52448.3190	0
364	853	-465.7031	0	52448.3213	0
365	853	-465.7032	0	52448.3231	0
366	853	-465.7033	0	52448.3233	0
367	853	-465.7034	0	52448.3242	0
368	853	-465.7032	0	52448.3264	0
369	853	-465.7029	0	52448.3277	0
370	853	-465.7029	0	52448.3286	0
371	853	-465.7031	0	52448.3279	0
372	853	-465.7034	0	52448.3277	0
373	853	-465.7035	0	52448.3294	0
374	853	-465.7036	0	52448.3309	0
375	853	-465.7039	0	52448.3333	0
376	853	-465.7043	0	52448.3337	0
377	853	-465.7045	0	52448.3343	0
378	853	-465.7045	0	52448.3354	0
379	853	-465.7044	0	52448.3375	0
380	853	-465.7043	0	52448.3396	0
381	853	-465.7041	0	52448.3404	0
382	853	-465.7039	0	52448.3393	0
383	853	-465.7039	0	52448.3393	0
384	853	-465.7038	0	52448.3405	0
385	853	-465.7038	0	52448.3414	0
386	853	-465.7039	0	52448.3422	0
387	853	-465.7041	0	52448.3424	0
388	853	-465.7040	0	52448.3429	0
389	853	-465.7038	0	52448.3440	0
390	853	-465.7034	0	52448.3456	0
391	853	-465.7030	0	52448.3466	0
392	853	-465.7029	0	52448.3465	0
393	853	-465.7032	0	52448.3461	0
394	853	-465.7034	0	52448.3467	0
395	853	-465.7034	0	52448.3478	0
396	853	-465.7034	0	52448.3499	0
397	853	-465.7035	0	52448.3511	0
398	853	-465.7036	0	52448.3519	0
399	853	-465.7037	0	52448.3522	0
400	853	-465.7037	0	52448.3535	0
401	853	-465.7034	0	52448.3552	0
402	853	-465.7030	0	52448.3558	0
403	853	-465.7030	0	52448.3560	0
404	853	-465.7030	0	52448.3557	0
405	853	-465.7029	0	52448.3559	0
406	853	-465.7029	0	52448.3576	0
407	853	-465.7031	0	52448.3583	0
408	853	-465.7033	0	52448.3597	0
409	853	-465.7034	0	52448.3586	0
410	853	-465.7035	0	52448.3598	0
411	853	-465.7034	0	52448.3606	0
412	853	-465.7031	0	52448.3633	0
413	853	-465.7029	0	52448.3651	0
414	853	-465.7027	0	52448.3657	0
415	853	-465.7025	0	52448.3655	0
416	853	-465.7025	0	52448.3670	0
417	853	-465.7024	0	52448.3691	0
418	853	-465.7024	0	52448.3718	0
419	853	-465.7025	0	52448.3736	0
420	853	-465.7025	0	52448.3742	0
421	853	-465.7024	0	52448.3748	0
422	853	-465.7022	0	52448.3757	0
423	853	-465.7020	0	52448.3775	0
424	853	-465.7015	0	52448.3800	0
425	853	-465.7014	0	52448.3802	0
426	853	-465.7013	0	52448.3802	0
427	853	-465.7012	0	52448.3809	0
428	853	-465.7011	0	52448.3827	0
429	853	-465.7009	0	52448.3851	0
430	853	-465.7008	0	52448.3867	0
431	853	-465.7008	0	52448.3862	0
432	853	-465.7006	0	52448.3874	0
433	853	-465.7003	0	52448.3893	0
434	853	-465.6999	0	52448.3906	0
435	853	-465.6996	0	52448.3911	0
436	853	-465.6993	0	52448.3912	0
437	853	-465.6989	0	52448.3920	0
438	853	-465.6987	0	52448.3922	0
439	853	-465.6986	0	52448.3930	0
440	853	-465.6987	0	52448.3946	0
441	853	-465.6989	0	52448.3956	0
442	853	-465.6989	0	52448.3966	0
443	853	-465.6989	0	52448.3977	0
444	853	-465.6989	0	52448.3994	0
445	853	-465.6988	0	52448.4014	0
446	853	-465.6987	0	52448.4018	0
447	853	-465.6985	0	52448.4022	0
448	853	-465.6984	0	52448.4027	0
449	853	-465.6985	0	52448.4035	0
450	853	-465.6988	0	52448.4051	0
451	853	-465.6990	0	52448.4061	0
452	853	-465.6993	0	52448.4074	0
453	853	-465.6997	0	52448.4082	0
454	853	-465.6999	0	52448.4101	0
455	853	-465.7000	0	52448.4117	0
456	853	-465.7000	0	52448.4136	0
457	853	-465.7000	0	52448.4149	0
458	853	-465.7001	0	52448.4154	0
459	853	-465.7001	0	52448.4149	0
460	853	-465.7000	0	52448.4159	0
461	853	-465.7002	0	52448.4176	0
462	853	-465.7004	0	52448.4191	0
463	853	-465.7008	0	52448.4200	0
464	853	-465.7011	0	52448.4202	0
465	853	-465.7013	0	52448.4209	0
466	853	-465.7014	0	52448.4221	0
467	853	-465.7015	0	52448.4219	0
468	853	-465.7014	0	52448.4224	0
469	853	-465.7012	0	52448.4222	0
470	853	-465.7011	0	52448.4222	0
471	853	-465.7011	0	52448.4227	0
472	853	-465.7011	0	52448.4245	0
473	853	-465.7011	0	52448.4260	0
474	853	-465.7012	0	52448.4272	0
475	853	-465.7013	0	52448.4267	0
476	853	-465.7012	0	52448.4274	0
477	853	-465.7008	0	52448.4291	0
478	853	-465.7003	0	52448.4309	0
479	853	-465.6999	0	52448.4319	0
480	853	-465.6997	0	52448.4325	0
481	853	-465.6995	0	52448.4330	0
482	853	-465.6994	0	52448.4347	0
483	853	-465.6993	0	52448.4373	0
484	853	-465.6994	0	52448.4382	0
485	853	-465.6994	0	52448.4389	0
486	853	-465.6993	0	52448.4388	0
487	853	-465.6991	0	52448.4404	0
488	853	-465.6990	0	52448.4421	0
489	853	-465.6988	0	52448.4430	0
490	853	-465.6987	0	52448.4431	0
491	853	-465.6986	0	52448.4436	0
492	853	-465.6987	0	52448.4446	0
493	853	-465.6988	0	52448.4466	0
494	853	-465.6990	0	52448.4484	0
495	853	-465.6992	0	52448.4502	0
496	853	-465.6995	0	52448.4508	0
497	853	-465.6997	0	52448.4510	0
498	853	-465.6996	0	52448.4529	0
499	853	-465.6995	0	52448.4547	0
500	853	-465.6992	0	52448.4566	0
501	853	-465.6992	0	52448.4570	0
502	853	-465.6995	0	52448.4577	0
503	853	-465.6995	0	52448.4587	0
504	853	-465.6995	0	52448.4608	0
505	853	-465.6996	0	52448.4629	0
506	853	-465.6998	0	52448.4643	0
507	853	-465.6999	0	52448.4651	0
508	853	-465.6999	0	52448.4658	0
509	853	-465.6997	0	52448.4681	0
510	853	-465.6997	0	52448.4694	0
511	853	-465.6994	0	52448.4708	0
512	853	-465.6993	0	52448.4716	0
513	853	-465.6993	0	52448.4720	0
514	853	-465.6993	0	52448.4734	0
515	853	-465.6994	0	52448.4753	0
516	853	-465.6994	0	52448.4769	0
517	853	-465.6996	0	52448.4780	0
518	853	-465.6998	0	52448.4785	0
519	853	-465.6999	0	52448.4789	0
520	853	-465.6997	0	52448.4807	0
521	853	-465.6993	0	52448.4825	0
522	853	-465.6991	0	52448.4845	0
523	853	-465.6989	0	52448.4852	0
524	853	-465.6990	0	52448.4850	0
525	853	-465.6992	0	52448.4853	0
526	853	-465.6992	0	52448.4867	0
527	853	-465.6993	0	52448.4881	0
528	853	-465.6992	0	52448.4897	0
529	853	-465.6993	0	52448.4905	0
530	853	-465.6992	0	52448.4910	0
531	853	-465.6991	0	52448.4918	0
532	853	-465.6990	0	52448.4940	0
533	853	-465.6990	0	52448.4959	0
534	853	-465.6988	0	52448.4968	0
535	853	-465.6988	0	52448.4971	0
536	853	-465.6988	0	52448.4978	0
537	853	-465.6988	0	52448.4993	0
538	853	-465.6987	0	52448.5015	0
539	853	-465.6987	0	52448.5031	0
540	853	-465.6988	0	52448.5044	0
541	853	-465.6989	0	52448.5051	0
542	853	-465.6988	0	52448.5057	0
543	853	-465.6986	0	52448.5071	0
544	853	-465.6985	0	52448.5088	0
545	853	-465.6984	0	52448.5106	0
546	853	-465.6982	0	52448.5113	0
547	853	-465.6982	0	52448.5113	0
548	853	-465.6982	0	52448.5118	0
549	853	-465.6981	0	52448.5131	0
550	853	-465.6979	0	52448.5148	0
551	853	-465.6978	0	52448.5163	0
552	853	-465.6976	0	52448.5172	0
553	853	-465.6974	0	52448.5177	0
554	853	-465.6969	0	52448.5187	0
555	853	-465.6965	0	52448.5207	0
556	853	-465.6962	0	52448.5223	0
557	853	-465.6960	0	52448.5231	0
558	853	-465.6959	0	52448.5237	0
559	853	-465.6958	0	52448.5241	0
560	853	-465.6956	0	52448.5258	0
561	853	-465.6955	0	52448.5272	0
562	853	-465.6955	0	52448.5287	0
563	853	-465.6956	0	52448.5296	0
564	853	-465.6956	0	52448.5301	0
565	853	-465.6955	0	52448.5311	0
566	853	-465.6954	0	52448.5325	0
567	853	-465.6953	0	52448.5340	0
568	853	-465.6950	0	52448.5354	0
569	853	-465.6947	0	52448.5359	0
570	853	-465.6947	0	52448.5366	0
571	853	-465.6948	0	52448.5376	0
572	853	-465.6947	0	52448.5390	0
573	853	-465.6947	0	52448.5403	0
574	853	-465.6950	0	52448.5417	0
575	853	-465.6951	0	52448.5423	0
576	853	-465.6952	0	52448.5425	0
577	853	-465.6951	0	52448.5437	0
578	853	-465.6950	0	52448.5454	0
579	853	-465.6948	0	52448.5473	0
580	853	-465.6945	0	52448.5481	0
581	853	-465.6945	0	52448.5487	0
582	853	-465.6944	0	52448.5492	0
583	853	-465.6944	0	52448.5505	0
584	853	-465.6943	0	52448.5523	0
585	853	-465.6943	0	52448.5538	0
586	853	-465.6944	0	52448.5547	0
587	853	-465.6945	0	52448.5552	0
588	853	-465.6944	0	52448.5563	0
589	853	-465.6942	0	52448.5579	0
590	853	-465.6942	0	52448.5594	0
591	853	-465.6939	0	52448.5603	0
592	853	-465.6938	0	52448.5609	0
593	853	-465.6938	0	52448.5611	0
594	853	-465.6938	0	52448.5628	0
595	853	-465.6938	0	52448.5647	0
596	853	-465.6938	0	52448.5655	0
597	853	-465.6939	0	52448.5666	0
598	853	-465.6940	0	52448.5671	0
599	853	-465.6940	0	52448.5683	0
600	853	-465.6936	0	52448.5702	0
601	853	-465.6933	0	52448.5718	0
602	853	-465.6932	0	52448.5730	0
603	853	-465.6934	0	52448.5737	0
604	853	-465.6936	0	52448.5744	0
605	853	-465.6936	0	52448.5759	0
606	853	-465.6935	0	52448.5779	0
607	853	-465.6936	0	52448.5795	0
608	853	-465.6938	0	52448.5801	0
609	853	-465.6939	0	52448.5807	0
610	853	-465.6939	0	52448.5815	0
611	853	-465.6937	0	52448.5829	0
612	853	-465.6935	0	52448.5845	0
613	853	-465.6932	0	52448.5859	0
614	853	-465.6931	0	52448.5864	0
615	853	-465.6931	0	52448.5868	0
616	853	-465.6930	0	52448.5884	0
617	853	-465.6928	0	52448.5901	0
618	853	-465.6928	0	52448.5919	0
619	853	-465.6927	0	52448.5928	0
620	853	-465.6926	0	52448.5934	0
621	853	-465.6924	0	52448.5943	0
622	853	-465.6922	0	52448.5959	0
623	853	-465.6919	0	52448.5976	0
624	853	-465.6915	0	52448.5989	0
625	853	-465.6912	0	52448.5994	0
626	853	-465.6911	0	52448.5995	0
627	853	-465.6911	0	52448.6008	0
628	853	-465.6913	0	52448.6025	0
629	853	-465.6914	0	52448.6039	0
630	853	-465.6914	0	52448.6049	0
631	853	-465.6913	0	52448.6054	0
632	853	-465.6908	0	52448.6059	0
633	853	-465.6902	0	52448.6076	0
634	853	-465.6899	0	52448.6091	0
635	853	-465.6897	0	52448.6107	0
636	853	-465.6896	0	52448.6116	0
637	853	-465.6894	0	52448.6119	0
638	853	-465.6892	0	52448.6129	0
639	853	-465.6889	0	52448.6146	0
640	853	-465.6884	0	52448.6164	0
641	853	-465.6881	0	52448.6179	0
642	853	-465.6880	0	52448.6187	0
643	853	-465.6878	0	52448.6192	0
644	853	-465.6875	0	52448.6202	0
645	853	-465.6870	0	52448.6214	0
646	853	-465.6865	0	52448.6229	0
647	853	-465.6858	0	52448.6238	0
648	853	-465.6853	0	52448.6244	0
649	853	-465.6853	0	52448.6255	0
650	853	-465.6855	0	52448.6275	0
651	853	-465.6858	0	52448.6294	0
652	853	-465.6859	0	52448.6308	0
653	853	-465.6857	0	52448.6313	0
654	853	-465.6852	0	52448.6320	0
655	853	-465.6844	0	52448.6334	0
656	853	-465.6838	0	52448.6352	0
657	853	-465.6833	0	52448.6370	0
658	853	-465.6829	0	52448.6379	0
659	853	-465.6826	0	52448.6382	0
660	853	-465.6826	0	52448.6393	0
661	853	-465.6826	0	52448.6407	0
662	853	-465.6827	0	52448.6425	0
663	853	-465.6828	0	52448.6435	0
664	853	-465.6826	0	52448.6443	0
665	853	-465.6823	0	52448.6448	0
666	853	-465.6821	0	52448.6464	0
667	853	-465.6819	0	52448.6482	0
668	853	-465.6816	0	52448.6493	0
669	853	-465.6814	0	52448.6497	0
670	853	-465.6811	0	52448.6502	0
671	853	-465.6808	0	52448.6507	0
672	853	-465.6806	0	52448.6522	0
673	853	-465.6806	0	52448.6538	0
674	853	-465.6808	0	52448.6547	0
675	853	-465.6811	0	52448.6552	0
676	853	-465.6813	0	52448.6557	0
677	853	-465.6816	0	52448.6568	0
678	853	-465.6818	0	52448.6589	0
679	853	-465.6817	0	52448.6606	0
680	853	-465.6816	0	52448.6614	0
681	853	-465.6816	0	52448.6617	0
682	853	-465.6816	0	52448.6621	0
683	853	-465.6815	0	52448.6633	0
684	853	-465.6815	0	52448.6644	0
685	853	-465.6816	0	52448.6652	0
686	853	-465.6819	0	52448.6655	0
687	853	-465.6822	0	52448.6659	0
688	853	-465.6824	0	52448.6663	0
689	853	-465.6823	0	52448.6668	0
690	853	-465.6820	0	52448.6673	0
691	853	-465.6817	0	52448.6681	0
692	853	-465.6813	0	52448.6686	0
693	853	-465.6809	0	52448.6690	0
694	853	-465.6807	0	52448.6695	0
695	853	-465.6808	0	52448.6699	0
696	853	-465.6810	0	52448.6708	0
697	853	-465.6813	0	52448.6714	0
698	853	-465.6815	0	52448.6717	0
699	853	-465.6814	0	52448.6722	0
700	853	-465.6809	0	52448.6728	0
701	853	-465.6803	0	52448.6737	0
702	853	-465.6798	0	52448.6744	0
703	853	-465.6796	0	52448.6749	0
704	853	-465.6797	0	52448.6753	0
705	853	-465.6798	0	52448.6756	0
706	853	-465.6800	0	52448.6763	0
707	853	-465.6799	0	52448.6772	0
708	853	-465.6798	0	52448.6777	0
709	853	-465.6800	0	52448.6781	0
710	853	-465.6800	0	52448.6787	0
711	853	-465.6799	0	52448.6793	0
712	853	-465.6796	0	52448.6801	0
713	853	-465.6792	0	52448.6810	0
714	853	-465.6788	0	52448.6817	0
715	853	-465.6787	0	52448.6823	0
716	853	-465.6784	0	52448.6830	0
717	853	-465.6782	0	52448.6842	0
718	853	-465.6772	0	52448.6859	0
719	853	-465.6765	0	52448.6876	0
