1	854	-465.6797	0	52447.8793	0
2	854	-465.6798	0	52447.8814	0
3	854	-465.6796	0	52447.8836	0
4	854	-465.6790	0	52447.8822	0
5	854	-465.6784	0	52447.8834	0
6	854	-465.6781	0	52447.8820	0
7	854	-465.6779	0	52447.8848	0
8	854	-465.6777	0	52447.8874	0
9	854	-465.6776	0	52447.8851	0
10	854	-465.6779	0	52447.8859	0
11	854	-465.6782	0	52447.8862	0
12	854	-465.6782	0	52447.8863	0
13	854	-465.6780	0	52447.8894	0
14	854	-465.6776	0	52447.8905	0
15	854	-465.6768	0	52447.8891	0
16	854	-465.6763	0	52447.8901	0
17	854	-465.6761	0	52447.8888	0
18	854	-465.6757	0	52447.8866	0
19	854	-465.6754	0	52447.8873	0
20	854	-465.6752	0	52447.8876	0
21	854	-465.6757	0	52447.8878	0
22	854	-465.6762	0	52447.8864	0
23	854	-465.6761	0	52447.8858	0
24	854	-465.6758	0	52447.8839	0
25	854	-465.6755	0	52447.8863	0
26	854	-465.6751	0	52447.8855	0
27	854	-465.6750	0	52447.8853	0
28	854	-465.6748	0	52447.8852	0
29	854	-465.6748	0	52447.8867	0
30	854	-465.6746	0	52447.8872	0
31	854	-465.6746	0	52447.8890	0
32	854	-465.6746	0	52447.8896	0
33	854	-465.6746	0	52447.8899	0
34	854	-465.6748	0	52447.8900	0
35	854	-465.6750	0	52447.8901	0
36	854	-465.6747	0	52447.8900	0
37	854	-465.6743	0	52447.8914	0
38	854	-465.6743	0	52447.8889	0
39	854	-465.6739	0	52447.8878	0
40	854	-465.6737	0	52447.8858	0
41	854	-465.6736	0	52447.8850	0
42	854	-465.6735	0	52447.8847	0
43	854	-465.6736	0	52447.8831	0
44	854	-465.6736	0	52447.8824	0
45	854	-465.6736	0	52447.8822	0
46	854	-465.6736	0	52447.8838	0
47	854	-465.6736	0	52447.8844	0
48	854	-465.6734	0	52447.8845	0
49	854	-465.6736	0	52447.8862	0
50	854	-465.6737	0	52447.8838	0
51	854	-465.6739	0	52447.8813	0
52	854	-465.6747	0	52447.8726	0
53	854	-465.6746	0	52447.8676	0
54	854	-465.6745	0	52447.8656	0
55	854	-465.6742	0	52447.8648	0
56	854	-465.6740	0	52447.8646	0
57	854	-465.6739	0	52447.8613	0
58	854	-465.6738	0	52447.8601	0
59	854	-465.6738	0	52447.8613	0
60	854	-465.6736	0	52447.8634	0
61	854	-465.6734	0	52447.8659	0
62	854	-465.6730	0	52447.8733	0
63	854	-465.6726	0	52447.8792	0
64	854	-465.6724	0	52447.8830	0
65	854	-465.6724	0	52447.8828	0
66	854	-465.6726	0	52447.8827	0
67	854	-465.6725	0	52447.8794	0
68	854	-465.6725	0	52447.8750	0
69	854	-465.6725	0	52447.8748	0
70	854	-465.6725	0	52447.8716	0
71	854	-465.6727	0	52447.8671	0
72	854	-465.6726	0	52447.8686	0
73	854	-465.6724	0	52447.8773	0
