1	857	-465.6065	0	52448.6924	0
2	857	-465.6077	0	52448.6915	0
3	857	-465.6101	0	52448.6899	0
4	857	-465.6120	0	52448.6888	0
5	857	-465.6139	0	52448.6878	0
6	857	-465.6157	0	52448.6872	0
7	857	-465.6175	0	52448.6862	0
8	857	-465.6189	0	52448.6851	0
9	857	-465.6201	0	52448.6838	0
10	857	-465.6213	0	52448.6830	0
11	857	-465.6218	0	52448.6825	0
12	857	-465.6235	0	52448.6817	0
13	857	-465.6251	0	52448.6805	0
14	857	-465.6268	0	52448.6792	0
15	857	-465.6282	0	52448.6783	0
16	857	-465.6293	0	52448.6777	0
17	857	-465.6304	0	52448.6773	0
18	857	-465.6316	0	52448.6764	0
19	857	-465.6325	0	52448.6754	0
20	857	-465.6332	0	52448.6744	0
21	857	-465.6340	0	52448.6738	0
22	857	-465.6346	0	52448.6734	0
23	857	-465.6354	0	52448.6725	0
24	857	-465.6363	0	52448.6716	0
25	857	-465.6375	0	52448.6704	0
26	857	-465.6384	0	52448.6696	0
27	857	-465.6394	0	52448.6692	0
28	857	-465.6400	0	52448.6688	0
29	857	-465.6410	0	52448.6681	0
30	857	-465.6419	0	52448.6671	0
31	857	-465.6425	0	52448.6664	0
32	857	-465.6430	0	52448.6661	0
33	857	-465.6435	0	52448.6656	0
34	857	-465.6441	0	52448.6648	0
35	857	-465.6445	0	52448.6628	0
36	857	-465.6451	0	52448.6614	0
37	857	-465.6459	0	52448.6609	0
38	857	-465.6464	0	52448.6600	0
39	857	-465.6469	0	52448.6584	0
40	857	-465.6471	0	52448.6556	0
41	857	-465.6475	0	52448.6540	0
42	857	-465.6480	0	52448.6532	0
43	857	-465.6483	0	52448.6524	0
44	857	-465.6483	0	52448.6509	0
45	857	-465.6480	0	52448.6478	0
46	857	-465.6481	0	52448.6452	0
47	857	-465.6484	0	52448.6438	0
48	857	-465.6489	0	52448.6433	0
49	857	-465.6494	0	52448.6424	0
50	857	-465.6496	0	52448.6403	0
51	857	-465.6500	0	52448.6376	0
52	857	-465.6506	0	52448.6361	0
53	857	-465.6513	0	52448.6356	0
54	857	-465.6516	0	52448.6348	0
55	857	-465.6515	0	52448.6332	0
56	857	-465.6514	0	52448.6300	0
57	857	-465.6516	0	52448.6279	0
58	857	-465.6519	0	52448.6273	0
59	857	-465.6524	0	52448.6269	0
60	857	-465.6529	0	52448.6258	0
61	857	-465.6532	0	52448.6224	0
62	857	-465.6537	0	52448.6203	0
63	857	-465.6542	0	52448.6192	0
64	857	-465.6546	0	52448.6187	0
65	857	-465.6548	0	52448.6180	0
66	857	-465.6545	0	52448.6149	0
67	857	-465.6543	0	52448.6122	0
68	857	-465.6543	0	52448.6107	0
69	857	-465.6544	0	52448.6099	0
70	857	-465.6546	0	52448.6092	0
71	857	-465.6549	0	52448.6071	0
72	857	-465.6552	0	52448.6038	0
73	857	-465.6556	0	52448.6020	0
74	857	-465.6561	0	52448.6007	0
75	857	-465.6563	0	52448.5999	0
76	857	-465.6561	0	52448.5985	0
77	857	-465.6556	0	52448.5954	0
78	857	-465.6551	0	52448.5934	0
79	857	-465.6547	0	52448.5925	0
80	857	-465.6547	0	52448.5919	0
81	857	-465.6548	0	52448.5910	0
82	857	-465.6548	0	52448.5878	0
83	857	-465.6551	0	52448.5851	0
84	857	-465.6555	0	52448.5839	0
85	857	-465.6557	0	52448.5833	0
86	857	-465.6556	0	52448.5824	0
87	857	-465.6553	0	52448.5800	0
88	857	-465.6547	0	52448.5765	0
89	857	-465.6544	0	52448.5748	0
90	857	-465.6543	0	52448.5738	0
91	857	-465.6543	0	52448.5734	0
92	857	-465.6545	0	52448.5723	0
93	857	-465.6547	0	52448.5694	0
94	857	-465.6553	0	52448.5675	0
95	857	-465.6558	0	52448.5659	0
96	857	-465.6561	0	52448.5658	0
97	857	-465.6563	0	52448.5653	0
98	857	-465.6559	0	52448.5626	0
99	857	-465.6556	0	52448.5597	0
100	857	-465.6558	0	52448.5585	0
101	857	-465.6560	0	52448.5582	0
102	857	-465.6563	0	52448.5576	0
103	857	-465.6570	0	52448.5563	0
104	857	-465.6573	0	52448.5527	0
105	857	-465.6579	0	52448.5509	0
106	857	-465.6584	0	52448.5498	0
107	857	-465.6589	0	52448.5496	0
108	857	-465.6588	0	52448.5484	0
109	857	-465.6583	0	52448.5446	0
110	857	-465.6580	0	52448.5424	0
111	857	-465.6578	0	52448.5411	0
112	857	-465.6578	0	52448.5409	0
113	857	-465.6579	0	52448.5403	0
114	857	-465.6582	0	52448.5374	0
115	857	-465.6586	0	52448.5353	0
116	857	-465.6589	0	52448.5342	0
117	857	-465.6591	0	52448.5340	0
118	857	-465.6590	0	52448.5331	0
119	857	-465.6588	0	52448.5317	0
120	857	-465.6581	0	52448.5282	0
121	857	-465.6578	0	52448.5266	0
122	857	-465.6577	0	52448.5258	0
123	857	-465.6577	0	52448.5254	0
124	857	-465.6582	0	52448.5243	0
125	857	-465.6584	0	52448.5211	0
126	857	-465.6589	0	52448.5194	0
127	857	-465.6594	0	52448.5185	0
128	857	-465.6596	0	52448.5187	0
129	857	-465.6596	0	52448.5174	0
130	857	-465.6594	0	52448.5150	0
131	857	-465.6592	0	52448.5116	0
132	857	-465.6592	0	52448.5097	0
133	857	-465.6592	0	52448.5095	0
134	857	-465.6594	0	52448.5090	0
135	857	-465.6600	0	52448.5081	0
136	857	-465.6605	0	52448.5052	0
137	857	-465.6612	0	52448.5031	0
138	857	-465.6617	0	52448.5026	0
139	857	-465.6620	0	52448.5024	0
140	857	-465.6618	0	52448.5007	0
141	857	-465.6614	0	52448.4973	0
142	857	-465.6611	0	52448.4950	0
143	857	-465.6610	0	52448.4939	0
144	857	-465.6612	0	52448.4936	0
145	857	-465.6615	0	52448.4926	0
146	857	-465.6621	0	52448.4914	0
147	857	-465.6627	0	52448.4889	0
148	857	-465.6633	0	52448.4876	0
149	857	-465.6638	0	52448.4871	0
150	857	-465.6639	0	52448.4868	0
151	857	-465.6637	0	52448.4851	0
152	857	-465.6632	0	52448.4814	0
153	857	-465.6630	0	52448.4796	0
154	857	-465.6629	0	52448.4785	0
155	857	-465.6629	0	52448.4783	0
156	857	-465.6632	0	52448.4776	0
157	857	-465.6635	0	52448.4752	0
158	857	-465.6641	0	52448.4723	0
159	857	-465.6645	0	52448.4710	0
160	857	-465.6647	0	52448.4706	0
161	857	-465.6646	0	52448.4700	0
162	857	-465.6642	0	52448.4693	0
163	857	-465.6633	0	52448.4656	0
164	857	-465.6627	0	52448.4631	0
165	857	-465.6622	0	52448.4620	0
166	857	-465.6620	0	52448.4619	0
167	857	-465.6621	0	52448.4609	0
168	857	-465.6622	0	52448.4587	0
169	857	-465.6624	0	52448.4568	0
170	857	-465.6626	0	52448.4559	0
171	857	-465.6627	0	52448.4556	0
172	857	-465.6624	0	52448.4550	0
173	857	-465.6620	0	52448.4529	0
174	857	-465.6614	0	52448.4497	0
175	857	-465.6609	0	52448.4474	0
176	857	-465.6607	0	52448.4466	0
177	857	-465.6607	0	52448.4460	0
178	857	-465.6611	0	52448.4450	0
179	857	-465.6614	0	52448.4421	0
180	857	-465.6618	0	52448.4407	0
181	857	-465.6621	0	52448.4403	0
182	857	-465.6622	0	52448.4399	0
183	857	-465.6620	0	52448.4386	0
184	857	-465.6614	0	52448.4352	0
185	857	-465.6611	0	52448.4321	0
186	857	-465.6609	0	52448.4304	0
187	857	-465.6608	0	52448.4298	0
188	857	-465.6607	0	52448.4294	0
189	857	-465.6610	0	52448.4277	0
190	857	-465.6614	0	52448.4246	0
191	857	-465.6617	0	52448.4229	0
192	857	-465.6619	0	52448.4229	0
193	857	-465.6617	0	52448.4227	0
194	857	-465.6614	0	52448.4220	0
195	857	-465.6606	0	52448.4183	0
196	857	-465.6601	0	52448.4156	0
197	857	-465.6598	0	52448.4139	0
198	857	-465.6598	0	52448.4141	0
199	857	-465.6601	0	52448.4132	0
200	857	-465.6605	0	52448.4095	0
201	857	-465.6608	0	52448.4068	0
202	857	-465.6610	0	52448.4062	0
203	857	-465.6611	0	52448.4061	0
204	857	-465.6610	0	52448.4051	0
205	857	-465.6607	0	52448.4026	0
206	857	-465.6606	0	52448.3993	0
207	857	-465.6605	0	52448.3974	0
208	857	-465.6604	0	52448.3968	0
209	857	-465.6604	0	52448.3973	0
210	857	-465.6608	0	52448.3961	0
211	857	-465.6612	0	52448.3929	0
212	857	-465.6618	0	52448.3909	0
213	857	-465.6621	0	52448.3903	0
214	857	-465.6624	0	52448.3916	0
215	857	-465.6623	0	52448.3903	0
216	857	-465.6620	0	52448.3869	0
217	857	-465.6618	0	52448.3837	0
218	857	-465.6616	0	52448.3811	0
219	857	-465.6615	0	52448.3801	0
220	857	-465.6618	0	52448.3791	0
221	857	-465.6624	0	52448.3784	0
222	857	-465.6631	0	52448.3751	0
223	857	-465.6634	0	52448.3735	0
224	857	-465.6637	0	52448.3730	0
225	857	-465.6638	0	52448.3732	0
226	857	-465.6635	0	52448.3714	0
227	857	-465.6632	0	52448.3683	0
228	857	-465.6628	0	52448.3660	0
229	857	-465.6627	0	52448.3644	0
230	857	-465.6627	0	52448.3639	0
231	857	-465.6628	0	52448.3641	0
232	857	-465.6635	0	52448.3614	0
233	857	-465.6639	0	52448.3588	0
234	857	-465.6643	0	52448.3574	0
235	857	-465.6645	0	52448.3583	0
236	857	-465.6644	0	52448.3574	0
237	857	-465.6642	0	52448.3545	0
238	857	-465.6639	0	52448.3505	0
239	857	-465.6637	0	52448.3486	0
240	857	-465.6635	0	52448.3475	0
241	857	-465.6635	0	52448.3471	0
242	857	-465.6639	0	52448.3458	0
243	857	-465.6646	0	52448.3440	0
244	857	-465.6651	0	52448.3425	0
245	857	-465.6655	0	52448.3420	0
246	857	-465.6657	0	52448.3428	0
247	857	-465.6654	0	52448.3409	0
248	857	-465.6649	0	52448.3380	0
249	857	-465.6649	0	52448.3355	0
250	857	-465.6648	0	52448.3338	0
251	857	-465.6649	0	52448.3332	0
252	857	-465.6653	0	52448.3321	0
253	857	-465.6660	0	52448.3294	0
254	857	-465.6663	0	52448.3266	0
255	857	-465.6665	0	52448.3242	0
256	857	-465.6666	0	52448.3233	0
257	857	-465.6665	0	52448.3240	0
258	857	-465.6664	0	52448.3229	0
259	857	-465.6662	0	52448.3201	0
260	857	-465.6659	0	52448.3181	0
261	857	-465.6658	0	52448.3169	0
262	857	-465.6659	0	52448.3176	0
263	857	-465.6662	0	52448.3164	0
264	857	-465.6665	0	52448.3140	0
265	857	-465.6671	0	52448.3122	0
266	857	-465.6674	0	52448.3121	0
267	857	-465.6674	0	52448.3126	0
268	857	-465.6672	0	52448.3118	0
269	857	-465.6668	0	52448.3086	0
270	857	-465.6666	0	52448.3053	0
271	857	-465.6666	0	52448.3041	0
272	857	-465.6665	0	52448.3038	0
273	857	-465.6667	0	52448.3032	0
274	857	-465.6670	0	52448.3020	0
275	857	-465.6673	0	52448.2979	0
276	857	-465.6677	0	52448.2965	0
277	857	-465.6679	0	52448.2960	0
278	857	-465.6679	0	52448.2964	0
279	857	-465.6675	0	52448.2961	0
280	857	-465.6671	0	52448.2933	0
281	857	-465.6669	0	52448.2918	0
282	857	-465.6666	0	52448.2907	0
283	857	-465.6666	0	52448.2903	0
284	857	-465.6670	0	52448.2881	0
285	857	-465.6676	0	52448.2863	0
286	857	-465.6682	0	52448.2840	0
287	857	-465.6686	0	52448.2832	0
288	857	-465.6688	0	52448.2835	0
289	857	-465.6688	0	52448.2826	0
290	857	-465.6686	0	52448.2806	0
291	857	-465.6686	0	52448.2771	0
292	857	-465.6684	0	52448.2763	0
293	857	-465.6681	0	52448.2750	0
294	857	-465.6682	0	52448.2751	0
295	857	-465.6687	0	52448.2741	0
296	857	-465.6691	0	52448.2709	0
297	857	-465.6696	0	52448.2686	0
298	857	-465.6699	0	52448.2678	0
299	857	-465.6698	0	52448.2676	0
300	857	-465.6697	0	52448.2676	0
301	857	-465.6695	0	52448.2652	0
302	857	-465.6694	0	52448.2614	0
303	857	-465.6692	0	52448.2606	0
304	857	-465.6691	0	52448.2610	0
305	857	-465.6693	0	52448.2600	0
306	857	-465.6696	0	52448.2585	0
307	857	-465.6699	0	52448.2556	0
308	857	-465.6701	0	52448.2545	0
309	857	-465.6701	0	52448.2548	0
310	857	-465.6700	0	52448.2550	0
311	857	-465.6700	0	52448.2532	0
312	857	-465.6699	0	52448.2501	0
313	857	-465.6697	0	52448.2490	0
314	857	-465.6695	0	52448.2486	0
315	857	-465.6695	0	52448.2473	0
316	857	-465.6698	0	52448.2450	0
317	857	-465.6703	0	52448.2423	0
318	857	-465.6707	0	52448.2414	0
319	857	-465.6710	0	52448.2411	0
320	857	-465.6710	0	52448.2417	0
321	857	-465.6707	0	52448.2400	0
322	857	-465.6704	0	52448.2381	0
323	857	-465.6704	0	52448.2362	0
324	857	-465.6703	0	52448.2348	0
325	857	-465.6703	0	52448.2350	0
326	857	-465.6703	0	52448.2345	0
327	857	-465.6703	0	52448.2317	0
328	857	-465.6706	0	52448.2294	0
329	857	-465.6710	0	52448.2280	0
330	857	-465.6710	0	52448.2275	0
331	857	-465.6710	0	52448.2273	0
332	857	-465.6707	0	52448.2253	0
333	857	-465.6705	0	52448.2219	0
334	857	-465.6704	0	52448.2199	0
335	857	-465.6704	0	52448.2186	0
336	857	-465.6702	0	52448.2181	0
337	857	-465.6703	0	52448.2173	0
338	857	-465.6706	0	52448.2158	0
339	857	-465.6710	0	52448.2139	0
340	857	-465.6714	0	52448.2125	0
341	857	-465.6716	0	52448.2128	0
342	857	-465.6717	0	52448.2122	0
343	857	-465.6715	0	52448.2107	0
344	857	-465.6713	0	52448.2087	0
345	857	-465.6710	0	52448.2066	0
346	857	-465.6706	0	52448.2051	0
347	857	-465.6705	0	52448.2038	0
348	857	-465.6708	0	52448.2028	0
349	857	-465.6712	0	52448.2003	0
350	857	-465.6716	0	52448.1987	0
351	857	-465.6717	0	52448.1967	0
352	857	-465.6718	0	52448.1960	0
353	857	-465.6717	0	52448.1950	0
354	857	-465.6717	0	52448.1925	0
355	857	-465.6714	0	52448.1894	0
356	857	-465.6714	0	52448.1875	0
357	857	-465.6713	0	52448.1868	0
358	857	-465.6715	0	52448.1867	0
359	857	-465.6717	0	52448.1852	0
360	857	-465.6721	0	52448.1817	0
361	857	-465.6724	0	52448.1804	0
362	857	-465.6725	0	52448.1793	0
363	857	-465.6726	0	52448.1805	0
364	857	-465.6724	0	52448.1779	0
365	857	-465.6725	0	52448.1738	0
366	857	-465.6725	0	52448.1715	0
367	857	-465.6725	0	52448.1708	0
368	857	-465.6724	0	52448.1713	0
369	857	-465.6727	0	52448.1669	0
370	857	-465.6730	0	52448.1637	0
371	857	-465.6733	0	52448.1625	0
372	857	-465.6736	0	52448.1622	0
373	857	-465.6735	0	52448.1613	0
374	857	-465.6733	0	52448.1594	0
375	857	-465.6734	0	52448.1563	0
376	857	-465.6733	0	52448.1536	0
377	857	-465.6731	0	52448.1517	0
378	857	-465.6729	0	52448.1511	0
379	857	-465.6732	0	52448.1493	0
380	857	-465.6735	0	52448.1470	0
381	857	-465.6737	0	52448.1454	0
382	857	-465.6740	0	52448.1449	0
383	857	-465.6740	0	52448.1439	0
384	857	-465.6735	0	52448.1461	0
385	857	-465.6732	0	52448.1452	0
386	857	-465.6733	0	52448.1407	0
387	857	-465.6735	0	52448.1347	0
388	857	-465.6735	0	52448.1308	0
389	857	-465.6731	0	52448.1301	0
390	857	-465.6733	0	52448.1283	0
391	857	-465.6735	0	52448.1250	0
392	857	-465.6737	0	52448.1239	0
393	857	-465.6739	0	52448.1226	0
394	857	-465.6740	0	52448.1222	0
395	857	-465.6739	0	52448.1194	0
396	857	-465.6739	0	52448.1166	0
397	857	-465.6739	0	52448.1138	0
398	857	-465.6739	0	52448.1119	0
399	857	-465.6741	0	52448.1122	0
400	857	-465.6746	0	52448.1115	0
401	857	-465.6751	0	52448.1096	0
402	857	-465.6758	0	52448.1052	0
403	857	-465.6761	0	52448.1036	0
404	857	-465.6763	0	52448.1031	0
405	857	-465.6764	0	52448.1030	0
406	857	-465.6766	0	52448.1011	0
407	857	-465.6765	0	52448.0976	0
408	857	-465.6764	0	52448.0954	0
409	857	-465.6762	0	52448.0946	0
410	857	-465.6763	0	52448.0944	0
411	857	-465.6766	0	52448.0934	0
412	857	-465.6770	0	52448.0892	0
413	857	-465.6773	0	52448.0878	0
414	857	-465.6773	0	52448.0882	0
415	857	-465.6771	0	52448.0875	0
416	857	-465.6770	0	52448.0862	0
417	857	-465.6767	0	52448.0838	0
418	857	-465.6764	0	52448.0819	0
419	857	-465.6762	0	52448.0802	0
420	857	-465.6760	0	52448.0796	0
421	857	-465.6760	0	52448.0784	0
422	857	-465.6764	0	52448.0751	0
423	857	-465.6765	0	52448.0718	0
424	857	-465.6766	0	52448.0717	0
425	857	-465.6765	0	52448.0717	0
426	857	-465.6764	0	52448.0717	0
427	857	-465.6763	0	52448.0707	0
428	857	-465.6762	0	52448.0683	0
429	857	-465.6763	0	52448.0654	0
430	857	-465.6758	0	52448.0674	0
431	857	-465.6757	0	52448.0693	0
432	857	-465.6759	0	52448.0690	0
433	857	-465.6762	0	52448.0648	0
434	857	-465.6766	0	52448.0591	0
435	857	-465.6768	0	52448.0569	0
436	857	-465.6764	0	52448.0603	0
437	857	-465.6761	0	52448.0606	0
438	857	-465.6763	0	52448.0576	0
439	857	-465.6763	0	52448.0544	0
440	857	-465.6763	0	52448.0510	0
441	857	-465.6762	0	52448.0541	0
442	857	-465.6764	0	52448.0554	0
443	857	-465.6767	0	52448.0538	0
444	857	-465.6771	0	52448.0501	0
445	857	-465.6773	0	52448.0487	0
446	857	-465.6774	0	52448.0471	0
447	857	-465.6774	0	52448.0466	0
448	857	-465.6774	0	52448.0442	0
449	857	-465.6776	0	52448.0412	0
450	857	-465.6776	0	52448.0390	0
451	857	-465.6773	0	52448.0392	0
452	857	-465.6773	0	52448.0406	0
453	857	-465.6776	0	52448.0401	0
454	857	-465.6779	0	52448.0377	0
455	857	-465.6785	0	52448.0347	0
456	857	-465.6787	0	52448.0336	0
457	857	-465.6789	0	52448.0333	0
458	857	-465.6789	0	52448.0332	0
459	857	-465.6790	0	52448.0321	0
460	857	-465.6791	0	52448.0294	0
461	857	-465.6792	0	52448.0274	0
462	857	-465.6794	0	52448.0267	0
463	857	-465.6797	0	52448.0276	0
464	857	-465.6800	0	52448.0247	0
465	857	-465.6802	0	52448.0201	0
466	857	-465.6806	0	52448.0196	0
467	857	-465.6808	0	52448.0172	0
468	857	-465.6809	0	52448.0163	0
469	857	-465.6810	0	52448.0149	0
470	857	-465.6811	0	52448.0085	0
471	857	-465.6812	0	52448.0048	0
472	857	-465.6814	0	52448.0024	0
473	857	-465.6815	0	52448.0028	0
474	857	-465.6819	0	52448.0019	0
475	857	-465.6823	0	52448.0004	0
476	857	-465.6826	0	52447.9963	0
477	857	-465.6831	0	52447.9937	0
478	857	-465.6832	0	52447.9915	0
479	857	-465.6832	0	52447.9869	0
480	857	-465.6833	0	52447.9828	0
481	857	-465.6835	0	52447.9801	0
482	857	-465.6835	0	52447.9778	0
483	857	-465.6834	0	52447.9771	0
484	857	-465.6834	0	52447.9769	0
485	857	-465.6839	0	52447.9744	0
486	857	-465.6842	0	52447.9710	0
487	857	-465.6847	0	52447.9712	0
488	857	-465.6850	0	52447.9727	0
489	857	-465.6850	0	52447.9707	0
490	857	-465.6850	0	52447.9701	0
491	857	-465.6850	0	52447.9698	0
492	857	-465.6847	0	52447.9658	0
493	857	-465.6845	0	52447.9643	0
494	857	-465.6841	0	52447.9624	0
495	857	-465.6841	0	52447.9604	0
496	857	-465.6846	0	52447.9585	0
497	857	-465.6850	0	52447.9606	0
498	857	-465.6852	0	52447.9655	0
499	857	-465.6852	0	52447.9686	0
500	857	-465.6850	0	52447.9672	0
501	857	-465.6847	0	52447.9640	0
502	857	-465.6846	0	52447.9614	0
503	857	-465.6844	0	52447.9617	0
504	857	-465.6840	0	52447.9618	0
505	857	-465.6840	0	52447.9619	0
506	857	-465.6843	0	52447.9594	0
507	857	-465.6844	0	52447.9585	0
508	857	-465.6844	0	52447.9568	0
509	857	-465.6844	0	52447.9575	0
510	857	-465.6842	0	52447.9591	0
511	857	-465.6839	0	52447.9597	0
512	857	-465.6838	0	52447.9559	0
513	857	-465.6835	0	52447.9544	0
514	857	-465.6830	0	52447.9551	0
515	857	-465.6825	0	52447.9553	0
516	857	-465.6824	0	52447.9527	0
517	857	-465.6827	0	52447.9519	0
518	857	-465.6829	0	52447.9488	0
519	857	-465.6829	0	52447.9491	0
520	857	-465.6826	0	52447.9505	0
521	857	-465.6822	0	52447.9496	0
522	857	-465.6816	0	52447.9478	0
523	857	-465.6813	0	52447.9444	0
524	857	-465.6810	0	52447.9444	0
525	857	-465.6806	0	52447.9458	0
526	857	-465.6802	0	52447.9449	0
527	857	-465.6803	0	52447.9447	0
528	857	-465.6804	0	52447.9419	0
529	857	-465.6805	0	52447.9380	0
530	857	-465.6805	0	52447.9380	0
531	857	-465.6802	0	52447.9408	0
532	857	-465.6800	0	52447.9404	0
533	857	-465.6800	0	52447.9375	0
534	857	-465.6798	0	52447.9378	0
535	857	-465.6796	0	52447.9379	0
536	857	-465.6795	0	52447.9365	0
537	857	-465.6794	0	52447.9361	0
538	857	-465.6794	0	52447.9345	0
539	857	-465.6797	0	52447.9325	0
540	857	-465.6796	0	52447.9318	0
541	857	-465.6796	0	52447.9330	0
542	857	-465.6795	0	52447.9306	0
543	857	-465.6795	0	52447.9283	0
544	857	-465.6795	0	52447.9260	0
545	857	-465.6795	0	52447.9252	0
546	857	-465.6794	0	52447.9249	0
547	857	-465.6795	0	52447.9248	0
548	857	-465.6795	0	52447.9219	0
549	857	-465.6796	0	52447.9164	0
550	857	-465.6796	0	52447.9144	0
551	857	-465.6795	0	52447.9152	0
552	857	-465.6795	0	52447.9185	0
553	857	-465.6792	0	52447.9183	0
554	857	-465.6793	0	52447.9138	0
555	857	-465.6791	0	52447.9136	0
556	857	-465.6791	0	52447.9150	0
557	857	-465.6792	0	52447.9171	0
558	857	-465.6794	0	52447.9180	0
559	857	-465.6795	0	52447.9139	0
560	857	-465.6797	0	52447.9124	0
561	857	-465.6798	0	52447.9104	0
562	857	-465.6797	0	52447.9111	0
563	857	-465.6797	0	52447.9129	0
564	857	-465.6797	0	52447.9107	0
565	857	-465.6795	0	52447.9068	0
566	857	-465.6794	0	52447.9053	0
567	857	-465.6793	0	52447.9063	0
568	857	-465.6792	0	52447.9067	0
569	857	-465.6793	0	52447.9038	0
570	857	-465.6795	0	52447.9014	0
571	857	-465.6798	0	52447.9020	0
572	857	-465.6799	0	52447.9008	0
573	857	-465.6797	0	52447.8988	0
574	857	-465.6799	0	52447.9012	0
575	857	-465.6797	0	52447.8959	0
576	857	-465.6795	0	52447.8924	0
577	857	-465.6791	0	52447.8925	0
578	857	-465.6797	0	52447.8929	0
579	857	-465.6799	0	52447.8930	0
580	857	-465.6797	0	52447.8915	0
581	857	-465.6798	0	52447.8910	0
582	857	-465.6797	0	52447.8893	0
583	857	-465.6796	0	52447.8902	0
584	857	-465.6793	0	52447.8889	0
585	857	-465.6788	0	52447.8884	0
586	857	-465.6783	0	52447.8850	0
587	857	-465.6780	0	52447.8853	0
588	857	-465.6778	0	52447.8854	0
589	857	-465.6776	0	52447.8871	0
590	857	-465.6774	0	52447.8877	0
591	857	-465.6773	0	52447.8879	0
592	857	-465.6773	0	52447.8864	0
593	857	-465.6770	0	52447.8874	0
594	857	-465.6767	0	52447.8908	0
595	857	-465.6766	0	52447.8921	0
596	857	-465.6762	0	52447.8925	0
597	857	-465.6753	0	52447.8784	0
598	857	-465.6743	0	52447.8758	0
599	857	-465.6741	0	52447.8766	0
602	857	-465.6733	0	52447.8805	0
603	857	-465.6733	0	52447.8844	0
604	857	-465.6732	0	52447.8827	0
