4	859	-455.9420	0	52601.3937	0
5	859	-455.9432	0	52601.3947	0
6	859	-455.9442	0	52601.3935	0
7	859	-455.9451	0	52601.3868	0
8	859	-455.9482	0	52601.3514	0
9	859	-455.9469	0	52601.3792	0
19	859	-455.9521	0	52601.3883	0
20	859	-455.9518	0	52601.3932	0
21	859	-455.9516	0	52601.3948	0
22	859	-455.9511	0	52601.3980	0
23	859	-455.9507	0	52601.3992	0
24	859	-455.9507	0	52601.4038	0
25	859	-455.9511	0	52601.4084	0
26	859	-455.9513	0	52601.4072	0
27	859	-455.9513	0	52601.4080	0
28	859	-455.9514	0	52601.4055	0
29	859	-455.9511	0	52601.4086	0
30	859	-455.9508	0	52601.4138	0
31	859	-455.9505	0	52601.4198	0
38	859	-455.9512	0	52601.4148	0
39	859	-455.9514	0	52601.4142	0
40	859	-455.9516	0	52601.4181	0
41	859	-455.9517	0	52601.4222	0
42	859	-455.9514	0	52601.4339	0
44	859	-455.9514	0	52601.4294	0
45	859	-455.9516	0	52601.4309	0
46	859	-455.9515	0	52601.4288	0
47	859	-455.9514	0	52601.4278	0
48	859	-455.9516	0	52601.4247	0
49	859	-455.9517	0	52601.4235	0
50	859	-455.9520	0	52601.4230	0
51	859	-455.9521	0	52601.4228	0
52	859	-455.9520	0	52601.4227	0
53	859	-455.9520	0	52601.4226	0
54	859	-455.9520	0	52601.4212	0
55	859	-455.9521	0	52601.4220	0
56	859	-455.9520	0	52601.4236	0
57	859	-455.9525	0	52601.4243	0
58	859	-455.9531	0	52601.4247	0
59	859	-455.9536	0	52601.4197	0
60	859	-455.9538	0	52601.4229	0
71	859	-455.9545	0	52601.4307	0
72	859	-455.9544	0	52601.4296	0
73	859	-455.9543	0	52601.4292	0
74	859	-455.9541	0	52601.4317	0
76	859	-455.9539	0	52601.4279	0
77	859	-455.9540	0	52601.4284	0
78	859	-455.9539	0	52601.4285	0
79	859	-455.9538	0	52601.4299	0
80	859	-455.9538	0	52601.4304	0
81	859	-455.9539	0	52601.4293	0
82	859	-455.9536	0	52601.4288	0
83	859	-455.9534	0	52601.4286	0
84	859	-455.9529	0	52601.4311	0
85	859	-455.9525	0	52601.4358	0
86	859	-455.9524	0	52601.4364	0
87	859	-455.9523	0	52601.4339	0
88	859	-455.9521	0	52601.4355	0
89	859	-455.9520	0	52601.4348	0
90	859	-455.9520	0	52601.4333	0
91	859	-455.9520	0	52601.4300	0
92	859	-455.9520	0	52601.4275	0
93	859	-455.9521	0	52601.4278	0
94	859	-455.9521	0	52601.4293	0
95	859	-455.9521	0	52601.4325	0
96	859	-455.9518	0	52601.4362	0
97	859	-455.9516	0	52601.4311	0
98	859	-455.9514	0	52601.4290	0
