385	87	-460.6807	0	52552.1197	0
386	87	-460.7075	0	52552.1209	0
387	87	-460.6450	0	52552.5585	0
388	87	-460.6241	0	52552.6890	0
389	87	-460.6889	0	52552.4504	0
390	87	-460.7483	0	52552.1042	0
391	87	-460.4856	0	52553.5006	0
392	87	-460.4576	0	52553.7524	0
393	87	-460.6377	0	52552.9516	0
394	87	-460.6962	0	52552.6701	0
395	87	-460.7542	0	52552.1930	0
396	87	-460.6705	0	52552.6167	0
397	87	-460.5831	0	52553.1470	0
398	87	-460.5407	0	52553.4653	0
399	87	-460.6011	0	52553.0915	0
400	87	-460.6956	0	52552.5897	0
401	87	-460.6671	0	52552.7566	0
402	87	-460.6259	0	52552.9430	0
403	87	-460.6278	0	52552.8947	0
404	87	-460.6351	0	52552.8746	0
405	87	-460.6393	0	52552.9876	0
406	87	-460.6406	0	52552.9096	0
407	87	-460.6298	0	52553.0008	0
408	87	-460.5658	0	52553.2756	0
409	87	-460.4605	0	52553.7383	0
410	87	-460.3566	0	52554.0229	0
411	87	-460.3653	0	52553.8780	0
412	87	-460.5426	0	52553.1136	0
417	87	-460.3366	0	52553.8636	0
434	87	-460.5565	0	52551.7771	0
435	87	-460.5408	0	52551.9703	0
436	87	-460.5341	0	52552.0349	0
437	87	-460.5052	0	52552.1832	0
438	87	-460.4882	0	52552.3665	0
439	87	-460.5275	0	52552.1894	0
440	87	-460.5531	0	52552.0045	0
441	87	-460.5419	0	52551.9317	0
442	87	-460.5372	0	52551.9080	0
443	87	-460.4700	0	52552.2717	0
444	87	-460.4289	0	52552.5329	0
445	87	-460.4516	0	52552.5083	0
446	87	-460.4609	0	52552.4961	0
447	87	-460.4635	0	52552.4922	0
448	87	-460.4386	0	52552.3650	0
449	87	-460.3695	0	52552.1932	0
450	87	-460.3078	0	52552.2479	0
451	87	-460.2913	0	52552.2678	0
