116	895	-438.4042	0	52617.5632	0
117	895	-438.6446	0	52617.5008	0
118	895	-438.8222	0	52617.4337	0
119	895	-439.1525	0	52617.3184	0
120	895	-439.4112	0	52617.1945	0
121	895	-439.6099	0	52617.0728	0
122	895	-439.7904	0	52617.0017	0
123	895	-439.9239	0	52616.9450	0
124	895	-440.0898	0	52616.8530	0
125	895	-440.3246	0	52616.7388	0
126	895	-440.5360	0	52616.6120	0
127	895	-440.6880	0	52616.5199	0
128	895	-440.8011	0	52616.4440	0
129	895	-440.9622	0	52616.3828	0
130	895	-441.1690	0	52616.3234	0
131	895	-441.3168	0	52616.2413	0
132	895	-441.4704	0	52616.1458	0
133	895	-441.5954	0	52616.0603	0
134	895	-441.6955	0	52615.9924	0
135	895	-441.7928	0	52615.9537	0
136	895	-441.9216	0	52615.8870	0
137	895	-442.1000	0	52615.7976	0
138	895	-442.2875	0	52615.6886	0
139	895	-442.4298	0	52615.5841	0
140	895	-442.4918	0	52615.5200	0
141	895	-442.5691	0	52615.4716	0
142	895	-442.7244	0	52615.4132	0
143	895	-442.8804	0	52615.3243	0
144	895	-443.0230	0	52615.2185	0
145	895	-443.1277	0	52615.1226	0
146	895	-443.1888	0	52615.0720	0
147	895	-443.2431	0	52615.0314	0
148	895	-443.3326	0	52614.9896	0
149	895	-443.4602	0	52614.9186	0
150	895	-443.5991	0	52614.8233	0
151	895	-443.7143	0	52614.7221	0
152	895	-443.8188	0	52614.6508	0
153	895	-443.8796	0	52614.6029	0
154	895	-443.9131	0	52614.5592	0
155	895	-444.0026	0	52614.4879	0
156	895	-444.1459	0	52614.3752	0
157	895	-444.2479	0	52614.2201	0
158	895	-444.2977	0	52614.1674	0
159	895	-444.3340	0	52614.1199	0
160	895	-444.3697	0	52614.0536	0
161	895	-444.4425	0	52613.8831	0
162	895	-444.4970	0	52613.6389	0
163	895	-444.5350	0	52613.3977	0
164	895	-444.5963	0	52613.2443	0
165	895	-444.6485	0	52613.1793	0
166	895	-444.6584	0	52613.0771	0
167	895	-444.7062	0	52612.9220	0
168	895	-444.7607	0	52612.6277	0
169	895	-444.8294	0	52612.4494	0
170	895	-444.8656	0	52612.3542	0
171	895	-444.8887	0	52612.3299	0
172	895	-444.9303	0	52612.2248	0
173	895	-444.9851	0	52612.0696	0
174	895	-445.0398	0	52611.8344	0
175	895	-445.0925	0	52611.5908	0
176	895	-445.1487	0	52611.4391	0
177	895	-445.2057	0	52611.3754	0
178	895	-445.2244	0	52611.2689	0
179	895	-445.2507	0	52611.1249	0
180	895	-445.2854	0	52610.7979	0
181	895	-445.3165	0	52610.5642	0
182	895	-445.3277	0	52610.4831	0
183	895	-445.3502	0	52610.4762	0
184	895	-445.3901	0	52610.4672	0
185	895	-445.4365	0	52610.2941	0
186	895	-445.4813	0	52610.0551	0
187	895	-445.5206	0	52609.8082	0
188	895	-445.5578	0	52609.6070	0
189	895	-445.5909	0	52609.5763	0
190	895	-445.6013	0	52609.4794	0
191	895	-445.6204	0	52609.3024	0
192	895	-445.6437	0	52609.0497	0
193	895	-445.6670	0	52608.8080	0
194	895	-445.7073	0	52608.7312	0
195	895	-445.7408	0	52608.7622	0
196	895	-445.7599	0	52608.6700	0
197	895	-445.7548	0	52608.4546	0
198	895	-445.7372	0	52608.1421	0
199	895	-445.7433	0	52607.9249	0
200	895	-445.7650	0	52607.8370	0
201	895	-445.7895	0	52607.7859	0
202	895	-445.8166	0	52607.7008	0
203	895	-445.8681	0	52607.5765	0
204	895	-445.8884	0	52607.2473	0
205	895	-445.9244	0	52607.0135	0
206	895	-445.9528	0	52606.8810	0
207	895	-445.9650	0	52606.8503	0
208	895	-445.9576	0	52606.7967	0
209	895	-445.9429	0	52606.6449	0
210	895	-445.9284	0	52606.3886	0
211	895	-445.9360	0	52606.1921	0
212	895	-445.9608	0	52606.0832	0
213	895	-445.9723	0	52605.9821	0
214	895	-445.9914	0	52605.8959	0
215	895	-446.0326	0	52605.7183	0
216	895	-446.0432	0	52605.4383	0
217	895	-446.0612	0	52605.2395	0
218	895	-446.0627	0	52605.1152	0
219	895	-446.0729	0	52605.0885	0
220	895	-446.0614	0	52605.0581	0
221	895	-446.0068	0	52604.8574	0
222	895	-445.9676	0	52604.4649	0
223	895	-445.9272	0	52603.9727	0
224	895	-445.8477	0	52603.2185	0
225	895	-445.7644	0	52602.4987	0
226	895	-445.7537	0	52602.2478	0
227	895	-445.7356	0	52601.9017	0
228	895	-445.7320	0	52601.6308	0
229	895	-445.8053	0	52601.8813	0
230	895	-445.8259	0	52601.9966	0
231	895	-445.8698	0	52602.4841	0
232	895	-445.8844	0	52602.7174	0
233	895	-445.8811	0	52602.7204	0
234	895	-445.8759	0	52602.7091	0
235	895	-445.8733	0	52602.5942	0
236	895	-445.8729	0	52602.5357	0
237	895	-445.8630	0	52602.4837	0
238	895	-445.8555	0	52602.4503	0
239	895	-445.8520	0	52602.2729	0
240	895	-445.8383	0	52601.9369	0
241	895	-445.8391	0	52601.7393	0
242	895	-445.8274	0	52601.5632	0
243	895	-445.8246	0	52601.5897	0
244	895	-445.8209	0	52601.5686	0
245	895	-445.8142	0	52601.4236	0
246	895	-445.7966	0	52601.1562	0
247	895	-445.7791	0	52600.8745	0
248	895	-445.7794	0	52600.7169	0
249	895	-445.7919	0	52600.6622	0
250	895	-445.8185	0	52600.5897	0
251	895	-445.8534	0	52600.4341	0
252	895	-445.8692	0	52600.1691	0
253	895	-445.8915	0	52599.9163	0
254	895	-445.9146	0	52599.7868	0
255	895	-445.9439	0	52599.7435	0
256	895	-445.9531	0	52599.6739	0
257	895	-445.9600	0	52599.5737	0
258	895	-445.9609	0	52599.3808	0
259	895	-445.9653	0	52599.1492	0
260	895	-445.9729	0	52599.0265	0
261	895	-445.9886	0	52598.9647	0
262	895	-446.0103	0	52598.8642	0
263	895	-446.0525	0	52598.7675	0
264	895	-446.0600	0	52598.4214	0
265	895	-446.0676	0	52598.1208	0
266	895	-446.0790	0	52598.0128	0
267	895	-446.0886	0	52598.0010	0
268	895	-446.0860	0	52597.9599	0
269	895	-446.0740	0	52597.8186	0
270	895	-446.0491	0	52597.4823	0
271	895	-446.0360	0	52597.2470	0
272	895	-446.0404	0	52597.1653	0
273	895	-446.0434	0	52597.0953	0
274	895	-446.0533	0	52597.0288	0
275	895	-446.0655	0	52596.8477	0
276	895	-446.0681	0	52596.5274	0
277	895	-446.0744	0	52596.2921	0
278	895	-446.0881	0	52596.2342	0
279	895	-446.0910	0	52596.2427	0
280	895	-446.0917	0	52596.1809	0
281	895	-446.0751	0	52595.9705	0
282	895	-446.0569	0	52595.6013	0
283	895	-446.0567	0	52595.4169	0
284	895	-446.0622	0	52595.3040	0
285	895	-446.0948	0	52595.2416	0
286	895	-446.1353	0	52595.1229	0
287	895	-446.1574	0	52594.6484	0
288	895	-446.1908	0	52594.3930	0
289	895	-446.2205	0	52594.3037	0
290	895	-446.2473	0	52594.2771	0
291	895	-446.2568	0	52594.2217	0
292	895	-446.2508	0	52593.9944	0
293	895	-446.2488	0	52593.7521	0
294	895	-446.2470	0	52593.4469	0
295	895	-446.2579	0	52593.3670	0
296	895	-446.2880	0	52593.3438	0
297	895	-446.3333	0	52593.2862	0
298	895	-446.3671	0	52593.1872	0
299	895	-446.3840	0	52592.7880	0
300	895	-446.4208	0	52592.6424	0
301	895	-446.4483	0	52592.5369	0
302	895	-446.4762	0	52592.5332	0
303	895	-446.4948	0	52592.4803	0
304	895	-446.5075	0	52592.2918	0
305	895	-446.5247	0	52591.9903	0
306	895	-446.5504	0	52591.8819	0
307	895	-446.5935	0	52591.7876	0
308	895	-446.6609	0	52591.6686	0
309	895	-446.7372	0	52591.6584	0
310	895	-446.7900	0	52591.3290	0
311	895	-446.8258	0	52591.0547	0
312	895	-446.8487	0	52590.8949	0
313	895	-446.8634	0	52590.8728	0
314	895	-446.8742	0	52590.7783	0
315	895	-446.8855	0	52590.6858	0
316	895	-446.8967	0	52590.4668	0
317	895	-446.9110	0	52590.2949	0
318	895	-446.9356	0	52590.2037	0
319	895	-446.9551	0	52590.1749	0
320	895	-446.9683	0	52590.1057	0
321	895	-446.9779	0	52589.9237	0
322	895	-446.9873	0	52589.5659	0
323	895	-446.9796	0	52589.3352	0
324	895	-446.9830	0	52589.3224	0
325	895	-446.9790	0	52589.2904	0
326	895	-446.9573	0	52589.1166	0
327	895	-446.9341	0	52588.8866	0
328	895	-446.9122	0	52588.6003	0
329	895	-446.8973	0	52588.4633	0
330	895	-446.8858	0	52588.4526	0
331	895	-446.8904	0	52588.3864	0
332	895	-446.9040	0	52588.2629	0
333	895	-446.9218	0	52587.9397	0
334	895	-446.9413	0	52587.6457	0
335	895	-446.9520	0	52587.5402	0
336	895	-446.9487	0	52587.5798	0
337	895	-446.9391	0	52587.4932	0
338	895	-446.9243	0	52587.3937	0
339	895	-446.8955	0	52587.0308	0
340	895	-446.8780	0	52586.6768	0
341	895	-446.8681	0	52586.5115	0
342	895	-446.8651	0	52586.5322	0
343	895	-446.8607	0	52586.5086	0
344	895	-446.8621	0	52586.3936	0
345	895	-446.8355	0	52585.9346	0
346	895	-446.8300	0	52585.6085	0
347	895	-446.8349	0	52585.4545	0
348	895	-446.8210	0	52585.4437	0
349	895	-446.7934	0	52585.3676	0
350	895	-446.7530	0	52585.1872	0
351	895	-446.7073	0	52584.8424	0
352	895	-446.6874	0	52584.6378	0
353	895	-446.7000	0	52584.6109	0
354	895	-446.7147	0	52584.5260	0
355	895	-446.7153	0	52584.3776	0
356	895	-446.7518	0	52584.1217	0
357	895	-446.7727	0	52583.8237	0
358	895	-446.7797	0	52583.6325	0
359	895	-446.7480	0	52583.5665	0
360	895	-446.7441	0	52583.5503	0
361	895	-446.7243	0	52583.3785	0
362	895	-446.7158	0	52583.0615	0
363	895	-446.7162	0	52582.7738	0
364	895	-446.7194	0	52582.6273	0
365	895	-446.7089	0	52582.5798	0
366	895	-446.7360	0	52582.5280	0
367	895	-446.7453	0	52582.3806	0
368	895	-446.7475	0	52581.9730	0
369	895	-446.7636	0	52581.5951	0
370	895	-446.8065	0	52581.6017	0
371	895	-446.8274	0	52581.6549	0
372	895	-446.8361	0	52581.6377	0
373	895	-446.8217	0	52581.4545	0
374	895	-446.8096	0	52581.1118	0
375	895	-446.8147	0	52580.8952	0
376	895	-446.8097	0	52580.8190	0
377	895	-446.8189	0	52580.7990	0
378	895	-446.8286	0	52580.5600	0
379	895	-446.8353	0	52580.2840	0
380	895	-446.8347	0	52580.0411	0
381	895	-446.8347	0	52579.8095	0
382	895	-446.8262	0	52579.8261	0
383	895	-446.8211	0	52579.8891	0
384	895	-446.8098	0	52579.8209	0
385	895	-446.8122	0	52579.6044	0
386	895	-446.7925	0	52579.2794	0
387	895	-446.7828	0	52579.1102	0
388	895	-446.7791	0	52579.0041	0
389	895	-446.7868	0	52578.8692	0
390	895	-446.7834	0	52578.7216	0
391	895	-446.7832	0	52578.4673	0
392	895	-446.8013	0	52578.1727	0
393	895	-446.8128	0	52578.0148	0
394	895	-446.8106	0	52578.0661	0
395	895	-446.8021	0	52577.9884	0
396	895	-446.7886	0	52577.9122	0
397	895	-446.7727	0	52577.6248	0
398	895	-446.7719	0	52577.2528	0
399	895	-446.7757	0	52577.1748	0
400	895	-446.7624	0	52577.0969	0
401	895	-446.7707	0	52576.9667	0
402	895	-446.7811	0	52576.7064	0
403	895	-446.8244	0	52576.2830	0
404	895	-446.8387	0	52576.0753	0
405	895	-446.8379	0	52576.0609	0
406	895	-446.8422	0	52576.1218	0
407	895	-446.8432	0	52576.0379	0
408	895	-446.8508	0	52575.6737	0
409	895	-446.8423	0	52575.4274	0
410	895	-446.8338	0	52575.3406	0
411	895	-446.8217	0	52575.5438	0
412	895	-446.8508	0	52575.5158	0
413	895	-446.9045	0	52575.2825	0
414	895	-446.9397	0	52574.9112	0
415	895	-446.9530	0	52574.5424	0
416	895	-446.9460	0	52574.4068	0
417	895	-446.9207	0	52574.5382	0
418	895	-446.9166	0	52574.5945	0
419	895	-446.9241	0	52574.5053	0
420	895	-446.9316	0	52574.2986	0
421	895	-446.9499	0	52574.0476	0
422	895	-446.9671	0	52573.8379	0
423	895	-446.9771	0	52573.7653	0
424	895	-447.0080	0	52573.5635	0
425	895	-447.0154	0	52573.4307	0
426	895	-447.0291	0	52573.1439	0
427	895	-447.0554	0	52572.9173	0
428	895	-447.0724	0	52572.8400	0
429	895	-447.0629	0	52572.8782	0
430	895	-447.0446	0	52572.8989	0
431	895	-447.0288	0	52572.7226	0
432	895	-447.0190	0	52572.4717	0
433	895	-447.0208	0	52572.3194	0
434	895	-447.0136	0	52572.2042	0
435	895	-447.0139	0	52572.2302	0
436	895	-447.0103	0	52572.1814	0
437	895	-447.0175	0	52571.8474	0
438	895	-447.0263	0	52571.4021	0
439	895	-447.0246	0	52571.1077	0
440	895	-447.0256	0	52571.0027	0
441	895	-447.0193	0	52571.1039	0
442	895	-447.0116	0	52571.1475	0
443	895	-447.0162	0	52570.8374	0
444	895	-447.0273	0	52570.7286	0
445	895	-447.0414	0	52570.4915	0
446	895	-447.0453	0	52570.3412	0
447	895	-447.0449	0	52570.2232	0
448	895	-447.0608	0	52570.0497	0
449	895	-447.0716	0	52569.7174	0
450	895	-447.0961	0	52569.5302	0
451	895	-447.0938	0	52569.3950	0
452	895	-447.1220	0	52569.4940	0
453	895	-447.1318	0	52569.4692	0
454	895	-447.1368	0	52569.3256	0
455	895	-447.1538	0	52569.2786	0
456	895	-447.1608	0	52569.0552	0
457	895	-447.1777	0	52568.9780	0
458	895	-447.2008	0	52568.9564	0
459	895	-447.2159	0	52568.8827	0
460	895	-447.2486	0	52568.7924	0
461	895	-447.2569	0	52568.4085	0
462	895	-447.2989	0	52567.9836	0
463	895	-447.3025	0	52567.8244	0
464	895	-447.3070	0	52567.8440	0
465	895	-447.2857	0	52567.8543	0
466	895	-447.2840	0	52567.7917	0
467	895	-447.3015	0	52567.5566	0
468	895	-447.2927	0	52567.3243	0
469	895	-447.2716	0	52567.0160	0
470	895	-447.2673	0	52566.8313	0
471	895	-447.2731	0	52566.6940	0
472	895	-447.2618	0	52566.4955	0
473	895	-447.2681	0	52566.0464	0
474	895	-447.2807	0	52565.7293	0
475	895	-447.2799	0	52565.3838	0
476	895	-447.2731	0	52565.3388	0
477	895	-447.2592	0	52565.3294	0
478	895	-447.2418	0	52565.3335	0
479	895	-447.2312	0	52565.1026	0
480	895	-447.2274	0	52564.8645	0
481	895	-447.2177	0	52564.6210	0
482	895	-447.2247	0	52564.5382	0
483	895	-447.2324	0	52564.4353	0
484	895	-447.2482	0	52564.4043	0
485	895	-447.2583	0	52564.2374	0
486	895	-447.2750	0	52564.0206	0
487	895	-447.3021	0	52563.9473	0
488	895	-447.3094	0	52563.8446	0
489	895	-447.3094	0	52563.7283	0
490	895	-447.3085	0	52563.6920	0
491	895	-447.3059	0	52563.4335	0
492	895	-447.3217	0	52563.1791	0
493	895	-447.3265	0	52563.0034	0
494	895	-447.3454	0	52562.9467	0
495	895	-447.3789	0	52562.8513	0
496	895	-447.4177	0	52562.6561	0
497	895	-447.4540	0	52562.3365	0
498	895	-447.4701	0	52561.8785	0
499	895	-447.4755	0	52561.7091	0
500	895	-447.4696	0	52561.9128	0
501	895	-447.4610	0	52561.9106	0
502	895	-447.4716	0	52561.7435	0
503	895	-447.4708	0	52561.5105	0
504	895	-447.4675	0	52561.3404	0
505	895	-447.4682	0	52561.2825	0
506	895	-447.4863	0	52561.3595	0
507	895	-447.5048	0	52561.3939	0
508	895	-447.5163	0	52561.3254	0
509	895	-447.5243	0	52561.2156	0
510	895	-447.5215	0	52561.0888	0
511	895	-447.5135	0	52561.1329	0
512	895	-447.5114	0	52561.4151	0
513	895	-447.4920	0	52561.2609	0
514	895	-447.4745	0	52561.0236	0
515	895	-447.4687	0	52560.7584	0
516	895	-447.4672	0	52560.4818	0
517	895	-447.4683	0	52560.3824	0
518	895	-447.4747	0	52560.4434	0
519	895	-447.4763	0	52560.4704	0
520	895	-447.4848	0	52560.2110	0
521	895	-447.4890	0	52559.9361	0
522	895	-447.5026	0	52559.7465	0
523	895	-447.5110	0	52559.7730	0
524	895	-447.5083	0	52559.8778	0
525	895	-447.5013	0	52559.8306	0
526	895	-447.4991	0	52559.9078	0
527	895	-447.4855	0	52559.5685	0
528	895	-447.4710	0	52559.4437	0
529	895	-447.4640	0	52559.3066	0
530	895	-447.4751	0	52559.4470	0
531	895	-447.5042	0	52559.5093	0
532	895	-447.5238	0	52559.2575	0
533	895	-447.5477	0	52559.0738	0
534	895	-447.5636	0	52558.8248	0
535	895	-447.5728	0	52558.8259	0
536	895	-447.5507	0	52558.8261	0
537	895	-447.5346	0	52558.9226	0
538	895	-447.4889	0	52558.7673	0
539	895	-447.4782	0	52558.7121	0
540	895	-447.4690	0	52558.5993	0
541	895	-447.4587	0	52558.4649	0
542	895	-447.4566	0	52558.5117	0
543	895	-447.4502	0	52558.4367	0
544	895	-447.4531	0	52558.1257	0
545	895	-447.4478	0	52557.7217	0
546	895	-447.4522	0	52557.6703	0
547	895	-447.4478	0	52557.7506	0
548	895	-447.4140	0	52557.7811	0
549	895	-447.3677	0	52557.6937	0
550	895	-447.3337	0	52557.3692	0
551	895	-447.3134	0	52556.9530	0
552	895	-447.2990	0	52556.7982	0
553	895	-447.3103	0	52556.7510	0
554	895	-447.3159	0	52556.7371	0
555	895	-447.3356	0	52556.7421	0
556	895	-447.3533	0	52556.4492	0
557	895	-447.3848	0	52556.0467	0
558	895	-447.4264	0	52555.9056	0
559	895	-447.4276	0	52555.7545	0
560	895	-447.4501	0	52556.1149	0
561	895	-447.4579	0	52556.3530	0
562	895	-447.4808	0	52556.5458	0
563	895	-447.4863	0	52555.8251	0
564	895	-447.4850	0	52555.3378	0
565	895	-447.5183	0	52555.3750	0
566	895	-447.5454	0	52555.6048	0
567	895	-447.5689	0	52555.3864	0
568	895	-447.5816	0	52555.1031	0
569	895	-447.5751	0	52554.7872	0
570	895	-447.5749	0	52555.0922	0
571	895	-447.5752	0	52555.1083	0
572	895	-447.5688	0	52554.8041	0
573	895	-447.5632	0	52554.3805	0
574	895	-447.5487	0	52554.2202	0
575	895	-447.5549	0	52553.9526	0
576	895	-447.5374	0	52553.7476	0
577	895	-447.5219	0	52553.1348	0
578	895	-447.5308	0	52553.1315	0
579	895	-447.5281	0	52553.5726	0
580	895	-447.5324	0	52553.6384	0
581	895	-447.5308	0	52553.3399	0
582	895	-447.5354	0	52553.1236	0
583	895	-447.5533	0	52553.0521	0
584	895	-447.5431	0	52552.9151	0
585	895	-447.5435	0	52553.0907	0
586	895	-447.5179	0	52552.9369	0
587	895	-447.4902	0	52552.0998	0
588	895	-447.4799	0	52551.9027	0
589	895	-447.5018	0	52552.2880	0
590	895	-447.5259	0	52552.1090	0
591	895	-447.5448	0	52551.9366	0
592	895	-447.5709	0	52551.6526	0
593	895	-447.5771	0	52551.6646	0
594	895	-447.5890	0	52551.6754	0
595	895	-447.5985	0	52551.6863	0
596	895	-447.5902	0	52551.6932	0
597	895	-447.6079	0	52551.8178	0
598	895	-447.6212	0	52551.4144	0
599	895	-447.6368	0	52551.0407	0
600	895	-447.7254	0	52549.9827	0
601	895	-447.8396	0	52548.2047	0
602	895	-447.7413	0	52549.9701	0
603	895	-447.7532	0	52551.0247	0
604	895	-447.7988	0	52550.5892	0
605	895	-447.8380	0	52550.3206	0
606	895	-447.8550	0	52550.4537	0
607	895	-447.8496	0	52550.2776	0
608	895	-447.8636	0	52550.2205	0
609	895	-447.8892	0	52550.0871	0
610	895	-447.9010	0	52549.8105	0
611	895	-447.9062	0	52549.7096	0
612	895	-447.9108	0	52549.4400	0
613	895	-447.9216	0	52549.2247	0
614	895	-447.9161	0	52549.2693	0
615	895	-447.9179	0	52549.0501	0
616	895	-447.9411	0	52548.6173	0
617	895	-447.9532	0	52548.5795	0
618	895	-447.9569	0	52548.5724	0
619	895	-447.9538	0	52548.4531	0
620	895	-447.9524	0	52548.4150	0
621	895	-447.9390	0	52548.4019	0
622	895	-447.9459	0	52548.0361	0
623	895	-447.9554	0	52547.7837	0
624	895	-447.9714	0	52547.5721	0
625	895	-447.9877	0	52547.6261	0
626	895	-447.9960	0	52547.6533	0
627	895	-448.0087	0	52547.4202	0
628	895	-448.0290	0	52547.2167	0
629	895	-448.0629	0	52547.0258	0
630	895	-448.0719	0	52546.8325	0
631	895	-448.0907	0	52547.0235	0
632	895	-448.1077	0	52546.9767	0
633	895	-448.1153	0	52547.0899	0
634	895	-448.1140	0	52546.8820	0
636	895	-448.2898	0	52546.5298	0
637	895	-448.3429	0	52546.3342	0
638	895	-448.3699	0	52546.1403	0
639	895	-448.4175	0	52545.9536	0
640	895	-448.4580	0	52545.7652	0
641	895	-448.4906	0	52545.5739	0
642	895	-448.5002	0	52545.3766	0
643	895	-448.5002	0	52545.4357	0
644	895	-448.4831	0	52545.5935	0
645	895	-448.4835	0	52545.5304	0
646	895	-448.5248	0	52545.2553	0
647	895	-448.5838	0	52545.0373	0
648	895	-448.6406	0	52544.4399	0
649	895	-448.6983	0	52544.0959	0
650	895	-448.7220	0	52544.0996	0
651	895	-448.7457	0	52544.1137	0
652	895	-448.7543	0	52544.2613	0
653	895	-448.7642	0	52544.1913	0
654	895	-448.7631	0	52544.0327	0
655	895	-448.7696	0	52543.5759	0
656	895	-448.7748	0	52543.4076	0
657	895	-448.7982	0	52543.4962	0
658	895	-448.8038	0	52543.5302	0
659	895	-448.8262	0	52543.2832	0
660	895	-448.8373	0	52542.9212	0
661	895	-448.8542	0	52542.6513	0
662	895	-448.8681	0	52542.6992	0
663	895	-448.8944	0	52542.4505	0
664	895	-448.9106	0	52542.0828	0
665	895	-448.9187	0	52542.0906	0
666	895	-448.9164	0	52541.8175	0
667	895	-448.9029	0	52541.7208	0
668	895	-448.8673	0	52541.6818	0
669	895	-448.8729	0	52541.6809	0
670	895	-448.9024	0	52541.5490	0
671	895	-448.9094	0	52541.3600	0
672	895	-448.9254	0	52541.1549	0
673	895	-448.9307	0	52540.9403	0
674	895	-448.9593	0	52540.7244	0
675	895	-448.9667	0	52540.6514	0
676	895	-448.9535	0	52540.1851	0
677	895	-448.9104	0	52539.8590	0
678	895	-448.8897	0	52539.4431	0
679	895	-448.8850	0	52539.2971	0
680	895	-448.8728	0	52539.3958	0
681	895	-448.8522	0	52539.7271	0
682	895	-448.8328	0	52540.1560	0
683	895	-448.8017	0	52540.4633	0
684	895	-448.8053	0	52540.7279	0
685	895	-448.8300	0	52540.3940	0
686	895	-448.8713	0	52540.1336	0
687	895	-448.6894	0	52539.5389	0
688	895	-448.5540	0	52539.1458	0
689	895	-448.4387	0	52538.5253	0
690	895	-448.3336	0	52537.8241	0
691	895	-448.2529	0	52537.3955	0
692	895	-448.1088	0	52536.5911	0
693	895	-447.9910	0	52535.4586	0
694	895	-447.9062	0	52534.8712	0
695	895	-447.8608	0	52534.6795	0
696	895	-447.8238	0	52535.1172	0
697	895	-447.7211	0	52535.8929	0
698	895	-447.5988	0	52536.4990	0
699	895	-447.4539	0	52536.3889	0
700	895	-447.3666	0	52536.8139	0
