125	898	-465.5388	0	52448.6814	0
126	898	-465.5395	0	52448.6815	0
127	898	-465.5401	0	52448.6815	0
128	898	-465.5407	0	52448.6815	0
129	898	-465.5413	0	52448.6813	0
130	898	-465.5420	0	52448.6813	0
131	898	-465.5424	0	52448.6811	0
132	898	-465.5427	0	52448.6811	0
133	898	-465.5429	0	52448.6810	0
134	898	-465.5431	0	52448.6811	0
135	898	-465.5431	0	52448.6810	0
136	898	-465.5431	0	52448.6811	0
137	898	-465.5431	0	52448.6811	0
138	898	-465.5430	0	52448.6811	0
139	898	-465.5431	0	52448.6810	0
140	898	-465.5431	0	52448.6810	0
141	898	-465.5430	0	52448.6810	0
142	898	-465.5431	0	52448.6810	0
143	898	-465.5431	0	52448.6810	0
144	898	-465.5432	0	52448.6809	0
145	898	-465.5432	0	52448.6808	0
146	898	-465.5433	0	52448.6806	0
147	898	-465.5433	0	52448.6805	0
148	898	-465.5434	0	52448.6805	0
149	898	-465.5435	0	52448.6805	0
150	898	-465.5437	0	52448.6805	0
151	898	-465.5436	0	52448.6807	0
152	898	-465.5437	0	52448.6808	0
153	898	-465.5439	0	52448.6807	0
154	898	-465.5440	0	52448.6806	0
155	898	-465.5441	0	52448.6806	0
156	898	-465.5440	0	52448.6805	0
157	898	-465.5437	0	52448.6804	0
158	898	-465.5434	0	52448.6803	0
159	898	-465.5434	0	52448.6805	0
160	898	-465.5437	0	52448.6806	0
161	898	-465.5437	0	52448.6806	0
162	898	-465.5437	0	52448.6804	0
163	898	-465.5438	0	52448.6805	0
164	898	-465.5438	0	52448.6806	0
165	898	-465.5439	0	52448.6807	0
166	898	-465.5439	0	52448.6808	0
167	898	-465.5440	0	52448.6807	0
168	898	-465.5440	0	52448.6807	0
169	898	-465.5440	0	52448.6807	0
170	898	-465.5440	0	52448.6807	0
171	898	-465.5439	0	52448.6808	0
172	898	-465.5439	0	52448.6805	0
173	898	-465.5440	0	52448.6804	0
174	898	-465.5440	0	52448.6803	0
175	898	-465.5439	0	52448.6803	0
176	898	-465.5439	0	52448.6805	0
177	898	-465.5439	0	52448.6806	0
178	898	-465.5438	0	52448.6804	0
179	898	-465.5437	0	52448.6803	0
180	898	-465.5437	0	52448.6804	0
181	898	-465.5435	0	52448.6803	0
182	898	-465.5432	0	52448.6804	0
183	898	-465.5434	0	52448.6803	0
184	898	-465.5434	0	52448.6804	0
185	898	-465.5434	0	52448.6804	0
186	898	-465.5433	0	52448.6803	0
187	898	-465.5434	0	52448.6803	0
188	898	-465.5434	0	52448.6803	0
189	898	-465.5432	0	52448.6803	0
190	898	-465.5430	0	52448.6803	0
191	898	-465.5429	0	52448.6804	0
192	898	-465.5429	0	52448.6804	0
193	898	-465.5429	0	52448.6804	0
194	898	-465.5429	0	52448.6804	0
195	898	-465.5428	0	52448.6805	0
196	898	-465.5427	0	52448.6805	0
197	898	-465.5426	0	52448.6806	0
198	898	-465.5426	0	52448.6806	0
199	898	-465.5426	0	52448.6807	0
200	898	-465.5425	0	52448.6807	0
201	898	-465.5426	0	52448.6807	0
202	898	-465.5425	0	52448.6807	0
203	898	-465.5424	0	52448.6808	0
204	898	-465.5424	0	52448.6808	0
205	898	-465.5424	0	52448.6808	0
206	898	-465.5423	0	52448.6808	0
207	898	-465.5422	0	52448.6808	0
208	898	-465.5421	0	52448.6809	0
209	898	-465.5422	0	52448.6809	0
210	898	-465.5423	0	52448.6809	0
211	898	-465.5423	0	52448.6809	0
212	898	-465.5421	0	52448.6809	0
213	898	-465.5422	0	52448.6808	0
214	898	-465.5422	0	52448.6808	0
215	898	-465.5422	0	52448.6808	0
216	898	-465.5423	0	52448.6808	0
217	898	-465.5423	0	52448.6808	0
218	898	-465.5423	0	52448.6807	0
219	898	-465.5423	0	52448.6807	0
220	898	-465.5423	0	52448.6807	0
221	898	-465.5422	0	52448.6807	0
222	898	-465.5422	0	52448.6806	0
223	898	-465.5421	0	52448.6806	0
224	898	-465.5417	0	52448.6806	0
225	898	-465.5415	0	52448.6807	0
226	898	-465.5414	0	52448.6806	0
227	898	-465.5418	0	52448.6807	0
228	898	-465.5425	0	52448.6806	0
229	898	-465.5423	0	52448.6805	0
230	898	-465.5423	0	52448.6806	0
231	898	-465.5425	0	52448.6806	0
232	898	-465.5422	0	52448.6805	0
233	898	-465.5423	0	52448.6805	0
234	898	-465.5423	0	52448.6806	0
235	898	-465.5424	0	52448.6806	0
236	898	-465.5425	0	52448.6806	0
237	898	-465.5426	0	52448.6807	0
238	898	-465.5425	0	52448.6806	0
239	898	-465.5424	0	52448.6807	0
240	898	-465.5424	0	52448.6807	0
241	898	-465.5424	0	52448.6807	0
242	898	-465.5424	0	52448.6807	0
243	898	-465.5422	0	52448.6807	0
244	898	-465.5422	0	52448.6807	0
245	898	-465.5424	0	52448.6806	0
246	898	-465.5425	0	52448.6806	0
247	898	-465.5427	0	52448.6806	0
248	898	-465.5428	0	52448.6805	0
249	898	-465.5429	0	52448.6806	0
250	898	-465.5427	0	52448.6805	0
251	898	-465.5431	0	52448.6805	0
252	898	-465.5432	0	52448.6804	0
253	898	-465.5432	0	52448.6804	0
254	898	-465.5434	0	52448.6803	0
255	898	-465.5433	0	52448.6803	0
256	898	-465.5434	0	52448.6803	0
257	898	-465.5437	0	52448.6804	0
258	898	-465.5436	0	52448.6804	0
259	898	-465.5436	0	52448.6804	0
260	898	-465.5435	0	52448.6805	0
261	898	-465.5435	0	52448.6805	0
262	898	-465.5437	0	52448.6805	0
263	898	-465.5436	0	52448.6805	0
264	898	-465.5435	0	52448.6806	0
265	898	-465.5435	0	52448.6806	0
266	898	-465.5432	0	52448.6806	0
267	898	-465.5429	0	52448.6806	0
268	898	-465.5433	0	52448.6807	0
269	898	-465.5430	0	52448.6806	0
270	898	-465.5430	0	52448.6806	0
271	898	-465.5431	0	52448.6806	0
272	898	-465.5431	0	52448.6805	0
273	898	-465.5434	0	52448.6804	0
274	898	-465.5436	0	52448.6804	0
275	898	-465.5436	0	52448.6805	0
276	898	-465.5436	0	52448.6805	0
277	898	-465.5438	0	52448.6805	0
278	898	-465.5439	0	52448.6806	0
279	898	-465.5439	0	52448.6807	0
280	898	-465.5437	0	52448.6806	0
281	898	-465.5438	0	52448.6806	0
282	898	-465.5439	0	52448.6804	0
283	898	-465.5441	0	52448.6804	0
284	898	-465.5441	0	52448.6805	0
285	898	-465.5441	0	52448.6804	0
286	898	-465.5439	0	52448.6803	0
287	898	-465.5439	0	52448.6803	0
288	898	-465.5443	0	52448.6802	0
289	898	-465.5444	0	52448.6801	0
290	898	-465.5444	0	52448.6800	0
291	898	-465.5442	0	52448.6798	0
292	898	-465.5442	0	52448.6799	0
293	898	-465.5444	0	52448.6799	0
294	898	-465.5446	0	52448.6799	0
295	898	-465.5449	0	52448.6799	0
296	898	-465.5451	0	52448.6799	0
297	898	-465.5453	0	52448.6800	0
298	898	-465.5456	0	52448.6799	0
299	898	-465.5457	0	52448.6801	0
300	898	-465.5456	0	52448.6800	0
301	898	-465.5467	0	52448.6799	0
302	898	-465.5477	0	52448.6797	0
303	898	-465.5482	0	52448.6796	0
304	898	-465.5485	0	52448.6795	0
305	898	-465.5486	0	52448.6795	0
306	898	-465.5490	0	52448.6792	0
307	898	-465.5492	0	52448.6787	0
308	898	-465.5493	0	52448.6784	0
309	898	-465.5502	0	52448.6781	0
310	898	-465.5509	0	52448.6778	0
311	898	-465.5510	0	52448.6777	0
312	898	-465.5512	0	52448.6777	0
