423	93	-453.6222	0	52617.5754	0
424	93	-453.6975	0	52617.4887	0
425	93	-453.8576	0	52617.3699	0
426	93	-453.9744	0	52617.2573	0
427	93	-454.0155	0	52617.1920	0
428	93	-454.0761	0	52617.1399	0
429	93	-454.1515	0	52617.0735	0
430	93	-454.2524	0	52616.9755	0
431	93	-454.3345	0	52616.8817	0
432	93	-454.4098	0	52616.7934	0
433	93	-454.4225	0	52616.7429	0
434	93	-454.4038	0	52616.6946	0
435	93	-454.4146	0	52616.6131	0
436	93	-454.4184	0	52616.5340	0
437	93	-454.4219	0	52616.4601	0
438	93	-454.3909	0	52616.4265	0
439	93	-454.3542	0	52616.3989	0
440	93	-454.3385	0	52616.3455	0
441	93	-454.3412	0	52616.2597	0
442	93	-454.3647	0	52616.1636	0
443	93	-454.3612	0	52616.0980	0
444	93	-454.3329	0	52616.0516	0
445	93	-454.2910	0	52616.0082	0
446	93	-454.2691	0	52615.9359	0
447	93	-454.2519	0	52615.8574	0
448	93	-454.2167	0	52615.8105	0
449	93	-454.1808	0	52615.7755	0
450	93	-454.1382	0	52615.7570	0
451	93	-454.1280	0	52615.6854	0
452	93	-454.1311	0	52615.6032	0
453	93	-454.1253	0	52615.5070	0
454	93	-454.1043	0	52615.4397	0
455	93	-454.0739	0	52615.3958	0
456	93	-454.0447	0	52615.2618	0
457	93	-454.0311	0	52615.0395	0
458	93	-454.0274	0	52614.8198	0
459	93	-454.0229	0	52614.6823	0
460	93	-454.0059	0	52614.6364	0
461	93	-453.9995	0	52614.5269	0
462	93	-454.0098	0	52614.3439	0
463	93	-454.0567	0	52614.0369	0
464	93	-454.0720	0	52613.8969	0
465	93	-454.0657	0	52613.8299	0
466	93	-454.0676	0	52613.7115	0
467	93	-454.0581	0	52613.5880	0
468	93	-454.0799	0	52613.3614	0
469	93	-454.1201	0	52613.1656	0
470	93	-454.1356	0	52613.0824	0
471	93	-454.1434	0	52613.0115	0
472	93	-454.1591	0	52612.8900	0
473	93	-454.2031	0	52612.6655	0
474	93	-454.2599	0	52612.4375	0
475	93	-454.2930	0	52612.3238	0
476	93	-454.3060	0	52612.2626	0
477	93	-454.3199	0	52612.1465	0
478	93	-454.3414	0	52611.9480	0
479	93	-454.3833	0	52611.6865	0
480	93	-454.4094	0	52611.5404	0
481	93	-454.4148	0	52611.4573	0
482	93	-454.4294	0	52611.3958	0
483	93	-454.4594	0	52611.2602	0
484	93	-454.5096	0	52611.0287	0
485	93	-454.5551	0	52610.8611	0
486	93	-454.5879	0	52610.7460	0
487	93	-454.6014	0	52610.6715	0
488	93	-454.5957	0	52610.5845	0
489	93	-454.6251	0	52610.3810	0
490	93	-454.6766	0	52610.1379	0
491	93	-454.6949	0	52610.0226	0
492	93	-454.7071	0	52609.9646	0
493	93	-454.7322	0	52609.8665	0
494	93	-454.7505	0	52609.7424	0
495	93	-454.8101	0	52609.4676	0
496	93	-454.8503	0	52609.3034	0
497	93	-454.8670	0	52609.2262	0
498	93	-454.8708	0	52609.1611	0
499	93	-454.8739	0	52609.0346	0
500	93	-454.8943	0	52608.8587	0
501	93	-454.9402	0	52608.6378	0
502	93	-454.9867	0	52608.4666	0
503	93	-455.0178	0	52608.3957	0
504	93	-455.0526	0	52608.3153	0
505	93	-455.1186	0	52608.0879	0
506	93	-455.1784	0	52607.8734	0
507	93	-455.2316	0	52607.7359	0
508	93	-455.2637	0	52607.6527	0
509	93	-455.2793	0	52607.6157	0
510	93	-455.2936	0	52607.5090	0
511	93	-455.3396	0	52607.2345	0
512	93	-455.3895	0	52607.0313	0
513	93	-455.4112	0	52606.9477	0
514	93	-455.4225	0	52606.9094	0
515	93	-455.4483	0	52606.8091	0
516	93	-455.4983	0	52606.5506	0
517	93	-455.5436	0	52606.3485	0
518	93	-455.5776	0	52606.2098	0
519	93	-455.5960	0	52606.1362	0
520	93	-455.6011	0	52606.0603	0
521	93	-455.6181	0	52605.9126	0
522	93	-455.6640	0	52605.6492	0
523	93	-455.7044	0	52605.4532	0
524	93	-455.7141	0	52605.3575	0
525	93	-455.7224	0	52605.2987	0
526	93	-455.7569	0	52605.1492	0
527	93	-455.8216	0	52604.8424	0
528	93	-455.8733	0	52604.6388	0
529	93	-455.9041	0	52604.5375	0
530	93	-455.9187	0	52604.4752	0
531	93	-455.9181	0	52604.3980	0
532	93	-455.9115	0	52604.2671	0
533	93	-455.9049	0	52604.2410	0
534	93	-455.9432	0	52604.0912	0
535	93	-455.9904	0	52603.8790	0
536	93	-456.0064	0	52603.8202	0
537	93	-456.0743	0	52603.6036	0
538	93	-456.1241	0	52603.3286	0
539	93	-456.1900	0	52603.1080	0
540	93	-456.2535	0	52602.9442	0
541	93	-456.2828	0	52602.8540	0
542	93	-456.3179	0	52602.7051	0
543	93	-456.3467	0	52602.4811	0
544	93	-456.3870	0	52602.2406	0
545	93	-456.4144	0	52602.1557	0
546	93	-456.4140	0	52602.1485	0
547	93	-456.4078	0	52602.1530	0
548	93	-456.4255	0	52602.0343	0
549	93	-456.4902	0	52601.6989	0
550	93	-456.5201	0	52601.5023	0
551	93	-456.5268	0	52601.3975	0
552	93	-456.5560	0	52601.2305	0
553	93	-456.5732	0	52601.0393	0
554	93	-456.5645	0	52600.9171	0
555	93	-456.5617	0	52600.8198	0
556	93	-456.5600	0	52600.7892	0
557	93	-456.5638	0	52600.6665	0
558	93	-456.5651	0	52600.6462	0
559	93	-456.5480	0	52600.6447	0
560	93	-456.5251	0	52600.5521	0
561	93	-456.5425	0	52600.3795	0
562	93	-456.5525	0	52600.2998	0
563	93	-456.5690	0	52600.2128	0
564	93	-456.5644	0	52600.1041	0
565	93	-456.5373	0	52600.0910	0
566	93	-456.5913	0	52599.8997	0
567	93	-456.6802	0	52599.6190	0
568	93	-456.7240	0	52599.4531	0
569	93	-456.7626	0	52599.3513	0
570	93	-456.7718	0	52599.2545	0
571	93	-456.7558	0	52599.2480	0
572	93	-456.7353	0	52599.2944	0
573	93	-456.7762	0	52599.2479	0
574	93	-456.7353	0	52599.4519	0
575	93	-456.7374	0	52599.3598	0
576	93	-456.7675	0	52599.2376	0
577	93	-456.8312	0	52599.0385	0
578	93	-456.8872	0	52598.8559	0
579	93	-456.8915	0	52598.8359	0
580	93	-456.9322	0	52598.6971	0
581	93	-456.9331	0	52598.6278	0
582	93	-456.9403	0	52598.5155	0
583	93	-456.9188	0	52598.5253	0
584	93	-456.9122	0	52598.5106	0
585	93	-456.8990	0	52598.5095	0
586	93	-456.8740	0	52598.4450	0
587	93	-456.8520	0	52598.3790	0
