316	937	-441.1814	0	52617.5795	0
318	937	-441.7641	0	52617.4247	0
319	937	-442.0117	0	52617.3197	0
320	937	-442.4032	0	52617.1536	0
321	937	-442.7083	0	52616.9963	0
322	937	-442.8858	0	52616.9004	0
323	937	-443.0589	0	52616.8382	0
324	937	-443.1658	0	52616.7741	0
325	937	-443.4090	0	52616.6389	0
326	937	-443.6359	0	52616.4900	0
327	937	-443.8244	0	52616.3754	0
328	937	-443.9407	0	52616.3139	0
329	937	-444.0328	0	52616.2743	0
330	937	-444.1415	0	52616.1756	0
331	937	-444.2864	0	52616.0481	0
332	937	-444.4042	0	52615.9358	0
333	937	-444.4355	0	52615.8671	0
334	937	-444.4489	0	52615.8249	0
335	937	-444.4665	0	52615.7922	0
336	937	-444.5833	0	52615.6815	0
337	937	-444.7457	0	52615.5667	0
338	937	-444.8686	0	52615.4632	0
339	937	-444.9523	0	52615.4021	0
340	937	-445.0219	0	52615.3521	0
341	937	-445.1330	0	52615.2588	0
342	937	-445.2179	0	52615.1534	0
343	937	-445.2626	0	52615.0647	0
344	937	-445.2596	0	52614.9989	0
345	937	-445.2470	0	52614.9586	0
346	937	-445.2787	0	52614.8977	0
347	937	-445.3386	0	52614.8329	0
348	937	-445.4362	0	52614.7008	0
349	937	-445.5147	0	52614.6206	0
350	937	-445.5729	0	52614.5753	0
351	937	-445.6153	0	52614.5451	0
352	937	-445.6836	0	52614.4653	0
353	937	-445.7195	0	52614.3712	0
354	937	-445.7313	0	52614.2658	0
355	937	-445.7152	0	52614.1971	0
356	937	-445.6995	0	52614.1543	0
357	937	-445.6857	0	52614.0083	0
358	937	-445.6777	0	52613.7002	0
359	937	-445.7067	0	52613.4494	0
360	937	-445.7444	0	52613.3477	0
361	937	-445.7940	0	52613.2728	0
362	937	-445.8259	0	52613.1514	0
363	937	-445.8306	0	52612.8315	0
364	937	-445.8092	0	52612.5364	0
365	937	-445.8075	0	52612.3735	0
366	937	-445.7980	0	52612.3116	0
367	937	-445.7879	0	52612.2630	0
368	937	-445.7890	0	52612.0054	0
369	937	-445.7943	0	52611.7357	0
370	937	-445.8510	0	52611.5126	0
371	937	-445.8955	0	52611.3978	0
372	937	-445.9478	0	52611.3573	0
373	937	-445.9962	0	52611.1701	0
374	937	-446.0112	0	52610.8345	0
375	937	-446.0180	0	52610.6207	0
376	937	-445.9438	0	52610.0965	0
377	937	-445.9916	0	52610.1811	0
378	937	-446.0176	0	52610.1134	0
379	937	-446.0696	0	52610.0136	0
380	937	-446.0841	0	52609.7871	0
381	937	-446.1256	0	52609.6537	0
382	937	-446.1735	0	52609.5965	0
383	937	-446.2172	0	52609.4984	0
384	937	-446.2495	0	52609.2815	0
385	937	-446.2470	0	52608.9225	0
386	937	-446.2172	0	52608.6436	0
387	937	-446.0595	0	52607.7271	0
388	937	-446.0998	0	52607.8682	0
389	937	-446.1249	0	52607.7509	0
390	937	-446.1422	0	52607.5498	0
391	937	-446.2333	0	52607.6699	0
392	937	-446.2369	0	52607.6134	0
393	937	-446.3287	0	52608.1488	0
394	937	-446.2174	0	52609.1144	0
395	937	-446.1921	0	52609.4349	0
396	937	-446.2803	0	52609.2732	0
397	937	-446.4232	0	52609.0520	0
398	937	-446.5394	0	52608.8989	0
399	937	-446.6347	0	52608.7724	0
400	937	-446.7192	0	52608.4600	0
401	937	-446.8044	0	52608.1011	0
402	937	-446.8889	0	52607.9051	0
403	937	-446.9431	0	52607.8216	0
404	937	-446.9941	0	52607.7224	0
405	937	-447.0863	0	52607.3884	0
406	937	-447.1697	0	52607.1403	0
407	937	-447.2299	0	52607.0377	0
408	937	-447.3087	0	52606.9268	0
409	937	-447.3670	0	52606.7145	0
410	937	-447.4280	0	52606.3584	0
411	937	-447.4940	0	52606.1484	0
412	937	-447.5508	0	52606.0604	0
413	937	-447.5911	0	52605.9413	0
414	937	-447.6123	0	52605.6233	0
415	937	-447.6311	0	52605.3866	0
416	937	-447.6458	0	52605.2492	0
417	937	-447.6541	0	52605.1639	0
418	937	-447.6435	0	52604.9168	0
419	937	-447.6501	0	52604.6008	0
420	937	-447.6612	0	52604.4012	0
421	937	-447.6621	0	52604.2904	0
422	937	-447.6660	0	52604.1978	0
423	937	-447.6771	0	52603.9016	0
424	937	-447.6926	0	52603.6428	0
425	937	-447.7102	0	52603.4753	0
426	937	-447.7136	0	52603.3743	0
427	937	-447.6991	0	52603.1572	0
428	937	-447.6820	0	52602.7942	0
429	937	-447.6780	0	52602.5997	0
430	937	-447.6769	0	52602.5181	0
431	937	-447.6789	0	52602.3973	0
432	937	-447.7081	0	52602.0548	0
433	937	-447.7581	0	52601.7936	0
434	937	-447.7655	0	52601.6528	0
435	937	-447.7419	0	52601.5230	0
436	937	-447.7228	0	52601.3600	0
437	937	-447.7341	0	52601.0185	0
438	937	-447.7605	0	52600.8229	0
439	937	-447.7902	0	52600.6647	0
440	937	-447.8226	0	52600.4646	0
441	937	-447.8333	0	52600.1514	0
442	937	-447.8442	0	52599.9067	0
443	937	-447.8462	0	52599.8242	0
444	937	-447.8323	0	52599.7249	0
445	937	-447.8156	0	52599.4611	0
446	937	-447.8157	0	52599.1684	0
447	937	-447.8178	0	52598.9649	0
448	937	-447.8179	0	52598.8354	0
449	937	-447.8351	0	52598.7340	0
450	937	-447.8407	0	52598.3688	0
451	937	-447.8429	0	52598.1323	0
452	937	-447.8317	0	52598.0096	0
453	937	-447.8055	0	52597.9311	0
454	937	-447.7853	0	52597.6705	0
455	937	-447.7652	0	52597.3582	0
456	937	-447.7552	0	52597.2273	0
457	937	-447.7637	0	52597.1407	0
458	937	-447.7641	0	52596.8665	0
459	937	-447.7855	0	52596.5836	0
460	937	-447.7804	0	52596.4166	0
461	937	-447.7693	0	52596.3157	0
462	937	-447.7537	0	52596.1682	0
463	937	-447.7205	0	52595.8577	0
464	937	-447.6883	0	52595.5281	0
465	937	-447.6487	0	52595.3882	0
466	937	-447.6238	0	52595.2460	0
467	937	-447.5943	0	52595.1008	0
468	937	-447.5791	0	52594.8518	0
469	937	-447.5569	0	52594.5866	0
470	937	-447.5042	0	52594.4700	0
471	937	-447.4694	0	52594.2518	0
472	937	-447.4665	0	52593.9106	0
473	937	-447.4664	0	52593.6007	0
474	937	-447.4652	0	52593.4942	0
475	937	-447.4539	0	52593.3536	0
476	937	-447.4454	0	52593.0037	0
477	937	-447.4389	0	52592.7677	0
478	937	-447.4054	0	52592.6602	0
479	937	-447.3975	0	52592.5711	0
480	937	-447.4012	0	52592.4609	0
481	937	-447.3653	0	52591.9929	0
482	937	-447.3330	0	52591.4290	0
483	937	-447.3214	0	52591.4759	0
484	937	-447.2896	0	52591.3169	0
492	937	-447.2245	0	52590.7727	0
493	937	-447.2401	0	52590.6786	0
494	937	-447.2757	0	52590.6771	0
495	937	-447.3367	0	52590.7125	0
496	937	-447.3807	0	52590.7001	0
497	937	-447.3957	0	52590.4515	0
498	937	-447.4138	0	52590.1080	0
499	937	-447.4434	0	52589.9167	0
500	937	-447.4761	0	52589.8179	0
501	937	-447.5228	0	52589.6561	0
502	937	-447.5791	0	52589.5351	0
503	937	-447.6177	0	52589.3301	0
504	937	-447.6419	0	52589.1589	0
505	937	-447.6684	0	52589.2332	0
506	937	-447.6886	0	52589.2343	0
507	937	-447.6934	0	52589.1399	0
508	937	-447.7122	0	52588.9405	0
509	937	-447.7622	0	52588.7003	0
510	937	-447.8022	0	52588.6481	0
511	937	-447.8094	0	52588.6003	0
512	937	-447.8488	0	52588.4150	0
513	937	-447.8702	0	52588.0368	0
514	937	-447.8824	0	52587.7916	0
515	937	-447.8946	0	52587.8118	0
516	937	-447.8828	0	52587.8608	0
517	937	-447.8843	0	52587.7795	0
518	937	-447.8748	0	52587.5399	0
519	937	-447.8985	0	52587.2007	0
520	937	-447.9077	0	52587.0050	0
521	937	-447.9151	0	52586.9745	0
522	937	-447.9260	0	52586.8586	0
523	937	-447.9342	0	52586.6354	0
524	937	-447.9365	0	52586.2923	0
525	937	-447.9408	0	52586.0555	0
526	937	-447.9392	0	52586.0507	0
527	937	-447.9552	0	52586.0171	0
528	937	-447.9801	0	52585.9346	0
529	937	-447.9827	0	52585.6776	0
530	937	-447.9982	0	52585.3918	0
531	937	-448.0022	0	52585.2891	0
532	937	-447.9841	0	52585.3356	0
533	937	-448.0034	0	52585.2421	0
534	937	-448.0155	0	52584.8952	0
535	937	-448.0445	0	52584.6474	0
536	937	-448.0398	0	52584.5203	0
537	937	-448.0037	0	52584.5595	0
538	937	-448.0060	0	52584.5816	0
539	937	-448.0164	0	52584.3920	0
540	937	-448.0276	0	52584.1607	0
541	937	-448.0539	0	52584.0384	0
542	937	-448.0733	0	52583.9980	0
543	937	-448.0762	0	52583.9051	0
544	937	-448.1258	0	52583.7097	0
545	937	-448.1555	0	52583.4309	0
546	937	-448.1661	0	52583.1588	0
547	937	-448.1541	0	52583.1485	0
548	937	-448.1516	0	52583.1934	0
549	937	-448.1461	0	52583.0010	0
550	937	-448.1201	0	52582.7139	0
551	937	-448.1014	0	52582.4348	0
552	937	-448.1080	0	52582.3369	0
553	937	-448.1087	0	52582.2179	0
554	937	-448.1110	0	52582.0901	0
555	937	-448.1195	0	52581.8677	0
556	937	-448.1200	0	52581.5625	0
557	937	-448.1294	0	52581.4546	0
558	937	-448.1186	0	52581.4668	0
559	937	-448.1196	0	52581.3852	0
560	937	-448.1095	0	52581.1754	0
561	937	-448.1152	0	52580.8224	0
562	937	-448.1120	0	52580.5049	0
563	937	-448.1165	0	52580.4397	0
564	937	-448.1278	0	52580.4238	0
565	937	-448.1489	0	52580.2346	0
566	937	-448.1611	0	52579.9271	0
567	937	-448.1767	0	52579.8185	0
568	937	-448.1604	0	52579.7344	0
569	937	-448.1439	0	52579.8076	0
570	937	-448.1305	0	52579.6449	0
571	937	-448.1348	0	52579.4421	0
572	937	-448.1406	0	52579.1715	0
573	937	-448.1589	0	52579.0255	0
574	937	-448.1841	0	52578.9281	0
575	937	-448.2040	0	52578.8983	0
576	937	-448.2198	0	52578.6910	0
577	937	-448.2448	0	52578.3130	0
578	937	-448.2586	0	52578.1247	0
579	937	-448.2475	0	52578.1097	0
580	937	-448.2332	0	52578.1119	0
581	937	-448.2232	0	52577.8586	0
582	937	-448.2305	0	52577.6627	0
583	937	-448.2420	0	52577.3843	0
584	937	-448.2519	0	52577.3400	0
585	937	-448.2614	0	52577.4364	0
586	937	-448.2868	0	52577.2668	0
587	937	-448.3048	0	52577.0479	0
588	937	-448.3196	0	52576.8089	0
589	937	-448.3230	0	52576.7231	0
590	937	-448.3021	0	52576.8041	0
591	937	-448.2806	0	52576.6224	0
592	937	-448.2722	0	52576.2828	0
593	937	-448.2784	0	52576.0492	0
594	937	-448.2697	0	52575.7982	0
595	937	-448.2668	0	52575.7107	0
596	937	-448.2744	0	52575.6267	0
597	937	-448.3036	0	52575.4339	0
598	937	-448.2999	0	52575.1383	0
599	937	-448.2909	0	52574.8590	0
600	937	-448.2748	0	52574.9334	0
601	937	-448.2465	0	52574.9082	0
602	937	-448.2272	0	52574.7878	0
603	937	-448.2172	0	52574.3959	0
604	937	-448.2091	0	52574.1940	0
605	937	-448.2055	0	52574.0638	0
606	937	-448.2008	0	52574.0824	0
607	937	-448.2125	0	52573.9163	0
608	937	-448.2366	0	52573.6818	0
609	937	-448.2606	0	52573.4780	0
610	937	-448.2647	0	52573.2856	0
611	937	-448.2613	0	52573.2813	0
612	937	-448.2415	0	52573.1603	0
613	937	-448.2467	0	52572.9376	0
614	937	-448.2693	0	52572.6750	0
615	937	-448.2856	0	52572.3311	0
616	937	-448.3002	0	52572.3334	0
617	937	-448.3098	0	52572.3431	0
618	937	-448.3396	0	52572.4198	0
619	937	-448.3663	0	52571.9489	0
620	937	-448.3984	0	52571.5836	0
621	937	-448.3926	0	52571.5138	0
622	937	-448.3927	0	52571.4954	0
623	937	-448.3956	0	52571.3659	0
624	937	-448.3958	0	52571.1272	0
625	937	-448.4051	0	52570.8450	0
626	937	-448.4069	0	52570.4791	0
627	937	-448.3999	0	52570.3457	0
628	937	-448.4175	0	52570.2401	0
629	937	-448.4538	0	52569.9383	0
630	937	-448.4705	0	52569.6945	0
631	937	-448.4638	0	52569.5400	0
632	937	-448.4688	0	52569.6970	0
633	937	-448.4454	0	52569.6920	0
634	937	-448.4407	0	52569.5597	0
635	937	-448.4638	0	52569.3795	0
636	937	-448.4868	0	52569.1108	0
637	937	-448.4961	0	52569.0844	0
638	937	-448.4914	0	52569.0786	0
639	937	-448.5139	0	52569.0157	0
640	937	-448.5242	0	52568.7876	0
641	937	-448.5144	0	52568.5613	0
642	937	-448.4848	0	52568.3348	0
643	937	-448.4631	0	52568.2559	0
644	937	-448.4510	0	52568.0852	0
645	937	-448.4479	0	52567.8089	0
646	937	-448.4774	0	52567.4202	0
647	937	-448.5068	0	52567.2087	0
648	937	-448.5185	0	52567.2120	0
649	937	-448.5348	0	52567.2216	0
650	937	-448.5640	0	52566.9378	0
651	937	-448.5809	0	52566.5367	0
652	937	-448.5871	0	52566.3916	0
653	937	-448.5697	0	52566.4178	0
654	937	-448.5664	0	52566.5116	0
655	937	-448.5543	0	52566.5509	0
656	937	-448.5514	0	52566.4191	0
657	937	-448.5671	0	52565.9955	0
658	937	-448.5739	0	52565.9166	0
659	937	-448.5753	0	52565.8150	0
660	937	-448.5802	0	52565.6287	0
661	937	-448.6165	0	52565.4110	0
662	937	-448.6045	0	52565.0203	0
663	937	-448.5822	0	52564.7950	0
664	937	-448.5621	0	52564.9561	0
665	937	-448.5368	0	52564.8592	0
666	937	-448.5275	0	52564.7501	0
667	937	-448.5164	0	52564.5535	0
668	937	-448.5317	0	52564.3266	0
669	937	-448.5350	0	52564.4088	0
670	937	-448.5622	0	52564.3667	0
671	937	-448.5879	0	52564.3594	0
672	937	-448.6110	0	52564.1205	0
673	937	-448.6247	0	52563.8714	0
674	937	-448.6348	0	52563.6205	0
675	937	-448.6198	0	52563.6092	0
676	937	-448.6012	0	52563.6087	0
677	937	-448.5906	0	52563.4479	0
678	937	-448.6144	0	52563.2304	0
679	937	-448.6390	0	52562.9050	0
680	937	-448.6483	0	52562.7869	0
681	937	-448.6716	0	52562.6663	0
682	937	-448.7059	0	52562.5464	0
683	937	-448.7293	0	52562.2530	0
684	937	-448.7181	0	52561.9736	0
685	937	-448.7061	0	52562.0480	0
686	937	-448.6949	0	52561.9064	0
687	937	-448.6834	0	52561.9451	0
688	937	-448.6892	0	52561.6192	0
689	937	-448.7103	0	52561.4186	0
690	937	-448.7239	0	52561.1724	0
691	937	-448.7217	0	52561.1750	0
692	937	-448.7309	0	52561.0943	0
693	937	-448.7581	0	52560.7156	0
694	937	-448.7821	0	52560.4039	0
695	937	-448.7917	0	52560.3814	0
696	937	-448.7565	0	52560.3725	0
697	937	-448.7395	0	52560.3791	0
698	937	-448.7155	0	52560.0197	0
699	937	-448.7099	0	52559.4283	0
700	937	-448.7369	0	52559.0326	0
701	937	-448.7455	0	52558.8881	0
702	937	-448.7313	0	52558.7475	0
703	937	-448.7716	0	52558.4272	0
704	937	-448.8005	0	52558.1266	0
705	937	-448.8085	0	52557.9259	0
706	937	-448.8207	0	52557.7619	0
707	937	-448.7950	0	52557.6102	0
708	937	-448.8111	0	52557.4675	0
709	937	-448.8330	0	52557.1327	0
710	937	-448.8648	0	52556.7218	0
711	937	-448.8609	0	52556.5711	0
712	937	-448.8414	0	52556.4214	0
713	937	-448.8562	0	52556.2786	0
714	937	-448.8799	0	52555.9342	0
715	937	-448.9014	0	52555.5080	0
716	937	-448.9082	0	52555.3583	0
717	937	-448.8875	0	52555.4061	0
718	937	-448.8670	0	52555.7414	0
719	937	-448.8279	0	52556.0717	0
720	937	-448.8181	0	52556.3032	0
721	937	-448.8151	0	52556.1904	0
722	937	-448.8258	0	52556.3526	0
723	937	-448.8503	0	52556.5202	0
724	937	-448.8696	0	52556.4854	0
725	937	-448.8631	0	52556.1704	0
726	937	-448.8678	0	52555.8512	0
727	937	-448.8902	0	52555.5317	0
728	937	-448.8838	0	52555.4136	0
729	937	-448.8745	0	52555.1648	0
730	937	-448.8768	0	52554.8661	0
731	937	-448.8835	0	52554.6588	0
732	937	-448.8783	0	52554.4773	0
733	937	-448.8559	0	52554.5161	0
734	937	-448.8537	0	52554.5406	0
735	937	-448.8920	0	52554.4543	0
736	937	-448.9212	0	52554.1156	0
737	937	-448.9231	0	52553.7748	0
738	937	-448.9283	0	52553.7614	0
739	937	-448.8894	0	52553.8593	0
740	937	-448.8729	0	52553.9013	0
741	937	-448.8530	0	52553.7064	0
742	937	-448.8289	0	52553.3113	0
743	937	-448.8331	0	52553.3817	0
744	937	-448.8259	0	52553.5206	0
745	937	-448.8080	0	52553.7901	0
746	937	-448.8173	0	52553.7890	0
747	937	-448.8329	0	52553.4714	0
748	937	-448.8549	0	52553.3576	0
749	937	-448.8553	0	52553.4232	0
750	937	-448.8370	0	52553.5543	0
751	937	-448.8211	0	52553.7133	0
752	937	-448.8244	0	52553.4491	0
753	937	-448.8276	0	52553.3534	0
754	937	-448.8087	0	52553.2083	0
755	937	-448.8046	0	52553.1540	0
756	937	-448.8034	0	52552.5925	0
757	937	-448.8020	0	52552.4906	0
758	937	-448.8251	0	52552.3504	0
759	937	-448.8427	0	52552.6310	0
760	937	-448.8412	0	52552.8545	0
761	937	-448.8234	0	52552.8267	0
762	937	-448.8923	0	52551.4879	0
763	937	-448.8501	0	52551.8583	0
764	937	-448.8489	0	52552.0218	0
765	937	-448.8657	0	52551.8675	0
766	937	-448.9033	0	52551.5955	0
767	937	-448.8792	0	52551.8250	0
768	937	-448.9204	0	52551.4755	0
769	937	-448.9556	0	52550.8982	0
770	937	-449.0108	0	52549.4289	0
771	937	-448.9859	0	52549.4252	0
772	937	-448.9435	0	52550.0166	0
773	937	-448.9037	0	52550.3656	0
774	937	-448.8916	0	52550.5055	0
775	937	-448.9035	0	52550.2145	0
776	937	-448.9298	0	52549.9950	0
777	937	-448.9867	0	52549.3404	0
778	937	-448.9517	0	52549.7846	0
779	937	-448.9718	0	52548.4108	0
780	937	-448.9348	0	52549.0815	0
781	937	-448.9132	0	52550.3067	0
782	937	-448.8896	0	52551.0073	0
783	937	-448.9125	0	52551.2583	0
784	937	-448.9193	0	52550.9938	0
785	937	-448.9066	0	52550.6535	0
786	937	-448.9191	0	52550.2968	0
787	937	-448.9346	0	52550.0511	0
788	937	-448.9227	0	52549.9544	0
789	937	-448.9146	0	52549.8044	0
790	937	-448.9293	0	52549.5134	0
791	937	-448.9460	0	52549.2952	0
792	937	-448.9351	0	52549.2105	0
793	937	-448.9187	0	52549.1810	0
794	937	-448.8884	0	52549.0498	0
795	937	-448.9065	0	52548.6495	0
796	937	-448.9019	0	52548.2565	0
797	937	-448.9000	0	52548.1111	0
798	937	-448.9025	0	52548.0649	0
799	937	-448.9157	0	52547.9338	0
800	937	-448.9097	0	52547.6383	0
801	937	-448.9136	0	52547.2853	0
802	937	-448.8995	0	52547.1572	0
803	937	-448.8740	0	52546.9869	0
804	937	-448.8758	0	52546.9327	0
805	937	-448.8606	0	52546.5342	0
806	937	-448.8543	0	52546.1350	0
807	937	-448.8436	0	52545.7327	0
808	937	-448.8324	0	52545.7145	0
809	937	-448.8306	0	52545.7173	0
810	937	-448.8539	0	52545.4740	0
811	937	-448.8824	0	52545.0009	0
812	937	-448.9022	0	52544.6956	0
813	937	-448.8801	0	52544.7173	0
814	937	-448.8686	0	52544.7328	0
815	937	-448.8593	0	52544.6125	0
816	937	-448.8612	0	52544.4430	0
817	937	-448.8591	0	52544.3846	0
818	937	-448.8299	0	52544.3653	0
819	937	-448.8459	0	52544.2344	0
820	937	-448.8602	0	52543.9248	0
821	937	-448.8919	0	52543.5471	0
822	937	-448.9211	0	52543.4183	0
823	937	-448.9283	0	52543.2363	0
824	937	-448.9047	0	52543.3081	0
825	937	-448.8879	0	52543.4776	0
826	937	-448.8875	0	52543.2708	0
827	937	-448.9007	0	52543.2056	0
828	937	-448.8955	0	52543.3158	0
829	937	-448.8842	0	52543.5002	0
830	937	-448.8901	0	52543.7124	0
831	937	-448.9191	0	52543.5268	0
832	937	-448.9570	0	52543.3282	0
833	937	-448.9987	0	52543.1227	0
834	937	-449.0165	0	52543.0521	0
835	937	-449.0018	0	52543.2974	0
836	937	-448.9920	0	52543.2541	0
837	937	-448.9883	0	52543.2397	0
838	937	-449.0189	0	52542.9684	0
839	937	-449.0184	0	52543.0012	0
840	937	-449.0037	0	52543.0126	0
841	937	-448.9882	0	52543.1580	0
842	937	-448.9949	0	52543.0760	0
843	937	-449.0180	0	52542.7755	0
844	937	-449.0592	0	52542.2600	0
845	937	-449.0538	0	52542.3358	0
846	937	-449.0310	0	52542.3654	0
847	937	-448.9926	0	52542.3707	0
848	937	-448.9895	0	52541.9579	0
849	937	-448.9858	0	52541.8034	0
850	937	-448.9800	0	52541.6109	0
851	937	-448.9480	0	52541.6720	0
852	937	-448.9396	0	52541.4176	0
853	937	-448.9281	0	52541.1791	0
854	937	-448.9104	0	52540.8068	0
855	937	-448.8741	0	52540.8061	0
856	937	-448.8056	0	52541.2265	0
857	937	-448.7507	0	52541.0978	0
858	937	-448.6872	0	52540.8942	0
859	937	-448.6347	0	52540.6709	0
860	937	-448.5676	0	52540.7204	0
861	937	-448.5126	0	52540.8825	0
862	937	-448.4537	0	52540.9346	0
863	937	-448.4220	0	52540.8088	0
864	937	-448.3804	0	52540.6096	0
865	937	-448.3196	0	52540.3817	0
866	937	-448.2724	0	52540.5800	0
867	937	-448.1989	0	52540.9290	0
868	937	-448.1172	0	52541.0529	0
869	937	-448.0539	0	52540.9443	0
870	937	-447.9908	0	52540.8947	0
871	937	-447.9328	0	52541.0083	0
872	937	-447.8560	0	52541.4625	0
873	937	-447.7509	0	52541.7558	0
874	937	-447.7167	0	52542.0062	0
875	937	-447.6700	0	52541.8104	0
876	937	-447.6248	0	52541.8608	0
877	937	-447.5654	0	52542.0091	0
878	937	-447.5080	0	52542.3335	0
879	937	-447.4509	0	52542.3032	0
880	937	-447.3893	0	52542.1337	0
881	937	-447.3349	0	52542.0586	0
882	937	-447.2885	0	52542.1639	0
883	937	-447.2420	0	52542.3367	0
884	937	-447.2082	0	52542.2505	0
885	937	-447.1453	0	52542.3455	0
886	937	-447.0658	0	52542.3622	0
887	937	-447.0449	0	52542.5102	0
888	937	-447.0742	0	52542.7092	0
