324	938	-465.5418	0	52448.7025	0
325	938	-465.5416	0	52448.7018	0
326	938	-465.5417	0	52448.7018	0
327	938	-465.5419	0	52448.7017	0
328	938	-465.5423	0	52448.7014	0
329	938	-465.5430	0	52448.7011	0
330	938	-465.5438	0	52448.7008	0
331	938	-465.5447	0	52448.7006	0
332	938	-465.5456	0	52448.7004	0
333	938	-465.5461	0	52448.7003	0
334	938	-465.5465	0	52448.7005	0
335	938	-465.5468	0	52448.7007	0
336	938	-465.5471	0	52448.7010	0
337	938	-465.5473	0	52448.7009	0
338	938	-465.5475	0	52448.7009	0
339	938	-465.5477	0	52448.7007	0
340	938	-465.5479	0	52448.7008	0
341	938	-465.5482	0	52448.7008	0
342	938	-465.5484	0	52448.7010	0
343	938	-465.5485	0	52448.7010	0
344	938	-465.5485	0	52448.7009	0
345	938	-465.5487	0	52448.7006	0
346	938	-465.5488	0	52448.7002	0
347	938	-465.5489	0	52448.6997	0
348	938	-465.5489	0	52448.6993	0
349	938	-465.5490	0	52448.6988	0
350	938	-465.5492	0	52448.6984	0
351	938	-465.5494	0	52448.6980	0
352	938	-465.5495	0	52448.6978	0
353	938	-465.5495	0	52448.6977	0
354	938	-465.5495	0	52448.6976	0
355	938	-465.5496	0	52448.6977	0
356	938	-465.5497	0	52448.6976	0
357	938	-465.5500	0	52448.6976	0
358	938	-465.5509	0	52448.6973	0
359	938	-465.5508	0	52448.6971	0
360	938	-465.5505	0	52448.6971	0
361	938	-465.5501	0	52448.6971	0
362	938	-465.5494	0	52448.6972	0
363	938	-465.5488	0	52448.6974	0
364	938	-465.5482	0	52448.6976	0
365	938	-465.5476	0	52448.6979	0
366	938	-465.5470	0	52448.6980	0
367	938	-465.5462	0	52448.6982	0
368	938	-465.5455	0	52448.6984	0
369	938	-465.5449	0	52448.6985	0
370	938	-465.5445	0	52448.6986	0
371	938	-465.5441	0	52448.6985	0
372	938	-465.5435	0	52448.6987	0
373	938	-465.5431	0	52448.6988	0
374	938	-465.5428	0	52448.6990	0
376	938	-465.5421	0	52448.6978	0
