352	950	-448.7050	0	52532.1148	0
353	950	-448.7769	0	52531.6397	0
354	950	-448.8111	0	52531.9094	0
355	950	-448.8514	0	52531.4256	0
356	950	-448.9386	0	52532.6360	0
357	950	-448.9911	0	52532.3373	0
358	950	-449.0178	0	52531.4870	0
359	950	-449.0835	0	52531.3632	0
360	950	-449.1037	0	52530.2382	0
361	950	-449.1683	0	52529.4517	0
362	950	-449.2335	0	52529.1932	0
363	950	-449.2760	0	52528.9362	0
364	950	-449.3426	0	52529.2505	0
365	950	-449.4037	0	52529.0134	0
366	950	-449.4858	0	52528.9569	0
367	950	-449.5434	0	52529.1365	0
368	950	-449.5965	0	52528.8512	0
369	950	-449.6421	0	52528.5759	0
370	950	-449.6939	0	52528.3045	0
371	950	-449.7470	0	52527.8454	0
372	950	-449.8050	0	52527.6969	0
373	950	-449.8660	0	52527.6628	0
374	950	-449.8947	0	52527.8471	0
375	950	-449.9466	0	52527.9426	0
376	950	-450.0260	0	52528.0019	0
377	950	-450.0991	0	52528.2288	0
378	950	-450.1446	0	52527.7721	0
379	950	-450.2248	0	52527.4286	0
380	950	-450.2748	0	52527.6910	0
381	950	-450.3299	0	52527.4261	0
382	950	-450.3889	0	52527.1509	0
383	950	-450.4600	0	52526.2996	0
384	950	-450.4969	0	52526.3769	0
385	950	-450.5686	0	52526.4338	0
386	950	-450.6200	0	52526.2822	0
387	950	-450.7113	0	52526.2523	0
388	950	-450.7965	0	52526.2654	0
389	950	-450.9070	0	52526.4964	0
390	950	-450.9161	0	52527.3254	0
391	950	-450.9476	0	52526.5373	0
392	950	-450.9930	0	52526.0400	0
393	950	-451.0260	0	52525.8656	0
394	950	-451.0906	0	52525.4277	0
395	950	-451.1342	0	52525.0824	0
396	950	-451.1957	0	52524.5721	0
397	950	-451.2263	0	52525.0020	0
398	950	-451.2531	0	52525.1715	0
399	950	-451.3490	0	52526.0856	0
400	950	-451.4244	0	52526.6003	0
401	950	-451.4957	0	52525.6681	0
402	950	-451.5464	0	52525.8936	0
403	950	-451.6426	0	52525.8121	0
404	950	-451.7421	0	52524.8259	0
405	950	-451.8207	0	52525.0640	0
406	950	-451.8677	0	52525.1537	0
407	950	-451.9554	0	52525.0189	0
408	950	-451.9734	0	52525.3611	0
409	950	-452.0372	0	52525.7109	0
410	950	-452.0856	0	52526.2355	0
411	950	-452.1688	0	52526.0695	0
412	950	-452.2202	0	52526.4029	0
413	950	-452.3035	0	52526.3555	0
414	950	-452.3941	0	52526.5494	0
415	950	-452.5138	0	52526.4563	0
416	950	-452.6056	0	52526.2437	0
417	950	-452.6772	0	52526.5640	0
418	950	-452.7296	0	52526.6910	0
419	950	-452.7904	0	52526.7525	0
420	950	-452.8741	0	52526.6042	0
421	950	-452.9898	0	52526.3820	0
422	950	-453.0690	0	52526.4991	0
423	950	-453.1259	0	52526.9390	0
424	950	-453.1994	0	52527.1228	0
425	950	-453.2893	0	52526.2641	0
426	950	-453.3249	0	52525.9171	0
427	950	-453.3700	0	52526.0058	0
436	950	-453.9445	0	52526.5351	0
437	950	-454.0055	0	52526.9898	0
438	950	-454.0534	0	52527.1379	0
439	950	-454.1245	0	52526.8398	0
440	950	-454.1601	0	52526.7192	0
441	950	-454.2211	0	52526.6953	0
442	950	-454.3236	0	52525.9206	0
443	950	-454.3683	0	52525.6359	0
444	950	-454.4168	0	52525.7557	0
445	950	-454.4628	0	52526.1990	0
446	950	-454.5141	0	52525.8023	0
447	950	-454.5511	0	52525.8499	0
448	950	-454.5727	0	52525.6764	0
449	950	-454.6215	0	52525.6320	0
450	950	-454.6649	0	52525.6243	0
451	950	-454.7470	0	52525.4507	0
452	950	-454.7582	0	52525.5770	0
453	950	-454.7805	0	52525.8279	0
454	950	-454.8613	0	52525.3696	0
455	950	-454.9057	0	52525.3951	0
456	950	-454.9021	0	52526.1861	0
457	950	-454.9690	0	52526.1195	0
458	950	-455.0189	0	52525.9068	0
459	950	-455.0710	0	52525.4418	0
460	950	-455.0940	0	52525.2693	0
461	950	-455.1155	0	52525.4111	0
462	950	-455.1512	0	52525.4735	0
463	950	-455.2585	0	52525.1340	0
464	950	-455.3246	0	52525.4194	0
465	950	-455.4092	0	52524.3643	0
466	950	-455.4594	0	52524.1589	0
467	950	-455.4492	0	52524.9071	0
468	950	-455.4573	0	52525.3831	0
469	950	-455.5085	0	52525.1801	0
470	950	-455.5895	0	52524.3407	0
471	950	-455.6527	0	52524.2235	0
472	950	-455.7675	0	52523.8122	0
473	950	-455.8400	0	52523.8685	0
474	950	-455.8853	0	52523.9072	0
475	950	-455.9630	0	52523.7422	0
476	950	-455.9881	0	52523.6850	0
477	950	-456.0114	0	52523.8670	0
478	950	-456.0672	0	52523.3610	0
479	950	-456.0921	0	52523.1638	0
480	950	-456.1136	0	52523.3150	0
481	950	-456.1649	0	52522.9726	0
482	950	-456.1962	0	52523.2698	0
483	950	-456.2746	0	52523.2006	0
484	950	-456.3548	0	52522.9916	0
485	950	-456.4371	0	52522.7250	0
486	950	-456.4939	0	52522.6420	0
487	950	-456.5937	0	52522.2281	0
488	950	-456.6087	0	52522.2748	0
489	950	-456.6308	0	52522.5177	0
490	950	-456.6462	0	52523.0359	0
491	950	-456.7140	0	52522.8412	0
492	950	-456.8087	0	52522.1661	0
493	950	-456.8809	0	52522.5602	0
494	950	-456.8990	0	52522.9137	0
495	950	-456.9033	0	52523.0454	0
496	950	-456.9466	0	52523.1115	0
497	950	-456.9632	0	52523.1413	0
498	950	-456.9979	0	52522.9541	0
499	950	-457.0095	0	52522.8813	0
500	950	-457.0155	0	52522.8564	0
501	950	-457.0373	0	52522.8562	0
502	950	-457.0447	0	52522.8512	0
503	950	-457.0745	0	52522.6552	0
504	950	-457.0785	0	52522.7921	0
505	950	-457.1014	0	52522.8473	0
506	950	-457.1174	0	52523.0833	0
507	950	-457.1592	0	52523.1855	0
508	950	-457.1651	0	52523.4199	0
509	950	-457.1905	0	52523.3143	0
510	950	-457.2281	0	52523.0789	0
511	950	-457.2016	0	52523.3857	0
512	950	-457.2183	0	52523.3038	0
513	950	-457.2241	0	52523.2707	0
514	950	-457.2928	0	52522.6590	0
515	950	-457.3366	0	52522.4400	0
516	950	-457.3590	0	52522.5690	0
517	950	-457.3847	0	52522.6226	0
518	950	-457.3746	0	52522.6386	0
519	950	-457.4025	0	52522.4537	0
520	950	-457.4805	0	52522.1988	0
521	950	-457.4914	0	52522.0965	0
522	950	-457.4247	0	52522.6708	0
523	950	-457.4274	0	52522.6862	0
524	950	-457.4473	0	52522.6988	0
525	950	-457.4638	0	52522.5007	0
526	950	-457.4553	0	52522.2088	0
527	950	-457.4794	0	52521.9009	0
528	950	-457.4658	0	52521.7769	0
529	950	-457.4517	0	52521.9364	0
530	950	-457.4333	0	52521.7897	0
531	950	-457.4846	0	52521.3257	0
532	950	-457.4914	0	52521.3682	0
533	950	-457.5200	0	52521.1851	0
534	950	-457.5295	0	52521.1145	0
535	950	-457.5204	0	52520.8813	0
536	950	-457.4994	0	52520.7842	0
537	950	-457.4919	0	52520.7523	0
538	950	-457.4898	0	52520.7448	0
539	950	-457.4981	0	52520.5370	0
540	950	-457.5029	0	52520.4600	0
541	950	-457.4979	0	52520.6478	0
542	950	-457.4571	0	52521.1355	0
543	950	-457.4117	0	52521.5312	0
544	950	-457.4421	0	52521.4752	0
545	950	-457.4619	0	52521.2436	0
546	950	-457.4787	0	52520.9441	0
547	950	-457.5018	0	52520.8410	0
548	950	-457.4762	0	52520.7878	0
549	950	-457.4655	0	52520.7672	0
550	950	-457.4353	0	52521.1880	0
551	950	-457.4223	0	52520.9169	0
552	950	-457.4559	0	52520.3897	0
553	950	-457.4727	0	52519.9773	0
554	950	-457.5001	0	52519.8323	0
555	950	-457.4863	0	52519.7749	0
556	950	-457.4951	0	52519.7639	0
557	950	-457.5302	0	52519.5566	0
558	950	-457.5141	0	52519.6902	0
559	950	-457.5148	0	52519.7430	0
560	950	-457.4644	0	52519.9707	0
562	950	-457.4522	0	52519.7940	0
563	950	-457.4076	0	52520.1815	0
564	950	-457.3440	0	52520.5112	0
565	950	-457.3345	0	52519.9960	0
567	950	-457.3683	0	52520.0258	0
568	950	-457.3909	0	52519.8090	0
569	950	-457.3840	0	52519.7337	0
570	950	-457.3772	0	52519.7072	0
571	950	-457.4375	0	52519.2866	0
572	950	-457.3716	0	52519.7565	0
573	950	-457.3464	0	52519.9411	0
574	950	-457.3034	0	52519.9998	0
575	950	-457.3075	0	52519.5924	0
576	950	-457.3164	0	52519.4406	0
577	950	-457.3114	0	52519.6151	0
578	950	-457.2792	0	52519.8849	0
579	950	-457.2999	0	52519.7836	0
580	950	-457.3175	0	52519.5301	0
581	950	-457.3683	0	52519.0082	0
582	950	-457.4281	0	52518.3818	0
583	950	-457.4707	0	52517.7060	0
584	950	-457.4196	0	52517.8770	0
585	950	-457.3604	0	52518.3823	0
586	950	-457.2736	0	52519.0078	0
589	950	-457.3286	0	52518.1950	0
590	950	-457.2638	0	52518.7413	0
591	950	-457.2704	0	52518.7122	0
612	950	-457.5388	0	52514.9922	0
613	950	-457.5338	0	52515.1581	0
614	950	-457.5911	0	52514.5278	0
615	950	-457.5687	0	52514.5249	0
616	950	-457.5927	0	52514.5511	0
617	950	-457.6031	0	52514.5596	0
618	950	-457.5994	0	52514.5678	0
619	950	-457.6311	0	52513.8743	0
620	950	-457.6650	0	52513.1146	0
621	950	-457.7288	0	52512.3590	0
622	950	-457.7112	0	52511.8109	0
623	950	-457.7679	0	52512.1685	0
624	950	-457.7666	0	52512.7742	0
625	950	-457.7632	0	52513.0231	0
626	950	-457.7698	0	52513.1292	0
627	950	-457.7844	0	52512.6935	0
632	950	-457.5810	0	52513.4573	0
640	950	-457.5355	0	52513.1710	0
641	950	-457.5222	0	52513.4047	0
642	950	-457.5126	0	52513.2300	0
643	950	-457.4632	0	52513.3841	0
644	950	-457.4387	0	52513.1977	0
