787	951	-448.8189	0	52553.0926	0
788	951	-448.8196	0	52553.2106	0
789	951	-448.7987	0	52553.5996	0
790	951	-448.8099	0	52553.8337	0
791	951	-448.8144	0	52553.7954	0
792	951	-448.8173	0	52554.0853	0
793	951	-448.8239	0	52554.2874	0
794	951	-448.8048	0	52554.3483	0
795	951	-448.8112	0	52554.3640	0
796	951	-448.8049	0	52554.4633	0
797	951	-448.7983	0	52554.5935	0
798	951	-448.7846	0	52554.6352	0
799	951	-448.8008	0	52554.7444	0
800	951	-448.8227	0	52554.5888	0
801	951	-448.8257	0	52554.6241	0
802	951	-448.8167	0	52554.6304	0
803	951	-448.8140	0	52554.9218	0
804	951	-448.7949	0	52555.2174	0
805	951	-448.7868	0	52555.2302	0
806	951	-448.7587	0	52555.4179	0
807	951	-448.7648	0	52555.5828	0
808	951	-448.7426	0	52555.8236	0
809	951	-448.7488	0	52556.1011	0
810	951	-448.7865	0	52556.1123	0
811	951	-448.8063	0	52556.1110	0
812	951	-448.8134	0	52556.2924	0
813	951	-448.8124	0	52556.6315	0
814	951	-448.8159	0	52556.6629	0
815	951	-448.7990	0	52556.8507	0
816	951	-448.8004	0	52556.8268	0
817	951	-448.7688	0	52557.1739	0
818	951	-448.7189	0	52557.2944	0
819	951	-448.7170	0	52557.4293	0
820	951	-448.7185	0	52557.4726	0
821	951	-448.7300	0	52557.3977	0
822	951	-448.7412	0	52557.5422	0
823	951	-448.7200	0	52557.5921	0
824	951	-448.7001	0	52557.8743	0
825	951	-448.6863	0	52557.8855	0
826	951	-448.6597	0	52557.9725	0
827	951	-448.6457	0	52557.9990	0
828	951	-448.6275	0	52558.0065	0
829	951	-448.6254	0	52558.2686	0
830	951	-448.6347	0	52558.2775	0
831	951	-448.6564	0	52558.3689	0
832	951	-448.6706	0	52558.4865	0
833	951	-448.6615	0	52558.7027	0
834	951	-448.6613	0	52558.6043	0
835	951	-448.6523	0	52558.4724	0
836	951	-448.6574	0	52558.5995	0
837	951	-448.6534	0	52558.8162	0
838	951	-448.6659	0	52558.8977	0
839	951	-448.6814	0	52559.1004	0
840	951	-448.6863	0	52559.1714	0
841	951	-448.6922	0	52559.2815	0
842	951	-448.7139	0	52559.2369	0
843	951	-448.7135	0	52559.3017	0
844	951	-448.6957	0	52559.2353	0
845	951	-448.6948	0	52559.2941	0
846	951	-448.6998	0	52559.2277	0
847	951	-448.7013	0	52559.2007	0
848	951	-448.7000	0	52559.3598	0
849	951	-448.7132	0	52559.4197	0
850	951	-448.7177	0	52559.4414	0
851	951	-448.7211	0	52559.4462	0
852	951	-448.7326	0	52559.4488	0
853	951	-448.7279	0	52559.5302	0
854	951	-448.7163	0	52559.6459	0
855	951	-448.7103	0	52559.5155	0
856	951	-448.7046	0	52559.4660	0
857	951	-448.7134	0	52559.4458	0
858	951	-448.7070	0	52559.5208	0
859	951	-448.6933	0	52559.4621	0
860	951	-448.6854	0	52559.4395	0
861	951	-448.6842	0	52559.3446	0
862	951	-448.6484	0	52559.4760	0
863	951	-448.5917	0	52560.0280	0
864	951	-448.5538	0	52560.2348	0
865	951	-448.5311	0	52560.3912	0
866	951	-448.4960	0	52560.4437	0
867	951	-448.4647	0	52560.4580	0
868	951	-448.4583	0	52560.7132	0
869	951	-448.4852	0	52560.6399	0
870	951	-448.4879	0	52560.5255	0
871	951	-448.4995	0	52560.4801	0
872	951	-448.5111	0	52560.4609	0
873	951	-448.4821	0	52560.5307	0
874	951	-448.5059	0	52559.8102	0
875	951	-448.4680	0	52560.2667	0
876	951	-448.4382	0	52560.4534	0
877	951	-448.4054	0	52560.6013	0
878	951	-448.3844	0	52560.8222	0
879	951	-448.3666	0	52561.0643	0
880	951	-448.3789	0	52560.9936	0
881	951	-448.3741	0	52561.1252	0
882	951	-448.3520	0	52561.4142	0
883	951	-448.3234	0	52561.6827	0
884	951	-448.2911	0	52561.6937	0
885	951	-448.2805	0	52561.3723	0
886	951	-448.2871	0	52560.9224	0
887	951	-448.2812	0	52560.7495	0
888	951	-448.2380	0	52561.3278	0
889	951	-448.2129	0	52561.7119	0
890	951	-448.2266	0	52561.4433	0
891	951	-448.2137	0	52561.6661	0
892	951	-448.2176	0	52561.9091	0
893	951	-448.2300	0	52561.6023	0
894	951	-448.2044	0	52561.7976	0
895	951	-448.2003	0	52561.7896	0
896	951	-448.1857	0	52561.7848	0
897	951	-448.1774	0	52561.8613	0
898	951	-448.1821	0	52561.9680	0
899	951	-448.1867	0	52562.0063	0
900	951	-448.2162	0	52562.1818	0
901	951	-448.2757	0	52561.8508	0
902	951	-448.2784	0	52561.8037	0
903	951	-448.2771	0	52561.8629	0
904	951	-448.2869	0	52562.0478	0
905	951	-448.2767	0	52562.1137	0
906	951	-448.2697	0	52562.0566	0
907	951	-448.2618	0	52562.1934	0
908	951	-448.2598	0	52562.2426	0
909	951	-448.2633	0	52562.3398	0
910	951	-448.2612	0	52562.3745	0
911	951	-448.2740	0	52562.3871	0
912	951	-448.2989	0	52562.4713	0
913	951	-448.2916	0	52562.4198	0
914	951	-448.2881	0	52562.3988	0
915	951	-448.2807	0	52562.3110	0
916	951	-448.2788	0	52562.2761	0
917	951	-448.2563	0	52562.4971	0
918	951	-448.2591	0	52562.8932	0
919	951	-448.2471	0	52562.7280	0
920	951	-448.2715	0	52562.9001	0
921	951	-448.2895	0	52563.0411	0
922	951	-448.3010	0	52562.8605	0
923	951	-448.3240	0	52562.7084	0
924	951	-448.3226	0	52562.8853	0
925	951	-448.3091	0	52562.9509	0
926	951	-448.2885	0	52563.1258	0
927	951	-448.2675	0	52563.3430	0
928	951	-448.2615	0	52563.6523	0
929	951	-448.2622	0	52563.7663	0
930	951	-448.2760	0	52563.9559	0
931	951	-448.2804	0	52563.8003	0
932	951	-448.2992	0	52563.8134	0
933	951	-448.2781	0	52564.0370	0
934	951	-448.2645	0	52564.2710	0
935	951	-448.2378	0	52564.4265	0
936	951	-448.2270	0	52564.2561	0
937	951	-448.2103	0	52564.1111	0
938	951	-448.2148	0	52564.3591	0
939	951	-448.2341	0	52564.6739	0
940	951	-448.2676	0	52564.7878	0
941	951	-448.2964	0	52564.8296	0
942	951	-448.2798	0	52564.9114	0
943	951	-448.2575	0	52565.0123	0
944	951	-448.2602	0	52565.4153	0
945	951	-448.2526	0	52565.5578	0
946	951	-448.2536	0	52565.6054	0
947	951	-448.2399	0	52565.9065	0
948	951	-448.2746	0	52566.1575	0
949	951	-448.3226	0	52566.1088	0
950	951	-448.3720	0	52566.1567	0
951	951	-448.3866	0	52565.9519	0
952	951	-448.3961	0	52566.1606	0
953	951	-448.3862	0	52566.4457	0
954	951	-448.3838	0	52566.6194	0
955	951	-448.3901	0	52566.6797	0
956	951	-448.3653	0	52566.6956	0
957	951	-448.3864	0	52567.4545	0
958	951	-448.4094	0	52567.7964	0
959	951	-448.4472	0	52568.4494	0
960	951	-448.4828	0	52568.8223	0
961	951	-448.4851	0	52568.8907	0
962	951	-448.4661	0	52568.9701	0
963	951	-448.4572	0	52569.0547	0
964	951	-448.4590	0	52569.2098	0
965	951	-448.4570	0	52569.2607	0
966	951	-448.4638	0	52569.2737	0
967	951	-448.4778	0	52569.4640	0
968	951	-448.4741	0	52569.7808	0
969	951	-448.4789	0	52570.0204	0
970	951	-448.4825	0	52570.2909	0
971	951	-448.4785	0	52570.4473	0
972	951	-448.4913	0	52570.5019	0
973	951	-448.5080	0	52570.6992	0
974	951	-448.5134	0	52570.7686	0
975	951	-448.4988	0	52570.7247	0
976	951	-448.4956	0	52570.7648	0
977	951	-448.4833	0	52570.8349	0
978	951	-448.4809	0	52571.0990	0
979	951	-448.4777	0	52571.3143	0
980	951	-448.4871	0	52571.3903	0
981	951	-448.4886	0	52571.5337	0
982	951	-448.4807	0	52571.6418	0
983	951	-448.4629	0	52571.8534	0
984	951	-448.4501	0	52572.0456	0
985	951	-448.4337	0	52572.2885	0
986	951	-448.4173	0	52572.3729	0
987	951	-448.4082	0	52572.5139	0
988	951	-448.4004	0	52572.7916	0
989	951	-448.4105	0	52572.8909	0
990	951	-448.4250	0	52572.9235	0
991	951	-448.4219	0	52572.9860	0
992	951	-448.4028	0	52573.1740	0
993	951	-448.3831	0	52573.4077	0
994	951	-448.3618	0	52573.7129	0
995	951	-448.3486	0	52573.8218	0
996	951	-448.3322	0	52573.9117	0
997	951	-448.3352	0	52574.1048	0
998	951	-448.3042	0	52574.2806	0
999	951	-448.2866	0	52574.3946	0
1000	951	-448.2875	0	52574.4325	0
1001	951	-448.2827	0	52574.4953	0
1002	951	-448.2861	0	52574.6220	0
1003	951	-448.2595	0	52574.7172	0
1004	951	-448.2210	0	52574.9072	0
1005	951	-448.1696	0	52574.9200	0
1006	951	-448.1574	0	52574.8669	0
1007	951	-448.1624	0	52575.0015	0
1008	951	-448.1338	0	52575.1531	0
1009	951	-448.1232	0	52575.3126	0
1010	951	-448.1259	0	52575.3167	0
1011	951	-448.1315	0	52575.3664	0
1012	951	-448.1405	0	52575.4864	0
1013	951	-448.1482	0	52575.6315	0
1014	951	-448.1391	0	52575.8373	0
1015	951	-448.1151	0	52575.9622	0
1016	951	-448.0902	0	52575.9552	0
1017	951	-448.0759	0	52575.9460	0
1018	951	-448.0418	0	52576.0407	0
1019	951	-448.0249	0	52576.1241	0
1020	951	-448.0326	0	52576.2040	0
1021	951	-448.0425	0	52576.1809	0
1022	951	-448.0455	0	52576.2698	0
1023	951	-448.0350	0	52576.4019	0
1024	951	-448.0346	0	52576.6512	0
1025	951	-448.0252	0	52576.8901	0
1026	951	-448.0057	0	52577.0254	0
1027	951	-448.0046	0	52577.0223	0
1028	951	-447.9892	0	52577.2631	0
1029	951	-447.9972	0	52577.3997	0
1030	951	-448.0116	0	52577.4958	0
1031	951	-448.0173	0	52577.5755	0
1032	951	-448.0396	0	52577.5541	0
1033	951	-448.0607	0	52577.7823	0
1034	951	-448.0541	0	52577.9617	0
1035	951	-448.0427	0	52578.1194	0
1036	951	-448.0327	0	52578.1254	0
1037	951	-448.0249	0	52578.2193	0
1038	951	-448.0227	0	52578.4388	0
1039	951	-448.0295	0	52578.7056	0
1040	951	-448.0476	0	52578.8473	0
1041	951	-448.0593	0	52578.8028	0
1042	951	-448.0842	0	52578.8746	0
1043	951	-448.1014	0	52579.0815	0
1044	951	-448.0925	0	52579.3369	0
1045	951	-448.0917	0	52579.3380	0
1046	951	-448.0878	0	52579.1963	0
1047	951	-448.0891	0	52579.2763	0
1048	951	-448.0934	0	52579.4839	0
1049	951	-448.0923	0	52579.6940	0
1050	951	-448.0975	0	52579.9028	0
1051	951	-448.1372	0	52579.8436	0
1052	951	-448.1567	0	52579.7741	0
1053	951	-448.1816	0	52579.8777	0
1054	951	-448.1705	0	52580.0877	0
1055	951	-448.1562	0	52580.2531	0
1056	951	-448.1372	0	52580.2687	0
1057	951	-448.1284	0	52580.3140	0
1058	951	-448.1137	0	52580.4152	0
1059	951	-448.1040	0	52580.6232	0
1060	951	-448.1087	0	52580.6978	0
1061	951	-448.1168	0	52580.6799	0
1062	951	-448.1318	0	52580.7122	0
1063	951	-448.1398	0	52580.8503	0
1064	951	-448.1370	0	52581.0271	0
1065	951	-448.1147	0	52581.0913	0
1066	951	-448.1079	0	52581.0266	0
1067	951	-448.0928	0	52580.9975	0
1068	951	-448.0847	0	52581.0698	0
1069	951	-448.0876	0	52581.2646	0
1070	951	-448.1027	0	52581.5025	0
1071	951	-448.1055	0	52581.5487	0
1072	951	-448.1108	0	52581.4780	0
1073	951	-448.1197	0	52581.6159	0
1074	951	-448.1348	0	52581.7890	0
1075	951	-448.1259	0	52581.8926	0
1076	951	-448.1243	0	52581.9280	0
1077	951	-448.1288	0	52582.0202	0
1078	951	-448.1328	0	52582.0934	0
1079	951	-448.1281	0	52582.2401	0
1080	951	-448.1265	0	52582.3721	0
1081	951	-448.1361	0	52582.4198	0
1082	951	-448.1487	0	52582.3928	0
1083	951	-448.1622	0	52582.5012	0
1084	951	-448.1765	0	52582.6598	0
1085	951	-448.1717	0	52582.7954	0
1086	951	-448.1482	0	52582.9221	0
1087	951	-448.1321	0	52582.8878	0
1088	951	-448.1241	0	52582.9501	0
1089	951	-448.1185	0	52583.1289	0
1090	951	-448.1179	0	52583.3104	0
1091	951	-448.1187	0	52583.3362	0
1092	951	-448.1398	0	52583.3808	0
1093	951	-448.1501	0	52583.4330	0
1094	951	-448.1479	0	52583.5660	0
1095	951	-448.1339	0	52583.8427	0
1096	951	-448.1217	0	52583.9807	0
1097	951	-448.1018	0	52583.9534	0
1098	951	-448.0863	0	52584.0520	0
1099	951	-448.0836	0	52584.2374	0
1100	951	-448.0820	0	52584.4888	0
1101	951	-448.0872	0	52584.6533	0
1102	951	-448.0999	0	52584.7110	0
1103	951	-448.1075	0	52584.7648	0
1104	951	-448.1191	0	52584.9997	0
1105	951	-448.1114	0	52585.2275	0
1106	951	-448.0922	0	52585.3089	0
1107	951	-448.0623	0	52585.2997	0
1108	951	-448.0455	0	52585.3270	0
1109	951	-448.0250	0	52585.4408	0
1110	951	-448.0200	0	52585.6929	0
1111	951	-448.0291	0	52585.8891	0
1112	951	-448.0311	0	52585.9236	0
1113	951	-448.0265	0	52585.9662	0
1114	951	-448.0234	0	52586.1179	0
1115	951	-448.0206	0	52586.3429	0
1116	951	-448.0154	0	52586.5935	0
1117	951	-447.9977	0	52586.6506	0
1118	951	-447.9936	0	52586.7337	0
1119	951	-447.9794	0	52586.7947	0
1120	951	-447.9693	0	52587.0802	0
1121	951	-447.9578	0	52587.2161	0
1122	951	-447.9712	0	52587.3618	0
1123	951	-447.9591	0	52587.3785	0
1124	951	-447.9622	0	52587.4452	0
1125	951	-447.9637	0	52587.6294	0
1126	951	-447.9629	0	52587.8555	0
1127	951	-447.9607	0	52588.0320	0
1128	951	-447.9449	0	52588.0311	0
1129	951	-447.9360	0	52588.1525	0
1130	951	-447.9248	0	52588.4764	0
1131	951	-447.9254	0	52588.7174	0
1132	951	-447.9317	0	52588.8332	0
1133	951	-447.9354	0	52588.8717	0
1134	951	-447.9462	0	52588.9727	0
1135	951	-447.9487	0	52589.1273	0
1136	951	-447.9366	0	52589.2721	0
1137	951	-447.9235	0	52589.3218	0
1138	951	-447.8979	0	52589.4262	0
1139	951	-447.8960	0	52589.5500	0
1140	951	-447.8924	0	52589.7991	0
1141	951	-447.8952	0	52590.0049	0
1142	951	-447.9126	0	52590.1067	0
1143	951	-447.9164	0	52590.1688	0
1144	951	-447.9235	0	52590.2449	0
1145	951	-447.9226	0	52590.4407	0
1146	951	-447.9027	0	52590.7081	0
1147	951	-447.8854	0	52590.8606	0
1148	951	-447.8703	0	52590.9127	0
1149	951	-447.8602	0	52591.0117	0
1150	951	-447.8660	0	52591.1267	0
1151	951	-447.8633	0	52591.3302	0
1152	951	-447.8636	0	52591.5107	0
1153	951	-447.8725	0	52591.5737	0
1154	951	-447.8808	0	52591.6188	0
1155	951	-447.9082	0	52591.7917	0
1156	951	-447.9144	0	52592.0113	0
1157	951	-447.9087	0	52592.2215	0
1158	951	-447.9056	0	52592.2958	0
1159	951	-447.9133	0	52592.3451	0
1160	951	-447.9163	0	52592.4877	0
1161	951	-447.9172	0	52592.7165	0
1162	951	-447.9268	0	52592.8991	0
1163	951	-447.9387	0	52592.9625	0
1164	951	-447.9571	0	52593.0317	0
1165	951	-447.9674	0	52593.1774	0
1166	951	-447.9655	0	52593.4025	0
1167	951	-447.9666	0	52593.6294	0
1168	951	-447.9511	0	52593.7096	0
1169	951	-447.9391	0	52593.7597	0
1170	951	-447.9400	0	52593.8938	0
1171	951	-447.9409	0	52594.1069	0
1172	951	-447.9383	0	52594.3009	0
1173	951	-447.9585	0	52594.4144	0
1174	951	-447.9763	0	52594.4521	0
1175	951	-447.9925	0	52594.6006	0
1176	951	-447.9996	0	52594.8813	0
1177	951	-447.9798	0	52595.0061	0
1178	951	-447.9713	0	52595.0933	0
1179	951	-447.9608	0	52595.1215	0
1180	951	-447.9588	0	52595.2619	0
1181	951	-447.9530	0	52595.4885	0
1182	951	-447.9550	0	52595.7014	0
1183	951	-447.9628	0	52595.8190	0
1184	951	-447.9667	0	52595.8583	0
1185	951	-447.9747	0	52595.9763	0
1186	951	-447.9851	0	52596.2293	0
1187	951	-447.9742	0	52596.4464	0
1188	951	-447.9582	0	52596.5453	0
1189	951	-447.9451	0	52596.5776	0
1190	951	-447.9376	0	52596.7304	0
1191	951	-447.9417	0	52596.9467	0
1192	951	-447.9541	0	52597.1448	0
1193	951	-447.9600	0	52597.2145	0
1194	951	-447.9731	0	52597.2950	0
1195	951	-447.9798	0	52597.3803	0
1196	951	-447.9874	0	52597.5856	0
1197	951	-447.9841	0	52597.7570	0
1198	951	-447.9742	0	52597.8943	0
1199	951	-447.9721	0	52597.9609	0
1200	951	-447.9730	0	52598.0958	0
1201	951	-447.9649	0	52598.2761	0
1202	951	-447.9710	0	52598.4892	0
1203	951	-447.9785	0	52598.6010	0
1204	951	-447.9871	0	52598.6380	0
1205	951	-447.9905	0	52598.7398	0
1206	951	-447.9932	0	52598.9197	0
1207	951	-447.9920	0	52599.1100	0
1208	951	-447.9773	0	52599.2316	0
1209	951	-447.9634	0	52599.2736	0
1210	951	-447.9496	0	52599.3563	0
1211	951	-447.9373	0	52599.5606	0
1212	951	-447.9302	0	52599.7723	0
1213	951	-447.9429	0	52599.9155	0
1214	951	-447.9452	0	52599.9820	0
1215	951	-447.9464	0	52600.0702	0
1216	951	-447.9473	0	52600.2345	0
1217	951	-447.9402	0	52600.4429	0
1218	951	-447.9252	0	52600.5674	0
1219	951	-447.9063	0	52600.6109	0
1220	951	-447.8827	0	52600.6729	0
1221	951	-447.8673	0	52600.8558	0
1222	951	-447.8558	0	52601.0334	0
1223	951	-447.8546	0	52601.1595	0
1224	951	-447.8515	0	52601.2183	0
1225	951	-447.8512	0	52601.2834	0
1226	951	-447.8462	0	52601.3986	0
1227	951	-447.8290	0	52601.5642	0
1228	951	-447.8106	0	52601.7159	0
1229	951	-447.7916	0	52601.7849	0
1230	951	-447.7724	0	52601.8383	0
1231	951	-447.7550	0	52602.0069	0
1232	951	-447.7491	0	52602.2165	0
1233	951	-447.7506	0	52602.4232	0
1234	951	-447.7576	0	52602.5110	0
1235	951	-447.7552	0	52602.5687	0
1236	951	-447.7543	0	52602.6587	0
1237	951	-447.7506	0	52602.8468	0
1238	951	-447.7296	0	52603.0285	0
1239	951	-447.6996	0	52603.1642	0
1240	951	-447.6648	0	52603.1990	0
1241	951	-447.6446	0	52603.2917	0
1242	951	-447.6248	0	52603.4891	0
1243	951	-447.6185	0	52603.7213	0
1244	951	-447.6110	0	52603.8454	0
1245	951	-447.5980	0	52603.9148	0
1246	951	-447.5834	0	52603.9639	0
1247	951	-447.5663	0	52604.1238	0
1248	951	-447.5523	0	52604.3107	0
1249	951	-447.5183	0	52604.4310	0
1250	951	-447.4931	0	52604.4729	0
1251	951	-447.4751	0	52604.5619	0
1252	951	-447.4599	0	52604.7809	0
1253	951	-447.4547	0	52604.9956	0
1254	951	-447.4667	0	52605.1446	0
1255	951	-447.4703	0	52605.2087	0
1256	951	-447.4684	0	52605.2768	0
1257	951	-447.4684	0	52605.5138	0
1258	951	-447.4698	0	52605.7158	0
1259	951	-447.4516	0	52605.8472	0
1260	951	-447.4277	0	52605.9053	0
1261	951	-447.4124	0	52605.9808	0
1262	951	-447.4173	0	52606.1747	0
1263	951	-447.4165	0	52606.4439	0
1264	951	-447.4357	0	52606.6053	0
1265	951	-447.4352	0	52606.6621	0
1266	951	-447.4341	0	52606.7003	0
1267	951	-447.4466	0	52606.8821	0
1268	951	-447.4473	0	52607.0422	0
1269	951	-447.4365	0	52607.1832	0
1270	951	-447.4102	0	52607.2553	0
1271	951	-447.3856	0	52607.3001	0
1272	951	-447.3814	0	52607.4874	0
1273	951	-447.3718	0	52607.6861	0
1274	951	-447.3762	0	52607.8360	0
1275	951	-447.3767	0	52607.9279	0
1276	951	-447.3746	0	52607.9782	0
1277	951	-447.3676	0	52608.1402	0
1278	951	-447.3541	0	52608.3135	0
1279	951	-447.3278	0	52608.4530	0
1280	951	-447.2878	0	52608.5236	0
1281	951	-447.2555	0	52608.5944	0
1282	951	-447.2399	0	52608.7854	0
1283	951	-447.2209	0	52609.0094	0
1284	951	-447.2122	0	52609.1972	0
1285	951	-447.2019	0	52609.2910	0
1286	951	-447.1842	0	52609.3321	0
1287	951	-447.1649	0	52609.4588	0
1288	951	-447.1328	0	52609.6522	0
1289	951	-447.0964	0	52609.8424	0
1290	951	-447.0436	0	52609.9481	0
1291	951	-446.9940	0	52610.0201	0
1292	951	-446.9496	0	52610.1784	0
1293	951	-446.9163	0	52610.3822	0
1294	951	-446.8941	0	52610.5758	0
1295	951	-446.8732	0	52610.6615	0
1296	951	-446.8394	0	52610.7159	0
1297	951	-446.8103	0	52610.8355	0
1298	951	-446.7564	0	52611.0204	0
1299	951	-446.7178	0	52611.2018	0
1300	951	-446.6643	0	52611.2926	0
1301	951	-446.5994	0	52611.3576	0
1302	951	-446.5548	0	52611.5355	0
1303	951	-446.5134	0	52611.7602	0
1304	951	-446.4802	0	52611.9491	0
1305	951	-446.4298	0	52612.0555	0
1306	951	-446.3690	0	52612.1030	0
1307	951	-446.3036	0	52612.2050	0
1308	951	-446.1669	0	52612.3902	0
1309	951	-446.1299	0	52612.5885	0
1310	951	-446.0872	0	52612.6890	0
1311	951	-446.0058	0	52612.7502	0
1312	951	-445.9411	0	52612.9436	0
1313	951	-445.8932	0	52613.1425	0
1314	951	-445.8191	0	52613.2706	0
1315	951	-445.7465	0	52613.3447	0
1316	951	-445.6663	0	52613.3747	0
1317	951	-445.5718	0	52613.4212	0
1318	951	-445.4513	0	52613.4954	0
1319	951	-445.3682	0	52613.5677	0
1320	951	-445.2714	0	52613.6116	0
1321	951	-445.1759	0	52613.6445	0
1322	951	-445.0811	0	52613.6986	0
1323	951	-444.9903	0	52613.7907	0
1324	951	-444.9058	0	52613.9023	0
1325	951	-444.8045	0	52613.9549	0
1326	951	-444.7222	0	52613.9954	0
1327	951	-444.6232	0	52614.0469	0
1328	951	-444.5099	0	52614.1521	0
1329	951	-444.4184	0	52614.2426	0
1330	951	-444.3003	0	52614.2953	0
1331	951	-444.1860	0	52614.3451	0
1332	951	-444.0973	0	52614.4265	0
1333	951	-443.9991	0	52614.5276	0
1334	951	-443.9253	0	52614.6195	0
1335	951	-443.8315	0	52614.6816	0
1336	951	-443.7459	0	52614.7135	0
1337	951	-443.6428	0	52614.7789	0
1338	951	-443.5249	0	52614.8512	0
1339	951	-443.3977	0	52614.9494	0
1340	951	-443.2681	0	52615.0276	0
1341	951	-443.1763	0	52615.0698	0
1342	951	-443.0749	0	52615.1260	0
1343	951	-442.9487	0	52615.2410	0
1344	951	-442.8256	0	52615.3639	0
1345	951	-442.7056	0	52615.4530	0
1346	951	-442.6121	0	52615.5153	0
1347	951	-442.5278	0	52615.5742	0
1348	951	-442.3753	0	52615.6702	0
1349	951	-442.3472	0	52615.7700	0
1350	951	-442.1094	0	52615.8693	0
1351	951	-441.9681	0	52615.9224	0
