386	958	-465.5453	0	52448.6781	0
387	958	-465.5455	0	52448.6781	0
388	958	-465.5452	0	52448.6785	0
389	958	-465.5446	0	52448.6788	0
390	958	-465.5440	0	52448.6788	0
391	958	-465.5438	0	52448.6795	0
392	958	-465.5435	0	52448.6798	0
393	958	-465.5434	0	52448.6800	0
394	958	-465.5434	0	52448.6799	0
395	958	-465.5434	0	52448.6798	0
396	958	-465.5435	0	52448.6796	0
397	958	-465.5434	0	52448.6795	0
398	958	-465.5440	0	52448.6792	0
399	958	-465.5441	0	52448.6791	0
400	958	-465.5441	0	52448.6790	0
401	958	-465.5438	0	52448.6790	0
402	958	-465.5440	0	52448.6789	0
403	958	-465.5440	0	52448.6789	0
404	958	-465.5442	0	52448.6790	0
405	958	-465.5441	0	52448.6790	0
406	958	-465.5442	0	52448.6790	0
407	958	-465.5443	0	52448.6790	0
408	958	-465.5445	0	52448.6791	0
409	958	-465.5446	0	52448.6793	0
410	958	-465.5448	0	52448.6794	0
411	958	-465.5449	0	52448.6795	0
412	958	-465.5450	0	52448.6795	0
413	958	-465.5450	0	52448.6794	0
414	958	-465.5452	0	52448.6793	0
415	958	-465.5452	0	52448.6794	0
416	958	-465.5451	0	52448.6794	0
417	958	-465.5450	0	52448.6794	0
418	958	-465.5451	0	52448.6794	0
419	958	-465.5454	0	52448.6794	0
420	958	-465.5450	0	52448.6795	0
421	958	-465.5449	0	52448.6793	0
422	958	-465.5444	0	52448.6776	0
423	958	-465.5442	0	52448.6777	0
424	958	-465.5446	0	52448.6789	0
425	958	-465.5451	0	52448.6793	0
426	958	-465.5451	0	52448.6797	0
427	958	-465.5451	0	52448.6796	0
428	958	-465.5451	0	52448.6796	0
429	958	-465.5452	0	52448.6797	0
430	958	-465.5452	0	52448.6796	0
431	958	-465.5453	0	52448.6794	0
432	958	-465.5458	0	52448.6794	0
433	958	-465.5456	0	52448.6794	0
434	958	-465.5453	0	52448.6794	0
435	958	-465.5453	0	52448.6797	0
436	958	-465.5448	0	52448.6801	0
437	958	-465.5444	0	52448.6803	0
438	958	-465.5441	0	52448.6804	0
439	958	-465.5402	0	52448.6744	0
440	958	-465.5378	0	52448.6700	0
442	958	-465.5397	0	52448.6778	0
451	958	-465.5325	0	52448.6818	0
