430	96	-456.0110	0	52601.9988	0
431	96	-456.0114	0	52601.9985	0
432	96	-456.0117	0	52601.9993	0
435	96	-456.0113	0	52602.0015	0
436	96	-456.0109	0	52602.0020	0
437	96	-456.0107	0	52602.0034	0
438	96	-456.0107	0	52602.0044	0
439	96	-456.0106	0	52602.0055	0
440	96	-456.0106	0	52602.0058	0
441	96	-456.0108	0	52602.0055	0
442	96	-456.0108	0	52602.0058	0
443	96	-456.0107	0	52602.0068	0
444	96	-456.0099	0	52602.0094	0
445	96	-456.0093	0	52602.0109	0
446	96	-456.0092	0	52602.0113	0
447	96	-456.0090	0	52602.0117	0
448	96	-456.0085	0	52602.0137	0
449	96	-456.0082	0	52602.0150	0
450	96	-456.0082	0	52602.0154	0
451	96	-456.0082	0	52602.0154	0
452	96	-456.0082	0	52602.0158	0
453	96	-456.0080	0	52602.0171	0
454	96	-456.0078	0	52602.0183	0
455	96	-456.0073	0	52602.0198	0
456	96	-456.0070	0	52602.0205	0
457	96	-456.0069	0	52602.0209	0
458	96	-456.0065	0	52602.0224	0
459	96	-456.0059	0	52602.0245	0
460	96	-456.0054	0	52602.0266	0
461	96	-456.0053	0	52602.0275	0
462	96	-456.0054	0	52602.0280	0
463	96	-456.0054	0	52602.0290	0
464	96	-456.0049	0	52602.0315	0
465	96	-456.0044	0	52602.0339	0
466	96	-456.0042	0	52602.0353	0
467	96	-456.0046	0	52602.0350	0
468	96	-456.0047	0	52602.0355	0
469	96	-456.0049	0	52602.0367	0
470	96	-456.0046	0	52602.0384	0
471	96	-456.0047	0	52602.0393	0
472	96	-456.0050	0	52602.0395	0
473	96	-456.0051	0	52602.0402	0
474	96	-456.0049	0	52602.0418	0
475	96	-456.0044	0	52602.0441	0
476	96	-456.0041	0	52602.0460	0
477	96	-456.0041	0	52602.0468	0
478	96	-456.0042	0	52602.0470	0
479	96	-456.0043	0	52602.0484	0
480	96	-456.0040	0	52602.0499	0
481	96	-456.0038	0	52602.0517	0
482	96	-456.0037	0	52602.0526	0
483	96	-456.0037	0	52602.0534	0
484	96	-456.0036	0	52602.0543	0
485	96	-456.0032	0	52602.0558	0
486	96	-456.0028	0	52602.0574	0
487	96	-456.0025	0	52602.0586	0
488	96	-456.0024	0	52602.0589	0
489	96	-456.0021	0	52602.0601	0
490	96	-456.0015	0	52602.0623	0
491	96	-456.0011	0	52602.0640	0
492	96	-456.0010	0	52602.0652	0
493	96	-456.0009	0	52602.0658	0
494	96	-456.0008	0	52602.0664	0
495	96	-456.0005	0	52602.0678	0
496	96	-455.9999	0	52602.0701	0
497	96	-455.9995	0	52602.0716	0
498	96	-455.9994	0	52602.0722	0
499	96	-455.9993	0	52602.0727	0
500	96	-455.9989	0	52602.0743	0
501	96	-455.9985	0	52602.0763	0
502	96	-455.9982	0	52602.0777	0
503	96	-455.9982	0	52602.0785	0
504	96	-455.9982	0	52602.0791	0
505	96	-455.9980	0	52602.0800	0
506	96	-455.9975	0	52602.0823	0
507	96	-455.9971	0	52602.0838	0
508	96	-455.9968	0	52602.0849	0
509	96	-455.9967	0	52602.0852	0
510	96	-455.9965	0	52602.0867	0
511	96	-455.9960	0	52602.0889	0
512	96	-455.9956	0	52602.0906	0
513	96	-455.9953	0	52602.0918	0
514	96	-455.9952	0	52602.0925	0
515	96	-455.9951	0	52602.0933	0
516	96	-455.9946	0	52602.0953	0
517	96	-455.9941	0	52602.0970	0
518	96	-455.9938	0	52602.0983	0
519	96	-455.9936	0	52602.0990	0
520	96	-455.9934	0	52602.0997	0
521	96	-455.9930	0	52602.1013	0
522	96	-455.9924	0	52602.1035	0
523	96	-455.9920	0	52602.1054	0
524	96	-455.9919	0	52602.1059	0
525	96	-455.9917	0	52602.1065	0
526	96	-455.9915	0	52602.1072	0
527	96	-455.9911	0	52602.1086	0
528	96	-455.9906	0	52602.1106	0
529	96	-455.9903	0	52602.1117	0
530	96	-455.9903	0	52602.1120	0
531	96	-455.9901	0	52602.1127	0
532	96	-455.9898	0	52602.1143	0
533	96	-455.9892	0	52602.1166	0
534	96	-455.9887	0	52602.1184	0
535	96	-455.9882	0	52602.1199	0
536	96	-455.9880	0	52602.1208	0
537	96	-455.9881	0	52602.1214	0
538	96	-455.9876	0	52602.1236	0
539	96	-455.9872	0	52602.1253	0
540	96	-455.9869	0	52602.1265	0
541	96	-455.9868	0	52602.1272	0
542	96	-455.9865	0	52602.1286	0
543	96	-455.9860	0	52602.1310	0
544	96	-455.9855	0	52602.1328	0
545	96	-455.9852	0	52602.1339	0
546	96	-455.9851	0	52602.1348	0
547	96	-455.9850	0	52602.1352	0
548	96	-455.9850	0	52602.1362	0
549	96	-455.9847	0	52602.1371	0
550	96	-455.9845	0	52602.1377	0
551	96	-455.9847	0	52602.1378	0
552	96	-455.9848	0	52602.1380	0
553	96	-455.9849	0	52602.1385	0
554	96	-455.9846	0	52602.1394	0
555	96	-455.9845	0	52602.1401	0
556	96	-455.9845	0	52602.1404	0
557	96	-455.9847	0	52602.1407	0
558	96	-455.9847	0	52602.1413	0
559	96	-455.9847	0	52602.1422	0
560	96	-455.9845	0	52602.1430	0
561	96	-455.9846	0	52602.1435	0
562	96	-455.9849	0	52602.1438	0
563	96	-455.9851	0	52602.1442	0
564	96	-455.9851	0	52602.1448	0
565	96	-455.9851	0	52602.1457	0
566	96	-455.9851	0	52602.1464	0
567	96	-455.9853	0	52602.1469	0
568	96	-455.9856	0	52602.1473	0
569	96	-455.9857	0	52602.1480	0
570	96	-455.9858	0	52602.1489	0
571	96	-455.9858	0	52602.1498	0
572	96	-455.9860	0	52602.1504	0
573	96	-455.9866	0	52602.1507	0
574	96	-455.9870	0	52602.1512	0
575	96	-455.9872	0	52602.1521	0
576	96	-455.9869	0	52602.1530	0
577	96	-455.9877	0	52602.1535	0
578	96	-455.9882	0	52602.1540	0
579	96	-455.9888	0	52602.1545	0
580	96	-455.9897	0	52602.1552	0
