398	960	-465.6588	0	52448.5895	0
399	960	-465.6587	0	52448.5881	0
400	960	-465.6586	0	52448.5857	0
401	960	-465.6584	0	52448.5819	0
402	960	-465.6584	0	52448.5793	0
403	960	-465.6588	0	52448.5782	0
404	960	-465.6592	0	52448.5776	0
405	960	-465.6597	0	52448.5759	0
406	960	-465.6600	0	52448.5728	0
407	960	-465.6601	0	52448.5704	0
408	960	-465.6602	0	52448.5694	0
409	960	-465.6601	0	52448.5691	0
410	960	-465.6600	0	52448.5686	0
411	960	-465.6600	0	52448.5663	0
412	960	-465.6601	0	52448.5630	0
413	960	-465.6605	0	52448.5609	0
414	960	-465.6609	0	52448.5603	0
415	960	-465.6612	0	52448.5597	0
416	960	-465.6617	0	52448.5580	0
417	960	-465.6619	0	52448.5543	0
418	960	-465.6619	0	52448.5521	0
419	960	-465.6620	0	52448.5514	0
420	960	-465.6619	0	52448.5511	0
421	960	-465.6619	0	52448.5502	0
422	960	-465.6617	0	52448.5472	0
423	960	-465.6618	0	52448.5441	0
424	960	-465.6620	0	52448.5425	0
425	960	-465.6624	0	52448.5421	0
426	960	-465.6629	0	52448.5413	0
427	960	-465.6632	0	52448.5385	0
428	960	-465.6634	0	52448.5356	0
429	960	-465.6636	0	52448.5336	0
430	960	-465.6636	0	52448.5333	0
431	960	-465.6635	0	52448.5330	0
432	960	-465.6635	0	52448.5311	0
433	960	-465.6634	0	52448.5284	0
434	960	-465.6636	0	52448.5264	0
435	960	-465.6637	0	52448.5255	0
436	960	-465.6637	0	52448.5250	0
437	960	-465.6638	0	52448.5238	0
438	960	-465.6639	0	52448.5211	0
439	960	-465.6638	0	52448.5174	0
440	960	-465.6636	0	52448.5155	0
441	960	-465.6634	0	52448.5148	0
442	960	-465.6632	0	52448.5141	0
443	960	-465.6630	0	52448.5118	0
444	960	-465.6628	0	52448.5088	0
445	960	-465.6629	0	52448.5069	0
446	960	-465.6630	0	52448.5060	0
447	960	-465.6632	0	52448.5054	0
448	960	-465.6634	0	52448.5041	0
449	960	-465.6635	0	52448.5012	0
450	960	-465.6634	0	52448.4984	0
451	960	-465.6632	0	52448.4974	0
452	960	-465.6632	0	52448.4975	0
453	960	-465.6630	0	52448.4963	0
454	960	-465.6629	0	52448.4937	0
455	960	-465.6628	0	52448.4910	0
456	960	-465.6628	0	52448.4893	0
457	960	-465.6630	0	52448.4892	0
458	960	-465.6633	0	52448.4883	0
459	960	-465.6637	0	52448.4867	0
460	960	-465.6638	0	52448.4828	0
461	960	-465.6637	0	52448.4809	0
462	960	-465.6636	0	52448.4803	0
463	960	-465.6634	0	52448.4801	0
464	960	-465.6632	0	52448.4784	0
465	960	-465.6630	0	52448.4754	0
466	960	-465.6629	0	52448.4731	0
467	960	-465.6631	0	52448.4722	0
468	960	-465.6632	0	52448.4713	0
469	960	-465.6634	0	52448.4694	0
470	960	-465.6636	0	52448.4665	0
471	960	-465.6637	0	52448.4631	0
472	960	-465.6637	0	52448.4616	0
473	960	-465.6636	0	52448.4614	0
474	960	-465.6636	0	52448.4606	0
475	960	-465.6635	0	52448.4582	0
476	960	-465.6635	0	52448.4549	0
477	960	-465.6638	0	52448.4523	0
478	960	-465.6641	0	52448.4517	0
479	960	-465.6645	0	52448.4516	0
480	960	-465.6651	0	52448.4502	0
481	960	-465.6654	0	52448.4472	0
482	960	-465.6657	0	52448.4447	0
483	960	-465.6659	0	52448.4429	0
484	960	-465.6660	0	52448.4423	0
485	960	-465.6662	0	52448.4410	0
486	960	-465.6664	0	52448.4373	0
487	960	-465.6668	0	52448.4342	0
488	960	-465.6670	0	52448.4328	0
489	960	-465.6669	0	52448.4326	0
490	960	-465.6668	0	52448.4308	0
491	960	-465.6673	0	52448.4287	0
492	960	-465.6662	0	52448.4209	0
493	960	-465.6659	0	52448.4187	0
494	960	-465.6653	0	52448.4133	0
495	960	-465.6647	0	52448.4090	0
496	960	-465.6644	0	52448.4072	0
497	960	-465.6643	0	52448.4067	0
498	960	-465.6640	0	52448.4052	0
499	960	-465.6639	0	52448.4016	0
500	960	-465.6642	0	52448.4000	0
501	960	-465.6645	0	52448.3992	0
502	960	-465.6646	0	52448.3979	0
503	960	-465.6648	0	52448.3957	0
504	960	-465.6645	0	52448.3924	0
505	960	-465.6647	0	52448.3917	0
506	960	-465.6648	0	52448.3911	0
507	960	-465.6651	0	52448.3906	0
508	960	-465.6653	0	52448.3875	0
509	960	-465.6658	0	52448.3849	0
510	960	-465.6662	0	52448.3844	0
511	960	-465.6668	0	52448.3840	0
512	960	-465.6669	0	52448.3820	0
513	960	-465.6668	0	52448.3793	0
514	960	-465.6668	0	52448.3777	0
515	960	-465.6671	0	52448.3759	0
516	960	-465.6673	0	52448.3750	0
517	960	-465.6676	0	52448.3723	0
518	960	-465.6681	0	52448.3694	0
519	960	-465.6684	0	52448.3680	0
520	960	-465.6688	0	52448.3683	0
521	960	-465.6687	0	52448.3645	0
522	960	-465.6686	0	52448.3614	0
523	960	-465.6684	0	52448.3599	0
524	960	-465.6686	0	52448.3595	0
525	960	-465.6687	0	52448.3573	0
526	960	-465.6687	0	52448.3552	0
527	960	-465.6691	0	52448.3524	0
528	960	-465.6697	0	52448.3519	0
529	960	-465.6699	0	52448.3518	0
530	960	-465.6701	0	52448.3505	0
531	960	-465.6700	0	52448.3475	0
532	960	-465.6699	0	52448.3451	0
533	960	-465.6699	0	52448.3442	0
534	960	-465.6702	0	52448.3436	0
535	960	-465.6700	0	52448.3398	0
536	960	-465.6704	0	52448.3371	0
537	960	-465.6708	0	52448.3361	0
538	960	-465.6711	0	52448.3354	0
539	960	-465.6714	0	52448.3352	0
540	960	-465.6715	0	52448.3320	0
541	960	-465.6716	0	52448.3304	0
542	960	-465.6714	0	52448.3289	0
543	960	-465.6714	0	52448.3279	0
544	960	-465.6712	0	52448.3257	0
545	960	-465.6714	0	52448.3216	0
546	960	-465.6716	0	52448.3192	0
547	960	-465.6719	0	52448.3179	0
548	960	-465.6720	0	52448.3170	0
549	960	-465.6721	0	52448.3147	0
550	960	-465.6718	0	52448.3115	0
551	960	-465.6714	0	52448.3098	0
552	960	-465.6711	0	52448.3092	0
553	960	-465.6709	0	52448.3086	0
554	960	-465.6708	0	52448.3053	0
555	960	-465.6710	0	52448.3037	0
556	960	-465.6710	0	52448.3031	0
557	960	-465.6711	0	52448.3020	0
558	960	-465.6711	0	52448.2990	0
559	960	-465.6710	0	52448.2963	0
560	960	-465.6707	0	52448.2949	0
561	960	-465.6702	0	52448.2954	0
562	960	-465.6697	0	52448.2946	0
563	960	-465.6698	0	52448.2912	0
564	960	-465.6698	0	52448.2889	0
565	960	-465.6697	0	52448.2880	0
566	960	-465.6697	0	52448.2867	0
567	960	-465.6696	0	52448.2841	0
568	960	-465.6696	0	52448.2815	0
569	960	-465.6695	0	52448.2789	0
570	960	-465.6690	0	52448.2785	0
571	960	-465.6687	0	52448.2773	0
572	960	-465.6688	0	52448.2735	0
573	960	-465.6693	0	52448.2687	0
574	960	-465.6694	0	52448.2682	0
575	960	-465.6696	0	52448.2675	0
576	960	-465.6697	0	52448.2655	0
577	960	-465.6701	0	52448.2625	0
578	960	-465.6701	0	52448.2609	0
579	960	-465.6701	0	52448.2609	0
580	960	-465.6701	0	52448.2604	0
581	960	-465.6702	0	52448.2579	0
582	960	-465.6701	0	52448.2546	0
583	960	-465.6701	0	52448.2540	0
584	960	-465.6700	0	52448.2533	0
585	960	-465.6701	0	52448.2525	0
586	960	-465.6701	0	52448.2510	0
587	960	-465.6701	0	52448.2480	0
588	960	-465.6699	0	52448.2463	0
589	960	-465.6696	0	52448.2457	0
590	960	-465.6696	0	52448.2418	0
591	960	-465.6696	0	52448.2378	0
592	960	-465.6697	0	52448.2363	0
593	960	-465.6697	0	52448.2365	0
594	960	-465.6695	0	52448.2334	0
595	960	-465.6695	0	52448.2297	0
596	960	-465.6692	0	52448.2270	0
597	960	-465.6687	0	52448.2253	0
598	960	-465.6683	0	52448.2255	0
599	960	-465.6684	0	52448.2236	0
600	960	-465.6685	0	52448.2203	0
601	960	-465.6685	0	52448.2191	0
602	960	-465.6684	0	52448.2180	0
603	960	-465.6684	0	52448.2170	0
604	960	-465.6686	0	52448.2147	0
605	960	-465.6684	0	52448.2117	0
606	960	-465.6683	0	52448.2121	0
607	960	-465.6682	0	52448.2116	0
608	960	-465.6680	0	52448.2086	0
609	960	-465.6681	0	52448.2047	0
610	960	-465.6681	0	52448.2026	0
611	960	-465.6682	0	52448.2019	0
612	960	-465.6682	0	52448.1995	0
613	960	-465.6682	0	52448.1973	0
614	960	-465.6681	0	52448.1935	0
615	960	-465.6680	0	52448.1929	0
616	960	-465.6678	0	52448.1935	0
617	960	-465.6678	0	52448.1916	0
618	960	-465.6682	0	52448.1880	0
619	960	-465.6685	0	52448.1837	0
620	960	-465.6686	0	52448.1814	0
621	960	-465.6689	0	52448.1806	0
622	960	-465.6691	0	52448.1781	0
623	960	-465.6690	0	52448.1741	0
624	960	-465.6688	0	52448.1727	0
625	960	-465.6688	0	52448.1730	0
626	960	-465.6687	0	52448.1717	0
627	960	-465.6690	0	52448.1689	0
628	960	-465.6695	0	52448.1664	0
629	960	-465.6701	0	52448.1647	0
630	960	-465.6705	0	52448.1634	0
631	960	-465.6707	0	52448.1630	0
632	960	-465.6706	0	52448.1613	0
633	960	-465.6702	0	52448.1591	0
634	960	-465.6699	0	52448.1582	0
635	960	-465.6699	0	52448.1572	0
636	960	-465.6701	0	52448.1561	0
637	960	-465.6708	0	52448.1525	0
638	960	-465.6712	0	52448.1521	0
639	960	-465.6717	0	52448.1512	0
640	960	-465.6720	0	52448.1493	0
641	960	-465.6721	0	52448.1469	0
642	960	-465.6718	0	52448.1452	0
643	960	-465.6714	0	52448.1446	0
644	960	-465.6709	0	52448.1444	0
645	960	-465.6710	0	52448.1401	0
646	960	-465.6715	0	52448.1360	0
647	960	-465.6719	0	52448.1337	0
648	960	-465.6722	0	52448.1320	0
649	960	-465.6723	0	52448.1297	0
650	960	-465.6726	0	52448.1272	0
651	960	-465.6727	0	52448.1245	0
652	960	-465.6724	0	52448.1244	0
653	960	-465.6723	0	52448.1245	0
654	960	-465.6726	0	52448.1219	0
655	960	-465.6727	0	52448.1192	0
656	960	-465.6726	0	52448.1182	0
657	960	-465.6725	0	52448.1179	0
658	960	-465.6724	0	52448.1160	0
659	960	-465.6723	0	52448.1135	0
660	960	-465.6720	0	52448.1108	0
661	960	-465.6717	0	52448.1107	0
662	960	-465.6711	0	52448.1106	0
663	960	-465.6711	0	52448.1060	0
664	960	-465.6714	0	52448.1035	0
665	960	-465.6717	0	52448.1026	0
666	960	-465.6718	0	52448.1023	0
667	960	-465.6718	0	52448.1013	0
668	960	-465.6714	0	52448.0981	0
669	960	-465.6711	0	52448.0949	0
670	960	-465.6706	0	52448.0947	0
671	960	-465.6705	0	52448.0948	0
672	960	-465.6705	0	52448.0909	0
673	960	-465.6710	0	52448.0886	0
674	960	-465.6715	0	52448.0869	0
675	960	-465.6719	0	52448.0873	0
676	960	-465.6721	0	52448.0876	0
677	960	-465.6722	0	52448.0858	0
678	960	-465.6720	0	52448.0831	0
679	960	-465.6717	0	52448.0811	0
680	960	-465.6716	0	52448.0804	0
681	960	-465.6717	0	52448.0772	0
682	960	-465.6724	0	52448.0731	0
683	960	-465.6729	0	52448.0726	0
684	960	-465.6732	0	52448.0726	0
685	960	-465.6736	0	52448.0716	0
686	960	-465.6736	0	52448.0703	0
687	960	-465.6734	0	52448.0678	0
688	960	-465.6732	0	52448.0658	0
689	960	-465.6732	0	52448.0640	0
690	960	-465.6732	0	52448.0624	0
691	960	-465.6738	0	52448.0598	0
692	960	-465.6743	0	52448.0601	0
693	960	-465.6747	0	52448.0603	0
694	960	-465.6752	0	52448.0594	0
695	960	-465.6754	0	52448.0559	0
696	960	-465.6753	0	52448.0546	0
697	960	-465.6753	0	52448.0520	0
698	960	-465.6754	0	52448.0478	0
699	960	-465.6756	0	52448.0419	0
700	960	-465.6762	0	52448.0354	0
701	960	-465.6767	0	52448.0331	0
702	960	-465.6772	0	52448.0324	0
703	960	-465.6776	0	52448.0311	0
704	960	-465.6777	0	52448.0273	0
705	960	-465.6776	0	52448.0248	0
706	960	-465.6776	0	52448.0227	0
707	960	-465.6774	0	52448.0209	0
708	960	-465.6776	0	52448.0180	0
709	960	-465.6783	0	52448.0135	0
710	960	-465.6787	0	52448.0120	0
711	960	-465.6791	0	52448.0104	0
712	960	-465.6791	0	52448.0087	0
713	960	-465.6791	0	52448.0069	0
714	960	-465.6790	0	52448.0051	0
715	960	-465.6787	0	52448.0020	0
716	960	-465.6786	0	52448.0010	0
717	960	-465.6787	0	52448.0019	0
718	960	-465.6790	0	52448.0024	0
719	960	-465.6792	0	52448.0064	0
720	960	-465.6795	0	52448.0116	0
721	960	-465.6796	0	52448.0160	0
722	960	-465.6798	0	52448.0176	0
723	960	-465.6798	0	52448.0146	0
724	960	-465.6797	0	52448.0111	0
725	960	-465.6796	0	52448.0109	0
726	960	-465.6797	0	52448.0085	0
727	960	-465.6799	0	52448.0052	0
728	960	-465.6804	0	52447.9992	0
729	960	-465.6806	0	52447.9982	0
730	960	-465.6812	0	52447.9968	0
731	960	-465.6813	0	52447.9925	0
732	960	-465.6820	0	52447.9873	0
733	960	-465.6819	0	52447.9866	0
734	960	-465.6819	0	52447.9877	0
735	960	-465.6820	0	52447.9870	0
736	960	-465.6822	0	52447.9829	0
737	960	-465.6820	0	52447.9814	0
738	960	-465.6820	0	52447.9809	0
739	960	-465.6823	0	52447.9809	0
740	960	-465.6823	0	52447.9809	0
741	960	-465.6823	0	52447.9784	0
743	960	-465.6821	0	52447.9757	0
744	960	-465.6823	0	52447.9781	0
745	960	-465.6820	0	52447.9788	0
746	960	-465.6817	0	52447.9790	0
