432	971	-465.6765	0	52447.8701	0
433	971	-465.6770	0	52447.8729	0
434	971	-465.6778	0	52447.8702	0
436	971	-465.6790	0	52447.8903	0
437	971	-465.6803	0	52447.9002	0
438	971	-465.6812	0	52447.9068	0
439	971	-465.6825	0	52447.9051	0
440	971	-465.6837	0	52447.9043	0
441	971	-465.6845	0	52447.9039	0
442	971	-465.6853	0	52447.9023	0
443	971	-465.6855	0	52447.9030	0
444	971	-465.6865	0	52447.9004	0
445	971	-465.6876	0	52447.8996	0
446	971	-465.6881	0	52447.8977	0
447	971	-465.6882	0	52447.8984	0
448	971	-465.6886	0	52447.8988	0
449	971	-465.6895	0	52447.8960	0
450	971	-465.6901	0	52447.8934	0
451	971	-465.6906	0	52447.8878	0
453	971	-465.6905	0	52447.8890	0
