2	1	-467.0358	0	52355.8427	0
3	1	-467.0253	0	52356.1298	0
4	1	-467.0033	0	52355.9424	0
5	1	-467.0063	0	52356.1435	0
6	1	-466.9788	0	52356.2202	0
7	1	-466.9685	0	52356.2442	0
8	1	-466.9647	0	52356.2538	0
9	1	-466.9520	0	52356.4962	0
10	1	-466.9825	0	52356.8250	0
11	1	-466.9947	0	52356.9399	0
12	1	-467.0232	0	52356.9715	0
13	1	-467.0081	0	52356.9813	0
14	1	-467.0257	0	52356.9765	0
15	1	-467.0195	0	52357.2119	0
16	1	-467.0122	0	52357.2993	0
17	1	-467.0088	0	52357.3280	0
18	1	-466.9835	0	52357.3451	0
19	1	-466.9647	0	52357.5820	0
20	1	-466.9563	0	52357.6702	0
21	1	-466.9533	0	52357.7024	0
22	1	-466.9737	0	52358.1710	0
23	1	-466.9832	0	52358.3389	0
24	1	-466.9870	0	52358.3988	0
25	1	-467.0010	0	52358.6460	0
26	1	-466.9934	0	52358.9648	0
27	1	-467.0135	0	52359.0698	0
28	1	-467.0314	0	52359.3346	0
29	1	-467.0374	0	52359.4240	0
30	1	-467.0284	0	52359.6826	0
31	1	-467.0288	0	52359.7775	0
32	1	-467.0362	0	52360.0279	0
33	1	-467.0277	0	52360.3430	0
34	1	-467.0820	0	52360.6632	0
35	1	-467.1256	0	52360.7666	0
36	1	-467.1429	0	52360.8045	0
37	1	-467.1488	0	52360.8105	0
38	1	-467.1517	0	52361.2483	0
39	1	-467.1664	0	52361.6177	0
40	1	-467.1874	0	52361.9709	0
41	1	-467.2043	0	52362.3106	0
42	1	-467.2163	0	52361.9918	0
43	1	-467.2571	0	52362.0695	0
44	1	-467.2704	0	52362.5220	0
45	1	-467.2979	0	52362.6845	0
46	1	-467.3184	0	52362.9514	0
47	1	-467.3608	0	52363.2455	0
48	1	-467.3713	0	52363.1386	0
49	1	-467.3802	0	52363.0867	0
50	1	-467.3948	0	52363.2742	0
51	1	-467.4095	0	52363.5487	0
52	1	-467.4220	0	52363.8583	0
53	1	-467.4204	0	52363.7584	0
54	1	-467.4254	0	52363.9193	0
55	1	-467.4203	0	52363.7725	0
56	1	-467.4161	0	52364.1313	0
57	1	-467.4233	0	52364.4636	0
58	1	-467.4369	0	52364.7904	0
59	1	-467.4410	0	52364.9066	0
60	1	-467.4453	0	52364.9469	0
61	1	-467.4373	0	52364.7446	0
62	1	-467.4432	0	52364.8746	0
63	1	-467.4520	0	52365.1214	0
64	1	-467.4536	0	52365.2093	0
65	1	-467.4193	0	52365.0452	0
66	1	-467.3949	0	52364.7658	0
67	1	-467.3938	0	52364.8661	0
68	1	-467.3751	0	52364.9076	0
69	1	-467.3770	0	52365.1295	0
70	1	-467.3998	0	52365.1976	0
71	1	-467.4000	0	52365.4335	0
72	1	-467.4124	0	52365.3062	0
73	1	-467.4036	0	52365.4699	0
74	1	-467.4116	0	52365.3149	0
75	1	-467.4021	0	52365.4673	0
76	1	-467.3978	0	52365.5228	0
77	1	-467.4099	0	52365.3292	0
78	1	-467.4231	0	52365.4583	0
79	1	-467.4060	0	52365.5087	0
80	1	-467.3897	0	52365.3269	0
81	1	-467.4132	0	52365.4549	0
82	1	-467.4412	0	52365.4928	0
83	1	-467.4192	0	52365.7231	0
84	1	-467.4220	0	52365.6011	0
85	1	-467.4232	0	52365.5507	0
86	1	-467.4237	0	52365.5310	0
87	1	-467.4169	0	52365.9359	0
88	1	-467.4127	0	52366.0866	0
89	1	-467.4157	0	52365.7325	0
90	1	-467.4034	0	52365.8032	0
91	1	-467.4002	0	52365.8304	0
92	1	-467.3895	0	52366.0409	0
93	1	-467.4091	0	52366.1148	0
94	1	-467.4381	0	52366.1358	0
95	1	-467.4612	0	52366.3403	0
96	1	-467.4798	0	52366.6176	0
97	1	-467.4902	0	52366.3115	0
98	1	-467.5047	0	52366.3926	0
99	1	-467.5086	0	52366.4194	0
100	1	-467.5167	0	52366.6316	0
101	1	-467.5101	0	52366.5109	0
102	1	-467.5179	0	52366.6604	0
103	1	-467.5208	0	52366.7165	0
104	1	-467.5260	0	52366.7304	0
105	1	-467.5513	0	52366.7312	0
106	1	-467.5896	0	52366.9181	0
107	1	-467.6187	0	52366.7863	0
108	1	-467.6388	0	52366.9333	0
109	1	-467.6383	0	52366.7839	0
110	1	-467.6419	0	52366.9284	0
111	1	-467.6508	0	52367.1806	0
112	1	-467.6544	0	52367.2683	0
113	1	-467.6440	0	52367.1051	0
114	1	-467.6401	0	52367.0397	0
115	1	-467.6384	0	52367.0164	0
116	1	-467.6268	0	52367.2100	0
117	1	-467.6408	0	52367.6753	0
118	1	-467.6628	0	52367.6412	0
119	1	-467.6852	0	52367.4255	0
120	1	-467.7013	0	52367.5372	0
121	1	-467.6862	0	52367.5848	0
122	1	-467.6886	0	52367.7929	0
123	1	-467.6952	0	52368.0696	0
124	1	-467.6744	0	52368.1731	0
125	1	-467.6453	0	52368.2172	0
126	1	-467.6434	0	52368.4196	0
127	1	-467.6400	0	52368.4956	0
128	1	-467.6101	0	52368.7222	0
129	1	-467.6071	0	52368.9991	0
130	1	-467.6384	0	52369.2841	0
131	1	-467.6500	0	52369.3807	0
132	1	-467.6330	0	52369.4235	0
133	1	-467.6562	0	52369.6128	0
134	1	-467.6500	0	52369.8759	0
135	1	-467.6244	0	52369.9760	0
136	1	-467.5902	0	52370.0195	0
137	1	-467.5777	0	52370.0274	0
138	1	-467.5490	0	52370.4114	0
139	1	-467.5296	0	52370.7404	0
140	1	-467.5495	0	52371.0394	0
141	1	-467.5447	0	52371.3386	0
142	1	-467.5523	0	52371.6209	0
143	1	-467.5553	0	52371.7259	0
144	1	-467.5428	0	52371.9433	0
145	1	-467.5463	0	52372.2008	0
146	1	-467.5411	0	52372.6523	0
147	1	-467.5141	0	52372.8260	0
148	1	-467.4822	0	52372.8840	0
149	1	-467.4509	0	52372.9054	0
150	1	-467.4380	0	52372.9079	0
151	1	-467.4305	0	52373.2628	0
152	1	-467.4284	0	52373.3862	0
153	1	-467.4249	0	52373.4284	0
154	1	-467.4020	0	52373.4434	0
155	1	-467.3738	0	52373.4490	0
156	1	-467.3768	0	52373.7983	0
157	1	-467.3667	0	52374.1065	0
158	1	-467.3595	0	52374.2175	0
159	1	-467.3326	0	52374.6101	0
160	1	-467.2992	0	52374.7573	0
161	1	-467.2741	0	52374.9880	0
162	1	-467.2366	0	52375.2462	0
163	1	-467.2209	0	52375.6828	0
164	1	-467.2341	0	52376.1758	0
165	1	-467.2423	0	52376.3520	0
166	1	-467.2376	0	52376.5809	0
167	1	-467.2453	0	52376.8262	0
168	1	-467.2372	0	52377.0758	0
169	1	-467.2498	0	52377.4937	0
170	1	-467.2439	0	52377.8102	0
171	1	-467.2217	0	52377.9227	0
172	1	-467.2143	0	52377.9590	0
173	1	-467.2006	0	52378.1294	0
174	1	-467.1975	0	52378.1838	0
175	1	-467.2080	0	52378.3568	0
176	1	-467.2299	0	52378.7411	0
177	1	-467.2561	0	52378.8711	0
178	1	-467.2663	0	52378.9099	0
179	1	-467.2697	0	52378.9167	0
180	1	-467.2748	0	52378.9156	0
181	1	-467.2772	0	52378.9045	0
182	1	-467.3022	0	52379.0551	0
183	1	-467.3109	0	52379.1023	0
184	1	-467.2932	0	52379.1249	0
185	1	-467.2937	0	52379.2870	0
186	1	-467.2844	0	52379.5029	0
187	1	-467.2877	0	52379.7396	0
188	1	-467.3076	0	52379.8179	0
189	1	-467.3349	0	52379.8413	0
190	1	-467.3279	0	52379.8479	0
191	1	-467.3265	0	52379.8441	0
192	1	-467.3273	0	52379.8384	0
193	1	-467.3164	0	52379.9939	0
194	1	-467.3284	0	52380.0448	0
195	1	-467.3231	0	52379.9036	0
196	1	-467.3017	0	52379.8542	0
197	1	-467.2951	0	52379.8315	0
198	1	-467.2908	0	52379.8247	0
199	1	-467.2988	0	52379.9738	0
200	1	-467.3263	0	52380.1813	0
201	1	-467.3361	0	52380.2589	0
202	1	-467.3290	0	52380.4462	0
203	1	-467.3094	0	52380.5153	0
204	1	-467.3274	0	52380.6907	0
205	1	-467.3322	0	52380.7551	0
206	1	-467.3328	0	52380.7743	0
207	1	-467.3124	0	52380.7863	0
208	1	-467.2963	0	52380.9436	0
209	1	-467.2980	0	52381.1539	0
210	1	-467.3079	0	52381.0751	0
211	1	-467.3277	0	52381.3439	0
212	1	-467.3547	0	52381.4384	0
213	1	-467.3663	0	52381.4724	0
214	1	-467.3798	0	52381.6296	0
215	1	-467.3860	0	52381.6857	0
216	1	-467.3983	0	52381.8568	0
217	1	-467.4028	0	52381.9148	0
218	1	-467.3822	0	52381.9411	0
219	1	-467.3894	0	52381.9407	0
220	1	-467.3904	0	52381.9404	0
221	1	-467.3836	0	52382.0899	0
222	1	-467.3763	0	52382.4473	0
223	1	-467.3945	0	52382.5760	0
224	1	-467.4285	0	52382.7608	0
225	1	-467.4367	0	52382.6803	0
226	1	-467.4471	0	52382.7899	0
227	1	-467.4481	0	52382.6813	0
228	1	-467.4573	0	52382.7864	0
229	1	-467.4760	0	52383.1168	0
230	1	-467.4810	0	52383.2378	0
231	1	-467.4713	0	52383.1321	0
232	1	-467.4701	0	52383.0905	0
233	1	-467.4678	0	52383.3680	0
234	1	-467.4772	0	52383.6152	0
235	1	-467.4869	0	52383.8503	0
236	1	-467.5077	0	52383.9296	0
237	1	-467.4981	0	52383.9585	0
238	1	-467.4806	0	52384.4098	0
239	1	-467.4606	0	52384.2857	0
240	1	-467.4567	0	52384.6681	0
241	1	-467.4330	0	52384.8138	0
242	1	-467.4173	0	52384.8610	0
243	1	-467.3912	0	52384.8807	0
244	1	-467.3602	0	52384.8905	0
245	1	-467.3185	0	52385.0400	0
246	1	-467.3015	0	52385.3788	0
247	1	-467.2959	0	52385.4983	0
248	1	-467.2702	0	52385.4057	0
249	1	-467.2299	0	52385.2246	0
250	1	-467.2004	0	52385.5879	0
251	1	-467.1698	0	52385.7251	0
252	1	-467.1603	0	52385.9137	0
253	1	-467.1092	0	52385.8512	0
254	1	-467.0480	0	52385.8338	0
255	1	-466.9947	0	52385.6876	0
256	1	-466.9192	0	52385.6470	0
257	1	-466.8652	0	52385.4872	0
258	1	-466.8396	0	52385.5726	0
259	1	-466.8201	0	52385.7504	0
260	1	-466.7952	0	52385.8178	0
261	1	-466.7445	0	52385.5680	0
262	1	-466.7127	0	52385.6191	0
263	1	-466.6697	0	52385.7837	0
264	1	-466.6577	0	52385.9884	0
265	1	-466.5914	0	52386.0782	0
266	1	-466.5375	0	52385.9774	0
267	1	-466.4579	0	52385.9473	0
268	1	-466.4089	0	52385.6568	0
269	1	-466.3647	0	52385.9825	0
270	1	-466.3428	0	52386.2432	0
271	1	-466.3424	0	52386.2002	0
272	1	-466.3323	0	52386.0420	0
273	1	-466.2978	0	52386.1313	0
274	1	-466.2728	0	52386.3029	0
275	1	-466.2428	0	52386.3768	0
276	1	-466.2079	0	52386.4051	0
277	1	-466.1443	0	52386.2882	0
278	1	-466.0843	0	52386.2509	0
279	1	-466.0590	0	52386.2376	0
280	1	-466.0332	0	52386.2347	0
281	1	-465.9996	0	52386.3771	0
282	1	-465.9889	0	52386.7111	0
283	1	-465.9839	0	52386.8349	0
284	1	-465.9728	0	52387.0199	0
285	1	-465.9377	0	52386.9601	0
286	1	-465.9219	0	52386.9334	0
287	1	-465.8971	0	52387.1988	0
288	1	-465.8597	0	52387.4431	0
289	1	-465.8097	0	52387.5396	0
290	1	-465.7624	0	52387.7187	0
307	1	-464.9498	0	52385.4464	1
308	1	-464.8985	0	52385.0542	1
