1136	107	-465.7003	0	52447.5154	0
1137	107	-465.7000	0	52447.5155	0
1138	107	-465.7000	0	52447.5189	0
1139	107	-465.7000	0	52447.5166	0
1140	107	-465.6999	0	52447.5127	0
1141	107	-465.6999	0	52447.5146	0
1142	107	-465.6995	0	52447.5122	0
1146	107	-465.6992	0	52447.4988	0
1147	107	-465.6993	0	52447.5003	0
1148	107	-465.6993	0	52447.5009	0
1149	107	-465.6990	0	52447.4985	0
1150	107	-465.6989	0	52447.4976	0
1151	107	-465.6989	0	52447.4974	0
1152	107	-465.6989	0	52447.4974	0
1153	107	-465.6989	0	52447.4946	0
1157	107	-465.6990	0	52447.4897	0
1158	107	-465.6989	0	52447.4895	0
1159	107	-465.6988	0	52447.4863	0
1160	107	-465.6988	0	52447.4852	0
1161	107	-465.6986	0	52447.4849	0
1162	107	-465.6985	0	52447.4849	0
1163	107	-465.6984	0	52447.4818	0
1164	107	-465.6977	0	52447.4719	0
1166	107	-465.6977	0	52447.4710	0
1167	107	-465.6978	0	52447.4711	0
1168	107	-465.6979	0	52447.4711	0
1169	107	-465.6978	0	52447.4712	0
1170	107	-465.6978	0	52447.4713	0
1171	107	-465.6978	0	52447.4713	0
1172	107	-465.6976	0	52447.4684	0
1173	107	-465.6975	0	52447.4674	0
1174	107	-465.6975	0	52447.4701	0
1178	107	-465.6967	0	52447.4589	0
1179	107	-465.6969	0	52447.4576	0
1184	107	-465.6968	0	52447.4534	0
1188	107	-465.6969	0	52447.4489	0
1189	107	-465.6962	0	52447.4421	0
1190	107	-465.6967	0	52447.4429	0
1191	107	-465.6971	0	52447.4336	0
1192	107	-465.6969	0	52447.4302	0
1193	107	-465.6968	0	52447.4322	0
1194	107	-465.6965	0	52447.4267	0
1195	107	-465.6964	0	52447.4215	0
1196	107	-465.6965	0	52447.4196	0
1197	107	-465.6963	0	52447.4127	0
1198	107	-465.6961	0	52447.4036	0
1199	107	-465.6962	0	52447.4098	0
1200	107	-465.6965	0	52447.4091	0
1201	107	-465.6967	0	52447.4056	0
1202	107	-465.6968	0	52447.4077	0
1203	107	-465.6969	0	52447.4052	0
1204	107	-465.6969	0	52447.4110	0
1205	107	-465.6968	0	52447.4134	0
1206	107	-465.6967	0	52447.4109	0
1207	107	-465.6966	0	52447.4067	0
1208	107	-465.6969	0	52447.4084	0
1209	107	-465.6970	0	52447.4025	0
1210	107	-465.6970	0	52447.4003	0
1211	107	-465.6969	0	52447.3995	0
1212	107	-465.6969	0	52447.3960	0
1213	107	-465.6972	0	52447.3945	0
1214	107	-465.6972	0	52447.3874	0
1215	107	-465.6968	0	52447.3815	0
1216	107	-465.6963	0	52447.3760	0
1217	107	-465.6959	0	52447.3776	0
1218	107	-465.6956	0	52447.3749	0
1219	107	-465.6960	0	52447.3839	0
1220	107	-465.6961	0	52447.3806	0
1221	107	-465.6961	0	52447.3726	0
1222	107	-465.6962	0	52447.3627	0
1223	107	-465.6960	0	52447.3659	0
1224	107	-465.6957	0	52447.3605	0
1225	107	-465.6956	0	52447.3585	0
1226	107	-465.6950	0	52447.3581	0
1227	107	-465.6949	0	52447.3616	0
1228	107	-465.6947	0	52447.3594	0
1229	107	-465.6944	0	52447.3552	0
1230	107	-465.6943	0	52447.3537	0
1231	107	-465.6944	0	52447.3604	0
1232	107	-465.6939	0	52447.3523	0
1233	107	-465.6937	0	52447.3494	0
1234	107	-465.6930	0	52447.3416	0
1235	107	-465.6922	0	52447.3387	0
1236	107	-465.6916	0	52447.3342	0
1237	107	-465.6915	0	52447.3289	0
1238	107	-465.6912	0	52447.3271	0
1239	107	-465.6911	0	52447.3266	0
