1222	115	-465.7747	0	52447.4371	0
1223	115	-465.7758	0	52447.4183	0
1224	115	-465.7764	0	52447.4121	0
1225	115	-465.7767	0	52447.4069	0
1226	115	-465.7769	0	52447.4090	0
1227	115	-465.7765	0	52447.4068	0
1228	115	-465.7751	0	52447.4239	0
1229	115	-465.7759	0	52447.4001	0
1230	115	-465.7762	0	52447.4008	0
1231	115	-465.7763	0	52447.4011	0
1232	115	-465.7764	0	52447.4048	0
1233	115	-465.7767	0	52447.4027	0
1234	115	-465.7774	0	52447.3952	0
1235	115	-465.7777	0	52447.3958	0
1236	115	-465.7775	0	52447.3962	0
1237	115	-465.7771	0	52447.3933	0
1238	115	-465.7767	0	52447.3957	0
1239	115	-465.7769	0	52447.3899	0
1241	115	-465.7765	0	52447.3832	0
1242	115	-465.7766	0	52447.3749	0
1243	115	-465.7767	0	52447.3721	0
1244	115	-465.7769	0	52447.3641	0
1245	115	-465.7769	0	52447.3544	0
1246	115	-465.7766	0	52447.3720	0
1260	115	-465.7756	0	52447.3570	0
1261	115	-465.7758	0	52447.3639	0
1262	115	-465.7761	0	52447.3695	0
1263	115	-465.7767	0	52447.3647	0
1264	115	-465.7770	0	52447.3557	0
1265	115	-465.7771	0	52447.3489	0
1266	115	-465.7776	0	52447.3391	0
