1635	133	-449.8228	-0.6139	52460.3180	0
1636	133	-449.7534	-0.6139	52460.3040	0
1637	133	-449.7181	-0.6139	52460.2994	0
1638	133	-449.6989	-0.6139	52460.3132	0
1640	133	-449.6838	-0.6139	52460.3277	0
1641	133	-449.6436	-0.6139	52460.3379	0
1642	133	-449.6158	-0.6139	52460.3269	0
1643	133	-449.5722	-0.6139	52460.3162	0
1644	133	-449.5299	-0.6139	52460.3392	0
1645	133	-449.5206	-0.6139	52460.3478	0
1646	133	-449.5185	-0.6139	52460.3236	0
1648	133	-449.4818	-0.6139	52460.3124	0
1650	133	-449.4272	-0.6139	52460.3017	0
1651	133	-449.3853	-0.6139	52460.2934	0
1653	133	-449.2967	-0.6139	52460.2743	0
1654	133	-449.2494	-0.6139	52460.2703	0
1655	133	-449.1963	-0.6139	52460.2691	0
1656	133	-449.1472	-0.6139	52460.2687	0
1657	133	-449.1210	-0.6139	52460.2620	0
1658	133	-449.0993	-0.6139	52460.2596	0
1659	133	-449.0895	-0.6139	52460.2588	0
1660	133	-449.0910	-0.6139	52460.2585	0
1661	133	-449.0769	-0.6139	52460.2651	0
1662	133	-449.0540	-0.6139	52460.2611	0
1663	133	-448.9811	-0.6139	52460.2662	0
1664	133	-448.9349	-0.6139	52460.2748	0
1665	133	-448.9274	-0.6139	52460.2716	0
1666	133	-448.9310	-0.6139	52460.2769	0
1667	133	-448.9172	-0.6139	52460.2724	0
1668	133	-448.8667	-0.6139	52460.2641	0
1669	133	-448.8104	-0.6139	52460.2740	0
1670	133	-448.7684	-0.6139	52460.2779	0
1671	133	-448.7371	-0.6139	52460.2794	0
1672	133	-448.7187	-0.6139	52460.2799	0
1673	133	-448.7135	-0.6139	52460.2801	0
1674	133	-448.7083	-0.6139	52460.2868	0
1675	133	-448.6891	-0.6139	52460.2893	0
1676	133	-448.6230	-0.6139	52460.2968	0
1677	133	-448.5930	-0.6139	52460.2996	0
1678	133	-448.5840	-0.6139	52460.3005	0
1679	133	-448.5862	-0.6139	52460.2942	0
1680	133	-448.5663	-0.6139	52460.2918	0
1681	133	-448.5310	-0.6139	52460.2842	0
1682	133	-448.4726	-0.6139	52460.2879	0
1683	133	-448.4137	-0.6139	52460.2959	0
1684	133	-448.3861	-0.6139	52460.2990	0
1685	133	-448.3708	-0.6139	52460.2934	0
1686	133	-448.3692	-0.6139	52460.2913	0
1687	133	-448.3764	-0.6139	52460.2840	0
1688	133	-448.3498	-0.6139	52460.2877	0
1689	133	-448.2907	-0.6139	52460.2892	0
1690	133	-448.2542	-0.6139	52460.2963	0
1691	133	-448.2398	-0.6139	52460.2924	0
1692	133	-448.2294	-0.6139	52460.2909	0
1693	133	-448.2211	-0.6139	52460.2837	0
1694	133	-448.1884	-0.6139	52460.2744	0
1695	133	-448.1336	-0.6139	52460.2775	0
1696	133	-448.0783	-0.6139	52460.2853	0
1697	133	-448.0388	-0.6139	52460.2950	0
1698	133	-448.0179	-0.6139	52460.2853	0
1699	133	-448.0161	-0.6139	52460.2817	0
1700	133	-448.0293	-0.6139	52460.2738	0
1701	133	-448.0020	-0.6139	52460.2838	0
1702	133	-447.9315	-0.6139	52460.2812	0
1703	133	-447.8898	-0.6139	52460.2868	0
1704	133	-447.8803	-0.6139	52460.2824	0
1705	133	-447.8807	-0.6139	52460.2807	0
1706	133	-447.8641	-0.6139	52460.2801	0
1707	133	-447.8336	-0.6139	52460.2732	0
1708	133	-447.7672	-0.6139	52460.2773	0
1709	133	-447.7215	-0.6139	52460.2855	0
1710	133	-447.6914	-0.6139	52460.2953	0
1711	133	-447.6804	-0.6139	52460.2922	0
1712	133	-447.6643	-0.6139	52460.2845	0
1713	133	-447.6415	-0.6139	52460.2815	0
1714	133	-447.6153	-0.6139	52460.2804	0
1715	133	-447.5753	-0.6139	52460.2866	0
1716	133	-447.5114	-0.6139	52460.2955	0
1717	133	-447.4690	-0.6139	52460.2990	0
1718	133	-447.4166	-0.6139	52460.3069	0
1719	133	-447.3744	-0.6139	52460.3029	0
1720	133	-447.3369	-0.6139	52460.3014	0
1721	133	-447.3003	-0.6139	52460.3008	0
1722	133	-447.2644	-0.6139	52460.3073	0
1723	133	-447.2360	-0.6139	52460.3096	0
1724	133	-447.2020	-0.6139	52460.3105	0
1725	133	-447.1632	-0.6139	52460.3173	0
1726	133	-447.1328	-0.6139	52460.3198	0
1727	133	-447.1058	-0.6139	52460.3207	0
1728	133	-447.0647	-0.6139	52460.3209	0
1729	133	-447.0186	-0.6139	52460.3276	0
1730	133	-446.9760	-0.6139	52460.3300	0
1731	133	-446.9417	-0.6139	52460.3308	0
1732	133	-446.9119	-0.6139	52460.3377	0
1733	133	-446.8762	-0.6139	52460.3401	0
1734	133	-446.8434	-0.6139	52460.3410	0
1735	133	-446.8061	-0.6139	52460.3478	0
1736	133	-446.7724	-0.6139	52460.3569	0
1737	133	-446.7402	-0.6139	52460.3536	0
1738	133	-446.7236	-0.6139	52460.3455	0
1739	133	-446.6942	-0.6139	52460.3490	0
1740	133	-446.6619	-0.6139	52460.3569	0
1741	133	-446.5927	-0.6139	52460.3467	0
1742	133	-446.5485	-0.6139	52460.3492	0
1743	133	-446.5308	-0.6139	52460.3502	0
1744	133	-446.5282	-0.6139	52460.3505	0
1745	133	-446.5141	-0.6139	52460.3506	0
1746	133	-446.4774	-0.6139	52460.3506	0
1747	133	-446.4195	-0.6139	52460.3571	0
1748	133	-446.3599	-0.6139	52460.3595	0
1749	133	-446.3231	-0.6139	52460.3670	0
1750	133	-446.3114	-0.6139	52460.3631	0
1751	133	-446.3015	-0.6139	52460.3616	0
1752	133	-446.2944	-0.6139	52460.3544	0
1753	133	-446.2413	-0.6139	52460.3582	0
1754	133	-446.1772	-0.6139	52460.3596	0
1755	133	-446.1407	-0.6139	52460.3667	0
1756	133	-446.1414	-0.6139	52460.3627	0
1757	133	-446.1420	-0.6139	52460.3612	0
1758	133	-446.1348	-0.6139	52460.3540	0
1759	133	-446.0844	-0.6139	52460.3513	0
1760	133	-446.0232	-0.6139	52460.3569	0
1761	133	-445.9689	-0.6139	52460.3656	0
1762	133	-445.9423	-0.6139	52460.3689	0
1763	133	-445.9289	-0.6139	52460.3635	0
1764	133	-445.9170	-0.6139	52460.3614	0
1765	133	-445.9061	-0.6139	52460.3540	0
1766	133	-445.8819	-0.6139	52460.3577	0
1767	133	-445.8421	-0.6139	52460.3658	0
1768	133	-445.8117	-0.6139	52460.3688	0
1769	133	-445.7842	-0.6139	52460.3699	0
1770	133	-445.7638	-0.6139	52460.3638	0
1771	133	-445.7373	-0.6139	52460.3549	0
1772	133	-445.7124	-0.6139	52460.3449	0
1773	133	-445.6567	-0.6139	52460.3412	0
1774	133	-445.5932	-0.6139	52460.3463	0
1775	133	-445.5506	-0.6139	52460.3550	0
1776	133	-445.5274	-0.6139	52460.3583	0
1777	133	-445.5213	-0.6139	52460.3529	0
1778	133	-445.5161	-0.6139	52460.3508	0
1779	133	-445.4846	-0.6139	52460.3501	0
1780	133	-445.4298	-0.6139	52460.3498	0
1781	133	-445.3526	-0.6139	52460.3498	0
1782	133	-445.3180	-0.6139	52460.3564	0
1783	133	-445.3062	-0.6139	52460.3523	0
1784	133	-445.3102	-0.6139	52460.3507	0
1785	133	-445.3087	-0.6139	52460.3435	0
1786	133	-445.2765	-0.6139	52460.3408	0
1787	133	-445.2437	-0.6139	52460.3464	0
1788	133	-445.1937	-0.6139	52460.3420	0
1789	133	-445.1571	-0.6139	52460.3535	0
1790	133	-445.1377	-0.6139	52460.3646	0
1791	133	-445.1317	-0.6139	52460.3621	0
1792	133	-445.1218	-0.6139	52460.3611	0
1793	133	-445.1214	-0.6139	52460.3673	0
1794	133	-445.1185	-0.6139	52460.3696	0
1795	133	-445.1025	-0.6139	52460.3572	0
1796	133	-445.0913	-0.6139	52460.3524	0
1797	133	-445.0884	-0.6139	52460.3572	0
1798	133	-445.0844	-0.6139	52460.3525	0
1799	133	-445.0836	-0.6139	52460.3638	0
1800	133	-445.0813	-0.6139	52460.3748	0
1801	133	-445.0848	-0.6139	52460.3656	0
1802	133	-445.0832	-0.6139	52460.3490	0
1803	133	-445.0909	-0.6139	52460.3361	0
1804	133	-445.0933	-0.6139	52460.3312	0
1805	133	-445.0947	-0.6139	52460.3295	0
1806	133	-445.0907	-0.6139	52460.3289	0
1807	133	-445.0926	-0.6139	52460.3222	0
1808	133	-445.0781	-0.6139	52460.3263	0
1809	133	-445.0690	-0.6139	52460.3280	0
1810	133	-445.0649	-0.6139	52460.3288	0
1811	133	-445.0684	-0.6139	52460.3225	0
1812	133	-445.0694	-0.6139	52460.3202	0
1813	133	-445.0832	-0.6139	52460.3128	0
1814	133	-445.0925	-0.6139	52460.3101	0
1815	133	-445.0996	-0.6139	52460.3091	0
1816	133	-445.1035	-0.6139	52460.3155	0
1817	133	-445.1112	-0.6139	52460.3114	0
1818	133	-445.1151	-0.6139	52460.3099	0
1819	133	-445.1181	-0.6139	52460.3094	0
1820	133	-445.1228	-0.6139	52460.3026	0
1821	133	-445.1225	-0.6139	52460.3068	0
1822	133	-445.1206	-0.6139	52460.3084	0
1823	133	-445.1235	-0.6139	52460.3091	0
1824	133	-445.1124	-0.6139	52460.3094	0
1825	133	-445.1011	-0.6139	52460.2962	0
1826	133	-445.0938	-0.6139	52460.2913	0
1827	133	-445.0715	-0.6139	52460.3094	0
1828	133	-445.0536	-0.6139	52460.3164	0
1829	133	-445.0387	-0.6139	52460.3190	0
1830	133	-445.0246	-0.6139	52460.3066	0
1831	133	-445.0084	-0.6139	52460.3086	0
1832	133	-444.9767	-0.6139	52460.3160	0
1833	133	-444.9467	-0.6139	52460.3387	0
