1871	154	-447.8759	-0.6139	52459.4160	0
1872	154	-447.8725	-0.6139	52459.4268	0
1873	154	-447.8813	-0.6139	52459.4146	0
1874	154	-447.8881	-0.6139	52459.4180	0
1875	154	-447.8825	-0.6139	52459.4409	0
1876	154	-447.8843	-0.6139	52459.4564	0
1877	154	-447.8819	-0.6139	52459.4684	0
1878	154	-447.8842	-0.6139	52459.4647	0
1879	154	-447.8821	-0.6139	52459.4632	0
1880	154	-447.8820	-0.6139	52459.4557	0
1881	154	-447.8820	-0.6139	52459.4595	0
1882	154	-447.8813	-0.6139	52459.4608	0
1883	154	-447.8791	-0.6139	52459.4611	0
1884	154	-447.8727	-0.6139	52459.4611	0
1885	154	-447.8713	-0.6139	52459.4678	0
1886	154	-447.8802	-0.6139	52459.4634	0
1887	154	-447.8795	-0.6139	52459.4618	0
1888	154	-447.8800	-0.6139	52459.4611	0
1889	154	-447.8805	-0.6139	52459.4608	0
1890	154	-447.8749	-0.6139	52459.4672	0
1891	154	-447.8729	-0.6139	52459.4696	0
1892	154	-447.8751	-0.6139	52459.4704	0
1893	154	-447.8786	-0.6139	52459.4641	0
1894	154	-447.8770	-0.6139	52459.4616	0
1895	154	-447.8790	-0.6139	52459.4474	0
1896	154	-447.8744	-0.6139	52459.4683	0
1897	154	-447.8822	-0.6139	52459.4698	0
1898	154	-447.8840	-0.6139	52459.4703	0
1899	154	-447.8821	-0.6139	52459.4639	0
1900	154	-447.8873	-0.6139	52459.4680	0
1901	154	-447.8864	-0.6139	52459.4761	0
1902	154	-447.8887	-0.6139	52459.4725	0
1903	154	-447.8928	-0.6139	52459.4646	0
1904	154	-447.8961	-0.6139	52459.4616	0
1905	154	-447.8976	-0.6139	52459.4540	0
1906	154	-447.9036	-0.6139	52459.4510	0
1907	154	-447.9083	-0.6139	52459.4630	0
1908	154	-447.9045	-0.6139	52459.4610	0
1909	154	-447.9064	-0.6139	52459.4669	0
1910	154	-447.9143	-0.6139	52459.4825	0
1911	154	-447.9129	-0.6139	52459.5019	0
1912	154	-447.9131	-0.6139	52459.5088	0
1913	154	-447.9166	-0.6139	52459.5042	0
1914	154	-447.9250	-0.6139	52459.5025	0
1915	154	-447.9383	-0.6139	52459.5017	0
1916	154	-447.9433	-0.6139	52459.5080	0
1917	154	-447.9536	-0.6139	52459.5035	0
1918	154	-447.9602	-0.6139	52459.5018	0
1919	154	-447.9632	-0.6139	52459.5011	0
1920	154	-447.9643	-0.6139	52459.5074	0
1921	154	-447.9714	-0.6139	52459.5097	0
1926	154	-448.0163	-0.6139	52459.5108	0
1927	154	-448.0236	-0.6139	52459.5174	0
1928	154	-448.0262	-0.6139	52459.5330	0
1929	154	-448.0311	-0.6139	52459.5321	0
1930	154	-448.0384	-0.6139	52459.5249	0
1931	154	-448.0392	-0.6139	52459.5288	0
1932	154	-448.0454	-0.6139	52459.5302	0
1933	154	-448.0525	-0.6139	52459.5307	0
1934	154	-448.0669	-0.6139	52459.5241	0
1935	154	-448.0782	-0.6139	52459.5217	0
1936	154	-448.0822	-0.6139	52459.5338	0
1937	154	-448.0831	-0.6139	52459.5385	0
1938	154	-448.0912	-0.6139	52459.5335	0
1939	154	-448.0878	-0.6139	52459.5381	0
1940	154	-448.0857	-0.6139	52459.5399	0
1941	154	-448.0910	-0.6139	52459.5405	0
1942	154	-448.0951	-0.6139	52459.5407	0
1943	154	-448.0934	-0.6139	52459.5472	0
1944	154	-448.0963	-0.6139	52459.5563	0
1945	154	-448.1035	-0.6139	52459.5530	0
1946	154	-448.1086	-0.6139	52459.5517	0
1947	154	-448.1052	-0.6139	52459.5577	0
1948	154	-448.1131	-0.6139	52459.5599	0
1949	154	-448.1160	-0.6139	52459.5541	0
1950	154	-448.1170	-0.6139	52459.5584	0
1951	154	-448.1172	-0.6139	52459.5600	0
1952	154	-448.1203	-0.6139	52459.5539	0
1953	154	-448.1184	-0.6139	52459.5582	0
1954	154	-448.1212	-0.6139	52459.5598	0
1955	154	-448.1255	-0.6139	52459.5603	0
1956	154	-448.1305	-0.6139	52459.5538	0
1957	154	-448.1378	-0.6139	52459.5448	0
1958	154	-448.1432	-0.6139	52459.5543	0
1959	154	-448.1421	-0.6139	52459.5647	0
1960	154	-448.1439	-0.6139	52459.5620	0
1961	154	-448.1450	-0.6139	52459.5610	0
1962	154	-448.1454	-0.6139	52459.5606	0
1963	154	-448.1481	-0.6139	52459.5538	0
1964	154	-448.1429	-0.6139	52459.5512	0
1965	154	-448.1441	-0.6139	52459.5569	0
1966	154	-448.1472	-0.6139	52459.5590	0
1967	154	-448.1593	-0.6139	52459.5468	0
1968	154	-448.1627	-0.6139	52459.5295	0
1969	154	-448.1665	-0.6139	52459.5226	0
1970	154	-448.1615	-0.6139	52459.5263	0
1971	154	-448.1678	-0.6139	52459.5279	0
1972	154	-448.1668	-0.6139	52459.5286	0
1973	154	-448.1692	-0.6139	52459.5289	0
1974	154	-448.1698	-0.6139	52459.5291	0
1975	154	-448.1617	-0.6139	52459.5292	0
1976	154	-448.1602	-0.6139	52459.5361	0
1977	154	-448.1632	-0.6139	52459.5453	0
1978	154	-448.1657	-0.6139	52459.5553	0
1979	154	-448.1822	-0.6139	52459.5524	0
1980	154	-448.1914	-0.6139	52459.5379	0
1981	154	-448.1998	-0.6139	52459.5260	0
1982	154	-448.2025	-0.6139	52459.5279	0
1983	154	-448.2006	-0.6139	52459.5288	0
1984	154	-448.1971	-0.6139	52459.5357	0
1985	154	-448.1983	-0.6139	52459.5252	0
1986	154	-448.1937	-0.6139	52459.5278	0
1987	154	-448.1829	-0.6139	52459.5357	0
1988	154	-448.1886	-0.6139	52459.5318	0
1989	154	-448.1935	-0.6139	52459.5238	0
1990	154	-448.1979	-0.6139	52459.5208	0
1991	154	-448.2018	-0.6139	52459.5132	0
1992	154	-448.2028	-0.6139	52459.5104	0
1993	154	-448.2028	-0.6139	52459.5093	0
1994	154	-448.2023	-0.6139	52459.5090	0
1995	154	-448.1969	-0.6139	52459.5155	0
1996	154	-448.1924	-0.6139	52459.5248	0
1997	154	-448.1936	-0.6139	52459.5283	0
1998	154	-448.1916	-0.6139	52459.5296	0
1999	154	-448.1902	-0.6139	52459.5300	0
2000	154	-448.1955	-0.6139	52459.5302	0
2001	154	-448.1924	-0.6139	52459.5368	0
2002	154	-448.1940	-0.6139	52459.5393	0
2003	154	-448.1972	-0.6139	52459.5468	0
2004	154	-448.2007	-0.6139	52459.5496	0
2005	154	-448.1967	-0.6139	52459.5571	0
2006	154	-448.2003	-0.6139	52459.5533	0
2007	154	-448.2012	-0.6139	52459.5453	0
2008	154	-448.1932	-0.6139	52459.5552	0
2009	154	-448.1905	-0.6139	52459.5656	0
2010	154	-448.1924	-0.6139	52459.5628	0
2011	154	-448.1933	-0.6139	52459.5617	0
2012	154	-448.1937	-0.6139	52459.5612	0
2013	154	-448.1891	-0.6139	52459.5675	0
2014	154	-448.1846	-0.6139	52459.5699	0
2015	154	-448.1829	-0.6139	52459.5773	0
2016	154	-448.1885	-0.6139	52459.5734	0
2017	154	-448.1995	-0.6139	52459.5719	0
2018	154	-448.2140	-0.6139	52459.5646	0
2019	154	-448.2154	-0.6139	52459.5683	0
2020	154	-448.2148	-0.6139	52459.5698	0
2021	154	-448.2110	-0.6139	52459.5768	0
2022	154	-448.2016	-0.6139	52459.5861	0
2023	154	-448.2011	-0.6139	52459.5895	0
2024	154	-448.1978	-0.6139	52459.5907	0
2025	154	-448.2032	-0.6139	52459.5844	0
2026	154	-448.2102	-0.6139	52459.5753	0
2027	154	-448.2123	-0.6139	52459.5719	0
2028	154	-448.2206	-0.6139	52459.5706	0
2029	154	-448.2213	-0.6139	52459.5766	0
2030	154	-448.2212	-0.6139	52459.5790	0
2031	154	-448.2218	-0.6139	52459.5798	0
2032	154	-448.2222	-0.6139	52459.5801	0
2033	154	-448.2292	-0.6139	52459.5802	0
2034	154	-448.2263	-0.6139	52459.5869	0
2035	154	-448.2259	-0.6139	52459.5893	0
2036	154	-448.2352	-0.6139	52459.5968	0
2037	154	-448.2360	-0.6139	52459.5996	0
2038	154	-448.2479	-0.6139	52459.5938	0
2039	154	-448.2608	-0.6139	52459.5852	0
2040	154	-448.2715	-0.6139	52459.5818	0
2041	154	-448.2749	-0.6139	52459.5805	0
2042	154	-448.2798	-0.6139	52459.5866	0
2043	154	-448.2845	-0.6139	52459.5889	0
2044	154	-448.2937	-0.6139	52459.5831	0
2045	154	-448.3019	-0.6139	52459.5810	0
2046	154	-448.3016	-0.6139	52459.5867	0
2047	154	-448.3027	-0.6139	52459.5824	0
2048	154	-448.3021	-0.6139	52459.5873	0
2049	154	-448.2976	-0.6139	52459.5826	0
2050	154	-448.2987	-0.6139	52459.5808	0
2051	154	-448.2992	-0.6139	52459.5867	0
2052	154	-448.3014	-0.6139	52459.5824	0
2053	154	-448.3072	-0.6139	52459.5938	0
2054	154	-448.3185	-0.6139	52459.5982	0
2055	154	-448.3163	-0.6139	52459.6130	0
2056	154	-448.3204	-0.6139	52459.6186	0
2057	154	-448.3231	-0.6139	52459.6206	0
2058	154	-448.3235	-0.6139	52459.6212	0
2059	154	-448.3272	-0.6139	52459.6213	0
2060	154	-448.3310	-0.6139	52459.6213	0
2061	154	-448.3303	-0.6139	52459.6212	0
2062	154	-448.3402	-0.6139	52459.6144	0
2063	154	-448.3422	-0.6139	52459.6184	0
2064	154	-448.3461	-0.6139	52459.6199	0
2065	154	-448.3546	-0.6139	52459.6204	0
2066	154	-448.3534	-0.6139	52459.6271	0
2067	154	-448.3526	-0.6139	52459.6230	0
2068	154	-448.3551	-0.6139	52459.6214	0
2069	154	-448.3625	-0.6139	52459.6208	0
2070	154	-448.3629	-0.6139	52459.6337	0
2071	154	-448.3631	-0.6139	52459.6386	0
2072	154	-448.3617	-0.6139	52459.6204	0
2073	154	-448.3578	-0.6139	52459.6071	0
2074	154	-448.3653	-0.6139	52459.6085	0
2075	154	-448.3621	-0.6139	52459.6220	0
2076	154	-448.3581	-0.6139	52459.6274	0
2077	154	-448.3566	-0.6139	52459.6294	0
2078	154	-448.3510	-0.6139	52459.6235	0
2079	154	-448.3491	-0.6139	52459.6278	0
2080	154	-448.3548	-0.6139	52459.6361	0
2081	154	-448.3569	-0.6139	52459.6392	0
2082	154	-448.3576	-0.6139	52459.6403	0
2083	154	-448.3577	-0.6139	52459.6406	0
2084	154	-448.3601	-0.6139	52459.6407	0
2085	154	-448.3631	-0.6139	52459.6342	0
2086	154	-448.3717	-0.6139	52459.6251	0
2087	154	-448.3714	-0.6139	52459.6281	0
2088	154	-448.3638	-0.6139	52459.6227	0
2089	154	-448.3601	-0.6139	52459.6207	0
2090	154	-448.3524	-0.6139	52459.6265	0
2091	154	-448.3493	-0.6139	52459.6354	0
2092	154	-448.3368	-0.6139	52459.6453	0
2093	154	-448.3324	-0.6139	52459.6490	0
2094	154	-448.3335	-0.6139	52459.6504	0
2095	154	-448.3345	-0.6139	52459.6574	0
2096	154	-448.3230	-0.6139	52459.6600	0
2097	154	-448.3154	-0.6139	52459.6543	0
2098	154	-448.3085	-0.6139	52459.6520	0
2099	154	-448.3012	-0.6139	52459.6445	0
2100	154	-448.2945	-0.6139	52459.6416	0
2101	154	-448.2877	-0.6139	52459.6538	0
2102	154	-448.2791	-0.6139	52459.6649	0
2103	154	-448.2750	-0.6139	52459.6690	0
2104	154	-448.2697	-0.6139	52459.6639	0
2105	154	-448.2622	-0.6139	52459.6619	0
2106	154	-448.2503	-0.6139	52459.6744	0
2107	154	-448.2507	-0.6139	52459.6656	0
2108	154	-448.2429	-0.6139	52459.6689	0
2109	154	-448.2415	-0.6139	52459.6570	0
2110	154	-448.2357	-0.6139	52459.6524	0
2111	154	-448.2326	-0.6139	52459.6507	0
2112	154	-448.2284	-0.6139	52459.6565	0
2113	154	-448.2206	-0.6139	52459.6654	0
2114	154	-448.2176	-0.6139	52459.6688	0
2115	154	-448.2078	-0.6139	52459.6700	0
2116	154	-448.2043	-0.6139	52459.6771	0
2117	154	-448.2012	-0.6139	52459.6863	0
2118	154	-448.1937	-0.6139	52459.6897	0
2119	154	-448.1811	-0.6139	52459.6775	0
2120	154	-448.1783	-0.6139	52459.6663	0
2121	154	-448.1772	-0.6139	52459.6620	0
2122	154	-448.1768	-0.6139	52459.6670	0
2123	154	-448.1767	-0.6139	52459.6755	0
2124	154	-448.1724	-0.6139	52459.6853	0
2125	154	-448.1747	-0.6139	52459.6890	0
2126	154	-448.1756	-0.6139	52459.6903	0
2127	154	-448.1791	-0.6139	52459.6907	0
2128	154	-448.1807	-0.6139	52459.6908	0
2129	154	-448.1780	-0.6139	52459.6908	0
2130	154	-448.1754	-0.6139	52459.6907	0
2131	154	-448.1752	-0.6139	52459.6840	0
2132	154	-448.1814	-0.6139	52459.6815	0
2133	154	-448.1848	-0.6139	52459.6805	0
2134	154	-448.1844	-0.6139	52459.6867	0
2135	154	-448.1850	-0.6139	52459.6824	0
2136	154	-448.1858	-0.6139	52459.6808	0
2137	154	-448.1844	-0.6139	52459.6802	0
2138	154	-448.1893	-0.6139	52459.6733	0
2139	154	-448.1890	-0.6139	52459.6708	0
2140	154	-448.1940	-0.6139	52459.6633	0
2141	154	-448.1892	-0.6139	52459.6474	0
2142	154	-448.1982	-0.6139	52459.6414	0
2143	154	-448.2051	-0.6139	52459.6392	0
2144	154	-448.2104	-0.6139	52459.6385	0
2145	154	-448.2181	-0.6139	52459.6384	0
2146	154	-448.2194	-0.6139	52459.6384	0
2147	154	-448.2216	-0.6139	52459.6320	0
2148	154	-448.2174	-0.6139	52459.6297	0
2149	154	-448.2205	-0.6139	52459.6289	0
2150	154	-448.2269	-0.6139	52459.6287	0
2151	154	-448.2239	-0.6139	52459.6287	0
2152	154	-448.2246	-0.6139	52459.6222	0
2153	154	-448.2244	-0.6139	52459.6132	0
2154	154	-448.2258	-0.6139	52459.6100	0
2155	154	-448.2287	-0.6139	52459.6153	0
2156	154	-448.2321	-0.6139	52459.6175	0
2157	154	-448.2312	-0.6139	52459.6185	0
2158	154	-448.2392	-0.6139	52459.6123	0
2159	154	-448.2417	-0.6139	52459.6100	0
2160	154	-448.2410	-0.6139	52459.6093	0
2161	154	-448.2383	-0.6139	52459.6091	0
2162	154	-448.2371	-0.6139	52459.6091	0
2163	154	-448.2389	-0.6139	52459.6025	0
2164	154	-448.2415	-0.6139	52459.6067	0
2165	154	-448.2455	-0.6139	52459.6149	0
2166	154	-448.2463	-0.6139	52459.6181	0
2167	154	-448.2504	-0.6139	52459.6193	0
2168	154	-448.2525	-0.6139	52459.6198	0
2169	154	-448.2578	-0.6139	52459.6133	0
2170	154	-448.2595	-0.6139	52459.6175	0
2171	154	-448.2555	-0.6139	52459.6191	0
2172	154	-448.2448	-0.6139	52459.6262	0
2173	154	-448.2384	-0.6139	52459.6290	0
2174	154	-448.2360	-0.6139	52459.6234	0
2175	154	-448.2351	-0.6139	52459.6279	0
2176	154	-448.2349	-0.6139	52459.6362	0
2177	154	-448.2384	-0.6139	52459.6392	0
2178	154	-448.2426	-0.6139	52459.6337	0
2179	154	-448.2421	-0.6139	52459.6316	0
2180	154	-448.2386	-0.6139	52459.6307	0
2181	154	-448.2325	-0.6139	52459.6370	0
2182	154	-448.2300	-0.6139	52459.6393	0
2183	154	-448.2279	-0.6139	52459.6402	0
2184	154	-448.2176	-0.6139	52459.6405	0
2185	154	-448.2135	-0.6139	52459.6405	0
2186	154	-448.2223	-0.6139	52459.6405	0
2187	154	-448.2228	-0.6139	52459.6470	0
2188	154	-448.2247	-0.6139	52459.6495	0
2189	154	-448.2227	-0.6139	52459.6504	0
2190	154	-448.2216	-0.6139	52459.6506	0
2191	154	-448.2240	-0.6139	52459.6507	0
2192	154	-448.2249	-0.6139	52459.6572	0
2193	154	-448.2288	-0.6139	52459.6597	0
2194	154	-448.2322	-0.6139	52459.6605	0
2195	154	-448.2273	-0.6139	52459.6608	0
2196	154	-448.2311	-0.6139	52459.6608	0
2197	154	-448.2341	-0.6139	52459.6608	0
2198	154	-448.2358	-0.6139	52459.6673	0
2199	154	-448.2436	-0.6139	52459.6763	0
2200	154	-448.2459	-0.6139	52459.6730	0
2201	154	-448.2556	-0.6139	52459.6717	0
2202	154	-448.2662	-0.6139	52459.6777	0
2203	154	-448.2761	-0.6139	52459.6865	0
2204	154	-448.2783	-0.6139	52459.6964	0
2205	154	-448.2785	-0.6139	52459.7000	0
2206	154	-448.2793	-0.6139	52459.7012	0
2207	154	-448.2800	-0.6139	52459.7015	0
2208	154	-448.2783	-0.6139	52459.7082	0
2209	154	-448.2782	-0.6139	52459.7105	0
2210	154	-448.2776	-0.6139	52459.7113	0
2211	154	-448.2783	-0.6139	52459.7114	0
2212	154	-448.2789	-0.6139	52459.7114	0
2213	154	-448.2841	-0.6139	52459.7046	0
2214	154	-448.2826	-0.6139	52459.7086	0
2215	154	-448.2823	-0.6139	52459.7101	0
2216	154	-448.2880	-0.6139	52459.7106	0
2217	154	-448.2820	-0.6139	52459.7107	0
2218	154	-448.2824	-0.6139	52459.7107	0
2219	154	-448.2906	-0.6139	52459.7172	0
2220	154	-448.2943	-0.6139	52459.7327	0
2221	154	-448.2985	-0.6139	52459.7386	0
2222	154	-448.3024	-0.6139	52459.7407	0
2223	154	-448.3021	-0.6139	52459.7414	0
2224	154	-448.3000	-0.6139	52459.7348	0
2225	154	-448.3047	-0.6139	52459.7389	0
2226	154	-448.3036	-0.6139	52459.7469	0
2227	154	-448.2971	-0.6139	52459.7499	0
2228	154	-448.2948	-0.6139	52459.7509	0
2229	154	-448.2972	-0.6139	52459.7512	0
2230	154	-448.2941	-0.6139	52459.7644	0
2231	154	-448.3017	-0.6139	52459.7693	0
2232	154	-448.3045	-0.6139	52459.7710	0
2233	154	-448.3056	-0.6139	52459.7715	0
2234	154	-448.3092	-0.6139	52459.7716	0
2235	154	-448.3130	-0.6139	52459.7781	0
2236	154	-448.3123	-0.6139	52459.7870	0
2237	154	-448.3123	-0.6139	52459.7903	0
2238	154	-448.3147	-0.6139	52459.7914	0
2239	154	-448.3157	-0.6139	52459.7917	0
2240	154	-448.3226	-0.6139	52459.7982	0
2241	154	-448.3252	-0.6139	52459.8072	0
2242	154	-448.3193	-0.6139	52459.8236	0
2243	154	-448.3233	-0.6139	52459.8297	0
2244	154	-448.3295	-0.6139	52459.8250	0
2245	154	-448.3257	-0.6139	52459.8232	0
2246	154	-448.3244	-0.6139	52459.8289	0
2247	154	-448.3240	-0.6139	52459.8309	0
2248	154	-448.3240	-0.6139	52459.8316	0
2249	154	-448.3241	-0.6139	52459.8316	0
2250	154	-448.3243	-0.6139	52459.8316	0
2251	154	-448.3244	-0.6139	52459.8314	0
2252	154	-448.3269	-0.6139	52459.8313	0
2253	154	-448.3342	-0.6139	52459.8311	0
2254	154	-448.3346	-0.6139	52459.8376	0
2255	154	-448.3371	-0.6139	52459.8400	0
2256	154	-448.3491	-0.6139	52459.8408	0
2257	154	-448.3443	-0.6139	52459.8475	0
2258	154	-448.3355	-0.6139	52459.8566	0
2259	154	-448.3296	-0.6139	52459.8600	0
2260	154	-448.3339	-0.6139	52459.8611	0
2261	154	-448.3312	-0.6139	52459.8614	0
2262	154	-448.3322	-0.6139	52459.8614	0
2263	154	-448.3309	-0.6139	52459.8679	0
2264	154	-448.3252	-0.6139	52459.8769	0
2265	154	-448.3210	-0.6139	52459.8868	0
2266	154	-448.3245	-0.6139	52459.8836	0
2267	154	-448.3313	-0.6139	52459.8824	0
2268	154	-448.3339	-0.6139	52459.8818	0
2269	154	-448.3327	-0.6139	52459.8815	0
2270	154	-448.3324	-0.6139	52459.8813	0
2271	154	-448.3326	-0.6139	52459.8811	0
2272	154	-448.3398	-0.6139	52459.8810	0
2273	154	-448.3485	-0.6139	52459.8809	0
2274	154	-448.3547	-0.6139	52459.8873	0
2275	154	-448.3564	-0.6139	52459.8831	0
2276	154	-448.3564	-0.6139	52459.8815	0
2277	154	-448.3580	-0.6139	52459.8808	0
2278	154	-448.3556	-0.6139	52459.8871	0
2279	154	-448.3542	-0.6139	52459.8895	0
2280	154	-448.3532	-0.6139	52459.8903	0
2281	154	-448.3524	-0.6139	52459.8906	0
2282	154	-448.3495	-0.6139	52459.8906	0
2283	154	-448.3483	-0.6139	52459.9039	0
2284	154	-448.3509	-0.6139	52459.9154	0
2285	154	-448.3489	-0.6139	52459.9196	0
2286	154	-448.3481	-0.6139	52459.9211	0
2287	154	-448.3521	-0.6139	52459.9149	0
2288	154	-448.3509	-0.6139	52459.9190	0
2289	154	-448.3445	-0.6139	52459.9271	0
2290	154	-448.3368	-0.6139	52459.9301	0
2291	154	-448.3315	-0.6139	52459.9311	0
2292	154	-448.3299	-0.6139	52459.9313	0
2293	154	-448.3231	-0.6139	52459.9313	0
2294	154	-448.3232	-0.6139	52459.9312	0
2295	154	-448.3211	-0.6139	52459.9377	0
2296	154	-448.3262	-0.6139	52459.9401	0
2297	154	-448.3231	-0.6139	52459.9409	0
2298	154	-448.3267	-0.6139	52459.9411	0
2299	154	-448.3245	-0.6139	52459.9411	0
2300	154	-448.3238	-0.6139	52459.9475	0
2301	154	-448.3172	-0.6139	52459.9500	0
2302	154	-448.3148	-0.6139	52459.9442	0
2303	154	-448.3075	-0.6139	52459.9420	0
2304	154	-448.3105	-0.6139	52459.9476	0
2305	154	-448.3113	-0.6139	52459.9497	0
2306	154	-448.3133	-0.6139	52459.9636	0
2307	154	-448.3209	-0.6139	52459.9689	0
2308	154	-448.3204	-0.6139	52459.9640	0
2309	154	-448.3241	-0.6139	52459.9556	0
2310	154	-448.3227	-0.6139	52459.9588	0
2311	154	-448.3152	-0.6139	52459.9666	0
2312	154	-448.3143	-0.6139	52459.9630	0
2313	154	-448.3103	-0.6139	52459.9615	0
2314	154	-448.3024	-0.6139	52459.9609	0
2315	154	-448.3072	-0.6139	52459.9606	0
2316	154	-448.3016	-0.6139	52459.9670	0
2317	154	-448.3000	-0.6139	52459.9760	0
2318	154	-448.2996	-0.6139	52459.9794	0
2319	154	-448.3014	-0.6139	52459.9739	0
2320	154	-448.2982	-0.6139	52459.9718	0
2321	154	-448.2948	-0.6139	52459.9776	0
2322	154	-448.2949	-0.6139	52459.9797	0
2323	154	-448.2965	-0.6139	52459.9805	0
2324	154	-448.2832	-0.6139	52459.9807	0
2325	154	-448.2786	-0.6139	52459.9807	0
2326	154	-448.2754	-0.6139	52459.9807	0
2327	154	-448.2761	-0.6139	52459.9872	0
2328	154	-448.2794	-0.6139	52459.9896	0
2329	154	-448.2746	-0.6139	52459.9971	0
2330	154	-448.2736	-0.6139	52459.9998	0
2331	154	-448.2730	-0.6139	52459.9941	0
2332	154	-448.2774	-0.6139	52459.9985	0
2333	154	-448.2810	-0.6139	52460.0001	0
2334	154	-448.2721	-0.6139	52460.0007	0
2335	154	-448.2682	-0.6139	52460.0008	0
2336	154	-448.2632	-0.6139	52459.9941	0
2337	154	-448.2595	-0.6139	52459.9982	0
2338	154	-448.2630	-0.6139	52459.9997	0
2339	154	-448.2687	-0.6139	52460.0068	0
2340	154	-448.2712	-0.6139	52460.0095	0
2341	154	-448.2724	-0.6139	52460.0038	0
2342	154	-448.2783	-0.6139	52460.0016	0
2343	154	-448.2799	-0.6139	52460.0008	0
2344	154	-448.2802	-0.6139	52460.0070	0
2345	154	-448.2769	-0.6139	52460.0093	0
2346	154	-448.2673	-0.6139	52460.0102	0
2347	154	-448.2661	-0.6139	52460.0038	0
2348	154	-448.2635	-0.6139	52460.0080	0
2349	154	-448.2649	-0.6139	52460.0096	0
2350	154	-448.2689	-0.6139	52460.0167	0
2351	154	-448.2702	-0.6139	52460.0194	0
2352	154	-448.2669	-0.6139	52460.0204	0
2353	154	-448.2676	-0.6139	52460.0207	0
2354	154	-448.2699	-0.6139	52460.0207	0
2355	154	-448.2771	-0.6139	52460.0141	0
2356	154	-448.2733	-0.6139	52460.0116	0
2357	154	-448.2706	-0.6139	52460.0106	0
2358	154	-448.2589	-0.6139	52460.0167	0
2359	154	-448.2546	-0.6139	52460.0125	0
2360	154	-448.2532	-0.6139	52460.0175	0
2361	154	-448.2498	-0.6139	52460.0260	0
2362	154	-448.2462	-0.6139	52460.0358	0
2363	154	-448.2472	-0.6139	52460.0394	0
2364	154	-448.2461	-0.6139	52460.0340	0
2365	154	-448.2405	-0.6139	52460.0385	0
2366	154	-448.2361	-0.6139	52460.0468	0
2367	154	-448.2248	-0.6139	52460.0565	0
2368	154	-448.2274	-0.6139	52460.0466	0
2369	154	-448.2120	-0.6139	52460.0495	0
2370	154	-448.2082	-0.6139	52460.0438	0
2371	154	-448.2002	-0.6139	52460.0483	0
2372	154	-448.1994	-0.6139	52460.0499	0
2373	154	-448.1946	-0.6139	52460.0571	0
2374	154	-448.1909	-0.6139	52460.0597	0
2375	154	-448.1934	-0.6139	52460.0540	0
2376	154	-448.1903	-0.6139	52460.0518	0
2377	154	-448.1910	-0.6139	52460.0509	0
2378	154	-448.1824	-0.6139	52460.0571	0
2379	154	-448.1797	-0.6139	52460.0529	0
2380	154	-448.1730	-0.6139	52460.0448	0
2381	154	-448.1708	-0.6139	52460.0351	0
2382	154	-448.1703	-0.6139	52460.0379	0
2383	154	-448.1639	-0.6139	52460.0456	0
2384	154	-448.1588	-0.6139	52460.0551	0
2385	154	-448.1538	-0.6139	52460.0587	0
2386	154	-448.1438	-0.6139	52460.0600	0
2387	154	-448.1382	-0.6139	52460.0605	0
2388	154	-448.1260	-0.6139	52460.0606	0
2389	154	-448.1187	-0.6139	52460.0671	0
2390	154	-448.1038	-0.6139	52460.0762	0
2391	154	-448.0943	-0.6139	52460.0730	0
2392	154	-448.0802	-0.6139	52460.0651	0
2393	154	-448.0740	-0.6139	52460.0620	0
2394	154	-448.0694	-0.6139	52460.0740	0
2395	154	-448.0666	-0.6139	52460.0785	0
2396	154	-448.0574	-0.6139	52460.0868	0
2397	154	-448.0562	-0.6139	52460.0832	0
2398	154	-448.0493	-0.6139	52460.0751	0
2399	154	-448.0422	-0.6139	52460.0786	0
2400	154	-448.0307	-0.6139	52460.0799	0
2401	154	-448.0199	-0.6139	52460.0804	0
2402	154	-448.0093	-0.6139	52460.0805	0
2403	154	-448.0076	-0.6139	52460.0739	0
2404	154	-448.0049	-0.6139	52460.0714	0
2405	154	-448.0010	-0.6139	52460.0770	0
2406	154	-447.9917	-0.6139	52460.0858	0
2407	154	-447.9955	-0.6139	52460.0891	0
2408	154	-447.9908	-0.6139	52460.0902	0
2409	154	-447.9880	-0.6139	52460.0840	0
2410	154	-447.9896	-0.6139	52460.0816	0
2411	154	-447.9829	-0.6139	52460.0872	0
2412	154	-447.9762	-0.6139	52460.0959	0
2413	154	-447.9699	-0.6139	52460.0926	0
2414	154	-447.9616	-0.6139	52460.0846	0
2415	154	-447.9633	-0.6139	52460.0750	0
2416	154	-447.9696	-0.6139	52460.0780	0
2417	154	-447.9684	-0.6139	52460.0857	0
2418	154	-447.9663	-0.6139	52460.0953	0
2419	154	-447.9662	-0.6139	52460.0922	0
2420	154	-447.9689	-0.6139	52460.0844	0
2421	154	-447.9646	-0.6139	52460.0881	0
2422	154	-447.9682	-0.6139	52460.0960	0
2423	154	-447.9670	-0.6139	52460.0990	0
2424	154	-447.9619	-0.6139	52460.0936	0
2425	154	-447.9550	-0.6139	52460.0915	0
2426	154	-447.9442	-0.6139	52460.0906	0
2427	154	-447.9428	-0.6139	52460.0836	0
2428	154	-447.9481	-0.6139	52460.0876	0
2429	154	-447.9508	-0.6139	52460.0958	0
2430	154	-447.9486	-0.6139	52460.0989	0
2431	154	-447.9504	-0.6139	52460.0934	0
2432	154	-447.9492	-0.6139	52460.0913	0
2433	154	-447.9492	-0.6139	52460.0905	0
2434	154	-447.9518	-0.6139	52460.0968	0
2435	154	-447.9532	-0.6139	52460.1057	0
2436	154	-447.9477	-0.6139	52460.1091	0
2437	154	-447.9369	-0.6139	52460.1103	0
2438	154	-447.9366	-0.6139	52460.1107	0
2439	154	-447.9276	-0.6139	52460.1107	0
2440	154	-447.9254	-0.6139	52460.1107	0
2441	154	-447.9209	-0.6139	52460.1173	0
2442	154	-447.9226	-0.6139	52460.1197	0
2443	154	-447.9239	-0.6139	52460.1206	0
2444	154	-447.9127	-0.6139	52460.1208	0
2445	154	-447.9120	-0.6139	52460.1275	0
2446	154	-447.9183	-0.6139	52460.1365	0
2447	154	-447.9175	-0.6139	52460.1462	0
2448	154	-447.9213	-0.6139	52460.1435	0
2449	154	-447.9212	-0.6139	52460.1423	0
2450	154	-447.9165	-0.6139	52460.1418	0
2451	154	-447.9015	-0.6139	52460.1545	0
2452	154	-447.9115	-0.6139	52460.1592	0
2453	154	-447.9279	-0.6139	52460.1609	0
2454	154	-447.9397	-0.6139	52460.1680	0
2455	154	-447.9525	-0.6139	52460.1575	0
2456	154	-447.9565	-0.6139	52460.1533	0
2457	154	-447.9504	-0.6139	52460.1713	0
2458	154	-447.9468	-0.6139	52460.1782	0
2459	154	-447.9376	-0.6139	52460.1806	0
2460	154	-447.9355	-0.6139	52460.1681	0
2461	154	-447.9345	-0.6139	52460.1699	0
2462	154	-447.9403	-0.6139	52460.1706	0
2463	154	-447.9340	-0.6139	52460.1773	0
2464	154	-447.9295	-0.6139	52460.1864	0
2465	154	-447.9387	-0.6139	52460.1831	0
2466	154	-447.9495	-0.6139	52460.1818	0
2467	154	-447.9447	-0.6139	52460.1813	0
2468	154	-447.9524	-0.6139	52460.1810	0
2469	154	-447.9484	-0.6139	52460.1873	0
2470	154	-447.9453	-0.6139	52460.1897	0
2471	154	-447.9375	-0.6139	52460.1840	0
2472	154	-447.9340	-0.6139	52460.1818	0
2473	154	-447.9324	-0.6139	52460.1875	0
2474	154	-447.9359	-0.6139	52460.1962	0
2475	154	-447.9417	-0.6139	52460.2060	0
2476	154	-447.9516	-0.6139	52460.2097	0
2477	154	-447.9666	-0.6139	52460.1976	0
2478	154	-447.9758	-0.6139	52460.1996	0
2479	154	-447.9790	-0.6139	52460.2004	0
2480	154	-447.9788	-0.6139	52460.2072	0
2481	154	-447.9791	-0.6139	52460.2097	0
2482	154	-447.9775	-0.6139	52460.2106	0
2483	154	-447.9807	-0.6139	52460.2108	0
2484	154	-447.9794	-0.6139	52460.2109	0
2485	154	-447.9766	-0.6139	52460.2174	0
2486	154	-447.9822	-0.6139	52460.2265	0
2487	154	-447.9919	-0.6139	52460.2298	0
2488	154	-447.9961	-0.6139	52460.2243	0
2489	154	-448.0002	-0.6139	52460.2221	0
2490	154	-448.0086	-0.6139	52460.2212	0
2491	154	-448.0041	-0.6139	52460.2274	0
2492	154	-448.0054	-0.6139	52460.2297	0
2493	154	-448.0064	-0.6139	52460.2305	0
2494	154	-448.0173	-0.6139	52460.2242	0
2495	154	-448.0219	-0.6139	52460.2152	0
2496	154	-448.0195	-0.6139	52460.2314	0
2497	154	-448.0287	-0.6139	52460.2376	0
2498	154	-448.0417	-0.6139	52460.2465	0
2499	154	-448.0526	-0.6139	52460.2432	0
2500	154	-448.0566	-0.6139	52460.2418	0
2501	154	-448.0611	-0.6139	52460.2412	0
2502	154	-448.0676	-0.6139	52460.2475	0
2503	154	-448.0735	-0.6139	52460.2564	0
2504	154	-448.0773	-0.6139	52460.2597	0
2505	154	-448.0801	-0.6139	52460.2543	0
2506	154	-448.0846	-0.6139	52460.2587	0
2507	154	-448.0835	-0.6139	52460.2669	0
2508	154	-448.0870	-0.6139	52460.2765	0
2509	154	-448.0948	-0.6139	52460.2800	0
2510	154	-448.1173	-0.6139	52460.2746	0
2511	154	-448.1258	-0.6139	52460.2725	0
2512	154	-448.1267	-0.6139	52460.2715	0
2513	154	-448.1321	-0.6139	52460.2777	0
2514	154	-448.1255	-0.6139	52460.2865	0
2515	154	-448.1287	-0.6139	52460.2898	0
2516	154	-448.1318	-0.6139	52460.2843	0
2517	154	-448.1325	-0.6139	52460.2822	0
2518	154	-448.1354	-0.6139	52460.2813	0
2519	154	-448.1343	-0.6139	52460.2940	0
2520	154	-448.1288	-0.6139	52460.3054	0
2521	154	-448.1333	-0.6139	52460.3096	0
2522	154	-448.1349	-0.6139	52460.3111	0
2523	154	-448.1408	-0.6139	52460.3048	0
2524	154	-448.1412	-0.6139	52460.3090	0
2525	154	-448.1374	-0.6139	52460.3171	0
2526	154	-448.1213	-0.6139	52460.3267	0
2527	154	-448.1087	-0.6139	52460.3235	0
2528	154	-448.1064	-0.6139	52460.3222	0
2529	154	-448.1077	-0.6139	52460.3216	0
2530	154	-448.1125	-0.6139	52460.3279	0
2531	154	-448.1154	-0.6139	52460.3302	0
2532	154	-448.1226	-0.6139	52460.3309	0
2533	154	-448.1284	-0.6139	52460.3245	0
2534	154	-448.1274	-0.6139	52460.3220	0
2535	154	-448.1275	-0.6139	52460.3276	0
2536	154	-448.1224	-0.6139	52460.3297	0
2537	154	-448.1193	-0.6139	52460.3370	0
2538	154	-448.1148	-0.6139	52460.3331	0
2539	154	-448.1160	-0.6139	52460.3316	0
2540	154	-448.1149	-0.6139	52460.3375	0
2541	154	-448.1161	-0.6139	52460.3397	0
2542	154	-448.1253	-0.6139	52460.3471	0
2543	154	-448.1280	-0.6139	52460.3564	0
2544	154	-448.1363	-0.6139	52460.3532	0
2545	154	-448.1483	-0.6139	52460.3453	0
2546	154	-448.1529	-0.6139	52460.3488	0
2547	154	-448.1490	-0.6139	52460.3501	0
2548	154	-448.1527	-0.6139	52460.3505	0
2549	154	-448.1490	-0.6139	52460.3507	0
2550	154	-448.1498	-0.6139	52460.3440	0
2551	154	-448.1555	-0.6139	52460.3415	0
2552	154	-448.1570	-0.6139	52460.3471	0
2553	154	-448.1714	-0.6139	52460.3559	0
2554	154	-448.1754	-0.6139	52460.3591	0
2555	154	-448.1809	-0.6139	52460.3537	0
2556	154	-448.1848	-0.6139	52460.3516	0
2557	154	-448.1865	-0.6139	52460.3573	0
2558	154	-448.1962	-0.6139	52460.3595	0
2559	154	-448.1928	-0.6139	52460.3603	0
2560	154	-448.1874	-0.6139	52460.3605	0
2561	154	-448.1842	-0.6139	52460.3540	0
2562	154	-448.1842	-0.6139	52460.3515	0
2563	154	-448.1852	-0.6139	52460.3505	0
2564	154	-448.1889	-0.6139	52460.3567	0
2565	154	-448.1938	-0.6139	52460.3657	0
2566	154	-448.1960	-0.6139	52460.3690	0
2567	154	-448.1946	-0.6139	52460.3702	0
2568	154	-448.2015	-0.6139	52460.3573	0
2569	154	-448.2042	-0.6139	52460.3591	0
2570	154	-448.2052	-0.6139	52460.3663	0
2571	154	-448.2055	-0.6139	52460.3691	0
2572	154	-448.2078	-0.6139	52460.3701	0
2573	154	-448.2084	-0.6139	52460.3638	0
2574	154	-448.2106	-0.6139	52460.3614	0
2575	154	-448.2120	-0.6139	52460.3671	0
2576	154	-448.2151	-0.6139	52460.3758	0
2577	154	-448.2357	-0.6139	52460.3857	0
2578	154	-448.2521	-0.6139	52460.3827	0
2579	154	-448.2559	-0.6139	52460.3816	0
2580	154	-448.2592	-0.6139	52460.3810	0
2581	154	-448.2602	-0.6139	52460.3874	0
2582	154	-448.2560	-0.6139	52460.3963	0
2583	154	-448.2601	-0.6139	52460.3996	0
2584	154	-448.2577	-0.6139	52460.4008	0
2585	154	-448.2599	-0.6139	52460.4011	0
2586	154	-448.2610	-0.6139	52460.4012	0
2587	154	-448.2651	-0.6139	52460.4143	0
2588	154	-448.2720	-0.6139	52460.4324	0
2589	154	-448.2852	-0.6139	52460.4258	0
2590	154	-448.2907	-0.6139	52460.4298	0
2591	154	-448.2938	-0.6139	52460.4312	0
2592	154	-448.2913	-0.6139	52460.4513	0
2593	154	-448.2969	-0.6139	52460.4655	0
2594	154	-448.2962	-0.6139	52460.4772	0
2595	154	-448.2937	-0.6139	52460.4813	0
2596	154	-448.2951	-0.6139	52460.4826	0
2597	154	-448.3058	-0.6139	52460.4829	0
2598	154	-448.3055	-0.6139	52460.4959	0
2599	154	-448.3063	-0.6139	52460.5073	0
2600	154	-448.3093	-0.6139	52460.5180	0
2601	154	-448.3136	-0.6139	52460.5150	0
2602	154	-448.3189	-0.6139	52460.5137	0
2603	154	-448.3262	-0.6139	52460.5196	0
2604	154	-448.3262	-0.6139	52460.5282	0
2605	154	-448.3239	-0.6139	52460.5445	0
2606	154	-448.3156	-0.6139	52460.5438	0
2607	154	-448.3199	-0.6139	52460.5301	0
2608	154	-448.3224	-0.6139	52460.5248	0
2609	154	-448.3154	-0.6139	52460.5292	0
2610	154	-448.3186	-0.6139	52460.5307	0
2611	154	-448.3237	-0.6139	52460.5378	0
2612	154	-448.3271	-0.6139	52460.5404	0
2613	154	-448.3326	-0.6139	52460.5412	0
2614	154	-448.3382	-0.6139	52460.5414	0
2615	154	-448.3413	-0.6139	52460.5545	0
2616	154	-448.3370	-0.6139	52460.5594	0
2617	154	-448.3341	-0.6139	52460.5611	0
2618	154	-448.3372	-0.6139	52460.5550	0
2619	154	-448.3386	-0.6139	52460.5526	0
2620	154	-448.3366	-0.6139	52460.5647	0
2621	154	-448.3425	-0.6139	52460.5759	0
2622	154	-448.3493	-0.6139	52460.5799	0
2623	154	-448.3580	-0.6139	52460.5814	0
2624	154	-448.3713	-0.6139	52460.5686	0
2625	154	-448.3722	-0.6139	52460.5702	0
2626	154	-448.3675	-0.6139	52460.5773	0
2627	154	-448.3607	-0.6139	52460.5931	0
2628	154	-448.3660	-0.6139	52460.5923	0
2629	154	-448.3569	-0.6139	52460.5985	0
2630	154	-448.3511	-0.6139	52460.5941	0
2631	154	-448.3460	-0.6139	52460.5989	0
2632	154	-448.3437	-0.6139	52460.6073	0
2633	154	-448.3490	-0.6139	52460.6169	0
2634	154	-448.3542	-0.6139	52460.6204	0
2635	154	-448.3519	-0.6139	52460.6149	0
2636	154	-448.3530	-0.6139	52460.6061	0
2637	154	-448.3529	-0.6139	52460.6093	0
2638	154	-448.3503	-0.6139	52460.6170	0
2639	154	-448.3425	-0.6139	52460.6198	0
2640	154	-448.3416	-0.6139	52460.6142	0
2641	154	-448.3409	-0.6139	52460.6120	0
2642	154	-448.3404	-0.6139	52460.6111	0
2643	154	-448.3315	-0.6139	52460.6239	0
2644	154	-448.3406	-0.6139	52460.6287	0
2645	154	-448.3512	-0.6139	52460.6305	0
2646	154	-448.3654	-0.6139	52460.6244	0
2647	154	-448.3794	-0.6139	52460.6220	0
2648	154	-448.3867	-0.6139	52460.6276	0
2649	154	-448.3936	-0.6139	52460.6363	0
2650	154	-448.3853	-0.6139	52460.6461	0
2651	154	-448.3814	-0.6139	52460.6498	0
2652	154	-448.3784	-0.6139	52460.6311	0
2653	154	-448.3838	-0.6139	52460.6240	0
2654	154	-448.3848	-0.6139	52460.6345	0
2655	154	-448.3990	-0.6139	52460.6385	0
2656	154	-448.4010	-0.6139	52460.6465	0
2657	154	-448.4029	-0.6139	52460.6363	0
2658	154	-448.4005	-0.6139	52460.6390	0
2659	154	-448.4039	-0.6139	52460.6334	0
2660	154	-448.4102	-0.6139	52460.6378	0
2661	154	-448.4074	-0.6139	52460.6592	0
2662	154	-448.4000	-0.6139	52460.6673	0
2663	154	-448.3957	-0.6139	52460.6570	0
2664	154	-448.3912	-0.6139	52460.6531	0
2665	154	-448.3980	-0.6139	52460.6515	0
2666	154	-448.4002	-0.6139	52460.6640	0
2667	154	-448.4052	-0.6139	52460.6753	0
2668	154	-448.4044	-0.6139	52460.6795	0
2669	154	-448.4068	-0.6139	52460.6678	0
2670	154	-448.4133	-0.6139	52460.6567	0
2671	154	-448.4177	-0.6139	52460.6655	0
2672	154	-448.4209	-0.6139	52460.6755	0
2673	154	-448.4150	-0.6139	52460.6858	0
2674	154	-448.3991	-0.6139	52460.6896	0
2675	154	-448.3958	-0.6139	52460.6909	0
2676	154	-448.4061	-0.6139	52460.6847	0
2677	154	-448.4159	-0.6139	52460.6823	0
2678	154	-448.4294	-0.6139	52460.6944	0
2679	154	-448.4383	-0.6139	52460.7122	0
2680	154	-448.4444	-0.6139	52460.7122	0
2681	154	-448.4465	-0.6139	52460.7054	0
2682	154	-448.4416	-0.6139	52460.7027	0
2683	154	-448.4443	-0.6139	52460.7016	0
2684	154	-448.4456	-0.6139	52460.7142	0
2685	154	-448.4466	-0.6139	52460.7190	0
2686	154	-448.4449	-0.6139	52460.7207	0
2687	154	-448.4525	-0.6139	52460.7146	0
2688	154	-448.4553	-0.6139	52460.7188	0
2689	154	-448.4632	-0.6139	52460.7269	0
2690	154	-448.4630	-0.6139	52460.7299	0
2691	154	-448.4716	-0.6139	52460.7309	0
2692	154	-448.4748	-0.6139	52460.7378	0
2693	154	-448.4777	-0.6139	52460.7403	0
2694	154	-448.4848	-0.6139	52460.7478	0
2695	154	-448.4910	-0.6139	52460.7570	0
2696	154	-448.4956	-0.6139	52460.7604	0
2697	154	-448.4960	-0.6139	52460.7615	0
2698	154	-448.4989	-0.6139	52460.7552	0
2699	154	-448.5148	-0.6139	52460.7527	0
2700	154	-448.5326	-0.6139	52460.7582	0
2701	154	-448.5449	-0.6139	52460.7734	0
2702	154	-448.5575	-0.6139	52460.7790	0
2703	154	-448.5589	-0.6139	52460.7811	0
2704	154	-448.5642	-0.6139	52460.7817	0
2705	154	-448.5571	-0.6139	52460.7883	0
2706	154	-448.5561	-0.6139	52460.7973	0
2707	154	-448.5551	-0.6139	52460.8006	0
2708	154	-448.5542	-0.6139	52460.8016	0
2709	154	-448.5478	-0.6139	52460.7953	0
2710	154	-448.5510	-0.6139	52460.7993	0
2711	154	-448.5484	-0.6139	52460.8008	0
2712	154	-448.5542	-0.6139	52460.8210	0
2713	154	-448.5649	-0.6139	52460.8352	0
2714	154	-448.5684	-0.6139	52460.8403	0
2715	154	-448.5741	-0.6139	52460.8354	0
2716	154	-448.5699	-0.6139	52460.8399	0
2717	154	-448.5668	-0.6139	52460.8481	0
2718	154	-448.5657	-0.6139	52460.8641	0
2719	154	-448.5665	-0.6139	52460.8701	0
2720	154	-448.5647	-0.6139	52460.8590	0
2721	154	-448.5592	-0.6139	52460.8546	0
2722	154	-448.5599	-0.6139	52460.8528	0
2723	154	-448.5628	-0.6139	52460.8650	0
2724	154	-448.5643	-0.6139	52460.8828	0
2725	154	-448.5569	-0.6139	52460.8893	0
2726	154	-448.5522	-0.6139	52460.8783	0
2727	154	-448.5535	-0.6139	52460.8740	0
2728	154	-448.5485	-0.6139	52460.8788	0
2729	154	-448.5451	-0.6139	52460.8937	0
2730	154	-448.5358	-0.6139	52460.8993	0
2731	154	-448.5400	-0.6139	52460.9012	0
2732	154	-448.5368	-0.6139	52460.8952	0
2733	154	-448.5315	-0.6139	52460.8928	0
2734	154	-448.5347	-0.6139	52460.9049	0
2735	154	-448.5441	-0.6139	52460.9160	0
2736	154	-448.5515	-0.6139	52460.9267	0
2737	154	-448.5567	-0.6139	52460.9240	0
2738	154	-448.5611	-0.6139	52460.9227	0
2739	154	-448.5635	-0.6139	52460.9287	0
2740	154	-448.5619	-0.6139	52460.9440	0
2741	154	-448.5603	-0.6139	52460.9563	0
2742	154	-448.5598	-0.6139	52460.9674	0
2743	154	-448.5555	-0.6139	52460.9580	0
2744	154	-448.5652	-0.6139	52460.9609	0
2745	154	-448.5707	-0.6139	52460.9750	0
2746	154	-448.5846	-0.6139	52460.9868	0
2747	154	-448.5957	-0.6139	52461.0042	0
2748	154	-448.6069	-0.6139	52461.0039	0
2749	154	-448.6222	-0.6139	52460.9969	0
2750	154	-448.6289	-0.6139	52461.0007	0
2751	154	-448.6327	-0.6139	52461.0019	0
2752	154	-448.6321	-0.6139	52461.0088	0
2753	154	-448.6259	-0.6139	52461.0178	0
2754	154	-448.6170	-0.6139	52461.0210	0
2755	154	-448.6181	-0.6139	52461.0154	0
2756	154	-448.6231	-0.6139	52461.0131	0
2757	154	-448.6329	-0.6139	52461.0318	0
2758	154	-448.6324	-0.6139	52461.0520	0
2759	154	-448.6342	-0.6139	52461.0661	0
2760	154	-448.6426	-0.6139	52461.0579	0
2761	154	-448.6437	-0.6139	52461.0546	0
2762	154	-448.6467	-0.6139	52461.0597	0
2763	154	-448.6455	-0.6139	52461.0746	0
2764	154	-448.6363	-0.6139	52461.0867	0
2765	154	-448.6309	-0.6139	52461.0911	0
2766	154	-448.6265	-0.6139	52461.0925	0
2767	154	-448.6263	-0.6139	52461.0928	0
2768	154	-448.6211	-0.6139	52461.0993	0
2769	154	-448.6346	-0.6139	52461.1082	0
2770	154	-448.6421	-0.6139	52461.1179	0
2771	154	-448.6425	-0.6139	52461.1214	0
2772	154	-448.6369	-0.6139	52461.1224	0
2773	154	-448.6330	-0.6139	52461.1226	0
2774	154	-448.6401	-0.6139	52461.1357	0
2775	154	-448.6374	-0.6139	52461.1535	0
2776	154	-448.6357	-0.6139	52461.1602	0
2777	154	-448.6323	-0.6139	52461.1558	0
2778	154	-448.6333	-0.6139	52461.1540	0
2779	154	-448.6409	-0.6139	52461.1596	0
2780	154	-448.6394	-0.6139	52461.1812	0
2781	154	-448.6431	-0.6139	52461.2025	0
2782	154	-448.6534	-0.6139	52461.2103	0
2783	154	-448.6612	-0.6139	52461.2128	0
2784	154	-448.6651	-0.6139	52461.2135	0
2785	154	-448.6727	-0.6139	52461.2201	0
2786	154	-448.6812	-0.6139	52461.2356	0
2787	154	-448.6813	-0.6139	52461.2411	0
2788	154	-448.6859	-0.6139	52461.2429	0
2789	154	-448.6844	-0.6139	52461.2368	0
2790	154	-448.6942	-0.6139	52461.2408	0
2791	154	-448.7006	-0.6139	52461.2486	0
2792	154	-448.7151	-0.6139	52461.2646	0
2793	154	-448.7197	-0.6139	52461.2902	0
2794	154	-448.7275	-0.6139	52461.2863	0
2795	154	-448.7314	-0.6139	52461.2781	0
2796	154	-448.7351	-0.6139	52461.2813	0
2797	154	-448.7395	-0.6139	52461.2888	0
2798	154	-448.7392	-0.6139	52461.3046	0
2799	154	-448.7307	-0.6139	52461.3105	0
2800	154	-448.7302	-0.6139	52461.3058	0
2801	154	-448.7290	-0.6139	52461.3038	0
2802	154	-448.7214	-0.6139	52461.3160	0
2803	154	-448.7355	-0.6139	52461.3271	0
2804	154	-448.7426	-0.6139	52461.3508	0
2805	154	-448.7649	-0.6139	52461.3596	0
2806	154	-448.7928	-0.6139	52461.3559	0
2807	154	-448.8125	-0.6139	52461.3609	0
2808	154	-448.8278	-0.6139	52461.3691	0
2809	154	-448.8380	-0.6139	52461.3917	0
2810	154	-448.8411	-0.6139	52461.4066	0
2811	154	-448.8424	-0.6139	52461.4120	0
2812	154	-448.8423	-0.6139	52461.4071	0
2813	154	-448.8499	-0.6139	52461.4115	0
2814	154	-448.8604	-0.6139	52461.4129	0
2815	154	-448.8634	-0.6139	52461.4329	0
2816	154	-448.8705	-0.6139	52461.4468	0
2817	154	-448.8792	-0.6139	52461.4518	0
2818	154	-448.8773	-0.6139	52461.4533	0
2819	154	-448.8879	-0.6139	52461.4536	0
2820	154	-448.8942	-0.6139	52461.4732	0
2821	154	-448.9026	-0.6139	52461.4804	0
2822	154	-448.9088	-0.6139	52461.4763	0
2823	154	-448.9030	-0.6139	52461.4810	0
2824	154	-448.9151	-0.6139	52461.4825	0
2825	154	-448.9199	-0.6139	52461.5026	0
2826	154	-448.9298	-0.6139	52461.5297	0
2827	154	-448.9527	-0.6139	52461.5529	0
2828	154	-448.9722	-0.6139	52461.5547	0
2829	154	-448.9837	-0.6139	52461.5418	0
2830	154	-448.9809	-0.6139	52461.5432	0
2831	154	-449.0005	-0.6139	52461.5500	0
2832	154	-449.0035	-0.6139	52461.5655	0
2833	154	-449.0077	-0.6139	52461.5777	0
2834	154	-449.0214	-0.6139	52461.5754	0
2835	154	-449.0254	-0.6139	52461.5743	0
2836	154	-449.0469	-0.6139	52461.5802	0
2837	154	-449.0749	-0.6139	52461.6084	0
2838	154	-449.0943	-0.6139	52461.6321	0
2839	154	-449.1086	-0.6139	52461.6341	0
2840	154	-449.1215	-0.6139	52461.6279	0
2841	154	-449.1263	-0.6139	52461.6319	0
2842	154	-449.1256	-0.6139	52461.6462	0
2843	154	-449.1264	-0.6139	52461.6712	0
2844	154	-449.1308	-0.6139	52461.6737	0
2845	154	-449.1354	-0.6139	52461.6677	0
2846	154	-449.1479	-0.6139	52461.6651	0
2847	154	-449.1603	-0.6139	52461.6770	0
2848	154	-449.1744	-0.6139	52461.7011	0
2849	154	-449.1837	-0.6139	52461.7231	0
2850	154	-449.2031	-0.6139	52461.7377	0
2851	154	-449.2161	-0.6139	52461.7428	0
2852	154	-449.2281	-0.6139	52461.7311	0
2853	154	-449.2239	-0.6139	52461.7396	0
2854	154	-449.2281	-0.6139	52461.7689	0
2855	154	-449.2312	-0.6139	52461.7862	0
2856	154	-449.2253	-0.6139	52461.7924	0
2857	154	-449.2138	-0.6139	52461.7877	0
2858	154	-449.2117	-0.6139	52461.7856	0
2859	154	-449.1992	-0.6139	52461.8042	0
2860	154	-449.2145	-0.6139	52461.8243	0
2861	154	-449.2279	-0.6139	52461.8381	0
2862	154	-449.2560	-0.6139	52461.8362	0
2863	154	-449.2711	-0.6139	52461.8286	0
2864	154	-449.2870	-0.6139	52461.8254	0
2865	154	-449.2974	-0.6139	52461.8436	0
2866	154	-449.3053	-0.6139	52461.8635	0
2867	154	-449.2971	-0.6139	52461.8773	0
2868	154	-449.2970	-0.6139	52461.8624	0
2869	154	-449.3065	-0.6139	52461.8566	0
2870	154	-449.3054	-0.6139	52461.8737	0
2871	154	-449.3043	-0.6139	52461.8998	0
2872	154	-449.3131	-0.6139	52461.9226	0
2873	154	-449.3351	-0.6139	52461.9375	0
2874	154	-449.3447	-0.6139	52461.9362	0
2875	154	-449.3445	-0.6139	52461.9288	0
2876	154	-449.3394	-0.6139	52461.9453	0
2877	154	-449.3342	-0.6139	52461.9645	0
2878	154	-449.3331	-0.6139	52461.9780	0
2879	154	-449.3273	-0.6139	52461.9761	0
2880	154	-449.3284	-0.6139	52461.9685	0
2881	154	-449.3352	-0.6139	52461.9653	0
2882	154	-449.3368	-0.6139	52461.9704	0
2883	154	-449.3383	-0.6139	52462.0050	0
2884	154	-449.3492	-0.6139	52462.0311	0
2885	154	-449.3580	-0.6139	52462.0340	0
2886	154	-449.3651	-0.6139	52462.0281	0
2887	154	-449.3701	-0.6139	52462.0322	0
2888	154	-449.3631	-0.6139	52462.0465	0
2889	154	-449.3685	-0.6139	52462.0583	0
2890	154	-449.3745	-0.6139	52462.0624	0
2891	154	-449.3725	-0.6139	52462.0571	0
2892	154	-449.3823	-0.6139	52462.0482	0
2893	154	-449.3932	-0.6139	52462.0577	0
2894	154	-449.3984	-0.6139	52462.0743	0
2895	154	-449.4304	-0.6139	52462.0935	0
2896	154	-449.4473	-0.6139	52462.1071	0
2897	154	-449.4633	-0.6139	52462.0988	0
2898	154	-449.4610	-0.6139	52462.1020	0
2899	154	-449.4555	-0.6139	52462.1292	0
2900	154	-449.4577	-0.6139	52462.1525	0
2901	154	-449.4582	-0.6139	52462.1676	0
2902	154	-449.4621	-0.6139	52462.1662	0
2903	154	-449.4609	-0.6139	52462.1654	0
2904	154	-449.4701	-0.6139	52462.1713	0
2905	154	-449.4799	-0.6139	52462.1863	0
2906	154	-449.4906	-0.6139	52462.2115	0
2907	154	-449.5022	-0.6139	52462.2339	0
2908	154	-449.5213	-0.6139	52462.2354	0
2909	154	-449.5247	-0.6139	52462.2289	0
2910	154	-449.5313	-0.6139	52462.2392	0
2911	154	-449.5445	-0.6139	52462.2626	0
2912	154	-449.5518	-0.6139	52462.2777	0
2913	154	-449.5491	-0.6139	52462.2896	0
2914	154	-449.5542	-0.6139	52462.2937	0
2915	154	-449.5639	-0.6139	52462.2882	0
2916	154	-449.5641	-0.6139	52462.3055	0
2917	154	-449.5783	-0.6139	52462.3249	0
2918	154	-449.5813	-0.6139	52462.3517	0
2919	154	-449.5808	-0.6139	52462.3680	0
2920	154	-449.5816	-0.6139	52462.3604	0
2921	154	-449.5886	-0.6139	52462.3638	0
2922	154	-449.5887	-0.6139	52462.3975	0
2923	154	-449.5928	-0.6139	52462.4100	0
2924	154	-449.5887	-0.6139	52462.4142	0
2925	154	-449.5745	-0.6139	52462.4088	0
2926	154	-449.5587	-0.6139	52462.4064	0
2927	154	-449.5468	-0.6139	52462.4182	0
2928	154	-449.5482	-0.6139	52462.4355	0
2929	154	-449.5453	-0.6139	52462.4615	0
2930	154	-449.5480	-0.6139	52462.4710	0
2931	154	-449.5387	-0.6139	52462.4675	0
2932	154	-449.5392	-0.6139	52462.4724	0
2933	154	-449.5412	-0.6139	52462.4937	0
2934	154	-449.5325	-0.6139	52462.5146	0
2935	154	-449.5150	-0.6139	52462.5353	0
2936	154	-449.4870	-0.6139	52462.5427	0
2937	154	-449.4510	-0.6139	52462.5450	0
2938	154	-449.4297	-0.6139	52462.5520	0
2939	154	-449.4200	-0.6139	52462.5740	0
2940	154	-449.4093	-0.6139	52462.6017	0
2941	154	-449.4072	-0.6139	52462.6118	0
2942	154	-449.4119	-0.6139	52462.6151	0
2943	154	-449.4075	-0.6139	52462.6159	0
2944	154	-449.4164	-0.6139	52462.6289	0
2945	154	-449.4226	-0.6139	52462.6531	0
2946	154	-449.4116	-0.6139	52462.6750	0
2947	154	-449.3969	-0.6139	52462.6829	0
2948	154	-449.3768	-0.6139	52462.6854	0
2949	154	-449.3710	-0.6139	52462.6859	0
2950	154	-449.3687	-0.6139	52462.6988	0
2951	154	-449.3756	-0.6139	52462.7360	0
2952	154	-449.3862	-0.6139	52462.7630	0
2953	154	-449.3945	-0.6139	52462.7793	0
2954	154	-449.3950	-0.6139	52462.7849	0
2955	154	-449.3977	-0.6139	52462.7931	0
2956	154	-449.3929	-0.6139	52462.8286	0
2957	154	-449.3812	-0.6139	52462.8481	0
2958	154	-449.3556	-0.6139	52462.8549	0
2959	154	-449.3330	-0.6139	52462.8503	0
2960	154	-449.3060	-0.6139	52462.8546	0
2961	154	-449.2985	-0.6139	52462.8755	0
2962	154	-449.2903	-0.6139	52462.9092	0
2963	154	-449.2994	-0.6139	52462.9413	0
2964	154	-449.3060	-0.6139	52462.9529	0
2965	154	-449.3053	-0.6139	52462.9566	0
2966	154	-449.3031	-0.6139	52462.9706	0
2967	154	-449.3045	-0.6139	52463.0083	0
2968	154	-449.2903	-0.6139	52463.0285	0
2969	154	-449.2673	-0.6139	52463.0422	0
2970	154	-449.2314	-0.6139	52463.0400	0
2971	154	-449.2148	-0.6139	52463.0386	0
2972	154	-449.2209	-0.6139	52463.0507	0
2973	154	-449.2205	-0.6139	52463.0874	0
2974	154	-449.2170	-0.6139	52463.1273	0
2975	154	-449.2144	-0.6139	52463.1419	0
2976	154	-449.2059	-0.6139	52463.1467	0
2977	154	-449.2099	-0.6139	52463.1545	0
2978	154	-449.2159	-0.6139	52463.1897	0
2979	154	-449.2105	-0.6139	52463.2156	0
2980	154	-449.1946	-0.6139	52463.2249	0
2981	154	-449.1821	-0.6139	52463.2211	0
2982	154	-449.1503	-0.6139	52463.2256	0
2983	154	-449.1475	-0.6139	52463.2399	0
2984	154	-449.1489	-0.6139	52463.2776	0
2985	154	-449.1642	-0.6139	52463.3111	0
2986	154	-449.1848	-0.6139	52463.3298	0
2987	154	-449.1889	-0.6139	52463.3296	0
2988	154	-449.1968	-0.6139	52463.3354	0
2989	154	-449.2030	-0.6139	52463.3634	0
2990	154	-449.2087	-0.6139	52463.3931	0
2991	154	-449.1982	-0.6139	52463.4038	0
2992	154	-449.1888	-0.6139	52463.4072	0
2993	154	-449.1911	-0.6139	52463.4079	0
2994	154	-449.2060	-0.6139	52463.4207	0
2995	154	-449.2155	-0.6139	52463.4578	0
2996	154	-449.2306	-0.6139	52463.4977	0
2997	154	-449.2455	-0.6139	52463.5123	0
2998	154	-449.2636	-0.6139	52463.5171	0
2999	154	-449.2694	-0.6139	52463.5248	0
3000	154	-449.2845	-0.6139	52463.5601	0
3001	154	-449.2869	-0.6139	52463.5925	0
3002	154	-449.2885	-0.6139	52463.6239	0
3003	154	-449.2927	-0.6139	52463.6219	0
3004	154	-449.3015	-0.6139	52463.6205	0
3005	154	-449.3054	-0.6139	52463.6323	0
3006	154	-449.3247	-0.6139	52463.6560	0
3007	154	-449.3385	-0.6139	52463.7037	0
3008	154	-449.3534	-0.6139	52463.7410	0
3009	154	-449.3700	-0.6139	52463.7544	0
3010	154	-449.3697	-0.6139	52463.7587	0
3011	154	-449.3689	-0.6139	52463.7727	0
3012	154	-449.3791	-0.6139	52463.8036	0
3013	154	-449.3872	-0.6139	52463.8343	0
3014	154	-449.3951	-0.6139	52463.8519	0
3015	154	-449.4019	-0.6139	52463.8578	0
3016	154	-449.4082	-0.6139	52463.8592	0
3017	154	-449.4412	-0.6139	52463.8854	0
3018	154	-449.4559	-0.6139	52463.9275	0
3019	154	-449.4608	-0.6139	52463.9757	0
3020	154	-449.4769	-0.6139	52463.9866	0
3021	154	-449.4935	-0.6139	52463.9833	0
3022	154	-449.4897	-0.6139	52464.0075	0
3023	154	-449.5083	-0.6139	52464.0424	0
3024	154	-449.5214	-0.6139	52464.0810	0
3025	154	-449.5204	-0.6139	52464.1081	0
3026	154	-449.5149	-0.6139	52464.1176	0
3027	154	-449.5154	-0.6139	52464.1203	0
3028	154	-449.5385	-0.6139	52464.1336	0
3029	154	-449.5565	-0.6139	52464.1773	0
3030	154	-449.5769	-0.6139	52464.2326	0
3031	154	-449.6070	-0.6139	52464.2528	0
3032	154	-449.6205	-0.6139	52464.2529	0
3033	154	-449.6209	-0.6139	52464.2652	0
3034	154	-449.6371	-0.6139	52464.3086	0
3035	154	-449.6441	-0.6139	52464.3504	0
3036	154	-449.6321	-0.6139	52464.3852	0
3037	154	-449.6169	-0.6139	52464.3974	0
3038	154	-449.6108	-0.6139	52464.4011	0
3039	154	-449.6178	-0.6139	52464.4213	0
3040	154	-449.6339	-0.6139	52464.4610	0
3041	154	-449.6491	-0.6139	52464.5147	0
3042	154	-449.6716	-0.6139	52464.5473	0
3043	154	-449.6780	-0.6139	52464.5653	0
3044	154	-449.6763	-0.6139	52464.5710	0
3045	154	-449.6781	-0.6139	52464.5985	0
3046	154	-449.6840	-0.6139	52464.6474	0
3047	154	-449.6883	-0.6139	52464.6848	0
3048	154	-449.6836	-0.6139	52464.7046	0
3049	154	-449.6849	-0.6139	52464.7045	0
3050	154	-449.6896	-0.6139	52464.7231	0
3051	154	-449.7280	-0.6139	52464.7622	0
3052	154	-449.7738	-0.6139	52464.8155	0
3053	154	-449.8044	-0.6139	52464.8610	0
3054	154	-449.8423	-0.6139	52464.8773	0
3055	154	-449.8633	-0.6139	52464.8890	0
3056	154	-449.9004	-0.6139	52464.9187	0
3057	154	-449.9197	-0.6139	52464.9682	0
3058	154	-449.9413	-0.6139	52465.0254	0
3059	154	-449.9497	-0.6139	52465.0659	0
3060	154	-449.9653	-0.6139	52465.0800	0
3061	154	-450.0083	-0.6139	52465.0973	0
3062	154	-450.0769	-0.6139	52465.1488	0
3063	154	-450.1396	-0.6139	52465.2196	0
3064	154	-450.1941	-0.6139	52465.2717	0
3065	154	-450.2362	-0.6139	52465.2902	0
3066	154	-450.2558	-0.6139	52465.3089	0
3067	154	-450.2732	-0.6139	52465.3542	0
3068	154	-450.3079	-0.6139	52465.4029	0
3069	154	-450.3275	-0.6139	52465.4594	0
3070	154	-450.3344	-0.6139	52465.4994	0
3071	154	-450.3517	-0.6139	52465.5197	0
3072	154	-450.3823	-0.6139	52465.5325	0
3073	154	-450.4453	-0.6139	52465.5624	0
3074	154	-450.5048	-0.6139	52465.6314	0
3075	154	-450.5812	-0.6139	52465.7023	0
3076	154	-450.6462	-0.6139	52465.7346	0
3077	154	-450.6939	-0.6139	52465.7388	0
3078	154	-450.7260	-0.6139	52465.7586	0
3079	154	-450.7679	-0.6139	52465.8108	0
3080	154	-450.7943	-0.6139	52465.8750	0
3081	154	-450.8238	-0.6139	52465.9180	0
3082	154	-450.8712	-0.6139	52465.9592	0
3083	154	-450.9279	-0.6139	52465.9799	0
3084	154	-450.9849	-0.6139	52466.0127	0
3085	154	-451.0290	-0.6139	52466.0761	0
3086	154	-451.0909	-0.6139	52466.1515	0
3087	154	-451.1470	-0.6139	52466.1984	0
3088	154	-451.1856	-0.6139	52466.2146	0
3089	154	-451.2042	-0.6139	52466.2388	0
3090	154	-451.2461	-0.6139	52466.2991	0
3091	154	-451.2785	-0.6139	52466.3858	0
3092	154	-451.3194	-0.6139	52466.4438	0
3093	154	-451.3736	-0.6139	52466.4774	0
3094	154	-451.4362	-0.6139	52466.5015	0
3095	154	-451.5138	-0.6139	52466.5352	0
3096	154	-451.5940	-0.6139	52466.6120	0
3097	154	-451.6679	-0.6139	52466.6986	0
3098	154	-451.7383	-0.6139	52466.7497	0
3099	154	-451.8022	-0.6139	52466.7804	0
3100	154	-451.8194	-0.6139	52466.8165	0
3101	154	-451.8688	-0.6139	52466.8876	0
3102	154	-451.9051	-0.6139	52466.9652	0
3103	154	-451.9580	-0.6139	52467.0454	0
3104	154	-452.0029	-0.6139	52467.1003	0
3105	154	-452.0806	-0.6139	52467.1256	0
3106	154	-452.1889	-0.6139	52467.1529	0
3107	154	-452.2626	-0.6139	52467.2336	0
3108	154	-452.3166	-0.6139	52467.3216	0
3109	154	-452.3797	-0.6139	52467.3992	0
3110	154	-452.4504	-0.6139	52467.4394	0
3111	154	-452.4684	-0.6139	52467.4987	0
3112	154	-452.4834	-0.6139	52467.5653	0
3113	154	-452.5144	-0.6139	52467.6615	0
3114	154	-452.5490	-0.6139	52467.7688	0
3115	154	-452.6279	-0.6139	52467.8527	0
3116	154	-452.7509	-0.6139	52467.8936	0
3117	154	-452.8504	-0.6139	52467.9532	0
3118	154	-452.8887	-0.6139	52468.0537	0
3119	154	-452.9636	-0.6139	52468.1694	0
3120	154	-453.0369	-0.6139	52468.2904	0
3121	154	-453.1195	-0.6139	52468.3779	0
3122	154	-453.1811	-0.6139	52468.4394	0
3123	154	-453.1865	-0.6139	52468.5338	0
3124	154	-453.2132	-0.6139	52468.6469	0
3125	154	-453.2320	-0.6139	52468.7808	0
3126	154	-453.2887	-0.6139	52468.8786	0
3127	154	-453.4421	-0.6139	52468.8988	0
3128	154	-453.5801	-0.6139	52468.9380	0
3129	154	-453.6446	-0.6139	52469.0320	0
3130	154	-453.7364	-0.6139	52469.1387	0
3131	154	-453.8148	-0.6139	52469.2568	0
3132	154	-453.8778	-0.6139	52469.3265	0
3133	154	-453.9899	-0.6139	52469.3662	0
3134	154	-454.0894	-0.6139	52469.4261	0
