1888	172	-465.7554	0	52447.3560	0
1889	172	-465.7551	0	52447.3626	0
1892	172	-465.7539	0	52447.3606	0
1893	172	-465.7539	0	52447.3406	0
1894	172	-465.7538	0	52447.3417	0
1895	172	-465.7544	0	52447.3457	0
1896	172	-465.7545	0	52447.3473	0
1897	172	-465.7538	0	52447.3622	0
1904	172	-465.7516	0	52447.4094	0
1907	172	-465.7507	0	52447.4123	0
1916	172	-465.7477	0	52447.4317	0
1919	172	-465.7474	0	52447.4368	0
1920	172	-465.7476	0	52447.4404	0
1921	172	-465.7476	0	52447.4448	0
1925	172	-465.7471	0	52447.4473	0
1926	172	-465.7472	0	52447.4504	0
1927	172	-465.7471	0	52447.4545	0
1935	172	-465.7465	0	52447.4699	0
1936	172	-465.7463	0	52447.4704	0
1937	172	-465.7463	0	52447.4675	0
1938	172	-465.7464	0	52447.4693	0
1939	172	-465.7462	0	52447.4730	0
1940	172	-465.7462	0	52447.4773	0
1941	172	-465.7462	0	52447.4789	0
1942	172	-465.7461	0	52447.4824	0
1943	172	-465.7460	0	52447.4807	0
1944	172	-465.7461	0	52447.4799	0
1945	172	-465.7462	0	52447.4854	0
1946	172	-465.7459	0	52447.4846	0
1947	172	-465.7458	0	52447.4842	0
1955	172	-465.7450	0	52447.4752	0
1957	172	-465.7448	0	52447.4815	0
1976	172	-465.7424	0	52447.4842	0
1980	172	-465.7423	0	52447.4799	0
1994	172	-465.7408	0	52447.4758	0
