1908	177	-466.8363	0	52318.5114	0
1909	177	-466.8791	0	52319.1454	0
1910	177	-466.9316	0	52320.2721	0
1911	177	-466.9818	0	52320.5935	0
1912	177	-466.9801	0	52320.2488	0
1913	177	-466.9789	0	52320.0998	0
1914	177	-466.9758	0	52320.8624	0
1915	177	-467.0057	0	52321.9317	0
1916	177	-466.9978	0	52322.6907	0
1917	177	-466.9800	0	52322.5482	0
1918	177	-467.0222	0	52322.8509	0
1919	177	-467.0396	0	52322.9508	0
1920	177	-467.0910	0	52324.1076	0
1921	177	-467.1455	0	52324.5029	0
1926	177	-467.3782	0	52325.0418	0
1933	177	-467.5951	0	52327.5839	0
1934	177	-467.6276	0	52327.3328	0
1935	177	-467.6770	0	52327.6085	0
1936	177	-467.7114	0	52328.0445	0
1937	177	-467.7222	0	52328.2059	0
1938	177	-467.7342	0	52328.6040	0
1939	177	-467.7356	0	52328.7461	0
1943	177	-467.7376	0	52329.7695	0
1944	177	-467.7257	0	52330.2143	0
1945	177	-467.7276	0	52330.3529	0
1946	177	-467.7693	0	52331.4269	0
1947	177	-467.7990	0	52331.4546	0
1948	177	-467.8133	0	52331.4484	0
1949	177	-467.8400	0	52330.3880	0
1950	177	-467.8310	0	52330.3337	0
1954	177	-467.8308	0	52330.3044	0
1955	177	-467.8292	0	52331.0123	0
1956	177	-467.8758	0	52330.8699	0
1957	177	-467.9397	0	52330.4546	0
1958	177	-467.9666	0	52331.3195	0
1959	177	-467.9507	0	52331.6515	0
1960	177	-467.9742	0	52331.7624	0
1961	177	-467.9450	0	52331.4745	0
1962	177	-467.9619	0	52331.3445	0
1963	177	-467.9442	0	52331.3035	0
1964	177	-467.9501	0	52330.9324	0
1965	177	-467.9590	0	52331.8133	0
1966	177	-467.9897	0	52332.1357	0
1967	177	-468.0510	0	52331.2276	0
1968	177	-468.0884	0	52330.5440	0
1969	177	-468.0847	0	52330.6107	0
1970	177	-468.0795	0	52330.6418	0
1971	177	-468.0726	0	52331.3280	0
1972	177	-468.0767	0	52330.9162	0
1973	177	-468.0784	0	52330.7503	0
1974	177	-468.0789	0	52330.6960	0
1975	177	-468.0772	0	52329.6410	0
1976	177	-468.0703	0	52329.9345	0
1977	177	-468.0825	0	52330.3911	0
1978	177	-468.1174	0	52330.5491	0
1979	177	-468.1330	0	52330.6165	0
1980	177	-468.1715	0	52330.6209	0
1981	177	-468.1891	0	52330.6265	0
1982	177	-468.2142	0	52330.2752	0
1983	177	-468.2024	0	52330.4918	0
1984	177	-468.1970	0	52330.5844	0
1985	177	-468.1937	0	52330.6168	0
1986	177	-468.1941	0	52329.9367	0
1987	177	-468.1793	0	52329.3291	0
1988	177	-468.1846	0	52328.4039	0
1989	177	-468.1799	0	52328.7549	0
1990	177	-468.2074	0	52328.8911	0
1991	177	-468.2249	0	52329.2937	0
1992	177	-468.2292	0	52329.4456	0
1993	177	-468.2329	0	52329.5138	0
1994	177	-468.2098	0	52329.5416	0
1995	177	-468.2032	0	52329.5539	0
1996	177	-468.2031	0	52329.5631	0
1997	177	-468.2051	0	52329.5598	0
1998	177	-468.2030	0	52329.5705	0
1999	177	-468.2107	0	52329.9150	0
2000	177	-468.2204	0	52330.3852	0
2001	177	-468.2214	0	52330.5637	0
2002	177	-468.2308	0	52330.9627	0
2003	177	-468.2391	0	52331.4521	0
2004	177	-468.2424	0	52331.6396	0
2005	177	-468.2262	0	52332.0362	0
2006	177	-468.1715	0	52332.5354	0
2007	177	-468.1564	0	52332.7138	0
2008	177	-468.1590	0	52333.1068	0
2009	177	-468.1587	0	52333.8946	0
2010	177	-468.1712	0	52333.8561	0
2011	177	-468.1896	0	52333.5036	0
2012	177	-468.1783	0	52333.6936	0
2013	177	-468.1450	0	52333.7732	0
2014	177	-468.1061	0	52333.7974	0
2015	177	-468.1036	0	52334.1345	0
2016	177	-468.1249	0	52334.8870	0
2017	177	-468.1641	0	52335.1613	0
2018	177	-468.2058	0	52335.2487	0
2019	177	-468.2185	0	52335.2665	0
2020	177	-468.2404	0	52334.9428	0
2021	177	-468.2213	0	52335.7787	0
2022	177	-468.2065	0	52335.7776	0
2023	177	-468.1750	0	52335.7817	0
2024	177	-468.1807	0	52335.4406	0
2025	177	-468.2099	0	52335.3041	0
2026	177	-468.2378	0	52334.9105	0
2027	177	-468.2824	0	52335.0738	0
2028	177	-468.2913	0	52335.7764	0
2029	177	-468.3040	0	52336.3552	0
2030	177	-468.3257	0	52336.2448	0
2031	177	-468.3171	0	52336.5214	0
2032	177	-468.3598	0	52336.2883	0
2033	177	-468.3637	0	52336.5160	0
2034	177	-468.3398	0	52336.6051	0
2035	177	-468.3353	0	52336.6288	0
2036	177	-468.3754	0	52336.9460	0
2037	177	-468.4060	0	52336.7275	0
2038	177	-468.4708	0	52336.6245	0
2039	177	-468.5226	0	52336.5833	0
2040	177	-468.5863	0	52336.2246	0
2041	177	-468.6062	0	52336.0935	0
2042	177	-468.6569	0	52335.7110	0
2043	177	-468.6778	0	52335.8754	0
2044	177	-468.7176	0	52336.2470	0
2045	177	-468.6904	0	52336.7066	0
2046	177	-468.7076	0	52336.2484	0
2047	177	-468.7004	0	52336.7053	0
2048	177	-468.6994	0	52337.1917	0
2049	177	-468.6538	0	52337.7010	0
2050	177	-468.6673	0	52338.1941	0
2051	177	-468.6937	0	52338.0559	0
2052	177	-468.8071	0	52337.3385	0
2053	177	-468.8369	0	52336.7580	0
2054	177	-468.8909	0	52337.1395	0
2055	177	-468.8858	0	52336.9854	0
2056	177	-468.8759	0	52338.4808	0
2057	177	-468.8721	0	52339.0378	0
2058	177	-468.8601	0	52339.5495	0
2059	177	-468.8590	0	52339.7333	0
2060	177	-468.8681	0	52340.0910	0
2061	177	-468.9032	0	52339.2984	0
2062	177	-468.9356	0	52339.5901	0
2063	177	-468.9160	0	52340.2942	0
2064	177	-468.9101	0	52340.5679	0
2065	177	-468.9104	0	52340.6614	0
2066	177	-468.9550	0	52340.3702	0
2067	177	-469.0133	0	52339.0390	0
2068	177	-469.0505	0	52339.1220	0
2069	177	-469.0198	0	52339.4693	0
2070	177	-468.9797	0	52339.9172	0
2071	177	-468.9510	0	52340.3854	0
2072	177	-468.9402	0	52340.5609	0
2073	177	-468.9941	0	52339.7006	0
2074	177	-468.9764	0	52339.9790	0
2075	177	-469.0293	0	52340.3684	0
2076	177	-469.0067	0	52340.8240	0
2077	177	-469.0017	0	52340.0943	0
2078	177	-469.0270	0	52339.8094	0
2079	177	-469.0604	0	52340.5967	0
2080	177	-469.0406	0	52341.1974	0
2081	177	-468.9604	0	52342.6126	0
2082	177	-468.9200	0	52342.8504	0
2083	177	-468.9132	0	52343.2267	0
2084	177	-468.8851	0	52343.3608	0
2085	177	-468.8792	0	52343.6916	0
2086	177	-468.8913	0	52343.5071	0
2087	177	-468.9279	0	52342.8403	0
2088	177	-468.8949	0	52342.8833	0
2089	177	-468.8610	0	52342.9030	0
2090	177	-468.7945	0	52343.7972	0
2091	177	-468.7668	0	52344.1215	0
2092	177	-468.7497	0	52343.9512	0
2093	177	-468.7543	0	52344.1675	0
2094	177	-468.7673	0	52343.6624	0
2095	177	-468.8253	0	52341.9948	0
2096	177	-468.8521	0	52341.0740	0
2097	177	-468.8108	0	52341.5891	0
2098	177	-468.7317	0	52342.4119	0
2099	177	-468.6411	0	52342.7480	0
2100	177	-468.6309	0	52342.5782	0
2101	177	-468.5735	0	52344.2657	0
2102	177	-468.4915	0	52345.4902	0
2103	177	-468.4582	0	52345.9295	0
2104	177	-468.4149	0	52346.0819	0
2105	177	-468.3881	0	52344.9955	0
2106	177	-468.3455	0	52345.4554	0
2107	177	-468.2951	0	52346.1870	0
2108	177	-468.2474	0	52346.4632	0
2109	177	-468.2368	0	52345.9912	0
2110	177	-468.2083	0	52345.8153	0
2111	177	-468.1835	0	52346.0312	0
2112	177	-468.1820	0	52346.3829	0
2113	177	-468.1395	0	52346.8000	0
2114	177	-468.1184	0	52346.6793	0
2115	177	-468.0937	0	52346.9060	0
2116	177	-468.0946	0	52347.2565	0
2117	177	-468.0680	0	52347.3920	0
2118	177	-468.0433	0	52347.7139	0
2119	177	-468.0072	0	52347.2869	0
2120	177	-467.9797	0	52346.8520	0
2121	177	-467.9690	0	52346.6900	0
2122	177	-467.9596	0	52347.1700	0
2123	177	-467.9740	0	52347.8882	0
2124	177	-467.9606	0	52348.1645	0
2125	177	-467.9704	0	52347.9827	0
2126	177	-467.9933	0	52347.6340	0
2127	177	-467.9935	0	52347.7786	0
2128	177	-467.9989	0	52348.0967	0
2129	177	-468.0002	0	52348.2137	0
2130	177	-468.0124	0	52347.9766	0
2131	177	-467.9905	0	52347.0805	0
2132	177	-468.0016	0	52346.4453	0
2133	177	-468.0199	0	52346.7596	0
2134	177	-468.0292	0	52346.8807	0
2135	177	-468.0273	0	52346.6502	0
2136	177	-468.0463	0	52346.2826	0
2137	177	-468.0411	0	52345.8720	0
2138	177	-468.0360	0	52345.7247	0
2139	177	-468.0759	0	52345.3766	0
2140	177	-468.0639	0	52345.2555	0
2141	177	-468.0660	0	52344.6552	0
2142	177	-468.0834	0	52343.8530	0
2143	177	-468.1263	0	52343.2493	0
2144	177	-468.1705	0	52343.0277	0
2145	177	-468.1627	0	52342.9592	0
2146	177	-468.1883	0	52342.9356	0
2147	177	-468.1899	0	52342.6497	0
2148	177	-468.1970	0	52341.9590	0
2149	177	-468.1926	0	52342.3035	0
2150	177	-468.2015	0	52342.7387	0
2151	177	-468.2083	0	52342.3190	0
2152	177	-468.2279	0	52341.8632	0
2153	177	-468.2503	0	52341.4017	0
2154	177	-468.2507	0	52341.8307	0
2155	177	-468.2608	0	52342.2753	0
2156	177	-468.2727	0	52342.4546	0
2157	177	-468.2916	0	52341.3299	0
2158	177	-468.2986	0	52340.9129	0
2159	177	-468.3073	0	52341.0619	0
2160	177	-468.3064	0	52341.7213	0
2161	177	-468.2895	0	52342.2742	0
2162	177	-468.2856	0	52341.8931	0
2163	177	-468.2491	0	52341.4644	0
2164	177	-468.2865	0	52342.1903	0
2165	177	-468.2850	0	52342.7492	0
2166	177	-468.2702	0	52343.2514	0
2167	177	-468.3128	0	52343.1356	0
2168	177	-468.3238	0	52342.8032	0
2169	177	-468.3705	0	52342.3588	0
2170	177	-468.3727	0	52342.4987	0
2171	177	-468.3445	0	52342.8520	0
2172	177	-468.3156	0	52343.2733	0
2173	177	-468.2695	0	52343.1570	0
2174	177	-468.2533	0	52343.1115	0
2175	177	-468.2480	0	52343.9549	0
2176	177	-468.2510	0	52344.2598	0
2177	177	-468.2486	0	52344.0897	0
2178	177	-468.2513	0	52344.0175	0
2179	177	-468.2488	0	52343.7020	0
2180	177	-468.2608	0	52344.1544	0
2181	177	-468.2394	0	52344.3286	0
2182	177	-468.2511	0	52344.9465	0
2183	177	-468.2254	0	52345.1820	0
2184	177	-468.2218	0	52344.7020	0
2185	177	-468.1948	0	52344.5225	0
2186	177	-468.1861	0	52345.2950	0
2187	177	-468.1704	0	52345.8639	0
2188	177	-468.1915	0	52346.0665	0
2189	177	-468.2027	0	52346.1369	0
2190	177	-468.2154	0	52345.5980	0
2191	177	-468.2401	0	52345.9406	0
2192	177	-468.2549	0	52347.1636	0
2193	177	-468.2465	0	52347.3477	0
2194	177	-468.2395	0	52347.4116	0
2195	177	-468.2372	0	52347.4240	0
2196	177	-468.2355	0	52347.4179	0
2197	177	-468.2695	0	52347.6750	0
2198	177	-468.2647	0	52348.5699	0
2199	177	-468.2926	0	52348.8992	0
2200	177	-468.3406	0	52348.4606	0
2201	177	-468.3659	0	52348.5559	0
2202	177	-468.3624	0	52348.8486	0
2203	177	-468.3921	0	52349.2166	0
2204	177	-468.3918	0	52349.6120	0
2205	177	-468.3881	0	52349.7546	0
2206	177	-468.3985	0	52349.5322	0
2207	177	-468.4046	0	52349.4423	0
2208	177	-468.4238	0	52349.9157	0
2209	177	-468.4159	0	52350.3577	0
2210	177	-468.4119	0	52350.5231	0
2211	177	-468.4094	0	52350.5744	0
2212	177	-468.4114	0	52350.5841	0
2213	177	-468.4156	0	52350.8384	0
2214	177	-468.4121	0	52351.4424	0
2215	177	-468.4135	0	52351.9182	0
2216	177	-468.4114	0	52352.0963	0
2217	177	-468.4027	0	52351.9006	0
2218	177	-468.3979	0	52351.8174	0
2219	177	-468.4104	0	52352.2826	0
2220	177	-468.4257	0	52352.6938	0
2221	177	-468.4116	0	52352.8505	0
2222	177	-468.4100	0	52352.9037	0
2223	177	-468.4120	0	52352.9112	0
2224	177	-468.4203	0	52353.1569	0
2225	177	-468.4298	0	52353.4876	0
2226	177	-468.4390	0	52353.8565	0
2227	177	-468.4379	0	52353.9894	0
2228	177	-468.4056	0	52353.7977	0
2229	177	-468.3935	0	52353.7083	0
2230	177	-468.3986	0	52354.6604	0
2231	177	-468.3958	0	52355.4872	0
2232	177	-468.4006	0	52356.0332	0
2233	177	-468.4024	0	52356.2208	0
2234	177	-468.4064	0	52356.2870	0
2235	177	-468.4206	0	52356.7660	0
2236	177	-468.4018	0	52357.4059	0
2237	177	-468.3959	0	52357.6393	0
2238	177	-468.3948	0	52357.7146	0
2239	177	-468.3962	0	52357.7313	0
2240	177	-468.3909	0	52358.1961	0
2241	177	-468.3973	0	52359.0461	0
2242	177	-468.3961	0	52359.1219	0
2243	177	-468.4085	0	52359.3691	0
2244	177	-468.4270	0	52359.2058	0
2245	177	-468.4557	0	52359.1371	0
2246	177	-468.4384	0	52359.5588	0
2247	177	-468.4370	0	52359.9369	0
2248	177	-468.4004	0	52360.3066	0
2249	177	-468.3889	0	52360.4325	0
2250	177	-468.4091	0	52360.4635	0
2251	177	-468.4166	0	52360.4670	0
2252	177	-468.4123	0	52360.9038	0
2253	177	-468.4243	0	52361.2810	0
2254	177	-468.4294	0	52361.4106	0
2255	177	-468.4441	0	52361.2261	0
2256	177	-468.4606	0	52361.5866	0
2257	177	-468.4444	0	52361.9385	0
2258	177	-468.4357	0	52362.0695	0
2259	177	-468.3907	0	52362.1177	0
2260	177	-468.3922	0	52362.1220	0
2261	177	-468.3825	0	52362.5506	0
2262	177	-468.3683	0	52362.9257	0
2263	177	-468.3739	0	52363.2681	0
2264	177	-468.3851	0	52363.6023	0
2265	177	-468.3846	0	52363.5066	0
2266	177	-468.3914	0	52363.6704	0
2267	177	-468.4000	0	52363.9395	0
2268	177	-468.3925	0	52364.4471	0
2269	177	-468.3824	0	52364.4301	0
2270	177	-468.3929	0	52364.2014	0
2271	177	-468.3932	0	52364.1074	0
2272	177	-468.4054	0	52364.4827	0
2273	177	-468.3910	0	52365.2352	0
2274	177	-468.3982	0	52365.7176	0
2275	177	-468.4133	0	52365.6817	0
2276	177	-468.4434	0	52365.6538	0
2277	177	-468.4593	0	52365.8427	0
2278	177	-468.4279	0	52366.1185	0
2279	177	-468.4150	0	52366.2142	0
2280	177	-468.4049	0	52366.0431	0
2281	177	-468.4015	0	52365.9703	0
2282	177	-468.4061	0	52366.1349	0
2283	177	-468.4060	0	52366.8036	0
2284	177	-468.4186	0	52367.2395	0
2285	177	-468.4231	0	52367.4032	0
2286	177	-468.4310	0	52367.0530	0
2287	177	-468.4336	0	52366.9121	0
2288	177	-468.4070	0	52367.2611	0
2289	177	-468.3999	0	52367.5864	0
2290	177	-468.3717	0	52367.7094	0
2291	177	-468.3502	0	52367.5554	0
2292	177	-468.3387	0	52367.4980	0
2293	177	-468.3174	0	52367.6704	0
2294	177	-468.2977	0	52367.9288	0
2295	177	-468.3064	0	52368.4091	0
2296	177	-468.2872	0	52368.5958	0
2297	177	-468.2758	0	52368.4662	0
2298	177	-468.2782	0	52368.6002	0
2299	177	-468.2497	0	52369.0445	0
2300	177	-468.2482	0	52369.3925	0
2301	177	-468.2252	0	52369.5280	0
2302	177	-468.2127	0	52369.3798	0
2303	177	-468.2179	0	52369.1218	0
2304	177	-468.2138	0	52369.4032	0
2305	177	-468.2216	0	52369.6964	0
2306	177	-468.2173	0	52370.1889	0
2307	177	-468.2127	0	52370.1752	0
2308	177	-468.2288	0	52370.1557	0
2309	177	-468.2340	0	52370.1508	0
2310	177	-468.2061	0	52370.5261	0
2311	177	-468.1953	0	52370.6633	0
2312	177	-468.1769	0	52370.9000	0
2313	177	-468.1535	0	52370.6085	0
2314	177	-468.1455	0	52370.4985	0
2315	177	-468.1487	0	52370.6366	0
2316	177	-468.1595	0	52370.8716	0
2317	177	-468.1609	0	52371.3332	0
2318	177	-468.1589	0	52371.4963	0
2319	177	-468.1656	0	52371.1846	0
2320	177	-468.1656	0	52371.0583	0
2321	177	-468.1591	0	52371.3807	0
2322	177	-468.1295	0	52371.8808	0
2323	177	-468.1093	0	52371.8811	0
2324	177	-468.1059	0	52371.5045	0
2325	177	-468.0840	0	52371.3622	0
2326	177	-468.0692	0	52371.6778	0
2327	177	-468.0431	0	52372.1664	0
2328	177	-468.0399	0	52372.5332	0
2329	177	-468.0580	0	52372.4737	0
2330	177	-468.0771	0	52372.2591	0
2331	177	-468.0807	0	52372.1770	0
2332	177	-468.0556	0	52372.5165	0
2333	177	-468.0518	0	52372.8212	0
2334	177	-468.0368	0	52373.1095	0
2335	177	-468.0043	0	52372.6822	0
2336	177	-467.9991	0	52372.6964	0
2337	177	-468.0184	0	52372.6961	0
2338	177	-468.0103	0	52372.8769	0
2339	177	-468.0175	0	52373.1135	0
2340	177	-468.0194	0	52373.2080	0
2341	177	-468.0430	0	52373.2281	0
2342	177	-468.0511	0	52373.2344	0
2343	177	-468.0383	0	52373.4181	0
2344	177	-468.0008	0	52373.6720	0
2345	177	-467.9926	0	52373.9417	0
2346	177	-467.9715	0	52374.0404	0
2347	177	-467.9581	0	52373.5392	0
2348	177	-467.9742	0	52373.3407	0
2349	177	-467.9751	0	52373.6248	0
2350	177	-467.9748	0	52373.7301	0
2351	177	-467.9822	0	52373.7662	0
2352	177	-467.9805	0	52373.5966	0
2353	177	-467.9867	0	52373.7142	0
2354	177	-467.9848	0	52373.7534	0
2355	177	-467.9806	0	52374.1234	0
2356	177	-467.9753	0	52374.6108	0
2357	177	-467.9704	0	52374.7962	0
2358	177	-467.9577	0	52374.6895	0
2359	177	-467.9346	0	52374.3009	0
2360	177	-467.9444	0	52374.4932	0
2361	177	-467.9388	0	52374.7416	0
2362	177	-467.9373	0	52374.8305	0
2363	177	-467.9265	0	52375.0408	0
2364	177	-467.9196	0	52375.1139	0
2365	177	-467.9034	0	52375.3170	0
2366	177	-467.8783	0	52375.5683	0
2367	177	-467.8632	0	52375.9984	0
2368	177	-467.8327	0	52376.1660	0
2369	177	-467.7894	0	52375.8876	0
2370	177	-467.7813	0	52375.6008	0
2371	177	-467.7890	0	52375.8348	0
2372	177	-467.8083	0	52375.9147	0
2373	177	-467.7995	0	52375.9467	0
2374	177	-467.7728	0	52375.7907	0
2375	177	-467.7838	0	52375.8939	0
2376	177	-467.7631	0	52375.9396	0
2377	177	-467.7271	0	52376.2987	0
2378	177	-467.6927	0	52376.4397	0
2379	177	-467.6665	0	52376.6602	0
2380	177	-467.6429	0	52376.4075	0
2381	177	-467.6369	0	52376.3085	0
2382	177	-467.6589	0	52376.7640	0
2383	177	-467.6111	0	52376.9472	0
2384	177	-467.5850	0	52377.1883	0
2385	177	-467.5928	0	52377.2678	0
2386	177	-467.5554	0	52377.3019	0
2387	177	-467.5314	0	52377.1439	0
2388	177	-467.4974	0	52377.5925	0
2389	177	-467.4733	0	52377.9217	0
2390	177	-467.4172	0	52378.0545	0
2391	177	-467.3587	0	52377.7808	0
2392	177	-467.3261	0	52377.8393	0
2393	177	-467.3169	0	52378.0210	0
2394	177	-467.2845	0	52378.2587	0
2395	177	-467.2710	0	52378.3443	0
2396	177	-467.2441	0	52378.7038	0
2397	177	-467.2348	0	52378.5130	0
2398	177	-467.2054	0	52378.2749	0
2399	177	-467.1740	0	52378.1893	0
2400	177	-467.1742	0	52378.4798	0
2401	177	-467.1474	0	52378.5950	0
2402	177	-467.1222	0	52378.8006	0
2403	177	-467.0940	0	52378.5587	0
2404	177	-467.0920	0	52378.2933	0
2405	177	-467.0704	0	52378.5226	0
2406	177	-467.0559	0	52378.7734	0
2407	177	-467.0449	0	52379.0304	0
2408	177	-467.0486	0	52378.9612	0
2409	177	-467.0244	0	52378.7752	0
2410	177	-467.0310	0	52379.0227	0
2411	177	-467.0231	0	52379.2784	0
2412	177	-466.9899	0	52379.5396	0
2413	177	-466.9794	0	52379.3157	0
2414	177	-466.9650	0	52379.0638	0
2415	177	-466.9610	0	52378.9686	0
2416	177	-466.9611	0	52378.9334	0
2417	177	-466.9818	0	52378.9102	0
2418	177	-466.9924	0	52378.9045	0
2419	177	-466.9944	0	52378.7369	0
2420	177	-466.9791	0	52378.6787	0
2421	177	-466.9822	0	52378.8181	0
2422	177	-466.9685	0	52379.3581	0
2423	177	-466.9784	0	52379.8743	0
2424	177	-466.9531	0	52379.9161	0
2425	177	-466.9049	0	52379.6244	0
2426	177	-466.8978	0	52379.3398	0
2427	177	-466.8998	0	52379.2344	0
2428	177	-466.9174	0	52379.5062	0
2429	177	-466.9103	0	52379.6125	0
2430	177	-466.9169	0	52379.8086	0
2431	177	-466.9327	0	52379.7228	0
2432	177	-466.9308	0	52379.5283	0
2433	177	-466.9280	0	52379.4540	0
2434	177	-466.9354	0	52379.9018	0
2435	177	-466.9125	0	52379.9134	0
2436	177	-466.8922	0	52379.6007	0
2437	177	-466.8738	0	52379.1562	0
2438	177	-466.8640	0	52378.8257	0
2439	177	-466.8495	0	52378.7110	0
2440	177	-466.8609	0	52379.1647	0
2441	177	-466.8910	0	52379.6498	0
2442	177	-466.9085	0	52379.8231	0
2443	177	-466.8621	0	52379.1011	0
2444	177	-466.8715	0	52379.1424	0
2445	177	-466.9433	0	52380.2687	0
2446	177	-466.9751	0	52381.4253	0
2447	177	-466.9639	0	52381.8787	0
2448	177	-466.9246	0	52381.7585	0
2449	177	-466.9092	0	52382.0003	0
2450	177	-466.8870	0	52381.4896	0
2451	177	-466.8532	0	52382.0479	0
2452	177	-466.8680	0	52382.2490	0
2453	177	-466.9216	0	52382.4569	0
2454	177	-466.9713	0	52382.6692	0
2455	177	-467.0095	0	52382.7379	0
2456	177	-467.0155	0	52382.9096	0
2457	177	-467.0095	0	52383.5602	0
2458	177	-466.9874	0	52383.6617	0
2459	177	-466.9663	0	52383.6914	0
2460	177	-466.9289	0	52383.4056	0
2461	177	-466.9080	0	52383.2930	0
2462	177	-466.9168	0	52383.6899	0
2463	177	-466.9019	0	52383.9805	0
2464	177	-466.9091	0	52384.3754	0
2465	177	-466.9116	0	52384.2280	0
2466	177	-466.9166	0	52384.0122	0
2467	177	-466.9047	0	52384.0808	0
2468	177	-466.9250	0	52384.2396	0
2469	177	-466.9060	0	52384.5940	0
2470	177	-466.8739	0	52384.7300	0
2471	177	-466.8593	0	52384.4841	0
2472	177	-466.8576	0	52384.5353	0
2473	177	-466.8593	0	52384.9794	0
2474	177	-466.8519	0	52385.2869	0
2475	177	-466.8584	0	52385.5433	0
2476	177	-466.8616	0	52385.6325	0
2477	177	-466.8818	0	52385.3702	0
2478	177	-466.9229	0	52385.2569	0
2479	177	-466.9486	0	52385.3512	0
2480	177	-466.9275	0	52385.5349	0
2481	177	-466.9134	0	52385.7439	0
2482	177	-466.9169	0	52385.6727	0
2483	177	-466.9258	0	52385.4983	0
2484	177	-466.9531	0	52385.5679	0
2485	177	-466.9774	0	52385.8670	0
2486	177	-466.9958	0	52386.1178	0
2487	177	-467.0026	0	52386.2126	0
2488	177	-467.0228	0	52385.9561	0
2489	177	-467.0368	0	52385.9973	0
2490	177	-467.0492	0	52386.1461	0
2491	177	-467.0460	0	52386.3420	0
2492	177	-467.0477	0	52386.5549	0
2493	177	-467.0402	0	52386.4928	0
2494	177	-467.0436	0	52386.3262	0
2495	177	-467.0458	0	52386.2567	0
2496	177	-467.0630	0	52386.5070	0
2497	177	-467.0796	0	52387.0113	0
2498	177	-467.1054	0	52387.1953	0
2499	177	-467.1172	0	52387.2559	0
2500	177	-467.1512	0	52387.5437	0
2501	177	-467.1520	0	52387.6487	0
2502	177	-467.1757	0	52387.8152	0
2503	177	-467.1757	0	52388.0089	0
2504	177	-467.1746	0	52388.0775	0
2505	177	-467.2038	0	52388.0924	0
2506	177	-467.2195	0	52388.2277	0
2507	177	-467.2161	0	52388.4092	0
2508	177	-467.2209	0	52388.4697	0
2509	177	-467.2429	0	52388.4834	0
2510	177	-467.2970	0	52388.6085	0
2511	177	-467.3160	0	52388.6511	0
2512	177	-467.3304	0	52388.7980	0
2513	177	-467.3336	0	52389.1086	0
2514	177	-467.3478	0	52389.4830	0
2515	177	-467.3384	0	52389.6245	0
2516	177	-467.3213	0	52389.4116	0
2517	177	-467.3474	0	52389.3157	0
2518	177	-467.3561	0	52389.5404	0
2519	177	-467.3571	0	52389.8832	0
2520	177	-467.3503	0	52390.1387	0
2521	177	-467.3713	0	52390.2238	0
2522	177	-467.3885	0	52390.1207	0
2523	177	-467.3765	0	52390.0795	0
2524	177	-467.3706	0	52390.7035	0
2525	177	-467.3647	0	52390.9318	0
2526	177	-467.3402	0	52391.0181	0
2527	177	-467.3140	0	52390.7955	0
2528	177	-467.3036	0	52390.7065	0
2529	177	-467.3047	0	52390.7946	0
2530	177	-467.2950	0	52391.2054	0
2531	177	-467.2944	0	52391.3574	0
2532	177	-467.2981	0	52391.4087	0
2533	177	-467.3098	0	52391.2940	0
2534	177	-467.3284	0	52391.2460	0
2535	177	-467.3220	0	52391.4754	0
2536	177	-467.3136	0	52391.6872	0
2537	177	-467.2876	0	52391.6419	0
2538	177	-467.2879	0	52391.4933	0
2539	177	-467.2781	0	52391.5613	0
2540	177	-467.2823	0	52391.7095	0
2541	177	-467.2951	0	52391.8841	0
2542	177	-467.2991	0	52392.0710	0
2543	177	-467.3214	0	52392.1372	0
2544	177	-467.3343	0	52391.9064	0
2545	177	-467.3711	0	52391.8080	0
2546	177	-467.3650	0	52392.0203	0
2547	177	-467.3558	0	52392.2252	0
2548	177	-467.3476	0	52392.1802	0
2549	177	-467.3456	0	52391.9095	0
2550	177	-467.3723	0	52391.6735	0
2551	177	-467.3794	0	52391.8352	0
2552	177	-467.3905	0	52392.0166	0
2553	177	-467.4106	0	52392.3299	0
2554	177	-467.4360	0	52392.4431	0
2555	177	-467.4587	0	52392.3577	0
2556	177	-467.4744	0	52392.4411	0
2557	177	-467.5000	0	52392.4679	0
2558	177	-467.4954	0	52392.8472	0
2559	177	-467.5164	0	52392.8592	0
2560	177	-467.4923	0	52392.8681	0
2561	177	-467.4825	0	52392.6234	0
2562	177	-467.4935	0	52392.5250	0
2563	177	-467.5018	0	52392.6081	0
2564	177	-467.5204	0	52392.8764	0
2565	177	-467.5427	0	52392.9763	0
2566	177	-467.5648	0	52393.2479	0
2567	177	-467.5737	0	52393.1085	0
2568	177	-467.5579	0	52393.0563	0
2569	177	-467.5756	0	52393.1496	0
2570	177	-467.5735	0	52393.3078	0
2571	177	-467.5615	0	52393.4875	0
2572	177	-467.5681	0	52393.5491	0
2573	177	-467.5622	0	52393.4540	0
2574	177	-467.5696	0	52393.6478	0
2575	177	-467.5831	0	52393.8375	0
2576	177	-467.6045	0	52394.1380	0
2577	177	-467.6283	0	52394.2469	0
2578	177	-467.6547	0	52394.2803	0
2579	177	-467.6613	0	52394.1722	0
2580	177	-467.6876	0	52394.2405	0
2581	177	-467.6944	0	52394.4962	0
2582	177	-467.6920	0	52394.4768	0
2583	177	-467.6914	0	52394.4629	0
2584	177	-467.6911	0	52394.4571	0
2585	177	-467.6961	0	52394.5670	0
2586	177	-467.7021	0	52394.7236	0
2587	177	-467.7091	0	52395.1230	0
2588	177	-467.7208	0	52395.6170	0
2589	177	-467.7490	0	52395.9043	0
2590	177	-467.7754	0	52396.0039	0
2591	177	-467.7761	0	52396.1491	0
2592	177	-467.7670	0	52396.5402	0
2593	177	-467.7613	0	52396.9036	0
2594	177	-467.7526	0	52397.1428	0
2595	177	-467.7509	0	52397.2252	0
2596	177	-467.7514	0	52397.2485	0
2597	177	-467.7730	0	52397.3563	0
2598	177	-467.7539	0	52397.7258	0
2599	177	-467.7588	0	52397.9624	0
2600	177	-467.7849	0	52398.1477	0
2601	177	-467.7981	0	52398.2106	0
2602	177	-467.8095	0	52398.3322	0
2603	177	-467.8165	0	52398.6928	0
2604	177	-467.8094	0	52398.9289	0
2605	177	-467.7989	0	52399.1203	0
2606	177	-467.7847	0	52399.0796	0
2607	177	-467.7866	0	52398.9507	0
2608	177	-467.7987	0	52398.8928	0
2609	177	-467.7831	0	52399.0834	0
2610	177	-467.7891	0	52399.3571	0
2611	177	-467.7953	0	52399.4533	0
2612	177	-467.7989	0	52399.4871	0
2613	177	-467.8237	0	52399.5919	0
2614	177	-467.8305	0	52399.8362	0
2615	177	-467.8386	0	52400.0264	0
2616	177	-467.8262	0	52400.1991	0
2617	177	-467.8267	0	52400.1543	0
2618	177	-467.8094	0	52400.1392	0
2619	177	-467.8059	0	52400.2274	0
2620	177	-467.8179	0	52400.4607	0
2621	177	-467.8259	0	52400.8470	0
2622	177	-467.8264	0	52401.1910	0
2623	177	-467.8528	0	52401.3079	0
2624	177	-467.8623	0	52401.3475	0
2625	177	-467.8614	0	52401.5537	0
2626	177	-467.8599	0	52401.6278	0
2627	177	-467.8513	0	52401.7513	0
2628	177	-467.8337	0	52401.8932	0
2629	177	-467.8199	0	52401.8462	0
2630	177	-467.8171	0	52401.9214	0
2631	177	-467.8111	0	52402.1415	0
2632	177	-467.8002	0	52402.3186	0
2633	177	-467.8093	0	52402.5743	0
2634	177	-467.8118	0	52402.6663	0
2635	177	-467.8149	0	52402.4986	0
2636	177	-467.8263	0	52402.4296	0
2637	177	-467.8150	0	52402.5964	0
2638	177	-467.8007	0	52402.7571	0
2639	177	-467.8032	0	52402.7114	0
2640	177	-467.7891	0	52402.6953	0
2641	177	-467.7915	0	52402.5895	0
2642	177	-467.7967	0	52402.6418	0
2643	177	-467.8050	0	52402.8501	0
2644	177	-467.8326	0	52403.1164	0
2645	177	-467.8681	0	52403.1112	0
2646	177	-467.8849	0	52402.9124	0
2647	177	-467.8960	0	52402.9321	0
2648	177	-467.9095	0	52403.1253	0
2649	177	-467.9167	0	52403.3876	0
2650	177	-467.9239	0	52403.3872	0
2651	177	-467.9238	0	52403.3829	0
2652	177	-467.9224	0	52403.1904	0
2653	177	-467.9318	0	52403.1117	0
2654	177	-467.9298	0	52403.2712	0
2655	177	-467.9224	0	52403.4295	0
2656	177	-467.9271	0	52403.5796	0
2657	177	-467.9315	0	52403.7301	0
2658	177	-467.9445	0	52403.7796	0
2659	177	-467.9476	0	52403.9841	0
2660	177	-467.9568	0	52404.1498	0
2661	177	-467.9530	0	52404.3052	0
2662	177	-467.9372	0	52404.3611	0
2663	177	-467.9223	0	52404.2877	0
2664	177	-467.9139	0	52404.1654	0
2665	177	-467.9119	0	52404.1152	0
2666	177	-467.9237	0	52404.2786	0
2667	177	-467.9452	0	52404.6135	0
2668	177	-467.9550	0	52404.7370	0
2669	177	-467.9448	0	52404.7820	0
2670	177	-467.9495	0	52404.7016	0
2671	177	-467.9705	0	52404.7580	0
2672	177	-467.9779	0	52405.0476	0
2673	177	-467.9585	0	52405.2496	0
2674	177	-467.9376	0	52405.3277	0
2675	177	-467.9323	0	52405.1699	0
2676	177	-467.9334	0	52405.1077	0
2677	177	-467.9474	0	52405.0777	0
2678	177	-467.9622	0	52405.4251	0
2679	177	-467.9766	0	52405.6422	0
2680	177	-468.0020	0	52405.8062	0
2681	177	-467.9961	0	52405.5993	0
2682	177	-467.9982	0	52405.6052	0
2683	177	-467.9928	0	52405.9637	0
2684	177	-468.0043	0	52406.2713	0
2685	177	-468.0049	0	52406.3838	0
2686	177	-468.0023	0	52406.3369	0
2687	177	-468.0057	0	52406.1339	0
2688	177	-468.0256	0	52406.1390	0
2689	177	-468.0360	0	52406.4041	0
2690	177	-468.0512	0	52406.6739	0
2691	177	-468.0533	0	52406.8601	0
2692	177	-468.0788	0	52406.8344	0
2693	177	-468.1058	0	52406.8162	0
2694	177	-468.1126	0	52407.3283	0
2695	177	-468.1122	0	52407.3466	0
2696	177	-468.1264	0	52407.3434	0
2697	177	-468.1370	0	52407.1629	0
2698	177	-468.1485	0	52407.0042	0
2699	177	-468.1791	0	52407.1961	0
2700	177	-468.1960	0	52407.3504	0
2701	177	-468.2099	0	52407.8302	0
2702	177	-468.2107	0	52408.0928	0
2703	177	-468.2235	0	52408.1866	0
2704	177	-468.2378	0	52408.2139	0
2705	177	-468.2382	0	52408.3892	0
2706	177	-468.2268	0	52408.7011	0
2707	177	-468.2186	0	52408.7323	0
2708	177	-468.2084	0	52408.6578	0
2709	177	-468.2031	0	52408.6234	0
2710	177	-468.2092	0	52408.7727	0
2711	177	-468.2046	0	52408.9076	0
2712	177	-468.2100	0	52409.2021	0
2713	177	-468.2382	0	52409.5492	0
2714	177	-468.2556	0	52409.8321	0
2715	177	-468.2504	0	52409.7767	0
2716	177	-468.2509	0	52409.8272	0
2717	177	-468.2398	0	52410.0837	0
2718	177	-468.2321	0	52410.4153	0
2719	177	-468.2089	0	52410.4593	0
2720	177	-468.2118	0	52410.3091	0
2721	177	-468.2121	0	52410.3270	0
2722	177	-468.2213	0	52410.4858	0
2723	177	-468.2138	0	52410.5447	0
2724	177	-468.1907	0	52410.8021	0
2725	177	-468.1798	0	52410.8156	0
2726	177	-468.1803	0	52410.6571	0
2727	177	-468.1772	0	52410.5949	0
2728	177	-468.1606	0	52410.7291	0
2729	177	-468.1433	0	52411.1701	0
2730	177	-468.1238	0	52411.3344	0
2731	177	-468.1295	0	52411.2341	0
2732	177	-468.1266	0	52411.1185	0
2733	177	-468.1251	0	52411.0697	0
2734	177	-468.1061	0	52411.3633	0
2735	177	-468.1221	0	52411.6964	0
2736	177	-468.1314	0	52411.9700	0
2737	177	-468.1456	0	52411.9913	0
2738	177	-468.1554	0	52412.0691	0
2739	177	-468.1635	0	52412.1693	0
2740	177	-468.1576	0	52412.4296	0
2741	177	-468.1533	0	52412.6730	0
2742	177	-468.1396	0	52412.7623	0
2743	177	-468.1379	0	52412.6404	0
2744	177	-468.1436	0	52412.6651	0
2745	177	-468.1545	0	52412.8906	0
2746	177	-468.1882	0	52413.5528	0
2747	177	-468.2076	0	52413.7924	0
2748	177	-468.2387	0	52413.7287	0
2749	177	-468.2708	0	52413.6920	0
2750	177	-468.2915	0	52413.8895	0
2751	177	-468.2882	0	52414.2446	0
2752	177	-468.2741	0	52414.3774	0
2753	177	-468.2674	0	52414.4227	0
2754	177	-468.2583	0	52414.3631	0
2755	177	-468.2532	0	52414.3365	0
2756	177	-468.2610	0	52414.4621	0
2757	177	-468.2596	0	52414.7879	0
2758	177	-468.2610	0	52415.0435	0
2759	177	-468.2714	0	52415.2737	0
2760	177	-468.2824	0	52415.2837	0
2761	177	-468.2898	0	52415.3495	0
2762	177	-468.2820	0	52415.5779	0
2763	177	-468.2598	0	52415.9339	0
2764	177	-468.2347	0	52416.2008	0
2765	177	-468.2121	0	52416.2959	0
2766	177	-468.2091	0	52416.2585	0
2767	177	-468.2074	0	52416.2385	0
2768	177	-468.2095	0	52416.2246	0
2769	177	-468.2099	0	52416.7513	0
2770	177	-468.2218	0	52417.0703	0
2771	177	-468.2313	0	52417.1197	0
2772	177	-468.2466	0	52416.9981	0
2773	177	-468.2381	0	52417.1461	0
2774	177	-468.2183	0	52417.5222	0
2775	177	-468.1964	0	52417.7900	0
2776	177	-468.1878	0	52417.8861	0
2777	177	-468.1853	0	52417.9802	0
2778	177	-468.1797	0	52417.9467	0
2779	177	-468.1907	0	52417.9260	0
2780	177	-468.2016	0	52418.1671	0
2781	177	-468.2074	0	52418.4439	0
2782	177	-468.2416	0	52418.6617	0
2783	177	-468.2433	0	52418.7404	0
2784	177	-468.2479	0	52418.6375	0
2785	177	-468.2548	0	52418.5926	0
2786	177	-468.2708	0	52418.9465	0
2787	177	-468.2633	0	52419.1978	0
2788	177	-468.2702	0	52419.2258	0
2789	177	-468.2677	0	52419.1082	0
2790	177	-468.2861	0	52419.1790	0
2791	177	-468.3005	0	52419.2612	0
2792	177	-468.3018	0	52419.7167	0
2793	177	-468.3175	0	52419.8808	0
2794	177	-468.3308	0	52419.8757	0
2795	177	-468.3427	0	52419.8060	0
2796	177	-468.3388	0	52420.0188	0
2797	177	-468.3405	0	52420.2714	0
2798	177	-468.3378	0	52420.4816	0
2799	177	-468.3252	0	52420.5590	0
2800	177	-468.3159	0	52420.5242	0
2801	177	-468.3197	0	52420.6235	0
2802	177	-468.3294	0	52420.7135	0
2803	177	-468.3463	0	52421.0327	0
2804	177	-468.3758	0	52421.4320	0
2805	177	-468.4060	0	52421.4602	0
2806	177	-468.4427	0	52421.3439	0
2807	177	-468.4736	0	52421.4085	0
2808	177	-468.4892	0	52421.6546	0
2809	177	-468.4992	0	52421.9671	0
2810	177	-468.4914	0	52422.2499	0
2811	177	-468.4907	0	52422.2404	0
2812	177	-468.4866	0	52422.1754	0
2813	177	-468.5026	0	52422.2533	0
2814	177	-468.5215	0	52422.4993	0
2815	177	-468.5323	0	52422.8059	0
2816	177	-468.5422	0	52423.1320	0
2817	177	-468.5471	0	52423.2503	0
2818	177	-468.5586	0	52423.2331	0
2819	177	-468.5710	0	52423.4870	0
2820	177	-468.5614	0	52423.6866	0
2821	177	-468.5704	0	52423.9121	0
2822	177	-468.5669	0	52424.0468	0
2823	177	-468.5633	0	52424.0377	0
2824	177	-468.5767	0	52424.2892	0
2825	177	-468.5726	0	52424.5336	0
2826	177	-468.5865	0	52424.7724	0
2827	177	-468.6119	0	52424.9547	0
2828	177	-468.6348	0	52425.0149	0
2829	177	-468.6539	0	52424.9787	0
2830	177	-468.6781	0	52425.0079	0
2831	177	-468.6912	0	52425.1645	0
2832	177	-468.6961	0	52425.4718	0
2833	177	-468.7015	0	52425.6313	0
2834	177	-468.7044	0	52425.6843	0
2835	177	-468.7227	0	52425.6475	0
2836	177	-468.7505	0	52425.9213	0
2837	177	-468.7665	0	52426.0196	0
2838	177	-468.7927	0	52426.2935	0
2839	177	-468.8227	0	52426.4367	0
2840	177	-468.8652	0	52426.5274	0
2841	177	-468.8822	0	52426.6056	0
2842	177	-468.8773	0	52426.7738	0
2843	177	-468.8748	0	52427.1181	0
2844	177	-468.8711	0	52427.1948	0
2845	177	-468.8753	0	52427.2178	0
2846	177	-468.8869	0	52427.2193	0
2847	177	-468.8876	0	52427.3568	0
2848	177	-468.9026	0	52427.5413	0
2849	177	-468.9087	0	52427.8840	0
2850	177	-468.9319	0	52428.1407	0
2851	177	-468.9591	0	52428.1841	0
2852	177	-468.9742	0	52428.2836	0
2853	177	-468.9700	0	52428.4521	0
2854	177	-468.9583	0	52428.8247	0
2855	177	-468.9500	0	52429.0918	0
2856	177	-468.9276	0	52429.1020	0
2857	177	-468.9070	0	52429.1017	0
2858	177	-468.8825	0	52429.1417	0
2859	177	-468.8799	0	52429.1947	0
2860	177	-468.8853	0	52429.3404	0
2861	177	-468.9064	0	52429.5620	0
2862	177	-468.9456	0	52429.5911	0
2863	177	-468.9774	0	52429.5518	0
2864	177	-469.0092	0	52429.7026	0
2865	177	-469.0147	0	52429.8416	0
2866	177	-469.0143	0	52430.1873	0
2867	177	-468.9955	0	52430.3161	0
2868	177	-468.9833	0	52430.3592	0
2869	177	-468.9850	0	52430.3296	0
2870	177	-468.9847	0	52430.4798	0
2871	177	-468.9935	0	52430.6149	0
2872	177	-469.0089	0	52430.7847	0
2873	177	-469.0286	0	52430.8824	0
2874	177	-469.0374	0	52430.9572	0
2875	177	-469.0451	0	52431.0613	0
2876	177	-469.0414	0	52431.3007	0
2877	177	-469.0248	0	52431.5497	0
2878	177	-469.0146	0	52431.7593	0
2879	177	-468.9991	0	52431.7557	0
2880	177	-468.9819	0	52431.7897	0
2881	177	-468.9857	0	52431.7978	0
2882	177	-468.9850	0	52431.9931	0
2883	177	-468.9890	0	52432.1806	0
2884	177	-469.0120	0	52432.3615	0
2885	177	-469.0192	0	52432.4247	0
2886	177	-469.0231	0	52432.4823	0
2887	177	-469.0297	0	52432.6144	0
2888	177	-469.0086	0	52432.8923	0
2889	177	-469.0071	0	52433.0683	0
2890	177	-469.0113	0	52433.1295	0
2891	177	-469.0113	0	52433.1480	0
2892	177	-469.0212	0	52433.1116	0
2893	177	-469.0356	0	52433.2420	0
2894	177	-469.0449	0	52433.4361	0
2895	177	-469.0588	0	52433.7639	0
2896	177	-469.0876	0	52433.8049	0
2897	177	-469.1036	0	52433.7785	0
2898	177	-469.1130	0	52433.8367	0
2899	177	-469.1099	0	52434.0016	0
2900	177	-469.1135	0	52434.2402	0
2901	177	-469.0965	0	52434.4723	0
2902	177	-469.0919	0	52434.5550	0
2903	177	-469.0939	0	52434.5102	0
2904	177	-469.0927	0	52434.5955	0
2905	177	-469.0869	0	52434.7656	0
2906	177	-469.0860	0	52435.0372	0
2907	177	-469.0995	0	52435.2021	0
2908	177	-469.1176	0	52435.3612	0
2909	177	-469.1225	0	52435.3821	0
2910	177	-469.1378	0	52435.4175	0
2911	177	-469.1514	0	52435.5285	0
2912	177	-469.1504	0	52435.7375	0
2913	177	-469.1460	0	52435.8805	0
2914	177	-469.1548	0	52435.8948	0
2915	177	-469.1618	0	52435.9625	0
2916	177	-469.1587	0	52436.1515	0
2917	177	-469.1543	0	52436.3856	0
2918	177	-469.1446	0	52436.6013	0
2919	177	-469.1456	0	52436.7105	0
2920	177	-469.1472	0	52436.7453	0
2921	177	-469.1556	0	52436.7860	0
2922	177	-469.1518	0	52437.0236	0
2923	177	-469.1293	0	52437.2718	0
2924	177	-469.0971	0	52437.4266	0
2925	177	-469.0712	0	52437.4511	0
2926	177	-469.0581	0	52437.4550	0
2927	177	-469.0459	0	52437.5792	0
2928	177	-469.0218	0	52437.6871	0
2929	177	-469.0089	0	52437.8808	0
2930	177	-468.9920	0	52437.9813	0
2931	177	-468.9908	0	52437.9519	0
2932	177	-468.9919	0	52437.9363	0
2933	177	-468.9741	0	52438.1150	0
2934	177	-468.9479	0	52438.3960	0
2935	177	-468.9151	0	52438.5904	0
2936	177	-468.8766	0	52438.7228	0
2937	177	-468.8420	0	52438.7412	0
2938	177	-468.8201	0	52438.8042	0
2939	177	-468.7861	0	52438.9761	0
2940	177	-468.7654	0	52439.2146	0
2941	177	-468.7645	0	52439.4153	0
2942	177	-468.7581	0	52439.4878	0
2943	177	-468.7374	0	52439.5119	0
2944	177	-468.7300	0	52439.6605	0
2945	177	-468.7177	0	52439.9125	0
2946	177	-468.6801	0	52440.0923	0
2947	177	-468.6583	0	52440.2124	0
2948	177	-468.6316	0	52440.2279	0
2949	177	-468.6318	0	52440.2827	0
2950	177	-468.6138	0	52440.5236	0
2951	177	-468.5946	0	52440.8302	0
2952	177	-468.6075	0	52441.0746	0
2953	177	-468.6200	0	52441.1330	0
2954	177	-468.6193	0	52441.1764	0
2955	177	-468.6044	0	52441.2967	0
2956	177	-468.5876	0	52441.5505	0
2957	177	-468.5670	0	52441.7731	0
2958	177	-468.5362	0	52441.8290	0
2959	177	-468.5036	0	52441.8220	0
2960	177	-468.4817	0	52441.8413	0
2961	177	-468.4627	0	52442.0518	0
2962	177	-468.4615	0	52442.3048	0
2963	177	-468.4590	0	52442.6226	0
2964	177	-468.4453	0	52442.7635	0
2965	177	-468.4439	0	52442.7857	0
2966	177	-468.4376	0	52442.8881	0
2967	177	-468.4205	0	52443.1442	0
2968	177	-468.3971	0	52443.3837	0
2969	177	-468.3565	0	52443.4960	0
2970	177	-468.3149	0	52443.4638	0
2971	177	-468.2904	0	52443.4955	0
2972	177	-468.2736	0	52443.7192	0
2973	177	-468.2675	0	52443.9633	0
2974	177	-468.2634	0	52444.2136	0
2975	177	-468.2622	0	52444.3028	0
2976	177	-468.2433	0	52444.2871	0
2977	177	-468.2379	0	52444.3905	0
2978	177	-468.2204	0	52444.6324	0
2979	177	-468.2105	0	52444.8325	0
2980	177	-468.1772	0	52444.9283	0
2981	177	-468.1407	0	52444.9624	0
2982	177	-468.1177	0	52444.9941	0
2983	177	-468.1271	0	52445.1763	0
2984	177	-468.1211	0	52445.4383	0
2985	177	-468.1277	0	52445.6824	0
2986	177	-468.1423	0	52445.7259	0
2987	177	-468.1545	0	52445.7360	0
2988	177	-468.1531	0	52445.8640	0
2989	177	-468.1430	0	52446.0569	0
2990	177	-468.1424	0	52446.2297	0
2991	177	-468.1268	0	52446.3549	0
2992	177	-468.1070	0	52446.4604	0
2993	177	-468.1061	0	52446.5156	0
2994	177	-468.1132	0	52446.6748	0
2995	177	-468.1141	0	52446.8914	0
2996	177	-468.1300	0	52447.1081	0
2997	177	-468.1401	0	52447.2429	0
2998	177	-468.1569	0	52447.2479	0
2999	177	-468.1717	0	52447.3226	0
3000	177	-468.1928	0	52447.4623	0
3001	177	-468.2047	0	52447.6654	0
3002	177	-468.1877	0	52447.8168	0
3003	177	-468.1761	0	52447.9273	0
3004	177	-468.1801	0	52447.9444	0
3005	177	-468.1875	0	52448.0027	0
3006	177	-468.1930	0	52448.2081	0
3007	177	-468.1981	0	52448.4850	0
3008	177	-468.2066	0	52448.7307	0
3009	177	-468.2161	0	52448.7990	0
3010	177	-468.2100	0	52448.8207	0
3011	177	-468.2174	0	52448.9317	0
3012	177	-468.2248	0	52449.1288	0
3013	177	-468.2215	0	52449.3056	0
3014	177	-468.2124	0	52449.4561	0
3015	177	-468.2158	0	52449.5073	0
3016	177	-468.2279	0	52449.5552	0
3017	177	-468.2356	0	52449.7412	0
3018	177	-468.2435	0	52449.9260	0
3019	177	-468.2571	0	52450.1750	0
3020	177	-468.2724	0	52450.2631	0
3021	177	-468.2842	0	52450.2900	0
3022	177	-468.2940	0	52450.3779	0
3023	177	-468.2945	0	52450.5877	0
3024	177	-468.2870	0	52450.7444	0
3025	177	-468.2763	0	52450.8800	0
3026	177	-468.2603	0	52450.9279	0
3027	177	-468.2582	0	52450.9566	0
3028	177	-468.2729	0	52451.1369	0
3029	177	-468.2833	0	52451.3558	0
3030	177	-468.3051	0	52451.6027	0
3031	177	-468.3261	0	52451.7200	0
3032	177	-468.3437	0	52451.7275	0
3033	177	-468.3591	0	52451.8159	0
3034	177	-468.3551	0	52452.0414	0
3035	177	-468.3508	0	52452.2699	0
3036	177	-468.3247	0	52452.4270	0
3037	177	-468.3070	0	52452.4825	0
3038	177	-468.2859	0	52452.5146	0
3039	177	-468.2901	0	52452.6509	0
3040	177	-468.3007	0	52452.8109	0
3041	177	-468.3109	0	52453.0501	0
3042	177	-468.3143	0	52453.2464	0
3043	177	-468.3174	0	52453.3291	0
3044	177	-468.3139	0	52453.3557	0
3045	177	-468.3030	0	52453.5260	0
3046	177	-468.2971	0	52453.7209	0
3047	177	-468.2872	0	52453.8967	0
3048	177	-468.2787	0	52453.9722	0
3049	177	-468.2788	0	52454.0085	0
3050	177	-468.2941	0	52454.0560	0
3051	177	-468.3155	0	52454.2630	0
3052	177	-468.3353	0	52454.4884	0
3053	177	-468.3515	0	52454.7076	0
3054	177	-468.3803	0	52454.8078	0
3055	177	-468.4015	0	52454.8274	0
3056	177	-468.4157	0	52455.0148	0
3057	177	-468.4239	0	52455.2266	0
3058	177	-468.4265	0	52455.4338	0
3059	177	-468.4331	0	52455.5773	0
3060	177	-468.4427	0	52455.6258	0
3061	177	-468.4661	0	52455.7426	0
3062	177	-468.5171	0	52455.9516	0
3063	177	-468.5484	0	52456.2169	0
3064	177	-468.5822	0	52456.4214	0
3065	177	-468.6234	0	52456.5014	0
3066	177	-468.6313	0	52456.5381	0
3067	177	-468.6321	0	52456.6894	0
3068	177	-468.6319	0	52456.9463	0
3069	177	-468.6351	0	52457.1640	0
3070	177	-468.6431	0	52457.3136	0
3071	177	-468.6470	0	52457.3752	0
3072	177	-468.6694	0	52457.4010	0
3073	177	-468.7187	0	52457.5665	0
3074	177	-468.7540	0	52457.7739	0
3075	177	-468.7880	0	52457.9942	0
3076	177	-468.8388	0	52458.0884	0
3077	177	-468.8833	0	52458.1162	0
3078	177	-468.8876	0	52458.2593	0
3079	177	-468.8905	0	52458.4712	0
3080	177	-468.8989	0	52458.6678	0
3081	177	-468.9156	0	52458.8193	0
3082	177	-468.9363	0	52458.8797	0
3083	177	-468.9727	0	52458.9218	0
3084	177	-469.0185	0	52459.1130	0
3085	177	-469.0396	0	52459.2779	0
3086	177	-469.0619	0	52459.5192	0
3087	177	-469.0903	0	52459.6466	0
3088	177	-469.1166	0	52459.6967	0
3089	177	-469.1191	0	52459.7801	0
3090	177	-469.1223	0	52460.0102	0
3091	177	-469.1243	0	52460.2240	0
3092	177	-469.1400	0	52460.3965	0
3093	177	-469.1641	0	52460.4952	0
3094	177	-469.2060	0	52460.5247	0
3095	177	-469.2587	0	52460.6633	0
3096	177	-469.2890	0	52460.8667	0
3097	177	-469.3222	0	52461.0905	0
3098	177	-469.3515	0	52461.2367	0
3099	177	-469.3976	0	52461.2762	0
3100	177	-469.4025	0	52461.3472	0
3101	177	-469.4070	0	52461.5474	0
3102	177	-469.4157	0	52461.7901	0
3103	177	-469.4255	0	52461.9825	0
3104	177	-469.4486	0	52462.0560	0
3105	177	-469.5110	0	52462.0877	0
3106	177	-469.5641	0	52462.1691	0
3107	177	-469.5935	0	52462.3663	0
3108	177	-469.6051	0	52462.4966	0
3109	177	-469.6349	0	52462.6056	0
3110	177	-469.6839	0	52462.6449	0
3111	177	-469.6891	0	52462.6962	0
3112	177	-469.6818	0	52462.7850	0
3113	177	-469.6948	0	52462.8719	0
3114	177	-469.7087	0	52462.9716	0
3115	177	-469.7358	0	52463.0543	0
3116	177	-469.8092	0	52463.0942	0
3117	177	-469.8706	0	52463.1343	0
3118	177	-469.8972	0	52463.2231	0
3119	177	-469.9199	0	52463.3413	0
3120	177	-469.9532	0	52463.4613	0
3121	177	-469.9931	0	52463.5352	0
3122	177	-470.0173	0	52463.5880	0
3123	177	-470.0161	0	52463.6607	0
3124	177	-470.0098	0	52463.7780	0
3125	177	-470.0080	0	52463.8903	0
3126	177	-470.0034	0	52463.9746	0
3127	177	-470.0937	0	52464.0027	0
3128	177	-470.1849	0	52464.0287	0
3129	177	-470.2354	0	52464.0882	0
3130	177	-470.2625	0	52464.1970	0
3131	177	-470.3089	0	52464.2885	0
3132	177	-470.3522	0	52464.3422	0
3133	177	-470.4110	0	52464.3702	0
3134	177	-470.4713	0	52464.4158	0
3135	177	-470.4365	0	52464.5363	0
3136	177	-470.4032	0	52464.6482	0
3137	177	-470.4129	0	52464.7168	0
