2138	184	-447.6219	-0.6139	52459.7980	0
2139	184	-447.6323	-0.6139	52459.7918	0
2140	184	-447.6464	-0.6139	52459.7820	0
2141	184	-447.6512	-0.6139	52459.7865	0
2142	184	-447.6595	-0.6139	52459.7884	0
2143	184	-447.6660	-0.6139	52459.7891	0
2144	184	-447.6870	-0.6139	52459.7824	0
2145	184	-447.7002	-0.6139	52459.7733	0
2146	184	-447.7094	-0.6139	52459.7768	0
2147	184	-447.7288	-0.6139	52459.7782	0
2148	184	-447.7390	-0.6139	52459.7789	0
2149	184	-447.7548	-0.6139	52459.7724	0
2150	184	-447.7655	-0.6139	52459.7768	0
2151	184	-447.7746	-0.6139	52459.7785	0
2152	184	-447.7800	-0.6139	52459.7792	0
2153	184	-447.7852	-0.6139	52459.7795	0
2154	184	-447.7945	-0.6139	52459.7730	0
2155	184	-447.7999	-0.6139	52459.7706	0
2156	184	-447.7995	-0.6139	52459.7697	0
2157	184	-447.8056	-0.6139	52459.7695	0
2158	184	-447.8110	-0.6139	52459.7694	0
2159	184	-447.8172	-0.6139	52459.7628	0
2160	184	-447.8253	-0.6139	52459.7604	0
2161	184	-447.8308	-0.6139	52459.7661	0
2162	184	-447.8364	-0.6139	52459.7683	0
2163	184	-447.8349	-0.6139	52459.7692	0
2164	184	-447.8332	-0.6139	52459.7696	0
2165	184	-447.8271	-0.6139	52459.7763	0
2166	184	-447.8286	-0.6139	52459.7856	0
2167	184	-447.8334	-0.6139	52459.7890	0
2168	184	-447.8334	-0.6139	52459.7902	0
2169	184	-447.8334	-0.6139	52459.7906	0
2170	184	-447.8424	-0.6139	52459.7907	0
2171	184	-447.8391	-0.6139	52459.7907	0
2172	184	-447.8368	-0.6139	52459.7906	0
2173	184	-447.8353	-0.6139	52459.7906	0
2174	184	-447.8365	-0.6139	52459.7905	0
2175	184	-447.8362	-0.6139	52459.7904	0
2176	184	-447.8334	-0.6139	52459.7970	0
2177	184	-447.8341	-0.6139	52459.7994	0
2178	184	-447.8348	-0.6139	52459.7937	0
2179	184	-447.8373	-0.6139	52459.7915	0
2180	184	-447.8293	-0.6139	52459.7972	0
2181	184	-447.8285	-0.6139	52459.7994	0
2182	184	-447.8203	-0.6139	52459.8067	0
2183	184	-447.8142	-0.6139	52459.8095	0
2184	184	-447.8097	-0.6139	52459.8105	0
2185	184	-447.8085	-0.6139	52459.8107	0
2186	184	-447.8108	-0.6139	52459.8174	0
2187	184	-447.8119	-0.6139	52459.8198	0
2188	184	-447.8081	-0.6139	52459.8141	0
2189	184	-447.7980	-0.6139	52459.8119	0
2190	184	-447.7965	-0.6139	52459.8176	0
2191	184	-447.7872	-0.6139	52459.8262	0
2192	184	-447.7773	-0.6139	52459.8295	0
2193	184	-447.7773	-0.6139	52459.8240	0
2194	184	-447.7766	-0.6139	52459.8219	0
2195	184	-447.7749	-0.6139	52459.8276	0
2196	184	-447.7710	-0.6139	52459.8297	0
2197	184	-447.7688	-0.6139	52459.8305	0
2198	184	-447.7616	-0.6139	52459.8307	0
2199	184	-447.7567	-0.6139	52459.8307	0
2200	184	-447.7550	-0.6139	52459.8373	0
2201	184	-447.7545	-0.6139	52459.8397	0
2202	184	-447.7478	-0.6139	52459.8405	0
2203	184	-447.7454	-0.6139	52459.8474	0
2204	184	-447.7446	-0.6139	52459.8499	0
2205	184	-447.7423	-0.6139	52459.8574	0
2206	184	-447.7461	-0.6139	52459.8668	0
2207	184	-447.7473	-0.6139	52459.8702	0
2208	184	-447.7477	-0.6139	52459.8713	0
2209	184	-447.7400	-0.6139	52459.8716	0
2210	184	-447.7311	-0.6139	52459.8716	0
2211	184	-447.7273	-0.6139	52459.8781	0
2212	184	-447.7172	-0.6139	52459.8804	0
2213	184	-447.7092	-0.6139	52459.8811	0
2214	184	-447.7040	-0.6139	52459.8747	0
2215	184	-447.6961	-0.6139	52459.8788	0
2216	184	-447.6856	-0.6139	52459.8868	0
2217	184	-447.6760	-0.6139	52459.8964	0
2218	184	-447.6733	-0.6139	52459.8933	0
2219	184	-447.6631	-0.6139	52459.8920	0
2220	184	-447.6572	-0.6139	52459.8980	0
2221	184	-447.6557	-0.6139	52459.9002	0
2222	184	-447.6460	-0.6139	52459.9010	0
2223	184	-447.6463	-0.6139	52459.8945	0
2224	184	-447.6424	-0.6139	52459.8920	0
2225	184	-447.6419	-0.6139	52459.8910	0
2226	184	-447.6296	-0.6139	52459.8971	0
2227	184	-447.6186	-0.6139	52459.8995	0
2228	184	-447.6071	-0.6139	52459.8938	0
2229	184	-447.5881	-0.6139	52459.8981	0
2230	184	-447.5736	-0.6139	52459.9129	0
2231	184	-447.5640	-0.6139	52459.9185	0
2232	184	-447.5599	-0.6139	52459.9271	0
2233	184	-447.5517	-0.6139	52459.9302	0
2234	184	-447.5398	-0.6139	52459.9378	0
2235	184	-447.5267	-0.6139	52459.9472	0
2236	184	-447.5178	-0.6139	52459.9506	0
2237	184	-447.5080	-0.6139	52459.9583	0
2238	184	-447.5002	-0.6139	52459.9743	0
2239	184	-447.4709	-0.6139	52459.9868	0
2240	184	-447.4575	-0.6139	52459.9912	0
2241	184	-447.4442	-0.6139	52459.9992	0
2242	184	-447.4352	-0.6139	52460.0020	0
2243	184	-447.4246	-0.6139	52460.0028	0
2244	184	-447.4126	-0.6139	52460.0094	0
2245	184	-447.4021	-0.6139	52460.0117	0
2246	184	-447.3958	-0.6139	52460.0057	0
2247	184	-447.3897	-0.6139	52460.0034	0
2248	184	-447.3730	-0.6139	52460.0023	0
2249	184	-447.3495	-0.6139	52460.0018	0
2250	184	-447.3447	-0.6139	52460.0014	0
2251	184	-447.3378	-0.6139	52460.0078	0
2252	184	-447.3308	-0.6139	52460.0102	0
2253	184	-447.3262	-0.6139	52460.0109	0
2254	184	-447.3217	-0.6139	52460.0177	0
2255	184	-447.3133	-0.6139	52460.0202	0
2256	184	-447.3044	-0.6139	52460.0210	0
2257	184	-447.2981	-0.6139	52460.0147	0
2258	184	-447.2876	-0.6139	52460.0187	0
2259	184	-447.2801	-0.6139	52460.0202	0
2260	184	-447.2714	-0.6139	52460.0273	0
2261	184	-447.2621	-0.6139	52460.0299	0
2262	184	-447.2582	-0.6139	52460.0308	0
2263	184	-447.2538	-0.6139	52460.0310	0
2264	184	-447.2435	-0.6139	52460.0506	0
2265	184	-447.2413	-0.6139	52460.0582	0
2266	184	-447.2352	-0.6139	52460.0674	0
2267	184	-447.2314	-0.6139	52460.0574	0
2268	184	-447.2153	-0.6139	52460.0602	0
2269	184	-447.2019	-0.6139	52460.0677	0
2270	184	-447.1961	-0.6139	52460.0705	0
2271	184	-447.1905	-0.6139	52460.0779	0
2272	184	-447.1884	-0.6139	52460.0806	0
2273	184	-447.1787	-0.6139	52460.0947	0
2274	184	-447.1753	-0.6139	52460.0999	0
2275	184	-447.1708	-0.6139	52460.1016	0
2276	184	-447.1652	-0.6139	52460.0889	0
2277	184	-447.1545	-0.6139	52460.0906	0
2278	184	-447.1409	-0.6139	52460.0911	0
2279	184	-447.1265	-0.6139	52460.1043	0
2280	184	-447.1025	-0.6139	52460.1026	0
2281	184	-447.0925	-0.6139	52460.1019	0
2282	184	-447.0839	-0.6139	52460.1015	0
2283	184	-447.0804	-0.6139	52460.1013	0
2284	184	-447.0745	-0.6139	52460.1142	0
2285	184	-447.0690	-0.6139	52460.1191	0
2286	184	-447.0700	-0.6139	52460.1208	0
2287	184	-447.0641	-0.6139	52460.1148	0
2288	184	-447.0571	-0.6139	52460.1124	0
2289	184	-447.0507	-0.6139	52460.1180	0
2290	184	-447.0363	-0.6139	52460.1266	0
2291	184	-447.0280	-0.6139	52460.1231	0
2292	184	-447.0286	-0.6139	52460.1218	0
2293	184	-447.0264	-0.6139	52460.1212	0
2294	184	-447.0161	-0.6139	52460.1275	0
2295	184	-447.0102	-0.6139	52460.1298	0
2296	184	-447.0042	-0.6139	52460.1306	0
2297	184	-446.9976	-0.6139	52460.1243	0
2298	184	-446.9860	-0.6139	52460.1284	0
2299	184	-446.9813	-0.6139	52460.1365	0
2300	184	-446.9750	-0.6139	52460.1395	0
2301	184	-446.9723	-0.6139	52460.1406	0
2302	184	-446.9623	-0.6139	52460.1409	0
2303	184	-446.9585	-0.6139	52460.1476	0
2304	184	-446.9593	-0.6139	52460.1500	0
2305	184	-446.9537	-0.6139	52460.1508	0
2306	184	-446.9519	-0.6139	52460.1510	0
2307	184	-446.9516	-0.6139	52460.1510	0
2308	184	-446.9430	-0.6139	52460.1576	0
2309	184	-446.9315	-0.6139	52460.1666	0
2310	184	-446.9278	-0.6139	52460.1699	0
2311	184	-446.9261	-0.6139	52460.1643	0
2312	184	-446.9221	-0.6139	52460.1622	0
2313	184	-446.9209	-0.6139	52460.1679	0
2314	184	-446.9209	-0.6139	52460.1766	0
2315	184	-446.9202	-0.6139	52460.1798	0
2316	184	-446.9176	-0.6139	52460.1809	0
2317	184	-446.9188	-0.6139	52460.1812	0
2318	184	-446.9134	-0.6139	52460.1812	0
2319	184	-446.9096	-0.6139	52460.1877	0
2320	184	-446.8998	-0.6139	52460.1968	0
2321	184	-446.8981	-0.6139	52460.1934	0
2322	184	-446.8917	-0.6139	52460.1986	0
2323	184	-446.8867	-0.6139	52460.2005	0
2324	184	-446.8792	-0.6139	52460.2077	0
2325	184	-446.8761	-0.6139	52460.2103	0
2326	184	-446.8716	-0.6139	52460.2046	0
2327	184	-446.8716	-0.6139	52460.2023	0
2328	184	-446.8635	-0.6139	52460.2079	0
2329	184	-446.8577	-0.6139	52460.2166	0
2330	184	-446.8499	-0.6139	52460.2198	0
2331	184	-446.8410	-0.6139	52460.2209	0
2332	184	-446.8405	-0.6139	52460.2146	0
2333	184	-446.8319	-0.6139	52460.2187	0
2334	184	-446.8292	-0.6139	52460.2202	0
2335	184	-446.8277	-0.6139	52460.2207	0
2336	184	-446.8215	-0.6139	52460.2208	0
2337	184	-446.8187	-0.6139	52460.2208	0
2338	184	-446.8153	-0.6139	52460.2274	0
2339	184	-446.8120	-0.6139	52460.2364	0
2340	184	-446.8090	-0.6139	52460.2330	0
2341	184	-446.7990	-0.6139	52460.2317	0
2342	184	-446.7954	-0.6139	52460.2311	0
2343	184	-446.7942	-0.6139	52460.2309	0
2344	184	-446.7939	-0.6139	52460.2307	0
2345	184	-446.7940	-0.6139	52460.2372	0
2346	184	-446.7964	-0.6139	52460.2330	0
2347	184	-446.7894	-0.6139	52460.2314	0
2348	184	-446.7896	-0.6139	52460.2307	0
2349	184	-446.7824	-0.6139	52460.2370	0
2350	184	-446.7824	-0.6139	52460.2394	0
2351	184	-446.7769	-0.6139	52460.2403	0
2352	184	-446.7756	-0.6139	52460.2405	0
2353	184	-446.7758	-0.6139	52460.2406	0
2354	184	-446.7742	-0.6139	52460.2472	0
2355	184	-446.7743	-0.6139	52460.2496	0
2356	184	-446.7832	-0.6139	52460.2438	0
2357	184	-446.7807	-0.6139	52460.2416	0
2358	184	-446.7835	-0.6139	52460.2473	0
2359	184	-446.7790	-0.6139	52460.2561	0
2360	184	-446.7715	-0.6139	52460.2594	0
2361	184	-446.7659	-0.6139	52460.2538	0
2362	184	-446.7703	-0.6139	52460.2517	0
2363	184	-446.7708	-0.6139	52460.2575	0
2364	184	-446.7742	-0.6139	52460.2663	0
2365	184	-446.7818	-0.6139	52460.2695	0
2366	184	-446.7847	-0.6139	52460.2640	0
2367	184	-446.7857	-0.6139	52460.2619	0
2368	184	-446.7871	-0.6139	52460.2676	0
2369	184	-446.7881	-0.6139	52460.2763	0
2370	184	-446.7879	-0.6139	52460.2796	0
2371	184	-446.7926	-0.6139	52460.2741	0
2372	184	-446.7924	-0.6139	52460.2720	0
2373	184	-446.7878	-0.6139	52460.2777	0
2374	184	-446.7866	-0.6139	52460.2865	0
2375	184	-446.7875	-0.6139	52460.2963	0
2376	184	-446.8018	-0.6139	52460.2864	0
2377	184	-446.8043	-0.6139	52460.2829	0
2378	184	-446.8053	-0.6139	52460.2814	0
2379	184	-446.8009	-0.6139	52460.2939	0
2380	184	-446.8020	-0.6139	52460.2987	0
2381	184	-446.8044	-0.6139	52460.3004	0
2382	184	-446.8019	-0.6139	52460.3009	0
2383	184	-446.7958	-0.6139	52460.3011	0
2384	184	-446.7814	-0.6139	52460.3143	0
2385	184	-446.7823	-0.6139	52460.3192	0
2386	184	-446.7859	-0.6139	52460.3208	0
2387	184	-446.7903	-0.6139	52460.3147	0
2388	184	-446.7856	-0.6139	52460.3189	0
2389	184	-446.7885	-0.6139	52460.3270	0
2390	184	-446.7773	-0.6139	52460.3300	0
2391	184	-446.7692	-0.6139	52460.3310	0
2392	184	-446.7603	-0.6139	52460.3248	0
2393	184	-446.7418	-0.6139	52460.3289	0
2394	184	-446.7378	-0.6139	52460.3371	0
2395	184	-446.7396	-0.6139	52460.3400	0
2396	184	-446.7220	-0.6139	52460.3409	0
2397	184	-446.7305	-0.6139	52460.3342	0
2398	184	-446.7340	-0.6139	52460.3450	0
2399	184	-446.7377	-0.6139	52460.3491	0
2400	184	-446.7350	-0.6139	52460.3441	0
2401	184	-446.7222	-0.6139	52460.3421	0
2402	184	-446.7250	-0.6139	52460.3345	0
2403	184	-446.7252	-0.6139	52460.3382	0
2404	184	-446.7309	-0.6139	52460.3462	0
2405	184	-446.7356	-0.6139	52460.3492	0
2406	184	-446.7251	-0.6139	52460.3438	0
2407	184	-446.7204	-0.6139	52460.3482	0
2408	184	-446.7171	-0.6139	52460.3564	0
2409	184	-446.7168	-0.6139	52460.3595	0
2410	184	-446.7090	-0.6139	52460.3606	0
2411	184	-446.6920	-0.6139	52460.3609	0
2412	184	-446.6881	-0.6139	52460.3609	0
2413	184	-446.6816	-0.6139	52460.3609	0
2414	184	-446.6696	-0.6139	52460.3675	0
2415	184	-446.6717	-0.6139	52460.3699	0
2416	184	-446.6748	-0.6139	52460.3640	0
2417	184	-446.6725	-0.6139	52460.3617	0
2418	184	-446.6791	-0.6139	52460.3608	0
2419	184	-446.6805	-0.6139	52460.3670	0
2420	184	-446.6652	-0.6139	52460.3694	0
2421	184	-446.6555	-0.6139	52460.3635	0
2422	184	-446.6492	-0.6139	52460.3614	0
2423	184	-446.6389	-0.6139	52460.3672	0
2424	184	-446.6223	-0.6139	52460.3759	0
2425	184	-446.6225	-0.6139	52460.3792	0
2426	184	-446.6379	-0.6139	52460.3739	0
2427	184	-446.6494	-0.6139	52460.3718	0
2428	184	-446.6481	-0.6139	52460.3773	0
2429	184	-446.6409	-0.6139	52460.3858	0
2430	184	-446.6238	-0.6139	52460.3892	0
2431	184	-446.6090	-0.6139	52460.3904	0
2432	184	-446.6041	-0.6139	52460.3843	0
2433	184	-446.5887	-0.6139	52460.3884	0
2434	184	-446.5732	-0.6139	52460.3965	0
2435	184	-446.5602	-0.6139	52460.3995	0
2436	184	-446.5506	-0.6139	52460.4006	0
2437	184	-446.5310	-0.6139	52460.4009	0
2438	184	-446.5167	-0.6139	52460.4075	0
2439	184	-446.4967	-0.6139	52460.4166	0
2440	184	-446.4788	-0.6139	52460.4199	0
2441	184	-446.4686	-0.6139	52460.4079	0
2442	184	-446.4406	-0.6139	52460.4098	0
2443	184	-446.4201	-0.6139	52460.4170	0
2444	184	-446.3968	-0.6139	52460.4264	0
2445	184	-446.3825	-0.6139	52460.4364	0
2446	184	-446.3772	-0.6139	52460.4334	0
2447	184	-446.3593	-0.6139	52460.4322	0
2448	184	-446.3345	-0.6139	52460.4382	0
2449	184	-446.3015	-0.6139	52460.4470	0
2450	184	-446.2813	-0.6139	52460.4502	0
2451	184	-446.2667	-0.6139	52460.4512	0
2452	184	-446.2508	-0.6139	52460.4449	0
2453	184	-446.2408	-0.6139	52460.4424	0
2454	184	-446.2251	-0.6139	52460.4545	0
2455	184	-446.2094	-0.6139	52460.4657	0
2456	184	-446.1866	-0.6139	52460.4631	0
2457	184	-446.1673	-0.6139	52460.4621	0
2458	184	-446.1456	-0.6139	52460.4616	0
2459	184	-446.1293	-0.6139	52460.4679	0
2460	184	-446.1145	-0.6139	52460.4768	0
2461	184	-446.0985	-0.6139	52460.4801	0
2462	184	-446.0877	-0.6139	52460.4745	0
2463	184	-446.0798	-0.6139	52460.4723	0
2464	184	-446.0604	-0.6139	52460.4846	0
2465	184	-446.0421	-0.6139	52460.4958	0
2466	184	-446.0328	-0.6139	52460.4999	0
2467	184	-446.0295	-0.6139	52460.4946	0
2468	184	-446.0231	-0.6139	52460.4925	0
2469	184	-446.0209	-0.6139	52460.4982	0
2470	184	-446.0082	-0.6139	52460.5069	0
2471	184	-445.9968	-0.6139	52460.5101	0
2472	184	-445.9806	-0.6139	52460.5045	0
2473	184	-445.9732	-0.6139	52460.5023	0
2474	184	-445.9637	-0.6139	52460.5080	0
2475	184	-445.9589	-0.6139	52460.5167	0
2476	184	-445.9607	-0.6139	52460.5199	0
2477	184	-445.9611	-0.6139	52460.5210	0
2478	184	-445.9554	-0.6139	52460.5148	0
2479	184	-445.9503	-0.6139	52460.5122	0
2480	184	-445.9570	-0.6139	52460.5112	0
2481	184	-445.9311	-0.6139	52460.5173	0
2482	184	-445.9192	-0.6139	52460.5196	0
2483	184	-445.9088	-0.6139	52460.5139	0
2484	184	-445.9011	-0.6139	52460.5182	0
2485	184	-445.8821	-0.6139	52460.5264	0
2486	184	-445.8775	-0.6139	52460.5295	0
2487	184	-445.8805	-0.6139	52460.5305	0
2488	184	-445.8800	-0.6139	52460.5241	0
2489	184	-445.8695	-0.6139	52460.5283	0
2490	184	-445.8582	-0.6139	52460.5366	0
2491	184	-445.8376	-0.6139	52460.5464	0
2492	184	-445.8275	-0.6139	52460.5498	0
2493	184	-445.8251	-0.6139	52460.5510	0
2494	184	-445.8274	-0.6139	52460.5513	0
2495	184	-445.8194	-0.6139	52460.5579	0
2496	184	-445.8106	-0.6139	52460.5670	0
2497	184	-445.8071	-0.6139	52460.5702	0
2498	184	-445.8021	-0.6139	52460.5646	0
2499	184	-445.7942	-0.6139	52460.5624	0
2500	184	-445.7730	-0.6139	52460.5747	0
2501	184	-445.7505	-0.6139	52460.5793	0
2502	184	-445.7214	-0.6139	52460.5809	0
2503	184	-445.7115	-0.6139	52460.5681	0
2504	184	-445.6865	-0.6139	52460.5764	0
2505	184	-445.6657	-0.6139	52460.5992	0
2506	184	-445.6517	-0.6139	52460.6143	0
2507	184	-445.6546	-0.6139	52460.6133	0
2508	184	-445.6475	-0.6139	52460.6193	0
2512	184	-445.6421	-0.6139	52460.6319	0
2513	184	-445.6472	-0.6139	52460.6019	0
2514	184	-445.6211	-0.6139	52460.6019	0
2515	184	-445.5893	-0.6139	52460.6081	0
2516	184	-445.5679	-0.6139	52460.6105	0
2517	184	-445.5398	-0.6139	52460.6371	0
2518	184	-445.5137	-0.6139	52460.6474	0
2519	184	-445.4962	-0.6139	52460.6377	0
2520	184	-445.4745	-0.6139	52460.6406	0
2521	184	-445.4553	-0.6139	52460.6481	0
2522	184	-445.4362	-0.6139	52460.6508	0
2523	184	-445.4169	-0.6139	52460.6451	0
2524	184	-445.4051	-0.6139	52460.6428	0
2525	184	-445.3901	-0.6139	52460.6484	0
2526	184	-445.3603	-0.6139	52460.6636	0
2527	184	-445.3515	-0.6139	52460.6692	0
2528	184	-445.3381	-0.6139	52460.6646	0
2529	184	-445.3203	-0.6139	52460.6561	0
2530	184	-445.3083	-0.6139	52460.6594	0
2531	184	-445.2971	-0.6139	52460.6671	0
2532	184	-445.2823	-0.6139	52460.6700	0
2533	184	-445.2637	-0.6139	52460.6709	0
2534	184	-445.2525	-0.6139	52460.6712	0
2535	184	-445.2473	-0.6139	52460.6712	0
2536	184	-445.2371	-0.6139	52460.6777	0
2537	184	-445.2348	-0.6139	52460.6801	0
2538	184	-445.2279	-0.6139	52460.6809	0
2539	184	-445.2167	-0.6139	52460.6877	0
2540	184	-445.2072	-0.6139	52460.6968	0
2541	184	-445.1948	-0.6139	52460.7067	0
2542	184	-445.1805	-0.6139	52460.7103	0
2543	184	-445.1684	-0.6139	52460.7115	0
2544	184	-445.1629	-0.6139	52460.7052	0
2545	184	-445.1580	-0.6139	52460.7093	0
2546	184	-445.1585	-0.6139	52460.7107	0
2547	184	-445.1586	-0.6139	52460.7112	0
2548	184	-445.1585	-0.6139	52460.7112	0
2549	184	-445.1584	-0.6139	52460.7112	0
2550	184	-445.1596	-0.6139	52460.7242	0
2551	184	-445.1589	-0.6139	52460.7358	0
2552	184	-445.1523	-0.6139	52460.7399	0
2553	184	-445.1451	-0.6139	52460.7414	0
2554	184	-445.1278	-0.6139	52460.7483	0
2555	184	-445.1250	-0.6139	52460.7508	0
2556	184	-445.1280	-0.6139	52460.7648	0
2557	184	-445.1332	-0.6139	52460.7633	0
2558	184	-445.1289	-0.6139	52460.7561	0
2559	184	-445.1315	-0.6139	52460.7466	0
2560	184	-445.1299	-0.6139	52460.7494	0
2561	184	-445.1271	-0.6139	52460.7570	0
2562	184	-445.1163	-0.6139	52460.7664	0
2563	184	-445.1188	-0.6139	52460.7699	0
2564	184	-445.1244	-0.6139	52460.7644	0
2565	184	-445.1284	-0.6139	52460.7623	0
2566	184	-445.1342	-0.6139	52460.7745	0
2567	184	-445.1408	-0.6139	52460.7857	0
2568	184	-445.1414	-0.6139	52460.7898	0
2569	184	-445.1512	-0.6139	52460.7779	0
2570	184	-445.1548	-0.6139	52460.7800	0
2571	184	-445.1520	-0.6139	52460.7938	0
2572	184	-445.1491	-0.6139	52460.8057	0
2573	184	-445.1558	-0.6139	52460.8033	0
2574	184	-445.1622	-0.6139	52460.8089	0
2575	184	-445.1635	-0.6139	52460.8109	0
2576	184	-445.1692	-0.6139	52460.8314	0
2577	184	-445.1854	-0.6139	52460.8389	0
2578	184	-445.1978	-0.6139	52460.8415	0
2579	184	-445.2157	-0.6139	52460.8357	0
2580	184	-445.2227	-0.6139	52460.8334	0
2581	184	-445.2254	-0.6139	52460.8389	0
2582	184	-445.2311	-0.6139	52460.8540	0
2583	184	-445.2402	-0.6139	52460.8463	0
2584	184	-445.2573	-0.6139	52460.8368	0
2585	184	-445.2734	-0.6139	52460.8330	0
2586	184	-445.2813	-0.6139	52460.8446	0
2587	184	-445.2857	-0.6139	52460.8556	0
2588	184	-445.2865	-0.6139	52460.8596	0
2589	184	-445.2816	-0.6139	52460.8610	0
2590	184	-445.2939	-0.6139	52460.8549	0
2591	184	-445.2939	-0.6139	52460.8785	0
2592	184	-445.2871	-0.6139	52460.8942	0
2593	184	-445.2819	-0.6139	52460.9000	0
2594	184	-445.2849	-0.6139	52460.9019	0
2595	184	-445.2872	-0.6139	52460.9024	0
2596	184	-445.2775	-0.6139	52460.9156	0
2597	184	-445.2796	-0.6139	52460.9270	0
2598	184	-445.2810	-0.6139	52460.9311	0
2599	184	-445.2818	-0.6139	52460.9324	0
2600	184	-445.2865	-0.6139	52460.9393	0
2601	184	-445.2851	-0.6139	52460.9417	0
2602	184	-445.2825	-0.6139	52460.9490	0
2603	184	-445.2670	-0.6139	52460.9581	0
2604	184	-445.2605	-0.6139	52460.9614	0
2605	184	-445.2601	-0.6139	52460.9558	0
2606	184	-445.2520	-0.6139	52460.9666	0
2607	184	-445.2494	-0.6139	52460.9838	0
2608	184	-445.2489	-0.6139	52460.9901	0
2609	184	-445.2435	-0.6139	52460.9988	0
2610	184	-445.2400	-0.6139	52460.9952	0
2611	184	-445.2361	-0.6139	52461.0068	0
2612	184	-445.2281	-0.6139	52461.0176	0
2613	184	-445.2243	-0.6139	52461.0281	0
2614	184	-445.2246	-0.6139	52461.0252	0
2615	184	-445.2228	-0.6139	52461.0238	0
2616	184	-445.2187	-0.6139	52461.0362	0
2617	184	-445.2145	-0.6139	52461.0539	0
2618	184	-445.2125	-0.6139	52461.0670	0
2619	184	-445.2171	-0.6139	52461.0650	0
2620	184	-445.2145	-0.6139	52461.0640	0
2621	184	-445.2101	-0.6139	52461.0700	0
2622	184	-445.1943	-0.6139	52461.0852	0
2623	184	-445.1824	-0.6139	52461.0907	0
2624	184	-445.1750	-0.6139	52461.0859	0
2625	184	-445.1690	-0.6139	52461.0905	0
2626	184	-445.1625	-0.6139	52461.0986	0
2627	184	-445.1620	-0.6139	52461.1080	0
2628	184	-445.1594	-0.6139	52461.1180	0
2629	184	-445.1574	-0.6139	52461.1215	0
2630	184	-445.1458	-0.6139	52461.1226	0
2631	184	-445.1337	-0.6139	52461.1228	0
2632	184	-445.1172	-0.6139	52461.1293	0
2633	184	-445.1019	-0.6139	52461.1315	0
2634	184	-445.0860	-0.6139	52461.1322	0
2635	184	-445.0723	-0.6139	52461.1257	0
2636	184	-445.0612	-0.6139	52461.1231	0
2637	184	-445.0577	-0.6139	52461.1351	0
2638	184	-445.0570	-0.6139	52461.1395	0
2639	184	-445.0573	-0.6139	52461.1411	0
2640	184	-445.0514	-0.6139	52461.1416	0
2641	184	-445.0497	-0.6139	52461.1482	0
2642	184	-445.0474	-0.6139	52461.1572	0
2643	184	-445.0406	-0.6139	52461.1671	0
2644	184	-445.0320	-0.6139	52461.1640	0
2645	184	-445.0313	-0.6139	52461.1627	0
2646	184	-445.0430	-0.6139	52461.1620	0
2647	184	-445.0479	-0.6139	52461.1682	0
2648	184	-445.0556	-0.6139	52461.1771	0
2649	184	-445.0707	-0.6139	52461.1803	0
2650	184	-445.0784	-0.6139	52461.1814	0
2651	184	-445.0829	-0.6139	52461.1751	0
2652	184	-445.0897	-0.6139	52461.1791	0
2653	184	-445.0872	-0.6139	52461.2003	0
2654	184	-445.0820	-0.6139	52461.2017	0
2655	184	-445.0762	-0.6139	52461.1954	0
2656	184	-445.0753	-0.6139	52461.1929	0
2657	184	-445.0688	-0.6139	52461.1918	0
2658	184	-445.0684	-0.6139	52461.2045	0
2659	184	-445.0604	-0.6139	52461.2158	0
2660	184	-445.0580	-0.6139	52461.2200	0
2661	184	-445.0454	-0.6139	52461.2214	0
2662	184	-445.0324	-0.6139	52461.2218	0
2663	184	-445.0161	-0.6139	52461.2284	0
2664	184	-445.0077	-0.6139	52461.2373	0
2665	184	-444.9909	-0.6139	52461.2472	0
2666	184	-444.9747	-0.6139	52461.2507	0
2667	184	-444.9687	-0.6139	52461.2452	0
2668	184	-444.9729	-0.6139	52461.2562	0
2669	184	-444.9717	-0.6139	52461.2668	0
2670	184	-444.9645	-0.6139	52461.2707	0
2671	184	-444.9679	-0.6139	52461.2719	0
2672	184	-444.9649	-0.6139	52461.2656	0
2673	184	-444.9527	-0.6139	52461.2697	0
2674	184	-444.9342	-0.6139	52461.2843	0
2675	184	-444.9175	-0.6139	52461.2896	0
2676	184	-444.8991	-0.6139	52461.2915	0
2677	184	-444.8888	-0.6139	52461.2920	0
2678	184	-444.8814	-0.6139	52461.2921	0
2679	184	-444.8659	-0.6139	52461.3116	0
2680	184	-444.8625	-0.6139	52461.3256	0
2681	184	-444.8572	-0.6139	52461.3240	0
2682	184	-444.8431	-0.6139	52461.3232	0
2683	184	-444.8318	-0.6139	52461.3227	0
2684	184	-444.8138	-0.6139	52461.3355	0
2685	184	-444.8100	-0.6139	52461.3402	0
2686	184	-444.7868	-0.6139	52461.3484	0
2687	184	-444.7571	-0.6139	52461.3513	0
2688	184	-444.7400	-0.6139	52461.3455	0
2689	184	-444.7232	-0.6139	52461.3498	0
2690	184	-444.7085	-0.6139	52461.3644	0
2691	184	-444.7055	-0.6139	52461.3698	0
2692	184	-444.7108	-0.6139	52461.3717	0
2693	184	-444.6942	-0.6139	52461.3722	0
2694	184	-444.6913	-0.6139	52461.3788	0
2695	184	-444.6806	-0.6139	52461.3943	0
2696	184	-444.6661	-0.6139	52461.4000	0
2697	184	-444.6493	-0.6139	52461.4020	0
2698	184	-444.6396	-0.6139	52461.4025	0
2699	184	-444.6355	-0.6139	52461.4025	0
2700	184	-444.6303	-0.6139	52461.4220	0
2701	184	-444.6306	-0.6139	52461.4359	0
2702	184	-444.6340	-0.6139	52461.4342	0
2703	184	-444.6392	-0.6139	52461.4400	0
2704	184	-444.6405	-0.6139	52461.4420	0
2705	184	-444.6347	-0.6139	52461.4491	0
2706	184	-444.6262	-0.6139	52461.4582	0
2707	184	-444.6120	-0.6139	52461.4614	0
2708	184	-444.6036	-0.6139	52461.4624	0
2709	184	-444.6071	-0.6139	52461.4692	0
2710	184	-444.6211	-0.6139	52461.4913	0
2711	184	-444.6343	-0.6139	52461.4995	0
2712	184	-444.6394	-0.6139	52461.5023	0
2713	184	-444.6353	-0.6139	52461.5031	0
2714	184	-444.6320	-0.6139	52461.5032	0
2715	184	-444.6315	-0.6139	52461.5292	0
2716	184	-444.6287	-0.6139	52461.5521	0
2717	184	-444.6187	-0.6139	52461.5605	0
2718	184	-444.6074	-0.6139	52461.5566	0
2719	184	-444.6093	-0.6139	52461.5417	0
2720	184	-444.6075	-0.6139	52461.5489	0
2721	184	-444.6000	-0.6139	52461.5777	0
2722	184	-444.5967	-0.6139	52461.5885	0
2723	184	-444.5933	-0.6139	52461.5989	0
2724	184	-444.5850	-0.6139	52461.5892	0
2725	184	-444.5768	-0.6139	52461.5919	0
2726	184	-444.5665	-0.6139	52461.6059	0
2727	184	-444.5428	-0.6139	52461.6175	0
2728	184	-444.5098	-0.6139	52461.6151	0
2729	184	-444.4736	-0.6139	52461.6139	0
2730	184	-444.4602	-0.6139	52461.6198	0
2731	184	-444.4527	-0.6139	52461.6416	0
2732	184	-444.4517	-0.6139	52461.6496	0
2733	184	-444.4366	-0.6139	52461.6590	0
2734	184	-444.4327	-0.6139	52461.6556	0
2735	184	-444.4199	-0.6139	52461.6673	0
2736	184	-444.4097	-0.6139	52461.6847	0
2737	184	-444.4022	-0.6139	52461.6976	0
2738	184	-444.3798	-0.6139	52461.7153	0
2739	184	-444.3753	-0.6139	52461.7151	0
2740	184	-444.3898	-0.6139	52461.7146	0
2741	184	-444.4018	-0.6139	52461.7338	0
2742	184	-444.4058	-0.6139	52461.7475	0
2743	184	-444.4076	-0.6139	52461.7523	0
2744	184	-444.4104	-0.6139	52461.7538	0
2745	184	-444.4044	-0.6139	52461.7606	0
2746	184	-444.3936	-0.6139	52461.7761	0
2747	184	-444.3900	-0.6139	52461.7948	0
2748	184	-444.3870	-0.6139	52461.8016	0
2749	184	-444.3816	-0.6139	52461.8038	0
2750	184	-444.3859	-0.6139	52461.8043	0
2751	184	-444.3965	-0.6139	52461.8173	0
2752	184	-444.3973	-0.6139	52461.8417	0
2753	184	-444.3957	-0.6139	52461.8572	0
2754	184	-444.3895	-0.6139	52461.8494	0
2755	184	-444.3913	-0.6139	52461.8461	0
2756	184	-444.3850	-0.6139	52461.8577	0
2757	184	-444.3757	-0.6139	52461.8817	0
2758	184	-444.3631	-0.6139	52461.8970	0
2759	184	-444.3338	-0.6139	52461.9024	0
2760	184	-444.3160	-0.6139	52461.9041	0
2761	184	-444.3218	-0.6139	52461.9176	0
2762	184	-444.3147	-0.6139	52461.9485	0
2763	184	-444.3136	-0.6139	52461.9667	0
2764	184	-444.2959	-0.6139	52461.9664	0
2765	184	-444.2794	-0.6139	52461.9659	0
2766	184	-444.2754	-0.6139	52461.9785	0
2767	184	-444.2656	-0.6139	52461.9961	0
2768	184	-444.2479	-0.6139	52462.0089	0
2769	184	-444.2236	-0.6139	52462.0134	0
2770	184	-444.2010	-0.6139	52462.0147	0
2771	184	-444.1960	-0.6139	52462.0214	0
2772	184	-444.1794	-0.6139	52462.0432	0
2773	184	-444.1637	-0.6139	52462.0644	0
2774	184	-444.1478	-0.6139	52462.0720	0
2775	184	-444.1294	-0.6139	52462.0745	0
2776	184	-444.1122	-0.6139	52462.0750	0
2777	184	-444.0997	-0.6139	52462.0946	0
2778	184	-444.0765	-0.6139	52462.1214	0
2779	184	-444.0414	-0.6139	52462.1312	0
2780	184	-444.0147	-0.6139	52462.1279	0
2781	184	-444.0002	-0.6139	52462.1393	0
2782	184	-444.0012	-0.6139	52462.1499	0
2783	184	-444.0028	-0.6139	52462.1732	0
2784	184	-443.9981	-0.6139	52462.1817	0
2785	184	-443.9960	-0.6139	52462.1910	0
2786	184	-443.9897	-0.6139	52462.1941	0
2787	184	-443.9892	-0.6139	52462.2081	0
2788	184	-443.9836	-0.6139	52462.2327	0
2789	184	-443.9618	-0.6139	52462.2548	0
2790	184	-443.9334	-0.6139	52462.2496	0
2791	184	-443.9158	-0.6139	52462.2471	0
2792	184	-443.9169	-0.6139	52462.2589	0
2793	184	-443.9125	-0.6139	52462.2827	0
2794	184	-443.9057	-0.6139	52462.2914	0
2795	184	-443.9040	-0.6139	52462.2943	0
2796	184	-443.8932	-0.6139	52462.3016	0
2797	184	-443.8852	-0.6139	52462.3171	0
2798	184	-443.8729	-0.6139	52462.3489	0
2799	184	-443.8494	-0.6139	52462.3606	0
2800	184	-443.8132	-0.6139	52462.3645	0
2801	184	-443.7839	-0.6139	52462.3787	0
2802	184	-443.7820	-0.6139	52462.3969	0
2803	184	-443.7813	-0.6139	52462.4165	0
2804	184	-443.7759	-0.6139	52462.4234	0
2805	184	-443.7740	-0.6139	52462.4255	0
2806	184	-443.7570	-0.6139	52462.4324	0
2807	184	-443.7565	-0.6139	52462.4478	0
2808	184	-443.7425	-0.6139	52462.4663	0
2809	184	-443.7226	-0.6139	52462.4861	0
2810	184	-443.6864	-0.6139	52462.4997	0
2811	184	-443.6527	-0.6139	52462.5110	0
2812	184	-443.6499	-0.6139	52462.5213	0
2813	184	-443.6505	-0.6139	52462.5379	0
2814	184	-443.6474	-0.6139	52462.5635	0
2815	184	-443.6436	-0.6139	52462.5727	0
2816	184	-443.6385	-0.6139	52462.5756	0
2817	184	-443.6287	-0.6139	52462.5894	0
2818	184	-443.6190	-0.6139	52462.6139	0
2819	184	-443.6114	-0.6139	52462.6293	0
2820	184	-443.5857	-0.6139	52462.6412	0
2821	184	-443.5594	-0.6139	52462.6452	0
2822	184	-443.5503	-0.6139	52462.6594	0
2823	184	-443.5471	-0.6139	52462.6840	0
2824	184	-443.5501	-0.6139	52462.7126	0
2825	184	-443.5471	-0.6139	52462.7162	0
2826	184	-443.5405	-0.6139	52462.7171	0
2827	184	-443.5319	-0.6139	52462.7300	0
2828	184	-443.5271	-0.6139	52462.7608	0
2829	184	-443.5112	-0.6139	52462.7785	0
2830	184	-443.4874	-0.6139	52462.7913	0
2831	184	-443.4649	-0.6139	52462.7889	0
2832	184	-443.4516	-0.6139	52462.8007	0
2833	184	-443.4379	-0.6139	52462.8178	0
2834	184	-443.4421	-0.6139	52462.8502	0
2835	184	-443.4444	-0.6139	52462.8685	0
2836	184	-443.4441	-0.6139	52462.8749	0
2837	184	-443.4426	-0.6139	52462.8833	0
2838	184	-443.4355	-0.6139	52462.9057	0
2839	184	-443.4198	-0.6139	52462.9333	0
2840	184	-443.3947	-0.6139	52462.9499	0
2841	184	-443.3721	-0.6139	52462.9621	0
2842	184	-443.3460	-0.6139	52462.9661	0
2843	184	-443.3310	-0.6139	52462.9934	0
2844	184	-443.3351	-0.6139	52463.0164	0
2845	184	-443.3437	-0.6139	52463.0376	0
2846	184	-443.3537	-0.6139	52463.0451	0
2847	184	-443.3626	-0.6139	52463.0473	0
2848	184	-443.3633	-0.6139	52463.0804	0
2849	184	-443.3448	-0.6139	52463.1187	0
2850	184	-443.3280	-0.6139	52463.1392	0
2851	184	-443.3238	-0.6139	52463.1462	0
2852	184	-443.3153	-0.6139	52463.1482	0
2853	184	-443.3185	-0.6139	52463.1681	0
2854	184	-443.3245	-0.6139	52463.2078	0
2855	184	-443.3189	-0.6139	52463.2355	0
2856	184	-443.3163	-0.6139	52463.2452	0
2857	184	-443.3035	-0.6139	52463.2481	0
2858	184	-443.3002	-0.6139	52463.2684	0
2859	184	-443.2978	-0.6139	52463.2951	0
2860	184	-443.2885	-0.6139	52463.3178	0
2861	184	-443.2774	-0.6139	52463.3323	0
2862	184	-443.2816	-0.6139	52463.3436	0
2863	184	-443.3234	-0.6139	52463.3604	0
2864	184	-443.3632	-0.6139	52463.3990	0
2865	184	-443.3953	-0.6139	52463.4327	0
2866	184	-443.4197	-0.6139	52463.4382	0
2867	184	-443.4298	-0.6139	52463.4395	0
2868	184	-443.4450	-0.6139	52463.4524	0
2869	184	-443.4507	-0.6139	52463.4894	0
2870	184	-443.4672	-0.6139	52463.5161	0
2871	184	-443.4781	-0.6139	52463.5321	0
2872	184	-443.4928	-0.6139	52463.5374	0
2873	184	-443.5457	-0.6139	52463.5585	0
2874	184	-443.5995	-0.6139	52463.5987	0
2875	184	-443.6410	-0.6139	52463.6264	0
2876	184	-443.6533	-0.6139	52463.6427	0
2877	184	-443.6474	-0.6139	52463.6547	0
2878	184	-443.6424	-0.6139	52463.6650	0
2879	184	-443.6376	-0.6139	52463.6945	0
2880	184	-443.6450	-0.6139	52463.7312	0
2881	184	-443.6574	-0.6139	52463.7511	0
2882	184	-443.6788	-0.6139	52463.7578	0
2883	184	-443.7377	-0.6139	52463.7727	0
2884	184	-443.7841	-0.6139	52463.7973	0
2885	184	-443.8263	-0.6139	52463.8389	0
2886	184	-443.8495	-0.6139	52463.8604	0
2887	184	-443.8716	-0.6139	52463.8611	0
2888	184	-443.8945	-0.6139	52463.8607	0
2889	184	-443.8917	-0.6139	52463.8794	0
2890	184	-443.8853	-0.6139	52463.9316	0
2891	184	-443.8852	-0.6139	52463.9642	0
2892	184	-443.8938	-0.6139	52463.9756	0
2893	184	-443.9443	-0.6139	52463.9791	0
2894	184	-444.0079	-0.6139	52463.9995	0
2895	184	-444.0496	-0.6139	52464.0393	0
2896	184	-444.0731	-0.6139	52464.0669	0
2897	184	-444.0797	-0.6139	52464.0831	0
2898	184	-444.0661	-0.6139	52464.0884	0
2899	184	-444.0643	-0.6139	52464.1094	0
2900	184	-444.0614	-0.6139	52464.1625	0
2901	184	-444.0677	-0.6139	52464.1952	0
2902	184	-444.0831	-0.6139	52464.2133	0
2903	184	-444.1147	-0.6139	52464.2126	0
2904	184	-444.1817	-0.6139	52464.2247	0
2905	184	-444.2300	-0.6139	52464.2744	0
2906	184	-444.2611	-0.6139	52464.3058	0
2907	184	-444.2780	-0.6139	52464.3234	0
2908	184	-444.2517	-0.6139	52464.3358	0
2909	184	-444.2329	-0.6139	52464.3461	0
2910	184	-444.2354	-0.6139	52464.3820	0
2911	184	-444.2659	-0.6139	52464.4212	0
2912	184	-444.3660	-0.6139	52464.4419	0
2913	184	-444.4213	-0.6139	52464.4554	0
2914	184	-444.5241	-0.6139	52464.4794	0
2915	184	-444.5988	-0.6139	52464.5139	0
2916	184	-444.6464	-0.6139	52464.5655	0
2917	184	-444.6838	-0.6139	52464.5909	0
2918	184	-444.6903	-0.6139	52464.5995	0
2919	184	-444.6967	-0.6139	52464.6215	0
2920	184	-444.7021	-0.6139	52464.6617	0
2921	184	-444.7152	-0.6139	52464.6959	0
2922	184	-444.7565	-0.6139	52464.7144	0
2923	184	-444.8303	-0.6139	52464.7139	0
2924	184	-444.9156	-0.6139	52464.7457	0
2925	184	-445.0074	-0.6139	52464.7832	0
2926	184	-445.0804	-0.6139	52464.8359	0
2927	184	-445.1245	-0.6139	52464.8615	0
2928	184	-445.1505	-0.6139	52464.8768	0
2929	184	-445.1641	-0.6139	52464.8947	0
2930	184	-445.1785	-0.6139	52464.9267	0
2931	184	-445.2070	-0.6139	52464.9577	0
2932	184	-445.2519	-0.6139	52464.9882	0
2933	184	-445.3105	-0.6139	52465.0185	0
2934	184	-445.4156	-0.6139	52465.0421	0
2935	184	-445.5135	-0.6139	52465.0961	0
2936	184	-445.5858	-0.6139	52465.1485	0
2937	184	-445.6405	-0.6139	52465.1738	0
2938	184	-445.6786	-0.6139	52465.1888	0
2939	184	-445.6874	-0.6139	52465.2064	0
2940	184	-445.6950	-0.6139	52465.2580	0
2941	184	-445.7368	-0.6139	52465.3159	0
2942	184	-445.7762	-0.6139	52465.3565	0
2943	184	-445.8559	-0.6139	52465.3772	0
2944	184	-445.9786	-0.6139	52465.3969	0
2945	184	-446.1031	-0.6139	52465.4492	0
2946	184	-446.1810	-0.6139	52465.5008	0
2947	184	-446.2289	-0.6139	52465.5323	0
2948	184	-446.2518	-0.6139	52465.5364	0
2949	184	-446.2518	-0.6139	52465.5629	0
2950	184	-446.2750	-0.6139	52465.6113	0
2951	184	-446.3191	-0.6139	52465.6677	0
2952	184	-446.3686	-0.6139	52465.7142	0
2953	184	-446.4379	-0.6139	52465.7438	0
2954	184	-446.5410	-0.6139	52465.7865	0
2955	184	-446.6563	-0.6139	52465.8277	0
2956	184	-446.7444	-0.6139	52465.8944	0
2957	184	-446.7909	-0.6139	52465.9513	0
2958	184	-446.8242	-0.6139	52465.9714	0
2959	184	-446.8240	-0.6139	52465.9841	0
2960	184	-446.8469	-0.6139	52466.0203	0
2961	184	-446.8687	-0.6139	52466.0849	0
2962	184	-446.9125	-0.6139	52466.1346	0
2963	184	-446.9721	-0.6139	52466.1653	0
2964	184	-447.0750	-0.6139	52466.1885	0
2965	184	-447.2030	-0.6139	52466.2354	0
2966	184	-447.3047	-0.6139	52466.3109	0
2967	184	-447.3779	-0.6139	52466.3644	0
2968	184	-447.4397	-0.6139	52466.3898	0
2969	184	-447.4486	-0.6139	52466.4175	0
2970	184	-447.4606	-0.6139	52466.4593	0
2971	184	-447.4966	-0.6139	52466.5325	0
2972	184	-447.5445	-0.6139	52466.5918	0
2973	184	-447.6020	-0.6139	52466.6260	0
2974	184	-447.6928	-0.6139	52466.6570	0
2975	184	-447.8240	-0.6139	52466.7066	0
2976	184	-447.9309	-0.6139	52466.7764	0
2977	184	-448.0115	-0.6139	52466.8341	0
2978	184	-448.0525	-0.6139	52466.8937	0
2979	184	-448.0526	-0.6139	52466.9146	0
2980	184	-448.0692	-0.6139	52466.9536	0
2981	184	-448.1389	-0.6139	52467.0193	0
2982	184	-448.1893	-0.6139	52467.1013	0
2983	184	-448.2471	-0.6139	52467.1443	0
2984	184	-448.3299	-0.6139	52467.1850	0
2985	184	-448.4490	-0.6139	52467.2512	0
2986	184	-448.6213	-0.6139	52467.3140	0
2987	184	-448.7086	-0.6139	52467.3818	0
2988	184	-448.7897	-0.6139	52467.4385	0
2989	184	-448.8610	-0.6139	52467.4712	0
2990	184	-448.8833	-0.6139	52467.5211	0
2991	184	-448.8964	-0.6139	52467.5908	0
2992	184	-448.9257	-0.6139	52467.6749	0
2993	184	-448.9857	-0.6139	52467.7643	0
2994	184	-449.1139	-0.6139	52467.8082	0
2995	184	-449.2645	-0.6139	52467.8420	0
2996	184	-449.3808	-0.6139	52467.9060	0
2997	184	-449.4411	-0.6139	52468.0151	0
2998	184	-449.4569	-0.6139	52468.1001	0
2999	184	-449.5857	-0.6139	52468.1551	0
3000	184	-449.6304	-0.6139	52468.1994	0
3001	184	-449.6522	-0.6139	52468.2878	0
3002	184	-449.6779	-0.6139	52468.3925	0
3003	184	-449.7494	-0.6139	52468.4819	0
3004	184	-449.8695	-0.6139	52468.5377	0
3005	184	-449.9372	-0.6139	52468.5887	0
3006	184	-450.1846	-0.6139	52468.6590	0
3007	184	-450.3321	-0.6139	52468.7641	0
3008	184	-450.4856	-0.6139	52468.8677	0
3009	184	-450.6479	-0.6139	52468.9274	0
3010	184	-450.7487	-0.6139	52468.9725	0
3011	184	-450.8266	-0.6139	52469.0338	0
3012	184	-450.8853	-0.6139	52469.1363	0
3013	184	-450.9946	-0.6139	52469.2463	0
3014	184	-451.1107	-0.6139	52469.3217	0
3015	184	-451.2656	-0.6139	52469.3635	0
3016	184	-451.3916	-0.6139	52469.4244	0
