2342	239	-465.9303	0	52448.4223	2
2343	239	-465.9292	0	52448.4217	2
2344	239	-465.9287	0	52448.4204	2
2345	239	-465.9291	0	52448.4193	2
2346	239	-465.9291	0	52448.4179	2
2347	239	-465.9294	0	52448.4168	2
2348	239	-465.9294	0	52448.4158	2
2349	239	-465.9300	0	52448.4134	2
2350	239	-465.9297	0	52448.4126	2
2351	239	-465.9302	0	52448.4113	2
2352	239	-465.9317	0	52448.4087	2
2353	239	-465.9325	0	52448.4077	2
2355	239	-465.9336	0	52448.4027	2
2361	239	-465.9359	0	52448.3865	2
2362	239	-465.9361	0	52448.3831	2
2363	239	-465.9366	0	52448.3800	2
2364	239	-465.9371	0	52448.3775	2
2365	239	-465.9414	0	52448.3718	2
2366	239	-465.9416	0	52448.3673	2
2367	239	-465.9434	0	52448.3631	2
2368	239	-465.9464	0	52448.3585	2
2369	239	-465.9488	0	52448.3543	2
2370	239	-465.9498	0	52448.3499	2
2371	239	-465.9492	0	52448.3469	2
2372	239	-465.9459	0	52448.3442	2
2373	239	-465.9488	0	52448.3402	2
2374	239	-465.9495	0	52448.3376	2
2375	239	-465.9505	0	52448.3336	2
2376	239	-465.9512	0	52448.3290	2
2377	239	-465.9510	0	52448.3248	2
2378	239	-465.9524	0	52448.3209	2
