2359	244	-465.9164	0	52448.3916	2
2360	244	-465.9166	0	52448.3908	2
2365	244	-465.9206	0	52448.3755	2
2366	244	-465.9221	0	52448.3710	2
2367	244	-465.9234	0	52448.3671	2
2368	244	-465.9244	0	52448.3645	2
2369	244	-465.9260	0	52448.3602	2
2370	244	-465.9275	0	52448.3549	2
2371	244	-465.9290	0	52448.3504	2
2372	244	-465.9301	0	52448.3454	2
2373	244	-465.9315	0	52448.3410	2
2374	244	-465.9322	0	52448.3377	2
2375	244	-465.9334	0	52448.3330	2
2376	244	-465.9347	0	52448.3281	2
2377	244	-465.9362	0	52448.3230	2
2378	244	-465.9377	0	52448.3179	2
2379	244	-465.9395	0	52448.3113	2
2380	244	-465.9411	0	52448.3049	2
2381	244	-465.9423	0	52448.3007	2
2382	244	-465.9450	0	52448.2949	2
2385	244	-465.9483	0	52448.2800	2
2387	244	-465.9522	0	52448.2665	2
2389	244	-465.9551	0	52448.2552	2
2390	244	-465.9561	0	52448.2516	2
2392	244	-465.9591	0	52448.2405	2
