2388	248	-465.7729	0	52448.1068	0
2389	248	-465.7731	0	52448.1061	0
2390	248	-465.7730	0	52448.1048	0
2391	248	-465.7730	0	52448.1055	0
2392	248	-465.7727	0	52448.1038	0
2393	248	-465.7725	0	52448.1022	0
2394	248	-465.7721	0	52448.1008	0
2395	248	-465.7721	0	52448.0994	0
2396	248	-465.7719	0	52448.0989	0
2397	248	-465.7717	0	52448.0979	0
2398	248	-465.7715	0	52448.0985	0
2399	248	-465.7711	0	52448.0979	0
2400	248	-465.7707	0	52448.0959	0
2401	248	-465.7703	0	52448.0933	0
2402	248	-465.7701	0	52448.0914	0
2403	248	-465.7698	0	52448.0908	0
2404	248	-465.7695	0	52448.0907	0
2405	248	-465.7695	0	52448.0897	0
2406	248	-465.7692	0	52448.0875	0
2407	248	-465.7691	0	52448.0857	0
2408	248	-465.7689	0	52448.0851	0
2409	248	-465.7688	0	52448.0860	0
2410	248	-465.7685	0	52448.0854	0
2411	248	-465.7683	0	52448.0843	0
2412	248	-465.7680	0	52448.0839	0
2413	248	-465.7678	0	52448.0839	0
2414	248	-465.7675	0	52448.0820	0
2415	248	-465.7672	0	52448.0804	0
2416	248	-465.7671	0	52448.0778	0
2417	248	-465.7670	0	52448.0769	0
2418	248	-465.7670	0	52448.0746	0
2419	248	-465.7670	0	52448.0728	0
2420	248	-465.7670	0	52448.0702	0
2421	248	-465.7671	0	52448.0712	0
2422	248	-465.7672	0	52448.0707	0
2423	248	-465.7670	0	52448.0715	0
2424	248	-465.7669	0	52448.0699	0
2425	248	-465.7666	0	52448.0694	0
2426	248	-465.7663	0	52448.0673	0
2427	248	-465.7662	0	52448.0665	0
2428	248	-465.7661	0	52448.0653	0
2429	248	-465.7661	0	52448.0638	0
2430	248	-465.7662	0	52448.0643	0
2431	248	-465.7662	0	52448.0635	0
2432	248	-465.7662	0	52448.0632	0
2433	248	-465.7662	0	52448.0611	0
2434	248	-465.7662	0	52448.0624	0
2435	248	-465.7662	0	52448.0630	0
2436	248	-465.7661	0	52448.0632	0
2437	248	-465.7659	0	52448.0623	0
2438	248	-465.7659	0	52448.0610	0
2439	248	-465.7659	0	52448.0595	0
2440	248	-465.7657	0	52448.0569	0
2441	248	-465.7658	0	52448.0549	0
2442	248	-465.7661	0	52448.0531	0
2443	248	-465.7678	0	52448.0351	0
2444	248	-465.7671	0	52448.0429	0
2445	248	-465.7671	0	52448.0444	0
2446	248	-465.7675	0	52448.0406	0
2447	248	-465.7677	0	52448.0371	0
2448	248	-465.7680	0	52448.0305	0
2449	248	-465.7690	0	52448.0027	0
2457	248	-465.7622	0	52447.9841	0
2458	248	-465.7611	0	52447.9821	0
2459	248	-465.7609	0	52447.9829	0
2460	248	-465.7604	0	52447.9833	0
2461	248	-465.7599	0	52447.9823	0
2462	248	-465.7590	0	52447.9821	0
2463	248	-465.7585	0	52447.9821	0
2464	248	-465.7580	0	52447.9835	0
2465	248	-465.7574	0	52447.9829	0
2466	248	-465.7571	0	52447.9815	0
2467	248	-465.7568	0	52447.9810	0
2468	248	-465.7569	0	52447.9758	0
2469	248	-465.7568	0	52447.9764	0
2470	248	-465.7568	0	52447.9767	0
2471	248	-465.7565	0	52447.9744	0
2472	248	-465.7557	0	52447.9699	0
2473	248	-465.7545	0	52447.9608	0
2480	248	-465.7492	0	52447.9300	1
2487	248	-465.7444	0	52447.9107	1
2488	248	-465.7440	0	52447.9105	1
2489	248	-465.7439	0	52447.9103	1
2490	248	-465.7440	0	52447.9103	1
2491	248	-465.7441	0	52447.9104	1
2498	248	-465.7432	0	52447.9067	1
2499	248	-465.7429	0	52447.9054	1
2500	248	-465.7430	0	52447.9064	1
2501	248	-465.7427	0	52447.9069	1
2502	248	-465.7427	0	52447.9085	1
2503	248	-465.7427	0	52447.9063	1
2504	248	-465.7428	0	52447.9069	1
2505	248	-465.7433	0	52447.9042	1
2506	248	-465.7434	0	52447.9032	1
2507	248	-465.7435	0	52447.9057	1
2508	248	-465.7434	0	52447.9053	1
2509	248	-465.7431	0	52447.9052	1
2510	248	-465.7430	0	52447.9052	1
2511	248	-465.7432	0	52447.9023	1
2512	248	-465.7430	0	52447.9013	1
2513	248	-465.7429	0	52447.9009	1
2514	248	-465.7430	0	52447.9022	1
2515	248	-465.7431	0	52447.9013	1
2516	248	-465.7431	0	52447.8995	1
2517	248	-465.7431	0	52447.8988	1
2518	248	-465.7431	0	52447.8986	1
2519	248	-465.7429	0	52447.8986	1
2520	248	-465.7429	0	52447.9001	1
2521	248	-465.7429	0	52447.8992	1
2522	248	-465.7426	0	52447.8989	1
2523	248	-465.7424	0	52447.8974	1
2524	248	-465.7422	0	52447.8983	1
2525	248	-465.7419	0	52447.8988	1
2526	248	-465.7418	0	52447.8990	1
2527	248	-465.7415	0	52447.8976	1
2528	248	-465.7416	0	52447.8971	1
2529	248	-465.7413	0	52447.8955	1
2530	248	-465.7410	0	52447.8950	1
2531	248	-465.7408	0	52447.8948	1
2532	248	-465.7407	0	52447.8947	1
2533	248	-465.7403	0	52447.8934	1
2534	248	-465.7400	0	52447.8914	1
2535	248	-465.7400	0	52447.8921	1
2536	248	-465.7393	0	52447.8896	1
2537	248	-465.7389	0	52447.8888	1
2538	248	-465.7387	0	52447.8885	1
2539	248	-465.7388	0	52447.8883	1
2540	248	-465.7390	0	52447.8897	1
2541	248	-465.7388	0	52447.8874	1
2542	248	-465.7385	0	52447.8866	1
2543	248	-465.7384	0	52447.8863	1
2544	248	-465.7383	0	52447.8892	1
2545	248	-465.7380	0	52447.8859	1
2546	248	-465.7376	0	52447.8818	1
2547	248	-465.7370	0	52447.8803	1
2548	248	-465.7367	0	52447.8783	1
2549	248	-465.7365	0	52447.8776	1
2550	248	-465.7364	0	52447.8773	1
2551	248	-465.7360	0	52447.8759	1
2552	248	-465.7358	0	52447.8707	1
2553	248	-465.7357	0	52447.8704	1
2554	248	-465.7358	0	52447.8718	1
2555	248	-465.7357	0	52447.8724	1
2556	248	-465.7354	0	52447.8712	1
2557	248	-465.7351	0	52447.8693	1
2558	248	-465.7347	0	52447.8671	1
2559	248	-465.7344	0	52447.8664	1
2560	248	-465.7340	0	52447.8631	1
2561	248	-465.7338	0	52447.8619	1
2562	248	-465.7336	0	52447.8599	1
2563	248	-465.7337	0	52447.8592	1
2564	248	-465.7336	0	52447.8558	1
2565	248	-465.7336	0	52447.8530	1
2566	248	-465.7338	0	52447.8535	1
2567	248	-465.7337	0	52447.8554	1
2568	248	-465.7335	0	52447.8547	1
2569	248	-465.7332	0	52447.8544	1
2570	248	-465.7329	0	52447.8529	1
2571	248	-465.7328	0	52447.8523	1
2572	248	-465.7327	0	52447.8521	1
2573	248	-465.7323	0	52447.8506	1
2574	248	-465.7322	0	52447.8516	1
2575	248	-465.7321	0	52447.8521	1
2576	248	-465.7321	0	52447.8523	1
2577	248	-465.7319	0	52447.8508	1
2578	248	-465.7316	0	52447.8471	1
2579	248	-465.7314	0	52447.8474	1
2580	248	-465.7311	0	52447.8476	1
2581	248	-465.7308	0	52447.8477	1
2582	248	-465.7305	0	52447.8511	1
2583	248	-465.7300	0	52447.8509	1
2584	248	-465.7297	0	52447.8508	1
2585	248	-465.7293	0	52447.8509	1
2586	248	-465.7288	0	52447.8478	1
2587	248	-465.7285	0	52447.8482	1
2588	248	-465.7284	0	52447.8501	1
2589	248	-465.7281	0	52447.8509	1
2590	248	-465.7279	0	52447.8512	1
2591	248	-465.7276	0	52447.8497	1
2592	248	-465.7273	0	52447.8509	1
2593	248	-465.7271	0	52447.8513	1
2594	248	-465.7265	0	52447.8532	1
2595	248	-465.7265	0	52447.8555	1
2596	248	-465.7260	0	52447.8565	1
2597	248	-465.7256	0	52447.8553	1
2598	248	-465.7251	0	52447.8533	1
2599	248	-465.7247	0	52447.8526	1
2600	248	-465.7247	0	52447.8523	1
2601	248	-465.7243	0	52447.8523	1
2602	248	-465.7241	0	52447.8539	1
2603	248	-465.7240	0	52447.8561	1
2604	248	-465.7236	0	52447.8538	1
2605	248	-465.7237	0	52447.8545	1
2606	248	-465.7235	0	52447.8532	1
2607	248	-465.7235	0	52447.8527	1
2608	248	-465.7234	0	52447.8541	1
2609	248	-465.7229	0	52447.8532	1
2610	248	-465.7224	0	52447.8529	1
2611	248	-465.7220	0	52447.8529	1
2612	248	-465.7215	0	52447.8497	1
2613	248	-465.7215	0	52447.8517	1
2614	248	-465.7213	0	52447.8509	1
2615	248	-465.7210	0	52447.8506	1
2616	248	-465.7208	0	52447.8473	1
2617	248	-465.7208	0	52447.8461	1
2618	248	-465.7208	0	52447.8473	1
2619	248	-465.7207	0	52447.8478	1
2620	248	-465.7209	0	52447.8496	1
2621	248	-465.7207	0	52447.8503	1
2622	248	-465.7203	0	52447.8474	1
2623	248	-465.7199	0	52447.8464	1
2624	248	-465.7195	0	52447.8445	1
2625	248	-465.7194	0	52447.8454	1
2626	248	-465.7194	0	52447.8457	1
2627	248	-465.7192	0	52447.8443	1
2628	248	-465.7190	0	52447.8421	1
2629	248	-465.7187	0	52447.8414	1
2630	248	-465.7186	0	52447.8428	1
2631	248	-465.7184	0	52447.8418	1
2632	248	-465.7183	0	52447.8414	1
2633	248	-465.7179	0	52447.8380	1
2634	248	-465.7172	0	52447.8352	1
2635	248	-465.7166	0	52447.8343	1
2636	248	-465.7158	0	52447.8308	1
2637	248	-465.7153	0	52447.8279	1
2638	248	-465.7150	0	52447.8251	1
2639	248	-465.7148	0	52447.8241	1
2640	248	-465.7145	0	52447.8188	1
2641	248	-465.7144	0	52447.8168	1
2642	248	-465.7146	0	52447.8143	1
2643	248	-465.7147	0	52447.8135	1
2644	248	-465.7147	0	52447.8114	1
2645	248	-465.7145	0	52447.8126	1
2646	248	-465.7140	0	52447.8115	1
2647	248	-465.7134	0	52447.8059	1
2648	248	-465.7130	0	52447.8039	1
2649	248	-465.7127	0	52447.8015	1
2650	248	-465.7126	0	52447.8007	1
2651	248	-465.7126	0	52447.8004	1
2652	248	-465.7125	0	52447.7987	1
2653	248	-465.7121	0	52447.7945	1
2654	248	-465.7118	0	52447.7931	1
2655	248	-465.7115	0	52447.7909	1
2656	248	-465.7114	0	52447.7901	1
2657	248	-465.7116	0	52447.7917	1
2658	248	-465.7110	0	52447.7907	1
2659	248	-465.7103	0	52447.7868	1
2660	248	-465.7101	0	52447.7854	1
2661	248	-465.7096	0	52447.7851	1
2662	248	-465.7092	0	52447.7832	1
2663	248	-465.7093	0	52447.7844	1
2664	248	-465.7092	0	52447.7830	1
2665	248	-465.7089	0	52447.7789	1
2666	248	-465.7091	0	52447.7793	1
2667	248	-465.7092	0	52447.7794	1
2668	248	-465.7090	0	52447.7758	1
2669	248	-465.7089	0	52447.7764	1
2670	248	-465.7087	0	52447.7749	1
2671	248	-465.7084	0	52447.7707	1
2672	248	-465.7081	0	52447.7654	1
2673	248	-465.7077	0	52447.7616	1
2674	248	-465.7078	0	52447.7602	1
2675	248	-465.7082	0	52447.7615	1
2676	248	-465.7086	0	52447.7639	1
2677	248	-465.7086	0	52447.7631	1
2678	248	-465.7086	0	52447.7609	1
2679	248	-465.7085	0	52447.7582	1
2680	248	-465.7085	0	52447.7572	1
2681	248	-465.7084	0	52447.7570	1
2682	248	-465.7077	0	52447.7532	1
2683	248	-465.7073	0	52447.7480	1
2684	248	-465.7071	0	52447.7441	1
2685	248	-465.7066	0	52447.7428	1
2686	248	-465.7062	0	52447.7385	1
2687	248	-465.7061	0	52447.7389	1
2689	248	-465.7058	0	52447.7345	0
2690	248	-465.7060	0	52447.7358	0
2691	248	-465.7055	0	52447.7324	0
2692	248	-465.7054	0	52447.7311	0
2693	248	-465.7053	0	52447.7328	0
2694	248	-465.7053	0	52447.7354	0
2695	248	-465.7049	0	52447.7326	0
2696	248	-465.7044	0	52447.7296	0
2697	248	-465.7040	0	52447.7245	0
2698	248	-465.7039	0	52447.7227	0
2699	248	-465.7041	0	52447.7261	0
2700	248	-465.7044	0	52447.7253	0
2701	248	-465.7041	0	52447.7231	0
2702	248	-465.7038	0	52447.7204	0
2703	248	-465.7037	0	52447.7193	0
2704	248	-465.7037	0	52447.7211	0
2705	248	-465.7037	0	52447.7218	0
2706	248	-465.7035	0	52447.7222	0
2707	248	-465.7034	0	52447.7223	0
2708	248	-465.7032	0	52447.7204	0
2709	248	-465.7029	0	52447.7197	0
2710	248	-465.7028	0	52447.7196	0
2711	248	-465.7026	0	52447.7196	0
2712	248	-465.7025	0	52447.7175	0
2713	248	-465.7025	0	52447.7168	0
2714	248	-465.7025	0	52447.7144	0
2715	248	-465.7026	0	52447.7135	0
2716	248	-465.7026	0	52447.7133	0
2717	248	-465.7027	0	52447.7132	0
2718	248	-465.7027	0	52447.7132	0
2719	248	-465.7025	0	52447.7154	0
2720	248	-465.7022	0	52447.7121	0
2721	248	-465.7020	0	52447.7088	0
2722	248	-465.7017	0	52447.7055	0
2723	248	-465.7018	0	52447.7064	0
2732	248	-465.7012	0	52447.6949	0
2739	248	-465.7010	0	52447.6786	0
2747	248	-465.7019	0	52447.6677	0
2750	248	-465.7029	0	52447.6674	0
2751	248	-465.7027	0	52447.6676	0
2752	248	-465.7027	0	52447.6631	0
2753	248	-465.7031	0	52447.6659	0
2754	248	-465.7035	0	52447.6736	0
2755	248	-465.7031	0	52447.6698	0
2756	248	-465.7028	0	52447.6685	0
2757	248	-465.7028	0	52447.6680	0
2758	248	-465.7030	0	52447.6677	0
2759	248	-465.7033	0	52447.6653	0
2760	248	-465.7037	0	52447.6666	0
2761	248	-465.7036	0	52447.6694	0
2762	248	-465.7036	0	52447.6658	0
2763	248	-465.7039	0	52447.6645	0
2764	248	-465.7039	0	52447.6640	0
2765	248	-465.7043	0	52447.6660	0
2766	248	-465.7046	0	52447.6713	0
2767	248	-465.7044	0	52447.6710	0
2768	248	-465.7041	0	52447.6664	0
2769	248	-465.7039	0	52447.6625	0
2770	248	-465.7042	0	52447.6655	0
2771	248	-465.7046	0	52447.6665	0
2772	248	-465.7047	0	52447.6669	0
2773	248	-465.7051	0	52447.6692	0
2774	248	-465.7052	0	52447.6701	0
2775	248	-465.7053	0	52447.6704	0
2776	248	-465.7051	0	52447.6683	0
2777	248	-465.7053	0	52447.6697	0
2778	248	-465.7055	0	52447.6701	0
2779	248	-465.7051	0	52447.6682	0
2780	248	-465.7050	0	52447.6674	0
2781	248	-465.7049	0	52447.6649	0
2782	248	-465.7049	0	52447.6640	0
2783	248	-465.7049	0	52447.6636	0
2784	248	-465.7051	0	52447.6634	0
2785	248	-465.7053	0	52447.6634	0
2786	248	-465.7057	0	52447.6655	0
2787	248	-465.7068	0	52447.6749	0
2788	248	-465.7072	0	52447.6806	0
2789	248	-465.7062	0	52447.6701	0
2790	248	-465.7055	0	52447.6658	0
2791	248	-465.7053	0	52447.6643	0
2792	248	-465.7052	0	52447.6637	0
2793	248	-465.7052	0	52447.6613	0
2794	248	-465.7050	0	52447.6604	0
2795	248	-465.7049	0	52447.6600	0
2796	248	-465.7053	0	52447.6644	0
2797	248	-465.7053	0	52447.6616	0
2798	248	-465.7055	0	52447.6627	0
2799	248	-465.7058	0	52447.6631	0
2800	248	-465.7057	0	52447.6610	0
2801	248	-465.7059	0	52447.6625	0
2802	248	-465.7060	0	52447.6630	0
2803	248	-465.7060	0	52447.6632	0
2804	248	-465.7060	0	52447.6633	0
2805	248	-465.7058	0	52447.6634	0
2806	248	-465.7059	0	52447.6611	0
2807	248	-465.7064	0	52447.6601	0
2808	248	-465.7066	0	52447.6620	0
2809	248	-465.7067	0	52447.6604	0
2810	248	-465.7072	0	52447.6643	0
2811	248	-465.7074	0	52447.6657	0
2812	248	-465.7078	0	52447.6662	0
2813	248	-465.7079	0	52447.6663	0
2814	248	-465.7086	0	52447.6707	0
2815	248	-465.7087	0	52447.6701	0
2816	248	-465.7092	0	52447.6720	0
2817	248	-465.7094	0	52447.6681	0
2818	248	-465.7102	0	52447.6687	0
2819	248	-465.7107	0	52447.6666	0
2820	248	-465.7112	0	52447.6679	0
2821	248	-465.7116	0	52447.6684	0
2822	248	-465.7120	0	52447.6685	0
2823	248	-465.7126	0	52447.6728	0
2824	248	-465.7131	0	52447.6766	0
2825	248	-465.7135	0	52447.6801	0
2826	248	-465.7138	0	52447.6769	0
2827	248	-465.7141	0	52447.6778	0
2828	248	-465.7148	0	52447.6758	0
2829	248	-465.7153	0	52447.6726	0
2830	248	-465.7159	0	52447.6714	0
2831	248	-465.7166	0	52447.6707	0
2832	248	-465.7169	0	52447.6705	0
2833	248	-465.7174	0	52447.6725	0
2834	248	-465.7178	0	52447.6754	0
2835	248	-465.7184	0	52447.6764	0
2836	248	-465.7189	0	52447.6744	0
2837	248	-465.7196	0	52447.6713	0
2838	248	-465.7200	0	52447.6723	0
2839	248	-465.7202	0	52447.6704	0
2840	248	-465.7203	0	52447.6719	0
2841	248	-465.7206	0	52447.6724	0
2842	248	-465.7209	0	52447.6726	0
2843	248	-465.7216	0	52447.6747	0
2844	248	-465.7221	0	52447.6754	0
2845	248	-465.7223	0	52447.6756	0
2849	248	-465.7229	0	52447.6756	0
2850	248	-465.7229	0	52447.6756	0
2851	248	-465.7229	0	52447.6755	0
2852	248	-465.7230	0	52447.6755	0
2853	248	-465.7231	0	52447.6776	0
2854	248	-465.7232	0	52447.6784	0
2855	248	-465.7231	0	52447.6787	0
2856	248	-465.7231	0	52447.6789	0
2857	248	-465.7231	0	52447.6789	0
2858	248	-465.7227	0	52447.6746	0
2859	248	-465.7226	0	52447.6729	0
2860	248	-465.7225	0	52447.6723	0
2861	248	-465.7225	0	52447.6721	0
2862	248	-465.7225	0	52447.6720	0
2863	248	-465.7225	0	52447.6720	0
2864	248	-465.7225	0	52447.6720	0
2865	248	-465.7225	0	52447.6720	0
2866	248	-465.7225	0	52447.6720	0
2867	248	-465.7225	0	52447.6720	0
2868	248	-465.7225	0	52447.6721	0
2869	248	-465.7225	0	52447.6721	0
2870	248	-465.7225	0	52447.6721	0
2871	248	-465.7225	0	52447.6721	0
2872	248	-465.7225	0	52447.6698	0
2873	248	-465.7224	0	52447.6668	0
2874	248	-465.7224	0	52447.6679	0
2875	248	-465.7225	0	52447.6683	0
2876	248	-465.7225	0	52447.6685	0
2877	248	-465.7223	0	52447.6664	0
2878	248	-465.7225	0	52447.6655	0
2879	248	-465.7226	0	52447.6652	0
2880	248	-465.7226	0	52447.6652	0
2881	248	-465.7226	0	52447.6651	0
2882	248	-465.7226	0	52447.6629	0
2883	248	-465.7229	0	52447.6620	0
2884	248	-465.7229	0	52447.6617	0
2885	248	-465.7228	0	52447.6594	0
2886	248	-465.7227	0	52447.6585	0
2887	248	-465.7227	0	52447.6583	0
2888	248	-465.7226	0	52447.6582	0
2889	248	-465.7225	0	52447.6536	0
2890	248	-465.7224	0	52447.6520	0
2891	248	-465.7224	0	52447.6513	0
2892	248	-465.7225	0	52447.6489	0
2893	248	-465.7226	0	52447.6479	0
2894	248	-465.7226	0	52447.6477	0
2895	248	-465.7229	0	52447.6475	0
2896	248	-465.7231	0	52447.6520	0
2897	248	-465.7233	0	52447.6491	0
2898	248	-465.7234	0	52447.6481	0
2899	248	-465.7238	0	52447.6476	0
2900	248	-465.7241	0	52447.6497	0
2901	248	-465.7243	0	52447.6482	0
2902	248	-465.7249	0	52447.6475	0
2903	248	-465.7255	0	52447.6448	0
2906	248	-465.7279	0	52447.6487	0
