2445	253	-465.8172	0	52447.7426	0
2446	253	-465.8169	0	52447.7427	0
2447	253	-465.8171	0	52447.7404	0
2448	253	-465.8166	0	52447.7441	0
2449	253	-465.8165	0	52447.7454	0
2450	253	-465.8165	0	52447.7458	0
2451	253	-465.8165	0	52447.7479	0
2452	253	-465.8165	0	52447.7487	0
2453	253	-465.8163	0	52447.7509	0
2454	253	-465.8162	0	52447.7517	0
2455	253	-465.8160	0	52447.7539	0
2456	253	-465.8161	0	52447.7528	0
2457	253	-465.8159	0	52447.7561	0
2458	253	-465.8159	0	52447.7573	0
2459	253	-465.8155	0	52447.7597	0
2460	253	-465.8151	0	52447.7625	0
2461	253	-465.8148	0	52447.7654	0
2462	253	-465.8149	0	52447.7645	0
2463	253	-465.8145	0	52447.7661	0
2464	253	-465.8143	0	52447.7647	0
2465	253	-465.8139	0	52447.7625	0
2466	253	-465.8137	0	52447.7597	0
2467	253	-465.8133	0	52447.7643	0
2468	253	-465.8125	0	52447.7698	0
2469	253	-465.8121	0	52447.7738	0
2470	253	-465.8119	0	52447.7771	0
2471	253	-465.8114	0	52447.7801	0
2472	253	-465.8108	0	52447.7831	0
2473	253	-465.8105	0	52447.7860	0
2474	253	-465.8102	0	52447.7888	0
2475	253	-465.8099	0	52447.7898	0
2476	253	-465.8098	0	52447.7883	0
2477	253	-465.8097	0	52447.7859	0
2478	253	-465.8100	0	52447.7812	0
2479	253	-465.8101	0	52447.7794	0
2480	253	-465.8100	0	52447.7806	0
2481	253	-465.8098	0	52447.7811	0
2482	253	-465.8097	0	52447.7830	0
2483	253	-465.8096	0	52447.7856	0
2484	253	-465.8097	0	52447.7847	0
2485	253	-465.8100	0	52447.7843	0
2486	253	-465.8099	0	52447.7877	0
2487	253	-465.8099	0	52447.7872	0
2488	253	-465.8099	0	52447.7888	0
2489	253	-465.8099	0	52447.7893	0
2490	253	-465.8098	0	52447.7896	0
2491	253	-465.8096	0	52447.7896	0
2492	253	-465.8100	0	52447.7878	0
2493	253	-465.8099	0	52447.7889	0
2494	253	-465.8101	0	52447.7910	0
2495	253	-465.8106	0	52447.7899	0
2496	253	-465.8108	0	52447.7895	0
2497	253	-465.8108	0	52447.7893	0
2498	253	-465.8111	0	52447.7892	0
2499	253	-465.8112	0	52447.7908	0
2500	253	-465.8112	0	52447.7915	0
2501	253	-465.8113	0	52447.7934	0
2502	253	-465.8113	0	52447.7942	0
2503	253	-465.8113	0	52447.7944	0
2504	253	-465.8112	0	52447.7945	0
2505	253	-465.8111	0	52447.7981	0
2506	253	-465.8110	0	52447.7994	0
2507	253	-465.8110	0	52447.7998	0
2508	253	-465.8110	0	52447.8000	0
2509	253	-465.8112	0	52447.7999	0
2510	253	-465.8110	0	52447.8017	0
2511	253	-465.8108	0	52447.8041	0
2512	253	-465.8107	0	52447.8049	0
2513	253	-465.8105	0	52447.8088	0
2514	253	-465.8104	0	52447.8067	0
2515	253	-465.8104	0	52447.8059	0
2516	253	-465.8104	0	52447.8073	0
2517	253	-465.8102	0	52447.8095	0
2518	253	-465.8103	0	52447.8103	0
2519	253	-465.8104	0	52447.8122	0
2520	253	-465.8106	0	52447.8112	0
2521	253	-465.8105	0	52447.8125	0
2522	253	-465.8107	0	52447.8112	0
2523	253	-465.8106	0	52447.8125	0
2524	253	-465.8105	0	52447.8180	0
2525	253	-465.8104	0	52447.8200	0
2526	253	-465.8104	0	52447.8207	0
2527	253	-465.8104	0	52447.8210	0
2528	253	-465.8106	0	52447.8193	0
2529	253	-465.8105	0	52447.8203	0
2530	253	-465.8105	0	52447.8223	0
2531	253	-465.8107	0	52447.8230	0
2532	253	-465.8112	0	52447.8215	0
2533	253	-465.8115	0	52447.8175	0
2534	253	-465.8117	0	52447.8176	0
2535	253	-465.8118	0	52447.8193	0
2536	253	-465.8116	0	52447.8216	0
2537	253	-465.8116	0	52447.8225	0
2538	253	-465.8115	0	52447.8228	0
2539	253	-465.8117	0	52447.8229	0
2540	253	-465.8117	0	52447.8246	0
2541	253	-465.8117	0	52447.8252	0
2542	253	-465.8115	0	52447.8271	0
2543	253	-465.8113	0	52447.8294	0
2544	253	-465.8113	0	52447.8303	0
2545	253	-465.8116	0	52447.8272	0
2546	253	-465.8117	0	52447.8260	0
2547	253	-465.8120	0	52447.8255	0
2548	253	-465.8119	0	52447.8270	0
2549	253	-465.8119	0	52447.8275	0
2550	253	-465.8119	0	52447.8277	0
2551	253	-465.8119	0	52447.8278	0
2552	253	-465.8120	0	52447.8261	0
2553	253	-465.8122	0	52447.8238	0
2554	253	-465.8122	0	52447.8245	0
2555	253	-465.8124	0	52447.8248	0
2556	253	-465.8123	0	52447.8266	0
2557	253	-465.8125	0	52447.8289	0
2558	253	-465.8129	0	52447.8263	0
2559	253	-465.8129	0	52447.8254	0
2560	253	-465.8131	0	52447.8250	0
2561	253	-465.8130	0	52447.8265	0
2562	253	-465.8131	0	52447.8271	0
2563	253	-465.8133	0	52447.8239	0
2564	253	-465.8136	0	52447.8194	0
2565	253	-465.8137	0	52447.8193	0
2566	253	-465.8135	0	52447.8210	0
2567	253	-465.8135	0	52447.8250	0
2568	253	-465.8134	0	52447.8266	0
2569	253	-465.8134	0	52447.8254	0
2570	253	-465.8137	0	52447.8249	0
2571	253	-465.8138	0	52447.8264	0
2572	253	-465.8137	0	52447.8286	0
2573	253	-465.8139	0	52447.8311	0
2574	253	-465.8137	0	52447.8320	0
2575	253	-465.8136	0	52447.8307	0
2576	253	-465.8139	0	52447.8284	0
2577	253	-465.8140	0	52447.8292	0
2578	253	-465.8141	0	52447.8312	0
2579	253	-465.8139	0	52447.8335	0
2580	253	-465.8138	0	52447.8328	0
2581	253	-465.8139	0	52447.8357	0
2582	253	-465.8139	0	52447.8352	0
2583	253	-465.8139	0	52447.8366	0
2584	253	-465.8137	0	52447.8404	0
2585	253	-465.8133	0	52447.8434	0
2586	253	-465.8130	0	52447.8478	0
2587	253	-465.8132	0	52447.8461	0
2588	253	-465.8132	0	52447.8439	0
2589	253	-465.8132	0	52447.8446	0
2590	253	-465.8130	0	52447.8464	0
2591	253	-465.8128	0	52447.8488	0
2592	253	-465.8124	0	52447.8544	0
2593	253	-465.8124	0	52447.8549	0
2594	253	-465.8123	0	52447.8566	0
2595	253	-465.8121	0	52447.8603	0
2596	253	-465.8122	0	52447.8601	0
2597	253	-465.8121	0	52447.8630	0
2598	253	-465.8119	0	52447.8641	0
2599	253	-465.8118	0	52447.8645	0
2600	253	-465.8118	0	52447.8646	0
2601	253	-465.8118	0	52447.8645	0
2602	253	-465.8117	0	52447.8676	0
2603	253	-465.8113	0	52447.8718	0
2604	253	-465.8114	0	52447.8732	0
2605	253	-465.8113	0	52447.8753	0
2606	253	-465.8114	0	52447.8745	0
2607	253	-465.8116	0	52447.8740	0
2608	253	-465.8116	0	52447.8768	0
2609	253	-465.8116	0	52447.8779	0
2610	253	-465.8115	0	52447.8812	0
2611	253	-465.8112	0	52447.8825	0
2612	253	-465.8111	0	52447.8829	0
2613	253	-465.8111	0	52447.8845	0
2614	253	-465.8111	0	52447.8865	0
2615	253	-465.8109	0	52447.8872	0
2616	253	-465.8107	0	52447.8919	0
2617	253	-465.8105	0	52447.8951	0
2618	253	-465.8106	0	52447.8947	0
2619	253	-465.8109	0	52447.8945	0
2620	253	-465.8109	0	52447.8943	0
2621	253	-465.8109	0	52447.8957	0
2622	253	-465.8109	0	52447.8976	0
2623	253	-465.8109	0	52447.8997	0
2624	253	-465.8107	0	52447.9005	0
2625	253	-465.8108	0	52447.9007	0
2626	253	-465.8106	0	52447.9008	0
2627	253	-465.8106	0	52447.9022	0
2628	253	-465.8104	0	52447.9041	0
2629	253	-465.8104	0	52447.9062	0
2630	253	-465.8104	0	52447.9070	0
2631	253	-465.8103	0	52447.9058	0
2632	253	-465.8103	0	52447.9067	0
2633	253	-465.8103	0	52447.9071	0
2634	253	-465.8101	0	52447.9072	0
2635	253	-465.8098	0	52447.9073	0
2636	253	-465.8096	0	52447.9059	0
2637	253	-465.8093	0	52447.9053	0
2638	253	-465.8092	0	52447.9051	0
2639	253	-465.8092	0	52447.9050	0
2640	253	-465.8090	0	52447.9050	0
2641	253	-465.8090	0	52447.9064	0
2642	253	-465.8092	0	52447.9069	0
2643	253	-465.8092	0	52447.9056	0
2644	253	-465.8092	0	52447.9052	0
2645	253	-465.8093	0	52447.9050	0
2646	253	-465.8095	0	52447.9034	0
2647	253	-465.8094	0	52447.9043	0
2648	253	-465.8094	0	52447.9046	0
2649	253	-465.8092	0	52447.9048	0
2650	253	-465.8093	0	52447.9034	0
2651	253	-465.8091	0	52447.9029	0
2652	253	-465.8091	0	52447.9041	0
2653	253	-465.8092	0	52447.9060	0
2654	253	-465.8092	0	52447.9053	0
2655	253	-465.8095	0	52447.9035	0
2656	253	-465.8097	0	52447.9028	0
2657	253	-465.8096	0	52447.9026	0
2658	253	-465.8094	0	52447.9054	0
2659	253	-465.8094	0	52447.9079	0
2660	253	-465.8093	0	52447.9088	0
2661	253	-465.8091	0	52447.9092	0
2662	253	-465.8092	0	52447.9093	0
2663	253	-465.8093	0	52447.9093	0
2664	253	-465.8093	0	52447.9093	0
2665	253	-465.8095	0	52447.9106	0
2666	253	-465.8095	0	52447.9111	0
2667	253	-465.8096	0	52447.9113	0
2668	253	-465.8096	0	52447.9113	0
2669	253	-465.8097	0	52447.9113	0
2670	253	-465.8097	0	52447.9113	0
2671	253	-465.8095	0	52447.9141	0
2672	253	-465.8092	0	52447.9152	0
2673	253	-465.8092	0	52447.9142	0
2674	253	-465.8092	0	52447.9138	0
2675	253	-465.8089	0	52447.9164	0
2676	253	-465.8088	0	52447.9161	0
2677	253	-465.8084	0	52447.9174	0
2678	253	-465.8082	0	52447.9179	0
2679	253	-465.8080	0	52447.9195	0
2680	253	-465.8079	0	52447.9173	0
2681	253	-465.8078	0	52447.9150	0
2682	253	-465.8078	0	52447.9155	0
2683	253	-465.8075	0	52447.9172	0
2684	253	-465.8072	0	52447.9192	0
2685	253	-465.8069	0	52447.9187	0
2686	253	-465.8068	0	52447.9185	0
2687	253	-465.8067	0	52447.9170	0
2688	253	-465.8066	0	52447.9164	0
2689	253	-465.8065	0	52447.9176	0
2690	253	-465.8064	0	52447.9181	0
2691	253	-465.8066	0	52447.9196	0
2692	253	-465.8066	0	52447.9188	0
2693	253	-465.8066	0	52447.9184	0
2694	253	-465.8068	0	52447.9197	0
2695	253	-465.8069	0	52447.9214	0
2696	253	-465.8069	0	52447.9263	0
2697	253	-465.8075	0	52447.9306	0
2698	253	-465.8065	0	52447.9298	0
2699	253	-465.8053	0	52447.9310	0
2700	253	-465.8071	0	52447.9295	0
2701	253	-465.8080	0	52447.9289	0
2702	253	-465.8084	0	52447.9300	0
2703	253	-465.8089	0	52447.9316	0
2704	253	-465.8092	0	52447.9308	0
2705	253	-465.8095	0	52447.9304	0
2706	253	-465.8097	0	52447.9330	0
2707	253	-465.8099	0	52447.9338	0
2708	253	-465.8097	0	52447.9368	0
2709	253	-465.8098	0	52447.9366	0
2710	253	-465.8100	0	52447.9364	0
2711	253	-465.8102	0	52447.9363	0
2712	253	-465.8103	0	52447.9375	0
2713	253	-465.8102	0	52447.9393	0
2714	253	-465.8102	0	52447.9413	0
2715	253	-465.8104	0	52447.9420	0
2716	253	-465.8107	0	52447.9434	0
2717	253	-465.8110	0	52447.9426	0
2718	253	-465.8112	0	52447.9422	0
2719	253	-465.8115	0	52447.9433	0
2720	253	-465.8114	0	52447.9464	0
2721	253	-465.8116	0	52447.9461	0
2722	253	-465.8117	0	52447.9447	0
2723	253	-465.8117	0	52447.9455	0
2724	253	-465.8117	0	52447.9457	0
2725	253	-465.8115	0	52447.9458	0
2726	253	-465.8112	0	52447.9472	0
2727	253	-465.8112	0	52447.9503	0
2728	253	-465.8111	0	52447.9514	0
2729	253	-465.8109	0	52447.9505	0
2730	253	-465.8110	0	52447.9489	0
2731	253	-465.8109	0	52447.9495	0
2732	253	-465.8109	0	52447.9511	0
2733	253	-465.8106	0	52447.9530	0
2734	253	-465.8104	0	52447.9537	0
2735	253	-465.8103	0	52447.9526	0
2736	253	-465.8102	0	52447.9522	0
2737	253	-465.8101	0	52447.9534	0
2738	253	-465.8100	0	52447.9538	0
2739	253	-465.8099	0	52447.9577	0
2740	253	-465.8099	0	52447.9593	0
2741	253	-465.8098	0	52447.9598	0
2742	253	-465.8099	0	52447.9612	0
2743	253	-465.8101	0	52447.9616	0
2744	253	-465.8101	0	52447.9643	0
2745	253	-465.8102	0	52447.9678	0
2746	253	-465.8100	0	52447.9703	0
2747	253	-465.8100	0	52447.9724	0
2748	253	-465.8100	0	52447.9732	0
2749	253	-465.8102	0	52447.9746	0
2750	253	-465.8104	0	52447.9775	0
2751	253	-465.8103	0	52447.9786	0
2752	253	-465.8104	0	52447.9801	0
2753	253	-465.8107	0	52447.9817	0
2754	253	-465.8114	0	52447.9774	0
2755	253	-465.8119	0	52447.9744	0
2756	253	-465.8123	0	52447.9695	0
2757	253	-465.8118	0	52447.9714	0
2758	253	-465.8115	0	52447.9759	0
2759	253	-465.8113	0	52447.9825	0
2760	253	-465.8114	0	52447.9836	0
2761	253	-465.8116	0	52447.9851	0
2762	253	-465.8121	0	52447.9868	0
2763	253	-465.8122	0	52447.9897	0
2764	253	-465.8121	0	52447.9920	0
2765	253	-465.8123	0	52447.9928	0
2766	253	-465.8125	0	52447.9929	0
2767	253	-465.8128	0	52447.9941	0
2768	253	-465.8130	0	52447.9968	0
2769	253	-465.8131	0	52447.9989	0
2770	253	-465.8130	0	52448.0009	0
2771	253	-465.8133	0	52448.0015	0
2772	253	-465.8135	0	52448.0016	0
2773	253	-465.8138	0	52448.0004	0
2774	253	-465.8140	0	52447.9965	0
2775	253	-465.8132	0	52448.0053	0
2776	253	-465.8135	0	52448.0109	0
2777	253	-465.8139	0	52448.0129	0
2778	253	-465.8141	0	52448.0123	0
2779	253	-465.8142	0	52448.0110	0
2780	253	-465.8142	0	52448.0126	0
2781	253	-465.8141	0	52448.0144	0
2782	253	-465.8139	0	52448.0162	0
2783	253	-465.8137	0	52448.0168	0
2784	253	-465.8136	0	52448.0192	0
2785	253	-465.8136	0	52448.0201	0
2786	253	-465.8134	0	52448.0204	0
2787	253	-465.8137	0	52448.0204	0
2788	253	-465.8137	0	52448.0225	0
2789	253	-465.8140	0	52448.0222	0
2790	253	-465.8141	0	52448.0220	0
2791	253	-465.8141	0	52448.0230	0
2792	253	-465.8143	0	52448.0222	0
2793	253	-465.8142	0	52448.0230	0
2794	253	-465.8142	0	52448.0266	0
2795	253	-465.8140	0	52448.0290	0
2796	253	-465.8141	0	52448.0287	0
2797	253	-465.8142	0	52448.0296	0
2798	253	-465.8141	0	52448.0311	0
2799	253	-465.8142	0	52448.0326	0
2800	253	-465.8146	0	52448.0331	0
2801	253	-465.8144	0	52448.0354	0
2802	253	-465.8145	0	52448.0362	0
2803	253	-465.8145	0	52448.0376	0
2804	253	-465.8148	0	52448.0391	0
2805	253	-465.8149	0	52448.0385	0
2806	253	-465.8148	0	52448.0393	0
2807	253	-465.8148	0	52448.0406	0
2808	253	-465.8146	0	52448.0443	0
2809	253	-465.8145	0	52448.0457	0
2810	253	-465.8144	0	52448.0461	0
2811	253	-465.8144	0	52448.0473	0
2812	253	-465.8143	0	52448.0498	0
2813	253	-465.8143	0	52448.0517	0
2814	253	-465.8143	0	52448.0524	0
2815	253	-465.8143	0	52448.0556	0
2816	253	-465.8144	0	52448.0568	0
2817	253	-465.8145	0	52448.0581	0
2818	253	-465.8146	0	52448.0586	0
2819	253	-465.8146	0	52448.0598	0
2820	253	-465.8144	0	52448.0622	0
2821	253	-465.8144	0	52448.0640	0
2822	253	-465.8144	0	52448.0647	0
2823	253	-465.8144	0	52448.0669	0
2824	253	-465.8146	0	52448.0686	0
2825	253	-465.8148	0	52448.0701	0
2826	253	-465.8148	0	52448.0726	0
2827	253	-465.8147	0	52448.0735	0
2828	253	-465.8145	0	52448.0748	0
2829	253	-465.8148	0	52448.0752	0
2830	253	-465.8150	0	52448.0762	0
2831	253	-465.8150	0	52448.0765	0
2832	253	-465.8149	0	52448.0776	0
2833	253	-465.8147	0	52448.0799	0
2834	253	-465.8145	0	52448.0818	0
2835	253	-465.8144	0	52448.0834	0
2836	253	-465.8145	0	52448.0810	0
2837	253	-465.8145	0	52448.0820	0
2838	253	-465.8143	0	52448.0833	0
2839	253	-465.8140	0	52448.0866	0
2840	253	-465.8139	0	52448.0888	0
2841	253	-465.8141	0	52448.0895	0
2842	253	-465.8143	0	52448.0897	0
2843	253	-465.8143	0	52448.0907	0
2844	253	-465.8144	0	52448.0929	0
2845	253	-465.8144	0	52448.0946	0
2846	253	-465.8143	0	52448.0970	0
2847	253	-465.8144	0	52448.0970	0
2848	253	-465.8146	0	52448.0960	0
2849	253	-465.8146	0	52448.0974	0
2850	253	-465.8147	0	52448.0979	0
2851	253	-465.8147	0	52448.0989	0
2852	253	-465.8147	0	52448.1002	0
2853	253	-465.8149	0	52448.1015	0
2854	253	-465.8154	0	52448.1019	0
2855	253	-465.8156	0	52448.1029	0
2856	253	-465.8159	0	52448.1023	0
2857	253	-465.8162	0	52448.1011	0
2858	253	-465.8160	0	52448.1034	0
2859	253	-465.8158	0	52448.1051	0
2860	253	-465.8158	0	52448.1067	0
2861	253	-465.8158	0	52448.1054	0
2862	253	-465.8159	0	52448.1049	0
2863	253	-465.8159	0	52448.1055	0
2864	253	-465.8158	0	52448.1076	0
2865	253	-465.8157	0	52448.1092	0
2866	253	-465.8156	0	52448.1108	0
2867	253	-465.8156	0	52448.1130	0
2868	253	-465.8157	0	52448.1139	0
2869	253	-465.8161	0	52448.1114	0
2870	253	-465.8161	0	52448.1122	0
2871	253	-465.8160	0	52448.1134	0
2872	253	-465.8159	0	52448.1148	0
2873	253	-465.8158	0	52448.1152	0
2874	253	-465.8158	0	52448.1154	0
2877	253	-465.8155	0	52448.1199	0
2878	253	-465.8154	0	52448.1197	0
2879	253	-465.8157	0	52448.1186	0
2880	253	-465.8158	0	52448.1191	0
2881	253	-465.8156	0	52448.1201	0
2882	253	-465.8155	0	52448.1223	0
2883	253	-465.8153	0	52448.1248	0
2884	253	-465.8153	0	52448.1257	0
2885	253	-465.8152	0	52448.1269	0
2886	253	-465.8153	0	52448.1255	0
2887	253	-465.8153	0	52448.1242	0
2888	253	-465.8153	0	52448.1236	0
2889	253	-465.8154	0	52448.1225	0
2890	253	-465.8156	0	52448.1220	0
2891	253	-465.8155	0	52448.1236	0
2892	253	-465.8154	0	52448.1259	0
2893	253	-465.8154	0	52448.1277	0
2894	253	-465.8155	0	52448.1274	0
2895	253	-465.8157	0	52448.1272	0
2896	253	-465.8158	0	52448.1280	0
2897	253	-465.8159	0	52448.1291	0
2898	253	-465.8158	0	52448.1304	0
2899	253	-465.8157	0	52448.1308	0
2900	253	-465.8157	0	52448.1302	0
2901	253	-465.8157	0	52448.1307	0
2902	253	-465.8159	0	52448.1300	0
2903	253	-465.8159	0	52448.1306	0
2904	253	-465.8160	0	52448.1325	0
2905	253	-465.8157	0	52448.1349	0
2906	253	-465.8158	0	52448.1358	0
2907	253	-465.8157	0	52448.1410	0
2908	253	-465.8160	0	52448.1388	0
2909	253	-465.8160	0	52448.1388	0
2910	253	-465.8164	0	52448.1362	0
2911	253	-465.8169	0	52448.1326	0
2912	253	-465.8169	0	52448.1345	0
2913	253	-465.8165	0	52448.1378	0
2914	253	-465.8165	0	52448.1391	0
2915	253	-465.8166	0	52448.1387	0
2916	253	-465.8164	0	52448.1419	0
2917	253	-465.8164	0	52448.1447	0
2918	253	-465.8163	0	52448.1465	0
2919	253	-465.8163	0	52448.1479	0
2920	253	-465.8165	0	52448.1484	0
2921	253	-465.8168	0	52448.1477	0
2922	253	-465.8172	0	52448.1482	0
2923	253	-465.8171	0	52448.1507	0
2924	253	-465.8170	0	52448.1541	0
2925	253	-465.8169	0	52448.1561	0
2926	253	-465.8171	0	52448.1560	0
2927	253	-465.8174	0	52448.1550	0
2928	253	-465.8177	0	52448.1530	0
2929	253	-465.8179	0	52448.1546	0
2930	253	-465.8179	0	52448.1575	0
2931	253	-465.8182	0	52448.1562	0
2932	253	-465.8184	0	52448.1549	0
2933	253	-465.8187	0	52448.1551	0
2934	253	-465.8190	0	52448.1559	0
2935	253	-465.8192	0	52448.1569	0
2936	253	-465.8189	0	52448.1589	0
2937	253	-465.8188	0	52448.1605	0
2938	253	-465.8187	0	52448.1610	0
2939	253	-465.8186	0	52448.1612	0
2940	253	-465.8186	0	52448.1613	0
2941	253	-465.8185	0	52448.1628	0
2942	253	-465.8183	0	52448.1642	0
2943	253	-465.8182	0	52448.1646	0
2944	253	-465.8182	0	52448.1656	0
2945	253	-465.8182	0	52448.1667	0
2946	253	-465.8183	0	52448.1663	0
2947	253	-465.8182	0	52448.1684	0
2948	253	-465.8183	0	52448.1691	0
2949	253	-465.8185	0	52448.1694	0
2950	253	-465.8185	0	52448.1702	0
2951	253	-465.8185	0	52448.1705	0
2952	253	-465.8185	0	52448.1713	0
2953	253	-465.8185	0	52448.1716	0
2954	253	-465.8185	0	52448.1732	0
2955	253	-465.8185	0	52448.1738	0
2956	253	-465.8184	0	52448.1770	0
2957	253	-465.8185	0	52448.1789	0
2958	253	-465.8188	0	52448.1787	0
2959	253	-465.8189	0	52448.1794	0
2960	253	-465.8188	0	52448.1811	0
2961	253	-465.8187	0	52448.1832	0
2962	253	-465.8187	0	52448.1839	0
2963	253	-465.8185	0	52448.1849	0
2964	253	-465.8183	0	52448.1868	0
2965	253	-465.8182	0	52448.1881	0
2966	253	-465.8181	0	52448.1879	0
2967	253	-465.8181	0	52448.1877	0
2968	253	-465.8182	0	52448.1884	0
2969	253	-465.8183	0	52448.1893	0
2970	253	-465.8183	0	52448.1910	0
2971	253	-465.8181	0	52448.1931	0
2972	253	-465.8180	0	52448.1939	0
2973	253	-465.8180	0	52448.1969	0
2974	253	-465.8182	0	52448.1966	0
2975	253	-465.8180	0	52448.1986	0
2976	253	-465.8180	0	52448.1993	0
2977	253	-465.8182	0	52448.1987	0
2978	253	-465.8182	0	52448.1978	0
2979	253	-465.8182	0	52448.1981	0
2980	253	-465.8182	0	52448.2003	0
2981	253	-465.8182	0	52448.2025	0
2982	253	-465.8183	0	52448.2047	0
2983	253	-465.8189	0	52448.2047	0
2984	253	-465.8194	0	52448.2032	0
2985	253	-465.8199	0	52448.2025	0
2986	253	-465.8200	0	52448.2036	0
2987	253	-465.8196	0	52448.2075	0
2988	253	-465.8196	0	52448.2076	0
2989	253	-465.8195	0	52448.2076	0
2990	253	-465.8194	0	52448.2076	0
2991	253	-465.8195	0	52448.2068	0
2992	253	-465.8194	0	52448.2072	0
2993	253	-465.8193	0	52448.2081	0
2994	253	-465.8194	0	52448.2117	0
2995	253	-465.8193	0	52448.2124	0
2996	253	-465.8192	0	52448.2120	0
2997	253	-465.8193	0	52448.2111	0
2998	253	-465.8192	0	52448.2121	0
2999	253	-465.8191	0	52448.2125	0
3000	253	-465.8186	0	52448.2147	0
3001	253	-465.8187	0	52448.2161	0
3002	253	-465.8184	0	52448.2167	0
3003	253	-465.8184	0	52448.2155	0
3004	253	-465.8183	0	52448.2151	0
3005	253	-465.8184	0	52448.2149	0
3006	253	-465.8184	0	52448.2161	0
3007	253	-465.8182	0	52448.2179	0
3008	253	-465.8181	0	52448.2199	0
3009	253	-465.8182	0	52448.2206	0
3010	253	-465.8182	0	52448.2208	0
3011	253	-465.8183	0	52448.2209	0
3012	253	-465.8183	0	52448.2215	0
3013	253	-465.8181	0	52448.2237	0
3014	253	-465.8179	0	52448.2252	0
3015	253	-465.8180	0	52448.2251	0
3016	253	-465.8177	0	52448.2257	0
3017	253	-465.8178	0	52448.2259	0
3018	253	-465.8177	0	52448.2272	0
3019	253	-465.8178	0	52448.2289	0
3020	253	-465.8178	0	52448.2309	0
3021	253	-465.8180	0	52448.2309	0
3022	253	-465.8181	0	52448.2309	0
3023	253	-465.8180	0	52448.2315	0
3024	253	-465.8180	0	52448.2323	0
3025	253	-465.8180	0	52448.2338	0
3026	253	-465.8180	0	52448.2350	0
3027	253	-465.8180	0	52448.2354	0
3028	253	-465.8179	0	52448.2356	0
3029	253	-465.8180	0	52448.2362	0
3030	253	-465.8180	0	52448.2370	0
3031	253	-465.8182	0	52448.2367	0
3032	253	-465.8181	0	52448.2390	0
3033	253	-465.8183	0	52448.2392	0
3034	253	-465.8184	0	52448.2405	0
3035	253	-465.8185	0	52448.2410	0
3036	253	-465.8184	0	52448.2430	0
3037	253	-465.8182	0	52448.2443	0
3038	253	-465.8180	0	52448.2454	0
3039	253	-465.8180	0	52448.2458	0
3040	253	-465.8178	0	52448.2466	0
3041	253	-465.8176	0	52448.2468	0
3042	253	-465.8173	0	52448.2487	0
3043	253	-465.8171	0	52448.2495	0
3044	253	-465.8168	0	52448.2521	0
3045	253	-465.8167	0	52448.2531	0
3046	253	-465.8167	0	52448.2540	0
3047	253	-465.8167	0	52448.2537	0
3048	253	-465.8166	0	52448.2542	0
3049	253	-465.8165	0	52448.2538	0
3050	253	-465.8162	0	52448.2560	0
3051	253	-465.8161	0	52448.2573	0
3052	253	-465.8161	0	52448.2584	0
3053	253	-465.8160	0	52448.2588	0
3054	253	-465.8160	0	52448.2583	0
3055	253	-465.8160	0	52448.2593	0
3056	253	-465.8160	0	52448.2608	0
3057	253	-465.8158	0	52448.2631	0
3058	253	-465.8158	0	52448.2651	0
3059	253	-465.8160	0	52448.2663	0
3060	253	-465.8164	0	52448.2672	0
3061	253	-465.8167	0	52448.2675	0
3062	253	-465.8169	0	52448.2699	0
3063	253	-465.8167	0	52448.2713	0
3064	253	-465.8165	0	52448.2740	0
3065	253	-465.8167	0	52448.2744	0
3066	253	-465.8170	0	52448.2745	0
3067	253	-465.8170	0	52448.2751	0
3068	253	-465.8170	0	52448.2769	0
3069	253	-465.8171	0	52448.2786	0
3070	253	-465.8170	0	52448.2814	0
3071	253	-465.8171	0	52448.2830	0
3072	253	-465.8174	0	52448.2834	0
3073	253	-465.8176	0	52448.2825	0
3074	253	-465.8176	0	52448.2837	0
3075	253	-465.8173	0	52448.2858	0
3076	253	-465.8172	0	52448.2870	0
3077	253	-465.8171	0	52448.2875	0
3078	253	-465.8172	0	52448.2871	0
3079	253	-465.8172	0	52448.2869	0
3080	253	-465.8174	0	52448.2878	0
3081	253	-465.8178	0	52448.2886	0
3082	253	-465.8179	0	52448.2910	0
3083	253	-465.8182	0	52448.2929	0
3084	253	-465.8186	0	52448.2930	0
3085	253	-465.8189	0	52448.2929	0
3086	253	-465.8190	0	52448.2939	0
3087	253	-465.8189	0	52448.2969	0
3088	253	-465.8188	0	52448.2980	0
3089	253	-465.8186	0	52448.2989	0
3090	253	-465.8186	0	52448.2992	0
3091	253	-465.8184	0	52448.2988	0
3092	253	-465.8183	0	52448.2996	0
3093	253	-465.8182	0	52448.3014	0
3094	253	-465.8181	0	52448.3036	0
3095	253	-465.8180	0	52448.3059	0
3096	253	-465.8181	0	52448.3062	0
3097	253	-465.8183	0	52448.3068	0
3098	253	-465.8183	0	52448.3069	0
3099	253	-465.8176	0	52448.3086	0
3100	253	-465.8173	0	52448.3101	0
3101	253	-465.8173	0	52448.3107	0
3102	253	-465.8172	0	52448.3109	0
3103	253	-465.8171	0	52448.3114	0
3104	253	-465.8172	0	52448.3116	0
3105	253	-465.8174	0	52448.3135	0
3106	253	-465.8178	0	52448.3146	0
3107	253	-465.8180	0	52448.3160	0
3108	253	-465.8181	0	52448.3170	0
3109	253	-465.8180	0	52448.3178	0
3110	253	-465.8179	0	52448.3181	0
3111	253	-465.8175	0	52448.3192	0
3112	253	-465.8173	0	52448.3205	0
3113	253	-465.8171	0	52448.3229	0
3114	253	-465.8171	0	52448.3247	0
3115	253	-465.8171	0	52448.3253	0
3116	253	-465.8171	0	52448.3260	0
3117	253	-465.8174	0	52448.3266	0
3118	253	-465.8175	0	52448.3277	0
3119	253	-465.8174	0	52448.3300	0
3120	253	-465.8173	0	52448.3322	0
3121	253	-465.8174	0	52448.3334	0
3122	253	-465.8174	0	52448.3343	0
3123	253	-465.8173	0	52448.3355	0
3124	253	-465.8172	0	52448.3381	0
3125	253	-465.8170	0	52448.3404	0
3126	253	-465.8168	0	52448.3408	0
3127	253	-465.8167	0	52448.3405	0
3128	253	-465.8166	0	52448.3403	0
3129	253	-465.8167	0	52448.3415	0
3130	253	-465.8170	0	52448.3432	0
3131	253	-465.8171	0	52448.3443	0
3132	253	-465.8172	0	52448.3455	0
3133	253	-465.8171	0	52448.3459	0
3134	253	-465.8170	0	52448.3465	0
3135	253	-465.8166	0	52448.3480	0
3136	253	-465.8165	0	52448.3490	0
3137	253	-465.8165	0	52448.3497	0
3138	253	-465.8164	0	52448.3504	0
3139	253	-465.8160	0	52448.3511	0
3140	253	-465.8161	0	52448.3513	0
3141	253	-465.8165	0	52448.3513	0
3142	253	-465.8168	0	52448.3529	0
3143	253	-465.8168	0	52448.3553	0
3144	253	-465.8169	0	52448.3561	0
3145	253	-465.8172	0	52448.3563	0
3146	253	-465.8173	0	52448.3568	0
3147	253	-465.8173	0	52448.3573	0
3148	253	-465.8173	0	52448.3588	0
3149	253	-465.8172	0	52448.3613	0
3150	253	-465.8172	0	52448.3631	0
3151	253	-465.8174	0	52448.3637	0
3152	253	-465.8176	0	52448.3638	0
3153	253	-465.8181	0	52448.3634	0
3154	253	-465.8187	0	52448.3644	0
3155	253	-465.8190	0	52448.3659	0
3156	253	-465.8194	0	52448.3668	0
3157	253	-465.8197	0	52448.3667	0
3158	253	-465.8204	0	52448.3657	0
3159	253	-465.8208	0	52448.3669	0
3160	253	-465.8208	0	52448.3689	0
3161	253	-465.8206	0	52448.3709	0
3162	253	-465.8205	0	52448.3720	0
3163	253	-465.8207	0	52448.3732	0
3164	253	-465.8212	0	52448.3727	0
3165	253	-465.8216	0	52448.3728	0
3166	253	-465.8216	0	52448.3752	0
3167	253	-465.8216	0	52448.3780	0
3168	253	-465.8218	0	52448.3798	0
3169	253	-465.8221	0	52448.3808	0
3170	253	-465.8224	0	52448.3811	0
3171	253	-465.8225	0	52448.3815	0
3172	253	-465.8224	0	52448.3835	0
3173	253	-465.8218	0	52448.3866	0
3174	253	-465.8216	0	52448.3881	0
3175	253	-465.8215	0	52448.3893	0
3176	253	-465.8217	0	52448.3893	0
3177	253	-465.8219	0	52448.3900	0
3178	253	-465.8219	0	52448.3913	0
3179	253	-465.8216	0	52448.3929	0
3180	253	-465.8214	0	52448.3949	0
3181	253	-465.8216	0	52448.3956	0
3182	253	-465.8216	0	52448.3958	0
3183	253	-465.8214	0	52448.3962	0
3184	253	-465.8211	0	52448.3975	0
3185	253	-465.8208	0	52448.3993	0
3186	253	-465.8207	0	52448.4004	0
3187	253	-465.8206	0	52448.4011	0
3188	253	-465.8206	0	52448.4016	0
3189	253	-465.8205	0	52448.4022	0
3190	253	-465.8203	0	52448.4037	0
3191	253	-465.8202	0	52448.4057	0
3192	253	-465.8202	0	52448.4078	0
3193	253	-465.8205	0	52448.4085	0
3194	253	-465.8205	0	52448.4087	0
3195	253	-465.8204	0	52448.4091	0
3196	253	-465.8200	0	52448.4113	0
3197	253	-465.8198	0	52448.4131	0
3198	253	-465.8195	0	52448.4144	0
3199	253	-465.8192	0	52448.4152	0
3200	253	-465.8191	0	52448.4152	0
3201	253	-465.8195	0	52448.4154	0
3202	253	-465.8197	0	52448.4171	0
3203	253	-465.8196	0	52448.4190	0
3204	253	-465.8198	0	52448.4203	0
3205	253	-465.8200	0	52448.4201	0
3206	253	-465.8200	0	52448.4200	0
3207	253	-465.8201	0	52448.4209	0
3208	253	-465.8200	0	52448.4231	0
3209	253	-465.8199	0	52448.4249	0
3210	253	-465.8197	0	52448.4268	0
3211	253	-465.8195	0	52448.4278	0
3212	253	-465.8196	0	52448.4281	0
3213	253	-465.8201	0	52448.4285	0
3214	253	-465.8202	0	52448.4301	0
3215	253	-465.8203	0	52448.4316	0
3216	253	-465.8205	0	52448.4324	0
3217	253	-465.8209	0	52448.4320	0
3218	253	-465.8211	0	52448.4319	0
3219	253	-465.8213	0	52448.4330	0
3220	253	-465.8212	0	52448.4355	0
3221	253	-465.8212	0	52448.4377	0
3222	253	-465.8212	0	52448.4384	0
3223	253	-465.8214	0	52448.4386	0
3224	253	-465.8218	0	52448.4386	0
3225	253	-465.8221	0	52448.4392	0
3226	253	-465.8223	0	52448.4405	0
3227	253	-465.8225	0	52448.4416	0
3228	253	-465.8227	0	52448.4425	0
3229	253	-465.8230	0	52448.4431	0
3230	253	-465.8232	0	52448.4439	0
3231	253	-465.8232	0	52448.4450	0
3232	253	-465.8229	0	52448.4477	0
3233	253	-465.8226	0	52448.4496	0
3234	253	-465.8224	0	52448.4512	0
3235	253	-465.8223	0	52448.4517	0
3236	253	-465.8226	0	52448.4515	0
3237	253	-465.8228	0	52448.4525	0
3238	253	-465.8228	0	52448.4543	0
3239	253	-465.8229	0	52448.4560	0
3240	253	-465.8229	0	52448.4575	0
3241	253	-465.8230	0	52448.4576	0
3242	253	-465.8231	0	52448.4591	0
3243	253	-465.8232	0	52448.4612	0
3244	253	-465.8230	0	52448.4636	0
3245	253	-465.8229	0	52448.4652	0
3246	253	-465.8227	0	52448.4661	0
3247	253	-465.8227	0	52448.4661	0
3248	253	-465.8228	0	52448.4663	0
3249	253	-465.8230	0	52448.4674	0
3250	253	-465.8232	0	52448.4685	0
3251	253	-465.8235	0	52448.4704	0
3252	253	-465.8238	0	52448.4716	0
3253	253	-465.8241	0	52448.4717	0
3254	253	-465.8242	0	52448.4728	0
3255	253	-465.8242	0	52448.4749	0
3256	253	-465.8240	0	52448.4777	0
3257	253	-465.8236	0	52448.4795	0
3258	253	-465.8235	0	52448.4806	0
3259	253	-465.8236	0	52448.4804	0
3260	253	-465.8236	0	52448.4811	0
3261	253	-465.8236	0	52448.4823	0
3262	253	-465.8236	0	52448.4841	0
3263	253	-465.8237	0	52448.4857	0
3264	253	-465.8241	0	52448.4858	0
3265	253	-465.8245	0	52448.4860	0
3266	253	-465.8247	0	52448.4870	0
3267	253	-465.8247	0	52448.4885	0
3268	253	-465.8246	0	52448.4904	0
3269	253	-465.8245	0	52448.4919	0
3270	253	-465.8244	0	52448.4928	0
3271	253	-465.8244	0	52448.4936	0
3272	253	-465.8244	0	52448.4945	0
3273	253	-465.8244	0	52448.4958	0
3274	253	-465.8244	0	52448.4973	0
3275	253	-465.8246	0	52448.4979	0
