2701	277	-465.7958	0	52447.9343	0
2702	277	-465.7929	0	52447.9214	0
2703	277	-465.7890	0	52447.9263	0
2704	277	-465.7852	0	52447.9285	0
2705	277	-465.7816	0	52447.9297	0
2706	277	-465.7783	0	52447.9378	0
2707	277	-465.7749	0	52447.9385	0
2708	277	-465.7710	0	52447.9338	0
2709	277	-465.7680	0	52447.9338	0
2710	277	-465.7645	0	52447.9301	0
2711	277	-465.7611	0	52447.9211	0
2712	277	-465.7569	0	52447.9100	0
2719	277	-465.7276	0	52447.8672	1
2721	277	-465.7245	0	52447.9032	0
2722	277	-465.7216	0	52447.9094	0
2723	277	-465.7190	0	52447.9223	0
2724	277	-465.7154	0	52447.9230	0
2725	277	-465.7115	0	52447.9184	0
2726	277	-465.7084	0	52447.9197	0
2727	277	-465.7057	0	52447.9205	0
2728	277	-465.7017	0	52447.9133	0
2731	277	-465.6912	0	52447.9058	0
2732	277	-465.6868	0	52447.8989	0
