2761	284	-465.8061	0	52447.9527	0
2762	284	-465.8052	0	52447.9483	0
2763	284	-465.8040	0	52447.9487	0
2764	284	-465.8028	0	52447.9476	0
2765	284	-465.8011	0	52447.9532	0
2766	284	-465.7994	0	52447.9555	0
2767	284	-465.7980	0	52447.9565	0
2768	284	-465.7970	0	52447.9556	0
2769	284	-465.7958	0	52447.9554	0
2770	284	-465.7943	0	52447.9582	0
2771	284	-465.7925	0	52447.9582	0
2772	284	-465.7912	0	52447.9557	0
2773	284	-465.7902	0	52447.9562	0
2774	284	-465.7889	0	52447.9553	0
2775	284	-465.7874	0	52447.9565	0
2776	284	-465.7859	0	52447.9558	0
2777	284	-465.7847	0	52447.9558	0
2778	284	-465.7837	0	52447.9558	0
2779	284	-465.7828	0	52447.9547	0
2780	284	-465.7817	0	52447.9532	0
2781	284	-465.7804	0	52447.9567	0
2782	284	-465.7788	0	52447.9570	0
2783	284	-465.7776	0	52447.9573	0
2784	284	-465.7765	0	52447.9588	0
2785	284	-465.7755	0	52447.9569	0
2786	284	-465.7742	0	52447.9577	0
2787	284	-465.7727	0	52447.9582	0
2788	284	-465.7714	0	52447.9586	0
2789	284	-465.7704	0	52447.9589	0
2790	284	-465.7694	0	52447.9578	0
2791	284	-465.7682	0	52447.9538	0
2792	284	-465.7669	0	52447.9550	0
2793	284	-465.7648	0	52447.9572	0
2794	284	-465.7634	0	52447.9581	0
2795	284	-465.7624	0	52447.9586	0
2796	284	-465.7613	0	52447.9524	0
2797	284	-465.7601	0	52447.9542	0
2798	284	-465.7586	0	52447.9552	0
2799	284	-465.7575	0	52447.9544	0
2800	284	-465.7560	0	52447.9491	0
2801	284	-465.7536	0	52447.9352	0
