2816	293	-465.7570	0	52447.9410	0
2817	293	-465.7584	0	52447.9400	0
2818	293	-465.7598	0	52447.9395	0
2819	293	-465.7604	0	52447.9393	0
2820	293	-465.7615	0	52447.9434	0
2821	293	-465.7636	0	52447.9458	0
2822	293	-465.7654	0	52447.9477	0
2823	293	-465.7668	0	52447.9509	0
2824	293	-465.7672	0	52447.9547	0
2825	293	-465.7679	0	52447.9572	0
2826	293	-465.7698	0	52447.9551	0
2827	293	-465.7720	0	52447.9538	0
2828	293	-465.7733	0	52447.9558	0
2829	293	-465.7740	0	52447.9552	0
2830	293	-465.7751	0	52447.9559	0
2831	293	-465.7771	0	52447.9545	0
2832	293	-465.7787	0	52447.9512	0
2833	293	-465.7797	0	52447.9537	0
2834	293	-465.7803	0	52447.9572	0
2835	293	-465.7813	0	52447.9582	0
2836	293	-465.7831	0	52447.9583	0
2837	293	-465.7851	0	52447.9567	0
2838	293	-465.7863	0	52447.9598	0
2839	293	-465.7873	0	52447.9620	0
2840	293	-465.7883	0	52447.9627	0
2841	293	-465.7902	0	52447.9600	0
2842	293	-465.7917	0	52447.9601	0
2843	293	-465.7929	0	52447.9637	0
2844	293	-465.7937	0	52447.9662	0
2845	293	-465.7945	0	52447.9658	0
2846	293	-465.7965	0	52447.9639	0
2847	293	-465.7980	0	52447.9604	0
2848	293	-465.7989	0	52447.9641	0
2849	293	-465.7997	0	52447.9666	0
2850	293	-465.8009	0	52447.9661	0
2851	293	-465.8030	0	52447.9667	0
2852	293	-465.8042	0	52447.9656	0
2853	293	-465.8049	0	52447.9676	0
2854	293	-465.8054	0	52447.9707	0
2855	293	-465.8063	0	52447.9705	0
2856	293	-465.8078	0	52447.9688	0
2857	293	-465.8093	0	52447.9667	0
2858	293	-465.8103	0	52447.9670	0
2859	293	-465.8109	0	52447.9683	0
2860	293	-465.8118	0	52447.9699	0
2861	293	-465.8134	0	52447.9664	0
2862	293	-465.8144	0	52447.9687	0
2863	293	-465.8150	0	52447.9696	0
2864	293	-465.8153	0	52447.9699	0
