2906	298	-465.7128	0	52448.1497	0
2907	298	-465.7125	0	52448.1486	0
2921	298	-465.7125	0	52448.1457	0
2922	298	-465.7126	0	52448.1465	0
2923	298	-465.7126	0	52448.1467	0
2924	298	-465.7125	0	52448.1460	0
2927	298	-465.7128	0	52448.1467	0
2928	298	-465.7130	0	52448.1477	0
2929	298	-465.7131	0	52448.1488	0
2930	298	-465.7129	0	52448.1468	0
2931	298	-465.7129	0	52448.1469	0
2932	298	-465.7131	0	52448.1477	0
2933	298	-465.7129	0	52448.1464	0
2934	298	-465.7131	0	52448.1475	0
2936	298	-465.7129	0	52448.1480	0
2937	298	-465.7127	0	52448.1474	0
2938	298	-465.7129	0	52448.1496	0
2939	298	-465.7128	0	52448.1496	0
2940	298	-465.7126	0	52448.1488	0
2941	298	-465.7128	0	52448.1501	0
2942	298	-465.7127	0	52448.1506	0
2949	298	-465.7125	0	52448.1485	0
2980	298	-465.7120	0	52448.1521	0
2981	298	-465.7120	0	52448.1521	0
2993	298	-465.7122	0	52448.1484	0
2994	298	-465.7123	0	52448.1491	0
2995	298	-465.7121	0	52448.1485	0
2996	298	-465.7122	0	52448.1483	0
2997	298	-465.7124	0	52448.1482	0
2998	298	-465.7123	0	52448.1474	0
2999	298	-465.7122	0	52448.1462	0
3000	298	-465.7122	0	52448.1458	0
3004	298	-465.7118	0	52448.1434	0
3005	298	-465.7119	0	52448.1423	0
3006	298	-465.7120	0	52448.1427	0
3014	298	-465.7116	0	52448.1407	0
