1	3	-446.5860	-0.6139	52459.8600	0
2	3	-446.5979	-0.6139	52459.8600	0
3	3	-446.5999	-0.6139	52459.8600	0
4	3	-446.5959	-0.6139	52459.8524	0
5	3	-446.5973	-0.6139	52459.8427	0
6	3	-446.6047	-0.6139	52459.8394	0
7	3	-446.6016	-0.6139	52459.8454	0
8	3	-446.6027	-0.6139	52459.8410	0
9	3	-446.6053	-0.6139	52459.8394	0
10	3	-446.6033	-0.6139	52459.8390	0
11	3	-446.5962	-0.6139	52459.8389	0
12	3	-446.5914	-0.6139	52459.8390	0
13	3	-446.5958	-0.6139	52459.8391	0
14	3	-446.5974	-0.6139	52459.8392	0
15	3	-446.5978	-0.6139	52459.8393	0
16	3	-446.6034	-0.6139	52459.8328	0
17	3	-446.6032	-0.6139	52459.8303	0
18	3	-446.6032	-0.6139	52459.8295	0
19	3	-446.6034	-0.6139	52459.8293	0
20	3	-446.6036	-0.6139	52459.8292	0
21	3	-446.6029	-0.6139	52459.8359	0
22	3	-446.6032	-0.6139	52459.8318	0
23	3	-446.6034	-0.6139	52459.8303	0
24	3	-446.6037	-0.6139	52459.8298	0
25	3	-446.6040	-0.6139	52459.8296	0
26	3	-446.6069	-0.6139	52459.8296	0
27	3	-446.6056	-0.6139	52459.8362	0
28	3	-446.6097	-0.6139	52459.8321	0
29	3	-446.6109	-0.6139	52459.8306	0
30	3	-446.6142	-0.6139	52459.8300	0
31	3	-446.6144	-0.6139	52459.8364	0
32	3	-446.6122	-0.6139	52459.8456	0
33	3	-446.6050	-0.6139	52459.8489	0
34	3	-446.6058	-0.6139	52459.8501	0
35	3	-446.6044	-0.6139	52459.8505	0
36	3	-446.6060	-0.6139	52459.8439	0
37	3	-446.6019	-0.6139	52459.8481	0
38	3	-446.6007	-0.6139	52459.8496	0
39	3	-446.6064	-0.6139	52459.8502	0
40	3	-446.6139	-0.6139	52459.8503	0
41	3	-446.6153	-0.6139	52459.8504	0
42	3	-446.6163	-0.6139	52459.8504	0
43	3	-446.6253	-0.6139	52459.8503	0
44	3	-446.6294	-0.6139	52459.8503	0
45	3	-446.6312	-0.6139	52459.8503	0
46	3	-446.6264	-0.6139	52459.8502	0
47	3	-446.6220	-0.6139	52459.8502	0
48	3	-446.6207	-0.6139	52459.8502	0
49	3	-446.6238	-0.6139	52459.8502	0
50	3	-446.6250	-0.6139	52459.8501	0
51	3	-446.6437	-0.6139	52459.8368	0
52	3	-446.6591	-0.6139	52459.8188	0
53	3	-446.6649	-0.6139	52459.8055	0
54	3	-446.6723	-0.6139	52459.7876	0
55	3	-446.6901	-0.6139	52459.7232	0
56	3	-446.7015	-0.6139	52459.6983	0
57	3	-446.7026	-0.6139	52459.6949	0
58	3	-446.6955	-0.6139	52459.6941	0
59	3	-446.6717	-0.6139	52459.7524	0
60	3	-446.6806	-0.6139	52459.7156	0
61	3	-446.6632	-0.6139	52459.7675	0
62	3	-446.6855	-0.6139	52459.7213	0
63	3	-446.6920	-0.6139	52459.7052	0
64	3	-446.6902	-0.6139	52459.6992	0
65	3	-446.6858	-0.6139	52459.6971	0
66	3	-446.6863	-0.6139	52459.6967	0
67	3	-446.6805	-0.6139	52459.7032	0
68	3	-446.6775	-0.6139	52459.7061	0
69	3	-446.6847	-0.6139	52459.7007	0
70	3	-446.6613	-0.6139	52459.7515	0
71	3	-446.6531	-0.6139	52459.7715	0
72	3	-446.6709	-0.6139	52459.7244	0
73	3	-446.6787	-0.6139	52459.7013	0
74	3	-446.6833	-0.6139	52459.6857	0
75	3	-446.6839	-0.6139	52459.6734	0
76	3	-446.6796	-0.6139	52459.6754	0
77	3	-446.6761	-0.6139	52459.6765	0
78	3	-446.6748	-0.6139	52459.6705	0
79	3	-446.6766	-0.6139	52459.6618	0
80	3	-446.6772	-0.6139	52459.6588	0
81	3	-446.6777	-0.6139	52459.6644	0
82	3	-446.6758	-0.6139	52459.6601	0
83	3	-446.6767	-0.6139	52459.6521	0
84	3	-446.6763	-0.6139	52459.6426	0
85	3	-446.6705	-0.6139	52459.6457	0
86	3	-446.6676	-0.6139	52459.6472	0
87	3	-446.6659	-0.6139	52459.6545	0
88	3	-446.6657	-0.6139	52459.6507	0
89	3	-446.6677	-0.6139	52459.6428	0
90	3	-446.6662	-0.6139	52459.6399	0
91	3	-446.6586	-0.6139	52459.6588	0
92	3	-446.6448	-0.6139	52459.7401	0
93	3	-446.6362	-0.6139	52459.7848	0
94	3	-446.6276	-0.6139	52459.7854	0
95	3	-446.6178	-0.6139	52459.7852	0
96	3	-446.6445	-0.6139	52459.6946	0
97	3	-446.6544	-0.6139	52459.6584	0
98	3	-446.6598	-0.6139	52459.6435	0
99	3	-446.6404	-0.6139	52459.7084	0
100	3	-446.6255	-0.6139	52459.7495	0
101	3	-446.6235	-0.6139	52459.7643	0
102	3	-446.6236	-0.6139	52459.7626	0
103	3	-446.6267	-0.6139	52459.7618	0
104	3	-446.6249	-0.6139	52459.7548	0
105	3	-446.6272	-0.6139	52459.7455	0
106	3	-446.6457	-0.6139	52459.6630	0
107	3	-446.6502	-0.6139	52459.6328	0
108	3	-446.6536	-0.6139	52459.6142	0
109	3	-446.6538	-0.6139	52459.6072	0
110	3	-446.6507	-0.6139	52459.6113	0
111	3	-446.6488	-0.6139	52459.6134	0
112	3	-446.6494	-0.6139	52459.6080	0
113	3	-446.6230	-0.6139	52459.6907	0
114	3	-446.6108	-0.6139	52459.7319	0
115	3	-446.6125	-0.6139	52459.7321	0
116	3	-446.6183	-0.6139	52459.7253	0
117	3	-446.6154	-0.6139	52459.7294	0
118	3	-446.6121	-0.6139	52459.7308	0
119	3	-446.6113	-0.6139	52459.7312	0
120	3	-446.6081	-0.6139	52459.7379	0
121	3	-446.6069	-0.6139	52459.7336	0
122	3	-446.6051	-0.6139	52459.7386	0
123	3	-446.6133	-0.6139	52459.7403	0
124	3	-446.6171	-0.6139	52459.7409	0
125	3	-446.6167	-0.6139	52459.7477	0
126	3	-446.6148	-0.6139	52459.7501	0
127	3	-446.6218	-0.6139	52459.7375	0
128	3	-446.6176	-0.6139	52459.7394	0
129	3	-446.6145	-0.6139	52459.7401	0
130	3	-446.6136	-0.6139	52459.7404	0
131	3	-446.6134	-0.6139	52459.7404	0
132	3	-446.6102	-0.6139	52459.7404	0
133	3	-446.6146	-0.6139	52459.7404	0
134	3	-446.6165	-0.6139	52459.7337	0
135	3	-446.6172	-0.6139	52459.7378	0
136	3	-446.6183	-0.6139	52459.7394	0
137	3	-446.6225	-0.6139	52459.7399	0
138	3	-446.6380	-0.6139	52459.6935	0
139	3	-446.6343	-0.6139	52459.7211	0
140	3	-446.6323	-0.6139	52459.7330	0
141	3	-446.6322	-0.6139	52459.7376	0
142	3	-446.6301	-0.6139	52459.7459	0
143	3	-446.6398	-0.6139	52459.7490	0
144	3	-446.6411	-0.6139	52459.7501	0
145	3	-446.6442	-0.6139	52459.7505	0
146	3	-446.6463	-0.6139	52459.7572	0
147	3	-446.6476	-0.6139	52459.7597	0
148	3	-446.6518	-0.6139	52459.7605	0
149	3	-446.6559	-0.6139	52459.7608	0
150	3	-446.6573	-0.6139	52459.7608	0
151	3	-446.6507	-0.6139	52459.7740	0
152	3	-446.6500	-0.6139	52459.7789	0
153	3	-446.6401	-0.6139	52459.7807	0
154	3	-446.6357	-0.6139	52459.7744	0
155	3	-446.6381	-0.6139	52459.7721	0
156	3	-446.6370	-0.6139	52459.7778	0
157	3	-446.6597	-0.6139	52459.6657	0
158	3	-446.6553	-0.6139	52459.7246	0
159	3	-446.6503	-0.6139	52459.7598	0
160	3	-446.6417	-0.6139	52459.7662	0
161	3	-446.6448	-0.6139	52459.7685	0
162	3	-446.6436	-0.6139	52459.7760	0
163	3	-446.6465	-0.6139	52459.7855	0
164	3	-446.6385	-0.6139	52459.7824	0
165	3	-446.6338	-0.6139	52459.7878	0
166	3	-446.6411	-0.6139	52459.7831	0
167	3	-446.6463	-0.6139	52459.7814	0
168	3	-446.6466	-0.6139	52459.7872	0
169	3	-446.6554	-0.6139	52459.7828	0
170	3	-446.6584	-0.6139	52459.7812	0
171	3	-446.6635	-0.6139	52459.7937	0
172	3	-446.6711	-0.6139	52459.7984	0
173	3	-446.6710	-0.6139	52459.8001	0
174	3	-446.6673	-0.6139	52459.8007	0
175	3	-446.6660	-0.6139	52459.8008	0
176	3	-446.6599	-0.6139	52459.8008	0
177	3	-446.6547	-0.6139	52459.8008	0
178	3	-446.6497	-0.6139	52459.7940	0
179	3	-446.6484	-0.6139	52459.7915	0
180	3	-446.6541	-0.6139	52459.7905	0
181	3	-446.6512	-0.6139	52459.7968	0
182	3	-446.6505	-0.6139	52459.7991	0
183	3	-446.6623	-0.6139	52459.7933	0
184	3	-446.6641	-0.6139	52459.7911	0
185	3	-446.6679	-0.6139	52459.7969	0
186	3	-446.6660	-0.6139	52459.7991	0
187	3	-446.6618	-0.6139	52459.7999	0
188	3	-446.6553	-0.6139	52459.8002	0
189	3	-446.6553	-0.6139	52459.7936	0
190	3	-446.6609	-0.6139	52459.7912	0
191	3	-446.6602	-0.6139	52459.7902	0
192	3	-446.6621	-0.6139	52459.7833	0
193	3	-446.6600	-0.6139	52459.7807	0
194	3	-446.6533	-0.6139	52459.7731	0
195	3	-446.6569	-0.6139	52459.7704	0
196	3	-446.6555	-0.6139	52459.7760	0
197	3	-446.6551	-0.6139	52459.7783	0
198	3	-446.6575	-0.6139	52459.7725	0
199	3	-446.6526	-0.6139	52459.7704	0
200	3	-446.6502	-0.6139	52459.7696	0
201	3	-446.6491	-0.6139	52459.7694	0
202	3	-446.6566	-0.6139	52459.7627	0
203	3	-446.6530	-0.6139	52459.7603	0
204	3	-446.6489	-0.6139	52459.7594	0
205	3	-446.6482	-0.6139	52459.7592	0
206	3	-446.6485	-0.6139	52459.7592	0
207	3	-446.6490	-0.6139	52459.7592	0
208	3	-446.6553	-0.6139	52459.7593	0
209	3	-446.6575	-0.6139	52459.7594	0
210	3	-446.6557	-0.6139	52459.7594	0
211	3	-446.6551	-0.6139	52459.7595	0
212	3	-446.6549	-0.6139	52459.7596	0
213	3	-446.6525	-0.6139	52459.7596	0
214	3	-446.6528	-0.6139	52459.7597	0
215	3	-446.6644	-0.6139	52459.7530	0
216	3	-446.6685	-0.6139	52459.7506	0
217	3	-446.6813	-0.6139	52459.7432	0
218	3	-446.6854	-0.6139	52459.7404	0
219	3	-446.6839	-0.6139	52459.7394	0
220	3	-446.6828	-0.6139	52459.7391	0
221	3	-446.6821	-0.6139	52459.7391	0
222	3	-446.6790	-0.6139	52459.7391	0
223	3	-446.6777	-0.6139	52459.7392	0
224	3	-446.6796	-0.6139	52459.7393	0
225	3	-446.6777	-0.6139	52459.7394	0
226	3	-446.6793	-0.6139	52459.7395	0
227	3	-446.6796	-0.6139	52459.7395	0
228	3	-446.6805	-0.6139	52459.7396	0
229	3	-446.6933	-0.6139	52459.7396	0
230	3	-446.7021	-0.6139	52459.7463	0
231	3	-446.7054	-0.6139	52459.7422	0
232	3	-446.7122	-0.6139	52459.7406	0
233	3	-446.7176	-0.6139	52459.7401	0
234	3	-446.7169	-0.6139	52459.7464	0
235	3	-446.7175	-0.6139	52459.7489	0
236	3	-446.7239	-0.6139	52459.7498	0
237	3	-446.7286	-0.6139	52459.7501	0
238	3	-446.7301	-0.6139	52459.7502	0
239	3	-446.7303	-0.6139	52459.7503	0
240	3	-446.7301	-0.6139	52459.7502	0
241	3	-446.7298	-0.6139	52459.7502	0
242	3	-446.7294	-0.6139	52459.7502	0
243	3	-446.7281	-0.6139	52459.7502	0
244	3	-446.7246	-0.6139	52459.7568	0
245	3	-446.7171	-0.6139	52459.7592	0
246	3	-446.7136	-0.6139	52459.7601	0
247	3	-446.7062	-0.6139	52459.7604	0
248	3	-446.7037	-0.6139	52459.7605	0
249	3	-446.7029	-0.6139	52459.7605	0
250	3	-446.7038	-0.6139	52459.7538	0
251	3	-446.7048	-0.6139	52459.7513	0
252	3	-446.7059	-0.6139	52459.7503	0
253	3	-446.7068	-0.6139	52459.7500	0
254	3	-446.7077	-0.6139	52459.7499	0
255	3	-446.7142	-0.6139	52459.7498	0
256	3	-446.7165	-0.6139	52459.7498	0
257	3	-446.7198	-0.6139	52459.7432	0
258	3	-446.7192	-0.6139	52459.7408	0
259	3	-446.7241	-0.6139	52459.7399	0
260	3	-446.7253	-0.6139	52459.7396	0
261	3	-446.7251	-0.6139	52459.7395	0
262	3	-446.7245	-0.6139	52459.7395	0
263	3	-446.7238	-0.6139	52459.7396	0
264	3	-446.7231	-0.6139	52459.7396	0
265	3	-446.7224	-0.6139	52459.7397	0
266	3	-446.7218	-0.6139	52459.7397	0
267	3	-446.7213	-0.6139	52459.7397	0
268	3	-446.7151	-0.6139	52459.7398	0
269	3	-446.7154	-0.6139	52459.7332	0
270	3	-446.7155	-0.6139	52459.7242	0
271	3	-446.7090	-0.6139	52459.7208	0
272	3	-446.7042	-0.6139	52459.7196	0
273	3	-446.6970	-0.6139	52459.7192	0
274	3	-446.6950	-0.6139	52459.7191	0
275	3	-446.6950	-0.6139	52459.7192	0
276	3	-446.6947	-0.6139	52459.7192	0
277	3	-446.6891	-0.6139	52459.7193	0
278	3	-446.6875	-0.6139	52459.7194	0
279	3	-446.6875	-0.6139	52459.7195	0
280	3	-446.6880	-0.6139	52459.7195	0
281	3	-446.6887	-0.6139	52459.7196	0
282	3	-446.6894	-0.6139	52459.7196	0
283	3	-446.6890	-0.6139	52459.7197	0
284	3	-446.6897	-0.6139	52459.7197	0
285	3	-446.6960	-0.6139	52459.7197	0
286	3	-446.6991	-0.6139	52459.7198	0
287	3	-446.7056	-0.6139	52459.7132	0
288	3	-446.7134	-0.6139	52459.7108	0
289	3	-446.7133	-0.6139	52459.7098	0
290	3	-446.7128	-0.6139	52459.7096	0
291	3	-446.7123	-0.6139	52459.7095	0
292	3	-446.7060	-0.6139	52459.7095	0
293	3	-446.7063	-0.6139	52459.7095	0
294	3	-446.7008	-0.6139	52459.7096	0
295	3	-446.6958	-0.6139	52459.7096	0
296	3	-446.6906	-0.6139	52459.7097	0
297	3	-446.6910	-0.6139	52459.7097	0
298	3	-446.6909	-0.6139	52459.7097	0
299	3	-446.6915	-0.6139	52459.7098	0
300	3	-446.6895	-0.6139	52459.7098	0
301	3	-446.6917	-0.6139	52459.7032	0
302	3	-446.6918	-0.6139	52459.7007	0
303	3	-446.6890	-0.6139	52459.7064	0
304	3	-446.6879	-0.6139	52459.7087	0
305	3	-446.6783	-0.6139	52459.7095	0
306	3	-446.6773	-0.6139	52459.7031	0
307	3	-446.6735	-0.6139	52459.7074	0
308	3	-446.6660	-0.6139	52459.7024	0
309	3	-446.6717	-0.6139	52459.7006	0
310	3	-446.6686	-0.6139	52459.6933	0
311	3	-446.6670	-0.6139	52459.6906	0
312	3	-446.6722	-0.6139	52459.6764	0
313	3	-446.6742	-0.6139	52459.6777	0
314	3	-446.6792	-0.6139	52459.6783	0
315	3	-446.6789	-0.6139	52459.6852	0
316	3	-446.6792	-0.6139	52459.6946	0
317	3	-446.6797	-0.6139	52459.6981	0
318	3	-446.6778	-0.6139	52459.6995	0
319	3	-446.6808	-0.6139	52459.6999	0
320	3	-446.6821	-0.6139	52459.7001	0
321	3	-446.6911	-0.6139	52459.7002	0
322	3	-446.6980	-0.6139	52459.7068	0
323	3	-446.7027	-0.6139	52459.7026	0
324	3	-446.7040	-0.6139	52459.7010	0
325	3	-446.7049	-0.6139	52459.7004	0
326	3	-446.7028	-0.6139	52459.7068	0
327	3	-446.7079	-0.6139	52459.7092	0
328	3	-446.7063	-0.6139	52459.7034	0
329	3	-446.7033	-0.6139	52459.7012	0
330	3	-446.7024	-0.6139	52459.7004	0
331	3	-446.7079	-0.6139	52459.7001	0
332	3	-446.7107	-0.6139	52459.7000	0
333	3	-446.7135	-0.6139	52459.6933	0
334	3	-446.7191	-0.6139	52459.6974	0
335	3	-446.7214	-0.6139	52459.6990	0
336	3	-446.7200	-0.6139	52459.6996	0
337	3	-446.7180	-0.6139	52459.7132	0
338	3	-446.7203	-0.6139	52459.7183	0
339	3	-446.7266	-0.6139	52459.7134	0
340	3	-446.7296	-0.6139	52459.7050	0
341	3	-446.7301	-0.6139	52459.6951	0
342	3	-446.7300	-0.6139	52459.6913	0
343	3	-446.7272	-0.6139	52459.6966	0
344	3	-446.7322	-0.6139	52459.6853	0
345	3	-446.7372	-0.6139	52459.6877	0
346	3	-446.7373	-0.6139	52459.6954	0
347	3	-446.7378	-0.6139	52459.6983	0
348	3	-446.7477	-0.6139	52459.6928	0
349	3	-446.7490	-0.6139	52459.6907	0
350	3	-446.7555	-0.6139	52459.6900	0
351	3	-446.7542	-0.6139	52459.6897	0
352	3	-446.7511	-0.6139	52459.6897	0
353	3	-446.7503	-0.6139	52459.6830	0
354	3	-446.7560	-0.6139	52459.6806	0
355	3	-446.7554	-0.6139	52459.6797	0
356	3	-446.7609	-0.6139	52459.6794	0
357	3	-446.7651	-0.6139	52459.6794	0
358	3	-446.7660	-0.6139	52459.6794	0
359	3	-446.7641	-0.6139	52459.6795	0
360	3	-446.7687	-0.6139	52459.6729	0
361	3	-446.7701	-0.6139	52459.6705	0
362	3	-446.7703	-0.6139	52459.6630	0
363	3	-446.7723	-0.6139	52459.6668	0
364	3	-446.7638	-0.6139	52459.6684	0
365	3	-446.7629	-0.6139	52459.6690	0
366	3	-446.7590	-0.6139	52459.6627	0
367	3	-446.7502	-0.6139	52459.6669	0
368	3	-446.7582	-0.6139	52459.6619	0
369	3	-446.7607	-0.6139	52459.6668	0
370	3	-446.7638	-0.6139	52459.6620	0
371	3	-446.7702	-0.6139	52459.6538	0
372	3	-446.7722	-0.6139	52459.6506	0
373	3	-446.7701	-0.6139	52459.6495	0
374	3	-446.7691	-0.6139	52459.6491	0
375	3	-446.7662	-0.6139	52459.6557	0
376	3	-446.7651	-0.6139	52459.6582	0
377	3	-446.7663	-0.6139	52459.6526	0
378	3	-446.7581	-0.6139	52459.6505	0
379	3	-446.7502	-0.6139	52459.6564	0
380	3	-446.7561	-0.6139	52459.6587	0
381	3	-446.7580	-0.6139	52459.6595	0
382	3	-446.7610	-0.6139	52459.6532	0
383	3	-446.7617	-0.6139	52459.6508	0
384	3	-446.7560	-0.6139	52459.6500	0
385	3	-446.7597	-0.6139	52459.6497	0
386	3	-446.7607	-0.6139	52459.6496	0
387	3	-446.7608	-0.6139	52459.6496	0
388	3	-446.7639	-0.6139	52459.6496	0
389	3	-446.7617	-0.6139	52459.6431	0
390	3	-446.7616	-0.6139	52459.6473	0
391	3	-446.7594	-0.6139	52459.6488	0
392	3	-446.7639	-0.6139	52459.6495	0
393	3	-446.7655	-0.6139	52459.6497	0
394	3	-446.7685	-0.6139	52459.6498	0
395	3	-446.7624	-0.6139	52459.6564	0
396	3	-446.7627	-0.6139	52459.6590	0
397	3	-446.7631	-0.6139	52459.6599	0
398	3	-446.7633	-0.6139	52459.6602	0
399	3	-446.7717	-0.6139	52459.6603	0
400	3	-446.7720	-0.6139	52459.6538	0
401	3	-446.7721	-0.6139	52459.6513	0
402	3	-446.7718	-0.6139	52459.6503	0
403	3	-446.7714	-0.6139	52459.6499	0
404	3	-446.7733	-0.6139	52459.6498	0
405	3	-446.7745	-0.6139	52459.6498	0
406	3	-446.7750	-0.6139	52459.6498	0
407	3	-446.7761	-0.6139	52459.6498	0
408	3	-446.7771	-0.6139	52459.6498	0
409	3	-446.7812	-0.6139	52459.6499	0
410	3	-446.7878	-0.6139	52459.6499	0
411	3	-446.7899	-0.6139	52459.6499	0
412	3	-446.7904	-0.6139	52459.6499	0
413	3	-446.7879	-0.6139	52459.6499	0
414	3	-446.7845	-0.6139	52459.6499	0
415	3	-446.7859	-0.6139	52459.6499	0
416	3	-446.7839	-0.6139	52459.6499	0
417	3	-446.7833	-0.6139	52459.6499	0
418	3	-446.7833	-0.6139	52459.6500	0
419	3	-446.7844	-0.6139	52459.6500	0
420	3	-446.7879	-0.6139	52459.6433	0
421	3	-446.7903	-0.6139	52459.6409	0
422	3	-446.7965	-0.6139	52459.6400	0
423	3	-446.7961	-0.6139	52459.6396	0
424	3	-446.7869	-0.6139	52459.6396	0
425	3	-446.7811	-0.6139	52459.6396	0
426	3	-446.7752	-0.6139	52459.6329	0
427	3	-446.7708	-0.6139	52459.6305	0
428	3	-446.7671	-0.6139	52459.6297	0
429	3	-446.7663	-0.6139	52459.6294	0
430	3	-446.7667	-0.6139	52459.6294	0
431	3	-446.7700	-0.6139	52459.6227	0
432	3	-446.7714	-0.6139	52459.6203	0
433	3	-446.7722	-0.6139	52459.6195	0
434	3	-446.7737	-0.6139	52459.6126	0
435	3	-446.7766	-0.6139	52459.6101	0
436	3	-446.7750	-0.6139	52459.6158	0
437	3	-446.7745	-0.6139	52459.6181	0
438	3	-446.7708	-0.6139	52459.6190	0
439	3	-446.7662	-0.6139	52459.6127	0
440	3	-446.7646	-0.6139	52459.6104	0
441	3	-446.7698	-0.6139	52459.6096	0
442	3	-446.7731	-0.6139	52459.6028	0
443	3	-446.7660	-0.6139	52459.6002	0
444	3	-446.7778	-0.6139	52459.5927	0
445	3	-446.7807	-0.6139	52459.5836	0
446	3	-446.7809	-0.6139	52459.5801	0
447	3	-446.7776	-0.6139	52459.5854	0
448	3	-446.7743	-0.6139	52459.5876	0
449	3	-446.7732	-0.6139	52459.5885	0
450	3	-446.7812	-0.6139	52459.5889	0
451	3	-446.7770	-0.6139	52459.5891	0
452	3	-446.7806	-0.6139	52459.5893	0
453	3	-446.7809	-0.6139	52459.5894	0
454	3	-446.7745	-0.6139	52459.5894	0
455	3	-446.7774	-0.6139	52459.5895	0
456	3	-446.7721	-0.6139	52459.5896	0
457	3	-446.7709	-0.6139	52459.5896	0
458	3	-446.7698	-0.6139	52459.5897	0
459	3	-446.7701	-0.6139	52459.5897	0
460	3	-446.7682	-0.6139	52459.5897	0
461	3	-446.7695	-0.6139	52459.5831	0
462	3	-446.7683	-0.6139	52459.5807	0
463	3	-446.7755	-0.6139	52459.5798	0
464	3	-446.7717	-0.6139	52459.5729	0
465	3	-446.7701	-0.6139	52459.5770	0
466	3	-446.7692	-0.6139	52459.5720	0
467	3	-446.7688	-0.6139	52459.5701	0
468	3	-446.7684	-0.6139	52459.5695	0
469	3	-446.7682	-0.6139	52459.5693	0
470	3	-446.7656	-0.6139	52459.5759	0
471	3	-446.7671	-0.6139	52459.5785	0
472	3	-446.7652	-0.6139	52459.5794	0
473	3	-446.7646	-0.6139	52459.5798	0
474	3	-446.7668	-0.6139	52459.5799	0
475	3	-446.7732	-0.6139	52459.5800	0
476	3	-446.7782	-0.6139	52459.5734	0
477	3	-446.7798	-0.6139	52459.5709	0
478	3	-446.7779	-0.6139	52459.5766	0
479	3	-446.7738	-0.6139	52459.5788	0
480	3	-446.7729	-0.6139	52459.5796	0
481	3	-446.7728	-0.6139	52459.5799	0
482	3	-446.7729	-0.6139	52459.5800	0
483	3	-446.7698	-0.6139	52459.5867	0
484	3	-446.7776	-0.6139	52459.5825	0
485	3	-446.7778	-0.6139	52459.5876	0
486	3	-446.7778	-0.6139	52459.5895	0
487	3	-446.7753	-0.6139	52459.5901	0
496	3	-446.7632	-0.6139	52459.5801	0
497	3	-446.7608	-0.6139	52459.5796	0
498	3	-446.7693	-0.6139	52459.5795	0
499	3	-446.7704	-0.6139	52459.5860	0
500	3	-446.7734	-0.6139	52459.5819	0
501	3	-446.7724	-0.6139	52459.5804	0
502	3	-446.7769	-0.6139	52459.5732	0
503	3	-446.7804	-0.6139	52459.5706	0
504	3	-446.7763	-0.6139	52459.5697	0
505	3	-446.7748	-0.6139	52459.5694	0
506	3	-446.7734	-0.6139	52459.5693	0
507	3	-446.7645	-0.6139	52459.5693	0
508	3	-446.7639	-0.6139	52459.5694	0
509	3	-446.7615	-0.6139	52459.5695	0
510	3	-446.7666	-0.6139	52459.5695	0
511	3	-446.7706	-0.6139	52459.5696	0
512	3	-446.7717	-0.6139	52459.5631	0
513	3	-446.7705	-0.6139	52459.5672	0
514	3	-446.7713	-0.6139	52459.5688	0
515	3	-446.7725	-0.6139	52459.5694	0
516	3	-446.7827	-0.6139	52459.5697	0
517	3	-446.7926	-0.6139	52459.5698	0
518	3	-446.7962	-0.6139	52459.5699	0
519	3	-446.7975	-0.6139	52459.5699	0
520	3	-446.8035	-0.6139	52459.5699	0
521	3	-446.8051	-0.6139	52459.5699	0
522	3	-446.8117	-0.6139	52459.5699	0
523	3	-446.8113	-0.6139	52459.5699	0
524	3	-446.8131	-0.6139	52459.5566	0
525	3	-446.8222	-0.6139	52459.5451	0
526	3	-446.8293	-0.6139	52459.5474	0
527	3	-446.8378	-0.6139	52459.5550	0
528	3	-446.8600	-0.6139	52459.5113	0
529	3	-446.8747	-0.6139	52459.4957	0
530	3	-446.8926	-0.6139	52459.5087	0
531	3	-446.8971	-0.6139	52459.5470	0
532	3	-446.9099	-0.6139	52459.5556	0
533	3	-446.9215	-0.6139	52459.5586	0
534	3	-446.9323	-0.6139	52459.5597	0
535	3	-446.9428	-0.6139	52459.5601	0
536	3	-446.9542	-0.6139	52459.5602	0
538	3	-446.9872	-0.6139	52459.5524	0
539	3	-447.0041	-0.6139	52459.5505	0
540	3	-447.0157	-0.6139	52459.5565	0
541	3	-447.0275	-0.6139	52459.5588	0
542	3	-447.0545	-0.6139	52459.5530	0
543	3	-447.0762	-0.6139	52459.5443	0
545	3	-447.1094	-0.6139	52459.5484	0
546	3	-447.1201	-0.6139	52459.5563	0
547	3	-447.1412	-0.6139	52459.5458	0
548	3	-447.1603	-0.6139	52459.5354	0
550	3	-447.1898	-0.6139	52459.5543	0
551	3	-447.2126	-0.6139	52459.5317	0
552	3	-447.2362	-0.6139	52459.4919	0
553	3	-447.2400	-0.6139	52459.5143	0
557	3	-447.2933	-0.6139	52459.5460	0
558	3	-447.3034	-0.6139	52459.5357	0
559	3	-447.3027	-0.6139	52459.5460	0
563	3	-447.3739	-0.6139	52459.5590	0
564	3	-447.3907	-0.6139	52459.5532	0
565	3	-447.4033	-0.6139	52459.5512	0
566	3	-447.4144	-0.6139	52459.5571	0
567	3	-447.4292	-0.6139	52459.5593	0
569	3	-447.4526	-0.6139	52459.5605	0
570	3	-447.4647	-0.6139	52459.5537	0
571	3	-447.4783	-0.6139	52459.5382	0
572	3	-447.4893	-0.6139	52459.5390	0
573	3	-447.5028	-0.6139	52459.5393	0
574	3	-447.5109	-0.6139	52459.5395	0
575	3	-447.5222	-0.6139	52459.5396	0
576	3	-447.5287	-0.6139	52459.5527	0
577	3	-447.5354	-0.6139	52459.5645	0
578	3	-447.5449	-0.6139	52459.5622	0
579	3	-447.5520	-0.6139	52459.5612	0
580	3	-447.5627	-0.6139	52459.5541	0
581	3	-447.5701	-0.6139	52459.5514	0
582	3	-447.5843	-0.6139	52459.5437	0
583	3	-447.5880	-0.6139	52459.5409	0
584	3	-447.6051	-0.6139	52459.5399	0
585	3	-447.6159	-0.6139	52459.5396	0
586	3	-447.6215	-0.6139	52459.5460	0
587	3	-447.6297	-0.6139	52459.5486	0
588	3	-447.6364	-0.6139	52459.5495	0
589	3	-447.6367	-0.6139	52459.5565	0
590	3	-447.6456	-0.6139	52459.5591	0
591	3	-447.6460	-0.6139	52459.5601	0
592	3	-447.6460	-0.6139	52459.5604	0
593	3	-447.6490	-0.6139	52459.5605	0
594	3	-447.6646	-0.6139	52459.5604	0
595	3	-447.6749	-0.6139	52459.5604	0
596	3	-447.6758	-0.6139	52459.5604	0
597	3	-447.6820	-0.6139	52459.5669	0
598	3	-447.6821	-0.6139	52459.5694	0
599	3	-447.6906	-0.6139	52459.5703	0
600	3	-447.6933	-0.6139	52459.5771	0
601	3	-447.6984	-0.6139	52459.5797	0
602	3	-447.6932	-0.6139	52459.5806	0
603	3	-447.6887	-0.6139	52459.5742	0
604	3	-447.6870	-0.6139	52459.5717	0
605	3	-447.6920	-0.6139	52459.5774	0
606	3	-447.6911	-0.6139	52459.5795	0
607	3	-447.6992	-0.6139	52459.5803	0
608	3	-447.6994	-0.6139	52459.5805	0
609	3	-447.6967	-0.6139	52459.5806	0
610	3	-447.6991	-0.6139	52459.5739	0
611	3	-447.6969	-0.6139	52459.5780	0
612	3	-447.6961	-0.6139	52459.5795	0
613	3	-447.6983	-0.6139	52459.5801	0
614	3	-447.6989	-0.6139	52459.5737	0
615	3	-447.6990	-0.6139	52459.5778	0
616	3	-447.6931	-0.6139	52459.5728	0
617	3	-447.6934	-0.6139	52459.5775	0
618	3	-447.6909	-0.6139	52459.5793	0
619	3	-447.6960	-0.6139	52459.5799	0
620	3	-447.6952	-0.6139	52459.5801	0
621	3	-447.6950	-0.6139	52459.5802	0
622	3	-447.6950	-0.6139	52459.5802	0
623	3	-447.6976	-0.6139	52459.5802	0
624	3	-447.6984	-0.6139	52459.5802	0
625	3	-447.7010	-0.6139	52459.5802	0
626	3	-447.7016	-0.6139	52459.5736	0
627	3	-447.7025	-0.6139	52459.5711	0
628	3	-447.7030	-0.6139	52459.5701	0
629	3	-447.7024	-0.6139	52459.5698	0
630	3	-447.6993	-0.6139	52459.5763	0
631	3	-447.6980	-0.6139	52459.5788	0
632	3	-447.6949	-0.6139	52459.5797	0
633	3	-447.7022	-0.6139	52459.5800	0
634	3	-447.6962	-0.6139	52459.5802	0
635	3	-447.6940	-0.6139	52459.5802	0
636	3	-447.6984	-0.6139	52459.5735	0
637	3	-447.6973	-0.6139	52459.5711	0
638	3	-447.6937	-0.6139	52459.5701	0
639	3	-447.6982	-0.6139	52459.5698	0
640	3	-447.7011	-0.6139	52459.5697	0
641	3	-447.6942	-0.6139	52459.5632	0
642	3	-447.6860	-0.6139	52459.5673	0
643	3	-447.6914	-0.6139	52459.5689	0
644	3	-447.6929	-0.6139	52459.5761	0
645	3	-447.6915	-0.6139	52459.5788	0
646	3	-447.6912	-0.6139	52459.5732	0
647	3	-447.6939	-0.6139	52459.5711	0
648	3	-447.6893	-0.6139	52459.5703	0
649	3	-447.6938	-0.6139	52459.5700	0
650	3	-447.6888	-0.6139	52459.5699	0
651	3	-447.6870	-0.6139	52459.5699	0
652	3	-447.6863	-0.6139	52459.5699	0
653	3	-447.6826	-0.6139	52459.5765	0
654	3	-447.6809	-0.6139	52459.5790	0
655	3	-447.6826	-0.6139	52459.5866	0
656	3	-447.6803	-0.6139	52459.5959	0
657	3	-447.6792	-0.6139	52459.5994	0
658	3	-447.6787	-0.6139	52459.5940	0
659	3	-447.6817	-0.6139	52459.5853	0
660	3	-447.6797	-0.6139	52459.5885	0
661	3	-447.6755	-0.6139	52459.5831	0
662	3	-447.6731	-0.6139	52459.5877	0
663	3	-447.6711	-0.6139	52459.5828	0
664	3	-447.6740	-0.6139	52459.6004	0
665	3	-447.6690	-0.6139	52459.6074	0
666	3	-447.6695	-0.6139	52459.6033	0
667	3	-447.6648	-0.6139	52459.6083	0
668	3	-447.6622	-0.6139	52459.6034	0
669	3	-447.6649	-0.6139	52459.6081	0
670	3	-447.6716	-0.6139	52459.6033	0
671	3	-447.6745	-0.6139	52459.6014	0
672	3	-447.6756	-0.6139	52459.6007	0
673	3	-447.6751	-0.6139	52459.5937	0
674	3	-447.6685	-0.6139	52459.5977	0
675	3	-447.6683	-0.6139	52459.5992	0
676	3	-447.6691	-0.6139	52459.5998	0
677	3	-447.6762	-0.6139	52459.6065	0
678	3	-447.6787	-0.6139	52459.6091	0
679	3	-447.6770	-0.6139	52459.6101	0
680	3	-447.6812	-0.6139	52459.6104	0
681	3	-447.6823	-0.6139	52459.6105	0
682	3	-447.6799	-0.6139	52459.6105	0
683	3	-447.6789	-0.6139	52459.6104	0
684	3	-447.6793	-0.6139	52459.6104	0
685	3	-447.6855	-0.6139	52459.6103	0
686	3	-447.6900	-0.6139	52459.6103	0
687	3	-447.6936	-0.6139	52459.6103	0
688	3	-447.6944	-0.6139	52459.6102	0
689	3	-447.6919	-0.6139	52459.6102	0
690	3	-447.6907	-0.6139	52459.6102	0
691	3	-447.6909	-0.6139	52459.6102	0
692	3	-447.6903	-0.6139	52459.6101	0
693	3	-447.6988	-0.6139	52459.6101	0
694	3	-447.6924	-0.6139	52459.6101	0
695	3	-447.6965	-0.6139	52459.6101	0
696	3	-447.7018	-0.6139	52459.6101	0
697	3	-447.7054	-0.6139	52459.6167	0
698	3	-447.7097	-0.6139	52459.6192	0
699	3	-447.7115	-0.6139	52459.6201	0
700	3	-447.7067	-0.6139	52459.6204	0
701	3	-447.7056	-0.6139	52459.6204	0
702	3	-447.7082	-0.6139	52459.6138	0
703	3	-447.7096	-0.6139	52459.6113	0
704	3	-447.7105	-0.6139	52459.6104	0
705	3	-447.7111	-0.6139	52459.6166	0
706	3	-447.7116	-0.6139	52459.6190	0
707	3	-447.7161	-0.6139	52459.6264	0
708	3	-447.7215	-0.6139	52459.6359	0
709	3	-447.7322	-0.6139	52459.6260	0
710	3	-447.7325	-0.6139	52459.6224	0
711	3	-447.7332	-0.6139	52459.6209	0
712	3	-447.7326	-0.6139	52459.6204	0
713	3	-447.7320	-0.6139	52459.6202	0
714	3	-447.7234	-0.6139	52459.6201	0
715	3	-447.7204	-0.6139	52459.6200	0
716	3	-447.7229	-0.6139	52459.6200	0
717	3	-447.7265	-0.6139	52459.6200	0
718	3	-447.7302	-0.6139	52459.6200	0
719	3	-447.7322	-0.6139	52459.6200	0
720	3	-447.7306	-0.6139	52459.6200	0
721	3	-447.7279	-0.6139	52459.6200	0
722	3	-447.7274	-0.6139	52459.6200	0
723	3	-447.7303	-0.6139	52459.6200	0
724	3	-447.7316	-0.6139	52459.6200	0
725	3	-447.7375	-0.6139	52459.6200	0
726	3	-447.7314	-0.6139	52459.6200	0
727	3	-447.7285	-0.6139	52459.6200	0
728	3	-447.7217	-0.6139	52459.6200	0
729	3	-447.7226	-0.6139	52459.6266	0
730	3	-447.7232	-0.6139	52459.6291	0
731	3	-447.7240	-0.6139	52459.6366	0
732	3	-447.7271	-0.6139	52459.6394	0
733	3	-447.7280	-0.6139	52459.6404	0
734	3	-447.7252	-0.6139	52459.6407	0
735	3	-447.7268	-0.6139	52459.6342	0
736	3	-447.7274	-0.6139	52459.6317	0
737	3	-447.7275	-0.6139	52459.6372	0
738	3	-447.7274	-0.6139	52459.6393	0
739	3	-447.7273	-0.6139	52459.6401	0
740	3	-447.7216	-0.6139	52459.6404	0
741	3	-447.7246	-0.6139	52459.6404	0
742	3	-447.7251	-0.6139	52459.6470	0
743	3	-447.7257	-0.6139	52459.6429	0
744	3	-447.7259	-0.6139	52459.6413	0
745	3	-447.7260	-0.6139	52459.6472	0
746	3	-447.7260	-0.6139	52459.6494	0
747	3	-447.7261	-0.6139	52459.6502	0
748	3	-447.7286	-0.6139	52459.6505	0
749	3	-447.7268	-0.6139	52459.6505	0
750	3	-447.7195	-0.6139	52459.6505	0
751	3	-447.7133	-0.6139	52459.6505	0
752	3	-447.7107	-0.6139	52459.6504	0
753	3	-447.7095	-0.6139	52459.6504	0
754	3	-447.7115	-0.6139	52459.6503	0
755	3	-447.7118	-0.6139	52459.6569	0
756	3	-447.7126	-0.6139	52459.6593	0
757	3	-447.7130	-0.6139	52459.6536	0
758	3	-447.7143	-0.6139	52459.6514	0
759	3	-447.7211	-0.6139	52459.6506	0
760	3	-447.7238	-0.6139	52459.6568	0
761	3	-447.7264	-0.6139	52459.6592	0
762	3	-447.7267	-0.6139	52459.6601	0
763	3	-447.7287	-0.6139	52459.6604	0
764	3	-447.7271	-0.6139	52459.6604	0
765	3	-447.7265	-0.6139	52459.6604	0
766	3	-447.7262	-0.6139	52459.6604	0
767	3	-447.7261	-0.6139	52459.6670	0
768	3	-447.7261	-0.6139	52459.6694	0
769	3	-447.7295	-0.6139	52459.6637	0
770	3	-447.7342	-0.6139	52459.6680	0
771	3	-447.7359	-0.6139	52459.6697	0
772	3	-447.7365	-0.6139	52459.6703	0
773	3	-447.7342	-0.6139	52459.6771	0
774	3	-447.7335	-0.6139	52459.6796	0
775	3	-447.7375	-0.6139	52459.6738	0
776	3	-447.7311	-0.6139	52459.6716	0
777	3	-447.7281	-0.6139	52459.6774	0
778	3	-447.7270	-0.6139	52459.6795	0
779	3	-447.7290	-0.6139	52459.6802	0
780	3	-447.7271	-0.6139	52459.6805	0
781	3	-447.7263	-0.6139	52459.6805	0
782	3	-447.7229	-0.6139	52459.6805	0
783	3	-447.7194	-0.6139	52459.6805	0
784	3	-447.7176	-0.6139	52459.6870	0
785	3	-447.7169	-0.6139	52459.6895	0
786	3	-447.7110	-0.6139	52459.6903	0
787	3	-447.7083	-0.6139	52459.6906	0
788	3	-447.7072	-0.6139	52459.6906	0
789	3	-447.7093	-0.6139	52459.6906	0
790	3	-447.7098	-0.6139	52459.6906	0
791	3	-447.7123	-0.6139	52459.6905	0
792	3	-447.7079	-0.6139	52459.6905	0
793	3	-447.7072	-0.6139	52459.6904	0
794	3	-447.7074	-0.6139	52459.6903	0
795	3	-447.7106	-0.6139	52459.6837	0
796	3	-447.7039	-0.6139	52459.6877	0
797	3	-447.7038	-0.6139	52459.6893	0
798	3	-447.7039	-0.6139	52459.6899	0
799	3	-447.7032	-0.6139	52459.6901	0
800	3	-447.7019	-0.6139	52459.6836	0
801	3	-447.7042	-0.6139	52459.6876	0
802	3	-447.7045	-0.6139	52459.6892	0
803	3	-447.7017	-0.6139	52459.6898	0
804	3	-447.6947	-0.6139	52459.6900	0
805	3	-447.6949	-0.6139	52459.6835	0
806	3	-447.7006	-0.6139	52459.6810	0
807	3	-447.6967	-0.6139	52459.6801	0
808	3	-447.6954	-0.6139	52459.6798	0
809	3	-447.6915	-0.6139	52459.6863	0
810	3	-447.6898	-0.6139	52459.6888	0
811	3	-447.6915	-0.6139	52459.6831	0
812	3	-447.6918	-0.6139	52459.6809	0
813	3	-447.6900	-0.6139	52459.6867	0
814	3	-447.6898	-0.6139	52459.6890	0
815	3	-447.6957	-0.6139	52459.6898	0
816	3	-447.6963	-0.6139	52459.6967	0
817	3	-447.6996	-0.6139	52459.6993	0
818	3	-447.7077	-0.6139	52459.7002	0
819	3	-447.7078	-0.6139	52459.7005	0
820	3	-447.7099	-0.6139	52459.7006	0
821	3	-447.7055	-0.6139	52459.7006	0
822	3	-447.7039	-0.6139	52459.7005	0
823	3	-447.7060	-0.6139	52459.7005	0
824	3	-447.7093	-0.6139	52459.7004	0
825	3	-447.7127	-0.6139	52459.7004	0
826	3	-447.7086	-0.6139	52459.7068	0
827	3	-447.7126	-0.6139	52459.7093	0
828	3	-447.7095	-0.6139	52459.7102	0
829	3	-447.7088	-0.6139	52459.7105	0
830	3	-447.7090	-0.6139	52459.7105	0
831	3	-447.7111	-0.6139	52459.7105	0
832	3	-447.7059	-0.6139	52459.7105	0
833	3	-447.7091	-0.6139	52459.7104	0
834	3	-447.7060	-0.6139	52459.7104	0
835	3	-447.7009	-0.6139	52459.7104	0
836	3	-447.6982	-0.6139	52459.7169	0
837	3	-447.6956	-0.6139	52459.7259	0
838	3	-447.6935	-0.6139	52459.7293	0
839	3	-447.6894	-0.6139	52459.7305	0
840	3	-447.6914	-0.6139	52459.7375	0
841	3	-447.6885	-0.6139	52459.7400	0
842	3	-447.6921	-0.6139	52459.7409	0
843	3	-447.6906	-0.6139	52459.7476	0
844	3	-447.6898	-0.6139	52459.7502	0
845	3	-447.6870	-0.6139	52459.7510	0
846	3	-447.6883	-0.6139	52459.7512	0
847	3	-447.6840	-0.6139	52459.7578	0
848	3	-447.6816	-0.6139	52459.7602	0
849	3	-447.6834	-0.6139	52459.7610	0
850	3	-447.6874	-0.6139	52459.7612	0
851	3	-447.6874	-0.6139	52459.7678	0
852	3	-447.6903	-0.6139	52459.7702	0
853	3	-447.6916	-0.6139	52459.7776	0
854	3	-447.6947	-0.6139	52459.7803	0
855	3	-447.6901	-0.6139	52459.7812	0
856	3	-447.6859	-0.6139	52459.7814	0
857	3	-447.6922	-0.6139	52459.7814	0
858	3	-447.6860	-0.6139	52459.7813	0
859	3	-447.6839	-0.6139	52459.7877	0
860	3	-447.6832	-0.6139	52459.7901	0
861	3	-447.6888	-0.6139	52459.7909	0
862	3	-447.6916	-0.6139	52459.7845	0
863	3	-447.6952	-0.6139	52459.7820	0
864	3	-447.6965	-0.6139	52459.7810	0
865	3	-447.6969	-0.6139	52459.7806	0
866	3	-447.6970	-0.6139	52459.7804	0
867	3	-447.6969	-0.6139	52459.7803	0
868	3	-447.6969	-0.6139	52459.7803	0
869	3	-447.6934	-0.6139	52459.7868	0
870	3	-447.6918	-0.6139	52459.7893	0
871	3	-447.6852	-0.6139	52459.7902	0
872	3	-447.6854	-0.6139	52459.7838	0
873	3	-447.6887	-0.6139	52459.7814	0
874	3	-447.6907	-0.6139	52459.7871	0
875	3	-447.6941	-0.6139	52459.7826	0
876	3	-447.6977	-0.6139	52459.7809	0
877	3	-447.6965	-0.6139	52459.7868	0
878	3	-447.6961	-0.6139	52459.7891	0
879	3	-447.6926	-0.6139	52459.7833	0
880	3	-447.6949	-0.6139	52459.7812	0
881	3	-447.6957	-0.6139	52459.7803	0
882	3	-447.7008	-0.6139	52459.7734	0
883	3	-447.6999	-0.6139	52459.7774	0
884	3	-447.7017	-0.6139	52459.7723	0
885	3	-447.6941	-0.6139	52459.7705	0
886	3	-447.6925	-0.6139	52459.7698	0
887	3	-447.6983	-0.6139	52459.7696	0
888	3	-447.6999	-0.6139	52459.7761	0
889	3	-447.7002	-0.6139	52459.7787	0
890	3	-447.6967	-0.6139	52459.7730	0
891	3	-447.6922	-0.6139	52459.7774	0
892	3	-447.6936	-0.6139	52459.7725	0
893	3	-447.6918	-0.6139	52459.7707	0
894	3	-447.6939	-0.6139	52459.7700	0
895	3	-447.6947	-0.6139	52459.7698	0
896	3	-447.6927	-0.6139	52459.7697	0
897	3	-447.6988	-0.6139	52459.7697	0
898	3	-447.6989	-0.6139	52459.7764	0
899	3	-447.7085	-0.6139	52459.7789	0
900	3	-447.7113	-0.6139	52459.7732	0
901	3	-447.7134	-0.6139	52459.7776	0
902	3	-447.7143	-0.6139	52459.7793	0
903	3	-447.7132	-0.6139	52459.7799	0
904	3	-447.7168	-0.6139	52459.7868	0
905	3	-447.7252	-0.6139	52459.7894	0
906	3	-447.7312	-0.6139	52459.7902	0
907	3	-447.7311	-0.6139	52459.7905	0
908	3	-447.7370	-0.6139	52459.7906	0
909	3	-447.7424	-0.6139	52459.7906	0
910	3	-447.7420	-0.6139	52459.7905	0
911	3	-447.7502	-0.6139	52459.7905	0
912	3	-447.7587	-0.6139	52459.7838	0
913	3	-447.7591	-0.6139	52459.7813	0
914	3	-447.7590	-0.6139	52459.7803	0
915	3	-447.7628	-0.6139	52459.7800	0
916	3	-447.7668	-0.6139	52459.7799	0
917	3	-447.7797	-0.6139	52459.7798	0
918	3	-447.7824	-0.6139	52459.7798	0
919	3	-447.7901	-0.6139	52459.7798	0
920	3	-447.7941	-0.6139	52459.7799	0
921	3	-447.8064	-0.6139	52459.7799	0
922	3	-447.8126	-0.6139	52459.7799	0
923	3	-447.8137	-0.6139	52459.7799	0
924	3	-447.8140	-0.6139	52459.7799	0
925	3	-447.8112	-0.6139	52459.7799	0
926	3	-447.8130	-0.6139	52459.7799	0
927	3	-447.8166	-0.6139	52459.7799	0
928	3	-447.8234	-0.6139	52459.7799	0
929	3	-447.8263	-0.6139	52459.7866	0
930	3	-447.8338	-0.6139	52459.7891	0
931	3	-447.8384	-0.6139	52459.7900	0
932	3	-447.8413	-0.6139	52459.7903	0
933	3	-447.8456	-0.6139	52459.7904	0
934	3	-447.8477	-0.6139	52459.7904	0
935	3	-447.8545	-0.6139	52459.7903	0
936	3	-447.8488	-0.6139	52459.7903	0
937	3	-447.8472	-0.6139	52459.7903	0
938	3	-447.8472	-0.6139	52459.7902	0
939	3	-447.8476	-0.6139	52459.7902	0
940	3	-447.8540	-0.6139	52459.7968	0
941	3	-447.8614	-0.6139	52459.7993	0
942	3	-447.8617	-0.6139	52459.8067	0
943	3	-447.8614	-0.6139	52459.8028	0
944	3	-447.8635	-0.6139	52459.8014	0
945	3	-447.8638	-0.6139	52459.8008	0
946	3	-447.8609	-0.6139	52459.8071	0
947	3	-447.8514	-0.6139	52459.8095	0
948	3	-447.8534	-0.6139	52459.8036	0
949	3	-447.8568	-0.6139	52459.8015	0
950	3	-447.8579	-0.6139	52459.8006	0
951	3	-447.8582	-0.6139	52459.8003	0
952	3	-447.8581	-0.6139	52459.8067	0
953	3	-447.8636	-0.6139	52459.8092	0
954	3	-447.8685	-0.6139	52459.8035	0
955	3	-447.8676	-0.6139	52459.8013	0
956	3	-447.8672	-0.6139	52459.8004	0
957	3	-447.8694	-0.6139	52459.8001	0
958	3	-447.8749	-0.6139	52459.8000	0
959	3	-447.8690	-0.6139	52459.8000	0
960	3	-447.8716	-0.6139	52459.8000	0
961	3	-447.8746	-0.6139	52459.7934	0
962	3	-447.8751	-0.6139	52459.7974	0
963	3	-447.8757	-0.6139	52459.8056	0
964	3	-447.8759	-0.6139	52459.8087	0
965	3	-447.8816	-0.6139	52459.8033	0
966	3	-447.8832	-0.6139	52459.8012	0
967	3	-447.8834	-0.6139	52459.8004	0
968	3	-447.8830	-0.6139	52459.8001	0
969	3	-447.8800	-0.6139	52459.8066	0
970	3	-447.8811	-0.6139	52459.8024	0
971	3	-447.8779	-0.6139	52459.8008	0
972	3	-447.8737	-0.6139	52459.8002	0
973	3	-447.8714	-0.6139	52459.8000	0
974	3	-447.8736	-0.6139	52459.7999	0
975	3	-447.8722	-0.6139	52459.8065	0
976	3	-447.8799	-0.6139	52459.8024	0
977	3	-447.8800	-0.6139	52459.8008	0
978	3	-447.8821	-0.6139	52459.8002	0
979	3	-447.8825	-0.6139	52459.8000	0
980	3	-447.8776	-0.6139	52459.8065	0
981	3	-447.8700	-0.6139	52459.8157	0
982	3	-447.8692	-0.6139	52459.8057	0
983	3	-447.8654	-0.6139	52459.8020	0
984	3	-447.8618	-0.6139	52459.8072	0
985	3	-447.8632	-0.6139	52459.8092	0
986	3	-447.8615	-0.6139	52459.8165	0
987	3	-447.8611	-0.6139	52459.8192	0
988	3	-447.8557	-0.6139	52459.8202	0
989	3	-447.8601	-0.6139	52459.8205	0
990	3	-447.8563	-0.6139	52459.8206	0
991	3	-447.8532	-0.6139	52459.8272	0
992	3	-447.8543	-0.6139	52459.8296	0
993	3	-447.8492	-0.6139	52459.8305	0
994	3	-447.8493	-0.6139	52459.8307	0
995	3	-447.8467	-0.6139	52459.8308	0
996	3	-447.8458	-0.6139	52459.8307	0
997	3	-447.8470	-0.6139	52459.8307	0
998	3	-447.8467	-0.6139	52459.8372	0
999	3	-447.8436	-0.6139	52459.8396	0
1000	3	-447.8421	-0.6139	52459.8405	0
1001	3	-447.8412	-0.6139	52459.8473	0
1002	3	-447.8430	-0.6139	52459.8499	0
1003	3	-447.8408	-0.6139	52459.8573	0
1004	3	-447.8422	-0.6139	52459.8600	0
1005	3	-447.8366	-0.6139	52459.8610	0
1006	3	-447.8281	-0.6139	52459.8612	0
1007	3	-447.8250	-0.6139	52459.8612	0
1008	3	-447.8240	-0.6139	52459.8611	0
1009	3	-447.8238	-0.6139	52459.8610	0
1010	3	-447.8238	-0.6139	52459.8675	0
1011	3	-447.8263	-0.6139	52459.8699	0
1012	3	-447.8281	-0.6139	52459.8707	0
1013	3	-447.8348	-0.6139	52459.8710	0
1014	3	-447.8438	-0.6139	52459.8710	0
1015	3	-447.8461	-0.6139	52459.8709	0
1016	3	-447.8463	-0.6139	52459.8774	0
1017	3	-447.8458	-0.6139	52459.8798	0
1018	3	-447.8403	-0.6139	52459.8806	0
1019	3	-447.8387	-0.6139	52459.8809	0
1020	3	-447.8409	-0.6139	52459.8743	0
1021	3	-447.8397	-0.6139	52459.8783	0
1022	3	-447.8396	-0.6139	52459.8864	0
1023	3	-447.8400	-0.6139	52459.8894	0
1024	3	-447.8404	-0.6139	52459.8905	0
1025	3	-447.8475	-0.6139	52459.8908	0
1026	3	-447.8538	-0.6139	52459.8909	0
1027	3	-447.8534	-0.6139	52459.8974	0
1028	3	-447.8534	-0.6139	52459.9065	0
1029	3	-447.8526	-0.6139	52459.9098	0
1030	3	-447.8519	-0.6139	52459.9109	0
1031	3	-447.8480	-0.6139	52459.9112	0
1032	3	-447.8456	-0.6139	52459.9113	0
1033	3	-447.8428	-0.6139	52459.9178	0
1034	3	-447.8444	-0.6139	52459.9201	0
1035	3	-447.8459	-0.6139	52459.9275	0
1036	3	-447.8408	-0.6139	52459.9302	0
1037	3	-447.8384	-0.6139	52459.9311	0
1038	3	-447.8398	-0.6139	52459.9313	0
1039	3	-447.8368	-0.6139	52459.9313	0
1040	3	-447.8324	-0.6139	52459.9378	0
1041	3	-447.8239	-0.6139	52459.9402	0
1042	3	-447.8148	-0.6139	52459.9410	0
1043	3	-447.8141	-0.6139	52459.9412	0
1044	3	-447.8131	-0.6139	52459.9477	0
1045	3	-447.8123	-0.6139	52459.9567	0
1046	3	-447.8117	-0.6139	52459.9666	0
1047	3	-447.8064	-0.6139	52459.9768	0
1048	3	-447.8056	-0.6139	52459.9805	0
1049	3	-447.8050	-0.6139	52459.9817	0
1050	3	-447.8048	-0.6139	52459.9820	0
1051	3	-447.8029	-0.6139	52459.9886	0
1052	3	-447.7989	-0.6139	52459.9909	0
1053	3	-447.7997	-0.6139	52459.9916	0
1054	3	-447.7928	-0.6139	52459.9983	0
1055	3	-447.7992	-0.6139	52460.0008	0
1056	3	-447.7961	-0.6139	52460.0015	0
1057	3	-447.8003	-0.6139	52460.0083	0
1058	3	-447.8025	-0.6139	52460.0107	0
1059	3	-447.8025	-0.6139	52460.0115	0
1060	3	-447.8031	-0.6139	52460.0116	0
1061	3	-447.8058	-0.6139	52460.0116	0
1062	3	-447.8044	-0.6139	52460.0180	0
1063	3	-447.8040	-0.6139	52460.0204	0
1064	3	-447.8031	-0.6139	52460.0211	0
1065	3	-447.8023	-0.6139	52460.0213	0
1066	3	-447.8003	-0.6139	52460.0279	0
1067	3	-447.7999	-0.6139	52460.0369	0
1068	3	-447.8049	-0.6139	52460.0335	0
1069	3	-447.8043	-0.6139	52460.0322	0
1070	3	-447.8108	-0.6139	52460.0381	0
1071	3	-447.8190	-0.6139	52460.0403	0
1072	3	-447.8217	-0.6139	52460.0410	0
1073	3	-447.8288	-0.6139	52460.0412	0
1074	3	-447.8321	-0.6139	52460.0412	0
1075	3	-447.8368	-0.6139	52460.0477	0
1076	3	-447.8393	-0.6139	52460.0500	0
1077	3	-447.8448	-0.6139	52460.0575	0
1078	3	-447.8473	-0.6139	52460.0602	0
1079	3	-447.8529	-0.6139	52460.0677	0
1080	3	-447.8613	-0.6139	52460.0704	0
1081	3	-447.8735	-0.6139	52460.0713	0
1082	3	-447.8836	-0.6139	52460.0649	0
1083	3	-447.8937	-0.6139	52460.0624	0
1084	3	-447.9078	-0.6139	52460.0614	0
1085	3	-447.9096	-0.6139	52460.0674	0
1086	3	-447.9103	-0.6139	52460.0697	0
1087	3	-447.9103	-0.6139	52460.0705	0
1088	3	-447.9110	-0.6139	52460.0708	0
1089	3	-447.9194	-0.6139	52460.0708	0
1090	3	-447.9264	-0.6139	52460.0708	0
1091	3	-447.9287	-0.6139	52460.0773	0
1092	3	-447.9293	-0.6139	52460.0797	0
1093	3	-447.9350	-0.6139	52460.0805	0
1094	3	-447.9350	-0.6139	52460.0808	0
1095	3	-447.9407	-0.6139	52460.0808	0
1096	3	-447.9423	-0.6139	52460.0874	0
1097	3	-447.9425	-0.6139	52460.0898	0
1098	3	-447.9454	-0.6139	52460.0906	0
1099	3	-447.9464	-0.6139	52460.0909	0
1100	3	-447.9467	-0.6139	52460.0909	0
1101	3	-447.9467	-0.6139	52460.0908	0
1102	3	-447.9467	-0.6139	52460.0907	0
1103	3	-447.9523	-0.6139	52460.0973	0
1104	3	-447.9571	-0.6139	52460.0931	0
1105	3	-447.9518	-0.6139	52460.0980	0
1106	3	-447.9548	-0.6139	52460.0932	0
1107	3	-447.9559	-0.6139	52460.0914	0
1108	3	-447.9628	-0.6139	52460.0972	0
1109	3	-447.9654	-0.6139	52460.0994	0
1110	3	-447.9653	-0.6139	52460.0936	0
1111	3	-447.9575	-0.6139	52460.0914	0
1112	3	-447.9542	-0.6139	52460.0971	0
1113	3	-447.9588	-0.6139	52460.0993	0
1114	3	-447.9602	-0.6139	52460.1001	0
1115	3	-447.9647	-0.6139	52460.1069	0
1116	3	-447.9640	-0.6139	52460.1095	0
1117	3	-447.9638	-0.6139	52460.1104	0
1118	3	-447.9720	-0.6139	52460.1040	0
1119	3	-447.9684	-0.6139	52460.1016	0
1120	3	-447.9679	-0.6139	52460.1072	0
1121	3	-447.9667	-0.6139	52460.1027	0
1122	3	-447.9639	-0.6139	52460.1010	0
1123	3	-447.9630	-0.6139	52460.1004	0
1124	3	-447.9629	-0.6139	52460.1001	0
1125	3	-447.9597	-0.6139	52460.1066	0
1126	3	-447.9593	-0.6139	52460.1091	0
1127	3	-447.9596	-0.6139	52460.1034	0
1128	3	-447.9610	-0.6139	52460.1012	0
1129	3	-447.9705	-0.6139	52460.1004	0
1130	3	-447.9788	-0.6139	52460.0935	0
1131	3	-447.9816	-0.6139	52460.0909	0
1132	3	-447.9789	-0.6139	52460.0965	0
1133	3	-447.9739	-0.6139	52460.0921	0
1134	3	-447.9637	-0.6139	52460.0970	0
1135	3	-447.9603	-0.6139	52460.0989	0
1136	3	-447.9618	-0.6139	52460.0996	0
1137	3	-447.9635	-0.6139	52460.1065	0
1138	3	-447.9666	-0.6139	52460.1091	0
1139	3	-447.9653	-0.6139	52460.1100	0
1140	3	-447.9648	-0.6139	52460.1103	0
1141	3	-447.9615	-0.6139	52460.1104	0
1142	3	-447.9672	-0.6139	52460.1104	0
1143	3	-447.9697	-0.6139	52460.1104	0
1144	3	-447.9700	-0.6139	52460.1104	0
1145	3	-447.9699	-0.6139	52460.1103	0
1146	3	-447.9687	-0.6139	52460.1037	0
1147	3	-447.9635	-0.6139	52460.1077	0
1148	3	-447.9641	-0.6139	52460.1093	0
1149	3	-447.9645	-0.6139	52460.1099	0
1150	3	-447.9679	-0.6139	52460.1167	0
1151	3	-447.9780	-0.6139	52460.1192	0
1152	3	-447.9856	-0.6139	52460.1202	0
1153	3	-447.9868	-0.6139	52460.1271	0
1154	3	-447.9877	-0.6139	52460.1296	0
1155	3	-447.9910	-0.6139	52460.1305	0
1156	3	-447.9900	-0.6139	52460.1308	0
1157	3	-447.9833	-0.6139	52460.1308	0
1158	3	-447.9812	-0.6139	52460.1308	0
1159	3	-447.9881	-0.6139	52460.1174	0
1160	3	-447.9911	-0.6139	52460.1190	0
1161	3	-447.9918	-0.6139	52460.1196	0
1162	3	-447.9942	-0.6139	52460.1198	0
1163	3	-447.9897	-0.6139	52460.1265	0
1164	3	-447.9879	-0.6139	52460.1291	0
1165	3	-447.9848	-0.6139	52460.1300	0
1166	3	-447.9845	-0.6139	52460.1303	0
1167	3	-447.9882	-0.6139	52460.1370	0
1168	3	-447.9925	-0.6139	52460.1328	0
1169	3	-447.9875	-0.6139	52460.1313	0
1170	3	-447.9767	-0.6139	52460.1372	0
1171	3	-447.9728	-0.6139	52460.1395	0
1172	3	-447.9676	-0.6139	52460.1336	0
1173	3	-447.9632	-0.6139	52460.1380	0
1174	3	-447.9685	-0.6139	52460.1463	0
1175	3	-447.9676	-0.6139	52460.1427	0
1176	3	-447.9671	-0.6139	52460.1347	0
1177	3	-447.9675	-0.6139	52460.1317	0
1178	3	-447.9737	-0.6139	52460.1305	0
1179	3	-447.9670	-0.6139	52460.1366	0
1180	3	-447.9671	-0.6139	52460.1390	0
1181	3	-447.9581	-0.6139	52460.1398	0
1182	3	-447.9563	-0.6139	52460.1402	0
1183	3	-447.9551	-0.6139	52460.1403	0
1184	3	-447.9542	-0.6139	52460.1403	0
1185	3	-447.9534	-0.6139	52460.1403	0
1186	3	-447.9593	-0.6139	52460.1402	0
1187	3	-447.9611	-0.6139	52460.1468	0
1188	3	-447.9590	-0.6139	52460.1493	0
1189	3	-447.9524	-0.6139	52460.1502	0
1190	3	-447.9529	-0.6139	52460.1504	0
1191	3	-447.9554	-0.6139	52460.1505	0
1192	3	-447.9558	-0.6139	52460.1571	0
1193	3	-447.9497	-0.6139	52460.1596	0
1194	3	-447.9441	-0.6139	52460.1538	0
1195	3	-447.9391	-0.6139	52460.1516	0
1196	3	-447.9354	-0.6139	52460.1507	0
1197	3	-447.9428	-0.6139	52460.1504	0
1198	3	-447.9365	-0.6139	52460.1568	0
1199	3	-447.9424	-0.6139	52460.1526	0
1200	3	-447.9402	-0.6139	52460.1510	0
1201	3	-447.9422	-0.6139	52460.1504	0
1202	3	-447.9375	-0.6139	52460.1502	0
1203	3	-447.9420	-0.6139	52460.1501	0
1204	3	-447.9429	-0.6139	52460.1500	0
1205	3	-447.9362	-0.6139	52460.1500	0
1206	3	-447.9251	-0.6139	52460.1500	0
1207	3	-447.9288	-0.6139	52460.1434	0
1208	3	-447.9323	-0.6139	52460.1409	0
1209	3	-447.9228	-0.6139	52460.1465	0
1210	3	-447.9252	-0.6139	52460.1553	0
1211	3	-447.9295	-0.6139	52460.1587	0
1212	3	-447.9314	-0.6139	52460.1599	0
1213	3	-447.9389	-0.6139	52460.1603	0
1214	3	-447.9420	-0.6139	52460.1604	0
1215	3	-447.9489	-0.6139	52460.1604	0
1216	3	-447.9511	-0.6139	52460.1670	0
1217	3	-447.9401	-0.6139	52460.1695	0
1218	3	-447.9312	-0.6139	52460.1703	0
1219	3	-447.9341	-0.6139	52460.1706	0
1220	3	-447.9358	-0.6139	52460.1707	0
1221	3	-447.9426	-0.6139	52460.1706	0
1222	3	-447.9452	-0.6139	52460.1706	0
1223	3	-447.9462	-0.6139	52460.1705	0
1224	3	-447.9474	-0.6139	52460.1705	0
1225	3	-447.9484	-0.6139	52460.1704	0
1226	3	-447.9492	-0.6139	52460.1704	0
1227	3	-447.9464	-0.6139	52460.1769	0
1228	3	-447.9454	-0.6139	52460.1794	0
1229	3	-447.9451	-0.6139	52460.1802	0
1230	3	-447.9476	-0.6139	52460.1805	0
1231	3	-447.9534	-0.6139	52460.1740	0
1232	3	-447.9500	-0.6139	52460.1780	0
1233	3	-447.9511	-0.6139	52460.1796	0
1234	3	-447.9577	-0.6139	52460.1801	0
1235	3	-447.9634	-0.6139	52460.1803	0
1236	3	-447.9630	-0.6139	52460.1804	0
1237	3	-447.9737	-0.6139	52460.1737	0
1238	3	-447.9754	-0.6139	52460.1778	0
1239	3	-447.9726	-0.6139	52460.1794	0
1240	3	-447.9655	-0.6139	52460.1799	0
1241	3	-447.9621	-0.6139	52460.1801	0
1242	3	-447.9606	-0.6139	52460.1802	0
1243	3	-447.9623	-0.6139	52460.1802	0
1244	3	-447.9625	-0.6139	52460.1802	0
1245	3	-447.9629	-0.6139	52460.1868	0
1246	3	-447.9661	-0.6139	52460.1892	0
1247	3	-447.9656	-0.6139	52460.1967	0
1248	3	-447.9686	-0.6139	52460.1995	0
1249	3	-447.9722	-0.6139	52460.2005	0
1250	3	-447.9756	-0.6139	52460.2008	0
1251	3	-447.9796	-0.6139	52460.2008	0
1252	3	-447.9749	-0.6139	52460.2074	0
1253	3	-447.9786	-0.6139	52460.2032	0
1254	3	-447.9749	-0.6139	52460.2081	0
1255	3	-447.9746	-0.6139	52460.2100	0
1256	3	-447.9840	-0.6139	52460.2238	0
1257	3	-447.9997	-0.6139	52460.2290	0
1258	3	-448.0068	-0.6139	52460.2308	0
1259	3	-448.0164	-0.6139	52460.2313	0
1260	3	-448.0303	-0.6139	52460.2314	0
1261	3	-448.0394	-0.6139	52460.2313	0
1262	3	-448.0501	-0.6139	52460.2378	0
1263	3	-448.0538	-0.6139	52460.2402	0
1264	3	-448.0552	-0.6139	52460.2410	0
1265	3	-448.0613	-0.6139	52460.2412	0
1266	3	-448.0666	-0.6139	52460.2412	0
1267	3	-448.0821	-0.6139	52460.2411	0
1268	3	-448.0825	-0.6139	52460.2541	0
1269	3	-448.0832	-0.6139	52460.2590	0
1270	3	-448.0892	-0.6139	52460.2607	0
1271	3	-448.0979	-0.6139	52460.2613	0
1272	3	-448.1095	-0.6139	52460.2614	0
1273	3	-448.1140	-0.6139	52460.2679	0
1274	3	-448.1175	-0.6139	52460.2702	0
1275	3	-448.1271	-0.6139	52460.2711	0
1276	3	-448.1328	-0.6139	52460.2713	0
1277	3	-448.1324	-0.6139	52460.2778	0
1278	3	-448.1317	-0.6139	52460.2802	0
1279	3	-448.1368	-0.6139	52460.2810	0
1280	3	-448.1479	-0.6139	52460.2878	0
1281	3	-448.1516	-0.6139	52460.2903	0
1282	3	-448.1510	-0.6139	52460.2911	0
1283	3	-448.1545	-0.6139	52460.2913	0
1284	3	-448.1563	-0.6139	52460.2913	0
1285	3	-448.1599	-0.6139	52460.2978	0
1286	3	-448.1591	-0.6139	52460.3001	0
1287	3	-448.1567	-0.6139	52460.3009	0
1288	3	-448.1564	-0.6139	52460.3011	0
1289	3	-448.1650	-0.6139	52460.3011	0
1290	3	-448.1762	-0.6139	52460.3010	0
1291	3	-448.1745	-0.6139	52460.3075	0
1292	3	-448.1743	-0.6139	52460.3165	0
1293	3	-448.1743	-0.6139	52460.3198	0
1294	3	-448.1754	-0.6139	52460.3210	0
1295	3	-448.1788	-0.6139	52460.3213	0
1296	3	-448.1804	-0.6139	52460.3279	0
1297	3	-448.1813	-0.6139	52460.3369	0
1298	3	-448.1875	-0.6139	52460.3402	0
1299	3	-448.1815	-0.6139	52460.3413	0
1300	3	-448.1831	-0.6139	52460.3416	0
1301	3	-448.1900	-0.6139	52460.3415	0
1302	3	-448.2010	-0.6139	52460.3414	0
1303	3	-448.2101	-0.6139	52460.3413	0
1304	3	-448.2099	-0.6139	52460.3477	0
1305	3	-448.2124	-0.6139	52460.3501	0
1306	3	-448.2083	-0.6139	52460.3509	0
1307	3	-448.2129	-0.6139	52460.3511	0
1308	3	-448.2171	-0.6139	52460.3511	0
1309	3	-448.2185	-0.6139	52460.3510	0
1310	3	-448.2204	-0.6139	52460.3443	0
1311	3	-448.2187	-0.6139	52460.3483	0
1312	3	-448.2179	-0.6139	52460.3498	0
1313	3	-448.2266	-0.6139	52460.3503	0
1314	3	-448.2271	-0.6139	52460.3571	0
1315	3	-448.2384	-0.6139	52460.3596	0
1316	3	-448.2426	-0.6139	52460.3671	0
1317	3	-448.2365	-0.6139	52460.3698	0
1318	3	-448.2430	-0.6139	52460.3708	0
1319	3	-448.2513	-0.6139	52460.3710	0
1320	3	-448.2511	-0.6139	52460.3711	0
1321	3	-448.2538	-0.6139	52460.3776	0
1322	3	-448.2486	-0.6139	52460.3800	0
1323	3	-448.2466	-0.6139	52460.3808	0
1324	3	-448.2484	-0.6139	52460.3810	0
1325	3	-448.2488	-0.6139	52460.3810	0
1326	3	-448.2520	-0.6139	52460.3875	0
1327	3	-448.2584	-0.6139	52460.3899	0
1328	3	-448.2608	-0.6139	52460.3907	0
1329	3	-448.2613	-0.6139	52460.3910	0
1330	3	-448.2555	-0.6139	52460.3910	0
1331	3	-448.2535	-0.6139	52460.3909	0
1332	3	-448.2530	-0.6139	52460.3908	0
1333	3	-448.2586	-0.6139	52460.3907	0
1334	3	-448.2547	-0.6139	52460.3906	0
1335	3	-448.2444	-0.6139	52460.3972	0
1336	3	-448.2367	-0.6139	52460.3930	0
1337	3	-448.2275	-0.6139	52460.3913	0
1338	3	-448.2185	-0.6139	52460.3907	0
1339	3	-448.2159	-0.6139	52460.3904	0
1340	3	-448.2156	-0.6139	52460.3903	0
1341	3	-448.2161	-0.6139	52460.3902	0
1342	3	-448.2145	-0.6139	52460.3902	0
1343	3	-448.2146	-0.6139	52460.3902	0
1344	3	-448.2178	-0.6139	52460.3901	0
1345	3	-448.2195	-0.6139	52460.3901	0
1346	3	-448.2195	-0.6139	52460.3901	0
1347	3	-448.2240	-0.6139	52460.3901	0
1348	3	-448.2132	-0.6139	52460.3901	0
1349	3	-448.2034	-0.6139	52460.3901	0
1350	3	-448.1945	-0.6139	52460.3901	0
1351	3	-448.1922	-0.6139	52460.3901	0
1352	3	-448.1947	-0.6139	52460.3901	0
1353	3	-448.2019	-0.6139	52460.3900	0
1354	3	-448.2016	-0.6139	52460.3900	0
1355	3	-448.1998	-0.6139	52460.3966	0
1356	3	-448.1995	-0.6139	52460.3991	0
1357	3	-448.2015	-0.6139	52460.4000	0
1358	3	-448.2075	-0.6139	52460.4003	0
1359	3	-448.2089	-0.6139	52460.4004	0
1360	3	-448.2127	-0.6139	52460.4004	0
1361	3	-448.2128	-0.6139	52460.3938	0
1362	3	-448.1965	-0.6139	52460.3978	0
1363	3	-448.1965	-0.6139	52460.3994	0
1364	3	-448.2037	-0.6139	52460.3999	0
1365	3	-448.2069	-0.6139	52460.4001	0
1366	3	-448.2123	-0.6139	52460.4002	0
1367	3	-448.2132	-0.6139	52460.4002	0
1368	3	-448.2225	-0.6139	52460.4002	0
1369	3	-448.2239	-0.6139	52460.4067	0
1370	3	-448.2294	-0.6139	52460.4092	0
1371	3	-448.2328	-0.6139	52460.4167	0
1372	3	-448.2413	-0.6139	52460.4195	0
1373	3	-448.2433	-0.6139	52460.4205	0
1374	3	-448.2381	-0.6139	52460.4208	0
1375	3	-448.2413	-0.6139	52460.4208	0
1376	3	-448.2421	-0.6139	52460.4208	0
1377	3	-448.2462	-0.6139	52460.4273	0
1378	3	-448.2557	-0.6139	52460.4364	0
1379	3	-448.2602	-0.6139	52460.4397	0
1380	3	-448.2638	-0.6139	52460.4408	0
1381	3	-448.2656	-0.6139	52460.4411	0
1382	3	-448.2685	-0.6139	52460.4346	0
1383	3	-448.2647	-0.6139	52460.4386	0
1384	3	-448.2705	-0.6139	52460.4401	0
1385	3	-448.2692	-0.6139	52460.4472	0
1386	3	-448.2651	-0.6139	52460.4498	0
1387	3	-448.2691	-0.6139	52460.4507	0
1388	3	-448.2790	-0.6139	52460.4443	0
1389	3	-448.2804	-0.6139	52460.4484	0
1390	3	-448.2892	-0.6139	52460.4434	0
1391	3	-448.2963	-0.6139	52460.4414	0
1392	3	-448.2973	-0.6139	52460.4472	0
1393	3	-448.3005	-0.6139	52460.4494	0
1394	3	-448.3085	-0.6139	52460.4502	0
1395	3	-448.3084	-0.6139	52460.4505	0
1396	3	-448.3081	-0.6139	52460.4505	0
1397	3	-448.3103	-0.6139	52460.4439	0
1398	3	-448.3042	-0.6139	52460.4413	0
1399	3	-448.3006	-0.6139	52460.4404	0
1400	3	-448.2928	-0.6139	52460.4334	0
1401	3	-448.2888	-0.6139	52460.4308	0
1402	3	-448.2809	-0.6139	52460.4299	0
1403	3	-448.2732	-0.6139	52460.4296	0
1404	3	-448.2707	-0.6139	52460.4362	0
1405	3	-448.2726	-0.6139	52460.4320	0
1406	3	-448.2710	-0.6139	52460.4371	0
1407	3	-448.2732	-0.6139	52460.4390	0
1408	3	-448.2765	-0.6139	52460.4397	0
1409	3	-448.2808	-0.6139	52460.4400	0
1410	3	-448.2821	-0.6139	52460.4401	0
1411	3	-448.2779	-0.6139	52460.4401	0
1412	3	-448.2758	-0.6139	52460.4401	0
1413	3	-448.2711	-0.6139	52460.4467	0
1414	3	-448.2653	-0.6139	52460.4426	0
1415	3	-448.2613	-0.6139	52460.4410	0
1416	3	-448.2575	-0.6139	52460.4338	0
1417	3	-448.2540	-0.6139	52460.4376	0
1418	3	-448.2403	-0.6139	52460.4325	0
1419	3	-448.2340	-0.6139	52460.4306	0
1420	3	-448.2314	-0.6139	52460.4365	0
1421	3	-448.2321	-0.6139	52460.4454	0
1422	3	-448.2445	-0.6139	52460.4421	0
1423	3	-448.2448	-0.6139	52460.4474	0
1424	3	-448.2341	-0.6139	52460.4561	0
1425	3	-448.2292	-0.6139	52460.4593	0
1426	3	-448.2247	-0.6139	52460.4671	0
1427	3	-448.2210	-0.6139	52460.4699	0
1428	3	-448.2150	-0.6139	52460.4709	0
1429	3	-448.1950	-0.6139	52460.4711	0
1430	3	-448.1811	-0.6139	52460.4711	0
1431	3	-448.1768	-0.6139	52460.4644	0
1432	3	-448.1714	-0.6139	52460.4684	0
1433	3	-448.1749	-0.6139	52460.4699	0
1434	3	-448.1710	-0.6139	52460.4770	0
1435	3	-448.1724	-0.6139	52460.4797	0
1436	3	-448.1731	-0.6139	52460.4806	0
1437	3	-448.1736	-0.6139	52460.4809	0
1438	3	-448.1730	-0.6139	52460.4809	0
1439	3	-448.1680	-0.6139	52460.4874	0
1440	3	-448.1584	-0.6139	52460.4898	0
1441	3	-448.1528	-0.6139	52460.4907	0
1442	3	-448.1380	-0.6139	52460.4909	0
1443	3	-448.1355	-0.6139	52460.4843	0
1444	3	-448.1225	-0.6139	52460.4818	0
1445	3	-448.1116	-0.6139	52460.4742	0
1446	3	-448.1071	-0.6139	52460.4713	0
1447	3	-448.1013	-0.6139	52460.4702	0
1448	3	-448.0975	-0.6139	52460.4698	0
1449	3	-448.0945	-0.6139	52460.4697	0
1450	3	-448.0855	-0.6139	52460.4763	0
1451	3	-448.0791	-0.6139	52460.4788	0
1452	3	-448.0800	-0.6139	52460.4797	0
1453	3	-448.0784	-0.6139	52460.4867	0
1454	3	-448.0773	-0.6139	52460.4893	0
1455	3	-448.0769	-0.6139	52460.4968	0
1456	3	-448.0791	-0.6139	52460.4996	0
1457	3	-448.0820	-0.6139	52460.5006	0
1458	3	-448.0771	-0.6139	52460.5009	0
1459	3	-448.0753	-0.6139	52460.5009	0
1460	3	-448.0691	-0.6139	52460.5009	0
1461	3	-448.0673	-0.6139	52460.5008	0
1462	3	-448.0663	-0.6139	52460.5007	0
1463	3	-448.0603	-0.6139	52460.5006	0
1464	3	-448.0613	-0.6139	52460.5072	0
1465	3	-448.0629	-0.6139	52460.5096	0
1466	3	-448.0699	-0.6139	52460.5171	0
1467	3	-448.0760	-0.6139	52460.5198	0
1468	3	-448.0843	-0.6139	52460.5207	0
1469	3	-448.0897	-0.6139	52460.5210	0
1470	3	-448.0904	-0.6139	52460.5276	0
1471	3	-448.0874	-0.6139	52460.5366	0
1472	3	-448.0880	-0.6139	52460.5399	0
1473	3	-448.0805	-0.6139	52460.5477	0
1474	3	-448.0769	-0.6139	52460.5505	0
1475	3	-448.0814	-0.6139	52460.5514	0
1476	3	-448.0885	-0.6139	52460.5516	0
1477	3	-448.0932	-0.6139	52460.5516	0
1478	3	-448.0938	-0.6139	52460.5580	0
1479	3	-448.0948	-0.6139	52460.5604	0
1480	3	-448.0995	-0.6139	52460.5611	0
1481	3	-448.1040	-0.6139	52460.5613	0
1482	3	-448.1164	-0.6139	52460.5613	0
1483	3	-448.1158	-0.6139	52460.5678	0
1484	3	-448.1104	-0.6139	52460.5768	0
1485	3	-448.1110	-0.6139	52460.5800	0
1486	3	-448.1081	-0.6139	52460.5811	0
1487	3	-448.1103	-0.6139	52460.5814	0
1488	3	-448.1114	-0.6139	52460.5814	0
1489	3	-448.1145	-0.6139	52460.5813	0
1490	3	-448.1179	-0.6139	52460.5878	0
1491	3	-448.1169	-0.6139	52460.5968	0
1492	3	-448.1256	-0.6139	52460.6000	0
1493	3	-448.1337	-0.6139	52460.6077	0
1494	3	-448.1465	-0.6139	52460.5973	0
1495	3	-448.1608	-0.6139	52460.5998	0
1496	3	-448.1627	-0.6139	52460.6073	0
1497	3	-448.1669	-0.6139	52460.6100	0
1498	3	-448.1680	-0.6139	52460.6110	0
1499	3	-448.1718	-0.6139	52460.6112	0
1500	3	-448.1633	-0.6139	52460.6112	0
1501	3	-448.1702	-0.6139	52460.6111	0
1502	3	-448.1764	-0.6139	52460.6241	0
1503	3	-448.1838	-0.6139	52460.6357	0
1504	3	-448.1915	-0.6139	52460.6399	0
1505	3	-448.1974	-0.6139	52460.6479	0
1506	3	-448.2097	-0.6139	52460.6508	0
1507	3	-448.2152	-0.6139	52460.6517	0
1508	3	-448.2234	-0.6139	52460.6585	0
1509	3	-448.2254	-0.6139	52460.6675	0
1510	3	-448.2189	-0.6139	52460.6708	0
1511	3	-448.2126	-0.6139	52460.6718	0
1512	3	-448.2062	-0.6139	52460.6721	0
1513	3	-448.2093	-0.6139	52460.6720	0
1514	3	-448.2156	-0.6139	52460.6718	0
1515	3	-448.2202	-0.6139	52460.6717	0
1516	3	-448.2214	-0.6139	52460.6780	0
1517	3	-448.2267	-0.6139	52460.6869	0
1518	3	-448.2274	-0.6139	52460.6902	0
1519	3	-448.2347	-0.6139	52460.6913	0
1520	3	-448.2379	-0.6139	52460.6916	0
1521	3	-448.2408	-0.6139	52460.6982	0
1522	3	-448.2399	-0.6139	52460.7071	0
1523	3	-448.2382	-0.6139	52460.7170	0
1524	3	-448.2381	-0.6139	52460.7206	0
1525	3	-448.2418	-0.6139	52460.7217	0
1526	3	-448.2496	-0.6139	52460.7152	0
1527	3	-448.2653	-0.6139	52460.7127	0
1528	3	-448.2715	-0.6139	52460.7183	0
1529	3	-448.2766	-0.6139	52460.7269	0
1530	3	-448.2843	-0.6139	52460.7301	0
1531	3	-448.2907	-0.6139	52460.7311	0
1532	3	-448.2968	-0.6139	52460.7314	0
1533	3	-448.2971	-0.6139	52460.7314	0
1534	3	-448.2949	-0.6139	52460.7313	0
1535	3	-448.2959	-0.6139	52460.7377	0
1536	3	-448.2917	-0.6139	52460.7335	0
1537	3	-448.2903	-0.6139	52460.7318	0
1538	3	-448.2905	-0.6139	52460.7311	0
1539	3	-448.2908	-0.6139	52460.7374	0
1540	3	-448.2936	-0.6139	52460.7397	0
1541	3	-448.2940	-0.6139	52460.7405	0
1542	3	-448.3017	-0.6139	52460.7408	0
1543	3	-448.3050	-0.6139	52460.7408	0
1544	3	-448.3048	-0.6139	52460.7408	0
1545	3	-448.3053	-0.6139	52460.7407	0
1546	3	-448.2972	-0.6139	52460.7472	0
1547	3	-448.2990	-0.6139	52460.7563	0
1548	3	-448.2914	-0.6139	52460.7662	0
1549	3	-448.2900	-0.6139	52460.7698	0
1550	3	-448.2938	-0.6139	52460.7711	0
1551	3	-448.3021	-0.6139	52460.7714	0
1552	3	-448.3072	-0.6139	52460.7649	0
1553	3	-448.3088	-0.6139	52460.7820	0
1554	3	-448.3110	-0.6139	52460.7885	0
1555	3	-448.3127	-0.6139	52460.7908	0
1556	3	-448.3159	-0.6139	52460.7915	0
1557	3	-448.3090	-0.6139	52460.7982	0
1558	3	-448.3060	-0.6139	52460.8073	0
1559	3	-448.2984	-0.6139	52460.8105	0
1560	3	-448.2904	-0.6139	52460.8116	0
1561	3	-448.2836	-0.6139	52460.8118	0
1562	3	-448.2770	-0.6139	52460.8184	0
1563	3	-448.2842	-0.6139	52460.8141	0
1564	3	-448.2850	-0.6139	52460.8190	0
1565	3	-448.2850	-0.6139	52460.8207	0
1566	3	-448.2827	-0.6139	52460.8345	0
1567	3	-448.2902	-0.6139	52460.8395	0
1568	3	-448.2935	-0.6139	52460.8413	0
1569	3	-448.3009	-0.6139	52460.8418	0
1570	3	-448.2978	-0.6139	52460.8418	0
1571	3	-448.2882	-0.6139	52460.8483	0
1572	3	-448.2773	-0.6139	52460.8572	0
1573	3	-448.2633	-0.6139	52460.8605	0
1574	3	-448.2632	-0.6139	52460.8615	0
1575	3	-448.2632	-0.6139	52460.8618	0
1576	3	-448.2599	-0.6139	52460.8552	0
1577	3	-448.2602	-0.6139	52460.8526	0
1578	3	-448.2534	-0.6139	52460.8646	0
1579	3	-448.2614	-0.6139	52460.8691	0
1580	3	-448.2562	-0.6139	52460.8773	0
1581	3	-448.2540	-0.6139	52460.8803	0
1582	3	-448.2536	-0.6139	52460.8813	0
1583	3	-448.2496	-0.6139	52460.8816	0
1584	3	-448.2485	-0.6139	52460.8947	0
1585	3	-448.2503	-0.6139	52460.9062	0
1586	3	-448.2468	-0.6139	52460.9037	0
1587	3	-448.2413	-0.6139	52460.9026	0
1588	3	-448.2378	-0.6139	52460.9021	0
1589	3	-448.2377	-0.6139	52460.9017	0
1590	3	-448.2379	-0.6139	52460.9081	0
1591	3	-448.2455	-0.6139	52460.9104	0
1592	3	-448.2438	-0.6139	52460.9177	0
1593	3	-448.2475	-0.6139	52460.9204	0
1594	3	-448.2570	-0.6139	52460.9213	0
1595	3	-448.2694	-0.6139	52460.9215	0
1596	3	-448.2693	-0.6139	52460.9280	0
1597	3	-448.2800	-0.6139	52460.9304	0
1598	3	-448.2807	-0.6139	52460.9377	0
1599	3	-448.2729	-0.6139	52460.9404	0
1600	3	-448.2716	-0.6139	52460.9346	0
1601	3	-448.2769	-0.6139	52460.9324	0
1602	3	-448.2848	-0.6139	52460.9315	0
1603	3	-448.2933	-0.6139	52460.9376	0
1604	3	-448.3048	-0.6139	52460.9399	0
1605	3	-448.3110	-0.6139	52460.9407	0
1606	3	-448.3225	-0.6139	52460.9409	0
1607	3	-448.3356	-0.6139	52460.9409	0
1608	3	-448.3457	-0.6139	52460.9409	0
1609	3	-448.3510	-0.6139	52460.9474	0
1610	3	-448.3543	-0.6139	52460.9498	0
1611	3	-448.3553	-0.6139	52460.9506	0
1612	3	-448.3560	-0.6139	52460.9509	0
1613	3	-448.3509	-0.6139	52460.9509	0
1614	3	-448.3568	-0.6139	52460.9508	0
1615	3	-448.3541	-0.6139	52460.9507	0
1616	3	-448.3522	-0.6139	52460.9573	0
1617	3	-448.3602	-0.6139	52460.9597	0
1618	3	-448.3692	-0.6139	52460.9539	0
1619	3	-448.3764	-0.6139	52460.9583	0
1620	3	-448.3859	-0.6139	52460.9533	0
1621	3	-448.3885	-0.6139	52460.9514	0
1622	3	-448.3751	-0.6139	52460.9506	0
1623	3	-448.3718	-0.6139	52460.9503	0
1624	3	-448.3838	-0.6139	52460.9436	0
1625	3	-448.3784	-0.6139	52460.9476	0
1626	3	-448.3752	-0.6139	52460.9425	0
1627	3	-448.3736	-0.6139	52460.9407	0
1628	3	-448.3772	-0.6139	52460.9400	0
1629	3	-448.3777	-0.6139	52460.9397	0
1630	3	-448.3772	-0.6139	52460.9397	0
1631	3	-448.3753	-0.6139	52460.9397	0
1632	3	-448.3657	-0.6139	52460.9397	0
1633	3	-448.3595	-0.6139	52460.9397	0
1634	3	-448.3584	-0.6139	52460.9398	0
1635	3	-448.3573	-0.6139	52460.9398	0
1636	3	-448.3562	-0.6139	52460.9398	0
1637	3	-448.3508	-0.6139	52460.9398	0
1638	3	-448.3451	-0.6139	52460.9399	0
1639	3	-448.3477	-0.6139	52460.9333	0
1640	3	-448.3485	-0.6139	52460.9308	0
1641	3	-448.3464	-0.6139	52460.9299	0
1642	3	-448.3456	-0.6139	52460.9296	0
1643	3	-448.3432	-0.6139	52460.9295	0
1644	3	-448.3403	-0.6139	52460.9229	0
1645	3	-448.3374	-0.6139	52460.9205	0
1646	3	-448.3369	-0.6139	52460.9196	0
1647	3	-448.3372	-0.6139	52460.9194	0
1648	3	-448.3356	-0.6139	52460.9193	0
1649	3	-448.3380	-0.6139	52460.9194	0
1650	3	-448.3415	-0.6139	52460.9194	0
1651	3	-448.3407	-0.6139	52460.9195	0
1652	3	-448.3453	-0.6139	52460.9129	0
1653	3	-448.3447	-0.6139	52460.9105	0
1654	3	-448.3400	-0.6139	52460.9096	0
1655	3	-448.3410	-0.6139	52460.9094	0
1656	3	-448.3394	-0.6139	52460.9093	0
1657	3	-448.3369	-0.6139	52460.9094	0
1658	3	-448.3343	-0.6139	52460.9094	0
1659	3	-448.3341	-0.6139	52460.9095	0
1660	3	-448.3357	-0.6139	52460.9096	0
1661	3	-448.3398	-0.6139	52460.9096	0
1662	3	-448.3502	-0.6139	52460.9097	0
1663	3	-448.3541	-0.6139	52460.9097	0
1664	3	-448.3635	-0.6139	52460.9097	0
1665	3	-448.3584	-0.6139	52460.9098	0
1666	3	-448.3644	-0.6139	52460.9098	0
1667	3	-448.3660	-0.6139	52460.9098	0
1668	3	-448.3683	-0.6139	52460.9098	0
1669	3	-448.3660	-0.6139	52460.9099	0
1670	3	-448.3669	-0.6139	52460.9099	0
1671	3	-448.3675	-0.6139	52460.9099	0
1672	3	-448.3653	-0.6139	52460.9099	0
1673	3	-448.3646	-0.6139	52460.9165	0
1674	3	-448.3657	-0.6139	52460.9190	0
1675	3	-448.3633	-0.6139	52460.9199	0
1676	3	-448.3629	-0.6139	52460.9269	0
1677	3	-448.3630	-0.6139	52460.9294	0
1678	3	-448.3631	-0.6139	52460.9303	0
1679	3	-448.3634	-0.6139	52460.9306	0
1680	3	-448.3636	-0.6139	52460.9307	0
1681	3	-448.3638	-0.6139	52460.9307	0
1682	3	-448.3719	-0.6139	52460.9240	0
1683	3	-448.3698	-0.6139	52460.9214	0
1684	3	-448.3721	-0.6139	52460.9205	0
1685	3	-448.3708	-0.6139	52460.9201	0
1686	3	-448.3752	-0.6139	52460.9200	0
1687	3	-448.3768	-0.6139	52460.9199	0
1688	3	-448.3750	-0.6139	52460.9265	0
1689	3	-448.3721	-0.6139	52460.9290	0
1690	3	-448.3816	-0.6139	52460.9233	0
1691	3	-448.3845	-0.6139	52460.9211	0
1692	3	-448.3805	-0.6139	52460.9269	0
1693	3	-448.3797	-0.6139	52460.9225	0
1694	3	-448.3775	-0.6139	52460.9208	0
1695	3	-448.3828	-0.6139	52460.9202	0
1696	3	-448.3822	-0.6139	52460.9200	0
1697	3	-448.3888	-0.6139	52460.9199	0
1698	3	-448.3892	-0.6139	52460.9265	0
1699	3	-448.3897	-0.6139	52460.9223	0
1700	3	-448.3902	-0.6139	52460.9208	0
1701	3	-448.3907	-0.6139	52460.9202	0
1702	3	-448.3912	-0.6139	52460.9200	0
1703	3	-448.3917	-0.6139	52460.9199	0
1704	3	-448.3921	-0.6139	52460.9199	0
1705	3	-448.3924	-0.6139	52460.9199	0
1706	3	-448.4008	-0.6139	52460.9133	0
1707	3	-448.4039	-0.6139	52460.9108	0
1708	3	-448.4051	-0.6139	52460.9099	0
1709	3	-448.4079	-0.6139	52460.9096	0
1710	3	-448.4121	-0.6139	52460.9095	0
1711	3	-448.4085	-0.6139	52460.9161	0
1712	3	-448.4094	-0.6139	52460.9187	0
1713	3	-448.4142	-0.6139	52460.9196	0
1714	3	-448.4186	-0.6139	52460.9200	0
1715	3	-448.4194	-0.6139	52460.9201	0
1716	3	-448.4143	-0.6139	52460.9267	0
1717	3	-448.4073	-0.6139	52460.9292	0
1718	3	-448.4072	-0.6139	52460.9301	0
1719	3	-448.4070	-0.6139	52460.9371	0
1720	3	-448.4012	-0.6139	52460.9396	0
1721	3	-448.4018	-0.6139	52460.9405	0
1722	3	-448.4069	-0.6139	52460.9408	0
1723	3	-448.4063	-0.6139	52460.9408	0
1724	3	-448.4084	-0.6139	52460.9408	0
1725	3	-448.4089	-0.6139	52460.9473	0
1726	3	-448.4034	-0.6139	52460.9497	0
1727	3	-448.3953	-0.6139	52460.9505	0
1728	3	-448.3959	-0.6139	52460.9508	0
1729	3	-448.3967	-0.6139	52460.9574	0
1730	3	-448.3952	-0.6139	52460.9599	0
1731	3	-448.3910	-0.6139	52460.9607	0
1732	3	-448.3922	-0.6139	52460.9609	0
1733	3	-448.3849	-0.6139	52460.9675	0
1734	3	-448.3872	-0.6139	52460.9700	0
1735	3	-448.3911	-0.6139	52460.9708	0
1736	3	-448.3928	-0.6139	52460.9710	0
1737	3	-448.3936	-0.6139	52460.9710	0
1738	3	-448.3940	-0.6139	52460.9710	0
1739	3	-448.3919	-0.6139	52460.9775	0
1740	3	-448.3881	-0.6139	52460.9799	0
1741	3	-448.3863	-0.6139	52460.9807	0
1742	3	-448.3866	-0.6139	52460.9809	0
1743	3	-448.3897	-0.6139	52460.9809	0
1744	3	-448.3888	-0.6139	52460.9809	0
1745	3	-448.3879	-0.6139	52460.9808	0
1746	3	-448.3899	-0.6139	52460.9807	0
1747	3	-448.3880	-0.6139	52460.9806	0
1748	3	-448.3872	-0.6139	52460.9872	0
1749	3	-448.3845	-0.6139	52460.9896	0
1750	3	-448.3836	-0.6139	52460.9904	0
1751	3	-448.3825	-0.6139	52460.9907	0
1752	3	-448.3818	-0.6139	52460.9907	0
1753	3	-448.3835	-0.6139	52460.9907	0
1754	3	-448.3813	-0.6139	52460.9906	0
1755	3	-448.3826	-0.6139	52460.9905	0
1756	3	-448.3803	-0.6139	52460.9905	0
1757	3	-448.3793	-0.6139	52460.9904	0
1758	3	-448.3810	-0.6139	52460.9904	0
1759	3	-448.3814	-0.6139	52460.9903	0
1760	3	-448.3798	-0.6139	52460.9903	0
1761	3	-448.3773	-0.6139	52460.9903	0
1762	3	-448.3769	-0.6139	52460.9902	0
1763	3	-448.3820	-0.6139	52460.9902	0
1764	3	-448.3873	-0.6139	52460.9902	0
1765	3	-448.3914	-0.6139	52460.9902	0
1766	3	-448.3902	-0.6139	52460.9901	0
1767	3	-448.3895	-0.6139	52460.9901	0
1768	3	-448.3914	-0.6139	52460.9901	0
1769	3	-448.3894	-0.6139	52460.9901	0
1770	3	-448.3885	-0.6139	52460.9901	0
1771	3	-448.3833	-0.6139	52460.9901	0
1772	3	-448.3836	-0.6139	52460.9835	0
1773	3	-448.3839	-0.6139	52460.9810	0
1774	3	-448.3841	-0.6139	52460.9800	0
1775	3	-448.3843	-0.6139	52460.9863	0
1776	3	-448.3844	-0.6139	52460.9887	0
1777	3	-448.3926	-0.6139	52460.9830	0
1778	3	-448.3960	-0.6139	52460.9809	0
1779	3	-448.3948	-0.6139	52460.9801	0
1780	3	-448.3944	-0.6139	52460.9798	0
1781	3	-448.3944	-0.6139	52460.9797	0
1782	3	-448.3945	-0.6139	52460.9797	0
1783	3	-448.3993	-0.6139	52460.9797	0
1784	3	-448.3984	-0.6139	52460.9798	0
1785	3	-448.3979	-0.6139	52460.9798	0
1786	3	-448.3977	-0.6139	52460.9798	0
1787	3	-448.3951	-0.6139	52460.9864	0
1788	3	-448.3919	-0.6139	52460.9890	0
1789	3	-448.3911	-0.6139	52460.9899	0
1790	3	-448.3934	-0.6139	52460.9836	0
1791	3	-448.3944	-0.6139	52460.9812	0
1792	3	-448.3948	-0.6139	52460.9803	0
1793	3	-448.3974	-0.6139	52460.9800	0
1794	3	-448.3982	-0.6139	52460.9799	0
1795	3	-448.3960	-0.6139	52460.9798	0
1796	3	-448.3976	-0.6139	52460.9798	0
1797	3	-448.3970	-0.6139	52460.9798	0
1798	3	-448.3906	-0.6139	52460.9799	0
1799	3	-448.3880	-0.6139	52460.9799	0
1800	3	-448.3870	-0.6139	52460.9799	0
1801	3	-448.3866	-0.6139	52460.9799	0
1802	3	-448.3841	-0.6139	52460.9865	0
1803	3	-448.3824	-0.6139	52460.9890	0
1804	3	-448.3814	-0.6139	52460.9899	0
1805	3	-448.3808	-0.6139	52460.9903	0
1806	3	-448.3826	-0.6139	52460.9837	0
1807	3	-448.3828	-0.6139	52460.9813	0
1808	3	-448.3769	-0.6139	52460.9803	0
1809	3	-448.3761	-0.6139	52460.9800	0
1810	3	-448.3729	-0.6139	52460.9799	0
1811	3	-448.3714	-0.6139	52460.9798	0
1812	3	-448.3706	-0.6139	52460.9798	0
1813	3	-448.3677	-0.6139	52460.9798	0
1814	3	-448.3666	-0.6139	52460.9799	0
1815	3	-448.3653	-0.6139	52460.9799	0
1816	3	-448.3563	-0.6139	52460.9799	0
1817	3	-448.3611	-0.6139	52460.9799	0
1818	3	-448.3625	-0.6139	52460.9865	0
1819	3	-448.3626	-0.6139	52460.9890	0
1820	3	-448.3622	-0.6139	52460.9899	0
1821	3	-448.3640	-0.6139	52460.9903	0
1822	3	-448.3619	-0.6139	52460.9904	0
1823	3	-448.3563	-0.6139	52460.9904	0
1824	3	-448.3531	-0.6139	52460.9903	0
1825	3	-448.3535	-0.6139	52460.9903	0
1826	3	-448.3564	-0.6139	52460.9903	0
1827	3	-448.3573	-0.6139	52460.9902	0
1828	3	-448.3544	-0.6139	52460.9902	0
1829	3	-448.3472	-0.6139	52460.9902	0
1830	3	-448.3425	-0.6139	52460.9902	0
1831	3	-448.3432	-0.6139	52460.9901	0
1832	3	-448.3437	-0.6139	52460.9901	0
1833	3	-448.3440	-0.6139	52460.9901	0
1834	3	-448.3442	-0.6139	52460.9901	0
1835	3	-448.3421	-0.6139	52460.9901	0
1836	3	-448.3439	-0.6139	52460.9901	0
1837	3	-448.3446	-0.6139	52460.9901	0
1838	3	-448.3427	-0.6139	52460.9901	0
1839	3	-448.3400	-0.6139	52460.9901	0
1840	3	-448.3439	-0.6139	52460.9834	0
1841	3	-448.3454	-0.6139	52460.9809	0
1842	3	-448.3459	-0.6139	52460.9800	0
1843	3	-448.3484	-0.6139	52460.9797	0
1844	3	-448.3490	-0.6139	52460.9796	0
1845	3	-448.3481	-0.6139	52460.9796	0
1846	3	-448.3383	-0.6139	52460.9796	0
1847	3	-448.3284	-0.6139	52460.9797	0
1848	3	-448.3205	-0.6139	52460.9731	0
1849	3	-448.3087	-0.6139	52460.9772	0
1850	3	-448.3035	-0.6139	52460.9789	0
1851	3	-448.2956	-0.6139	52460.9795	0
1852	3	-448.2897	-0.6139	52460.9797	0
1853	3	-448.2786	-0.6139	52460.9798	0
1854	3	-448.2769	-0.6139	52460.9799	0
1855	3	-448.2763	-0.6139	52460.9799	0
1856	3	-448.2783	-0.6139	52460.9733	0
1857	3	-448.2867	-0.6139	52460.9708	0
1858	3	-448.2899	-0.6139	52460.9699	0
1859	3	-448.2952	-0.6139	52460.9696	0
1860	3	-448.3050	-0.6139	52460.9696	0
1861	3	-448.3109	-0.6139	52460.9696	0
1862	3	-448.3192	-0.6139	52460.9696	0
1863	3	-448.3285	-0.6139	52460.9696	0
1864	3	-448.3315	-0.6139	52460.9697	0
1865	3	-448.3301	-0.6139	52460.9697	0
1866	3	-448.3293	-0.6139	52460.9697	0
1867	3	-448.3210	-0.6139	52460.9698	0
1868	3	-448.3205	-0.6139	52460.9698	0
1869	3	-448.3185	-0.6139	52460.9698	0
1870	3	-448.3138	-0.6139	52460.9632	0
1871	3	-448.3123	-0.6139	52460.9608	0
1872	3	-448.3088	-0.6139	52460.9599	0
1873	3	-448.3052	-0.6139	52460.9529	0
1874	3	-448.3034	-0.6139	52460.9504	0
1875	3	-448.3014	-0.6139	52460.9495	0
1876	3	-448.2920	-0.6139	52460.9492	0
1877	3	-448.2862	-0.6139	52460.9492	0
1878	3	-448.2832	-0.6139	52460.9493	0
1879	3	-448.2817	-0.6139	52460.9493	0
1880	3	-448.2831	-0.6139	52460.9494	0
1881	3	-448.2831	-0.6139	52460.9495	0
1882	3	-448.2827	-0.6139	52460.9495	0
1883	3	-448.2769	-0.6139	52460.9496	0
1884	3	-448.2707	-0.6139	52460.9496	0
1885	3	-448.2683	-0.6139	52460.9497	0
1886	3	-448.2652	-0.6139	52460.9497	0
1887	3	-448.2642	-0.6139	52460.9498	0
1888	3	-448.2651	-0.6139	52460.9431	0
1889	3	-448.2592	-0.6139	52460.9407	0
1890	3	-448.2570	-0.6139	52460.9398	0
1891	3	-448.2571	-0.6139	52460.9395	0
1892	3	-448.2598	-0.6139	52460.9395	0
1893	3	-448.2610	-0.6139	52460.9395	0
1894	3	-448.2618	-0.6139	52460.9395	0
1895	3	-448.2623	-0.6139	52460.9396	0
1896	3	-448.2605	-0.6139	52460.9396	0
1897	3	-448.2603	-0.6139	52460.9397	0
1898	3	-448.2605	-0.6139	52460.9397	0
1899	3	-448.2630	-0.6139	52460.9397	0
1900	3	-448.2640	-0.6139	52460.9398	0
1901	3	-448.2624	-0.6139	52460.9398	0
1902	3	-448.2641	-0.6139	52460.9398	0
1903	3	-448.2618	-0.6139	52460.9398	0
1904	3	-448.2606	-0.6139	52460.9399	0
1905	3	-448.2599	-0.6139	52460.9399	0
1906	3	-448.2604	-0.6139	52460.9399	0
1907	3	-448.2587	-0.6139	52460.9465	0
1908	3	-448.2628	-0.6139	52460.9424	0
1909	3	-448.2644	-0.6139	52460.9474	0
1910	3	-448.2651	-0.6139	52460.9493	0
1911	3	-448.2632	-0.6139	52460.9500	0
1912	3	-448.2714	-0.6139	52460.9503	0
1913	3	-448.2724	-0.6139	52460.9503	0
1914	3	-448.2739	-0.6139	52460.9503	0
1915	3	-448.2794	-0.6139	52460.9503	0
1916	3	-448.2840	-0.6139	52460.9568	0
1917	3	-448.2929	-0.6139	52460.9593	0
1918	3	-448.2819	-0.6139	52460.9668	0
1919	3	-448.2548	-0.6139	52460.9696	0
1920	3	-448.2474	-0.6139	52460.9772	0
1921	3	-448.2411	-0.6139	52460.9866	0
1922	3	-448.2417	-0.6139	52460.9900	0
1923	3	-448.2412	-0.6139	52460.9912	0
1924	3	-448.2422	-0.6139	52460.9915	0
1925	3	-448.2544	-0.6139	52460.9915	0
1926	3	-448.2563	-0.6139	52460.9980	0
1927	3	-448.2569	-0.6139	52461.0003	0
1928	3	-448.2595	-0.6139	52461.0077	0
1929	3	-448.2626	-0.6139	52461.0104	0
1930	3	-448.2628	-0.6139	52461.0179	0
1931	3	-448.2760	-0.6139	52461.0139	0
1932	3	-448.2775	-0.6139	52461.0123	0
1933	3	-448.2868	-0.6139	52461.0116	0
1934	3	-448.2809	-0.6139	52461.0178	0
1935	3	-448.2746	-0.6139	52461.0201	0
1936	3	-448.2637	-0.6139	52461.0209	0
1937	3	-448.2546	-0.6139	52461.0211	0
1938	3	-448.2379	-0.6139	52461.0276	0
1939	3	-448.2356	-0.6139	52461.0234	0
1940	3	-448.2378	-0.6139	52461.0218	0
1941	3	-448.2318	-0.6139	52461.0277	0
1942	3	-448.2327	-0.6139	52461.0299	0
1943	3	-448.2247	-0.6139	52461.0372	0
1944	3	-448.2276	-0.6139	52461.0399	0
1945	3	-448.2316	-0.6139	52461.0343	0
1946	3	-448.2281	-0.6139	52461.0321	0
1947	3	-448.2240	-0.6139	52461.0377	0
1948	3	-448.2264	-0.6139	52461.0398	0
1949	3	-448.2266	-0.6139	52461.0405	0
1950	3	-448.2239	-0.6139	52461.0473	0
1951	3	-448.2225	-0.6139	52461.0498	0
1952	3	-448.2159	-0.6139	52461.0573	0
1953	3	-448.2137	-0.6139	52461.0600	0
1954	3	-448.2087	-0.6139	52461.0610	0
1955	3	-448.2096	-0.6139	52461.0612	0
1956	3	-448.2115	-0.6139	52461.0612	0
1957	3	-448.2075	-0.6139	52461.0677	0
1958	3	-448.2070	-0.6139	52461.0767	0
1959	3	-448.2152	-0.6139	52461.0800	0
1960	3	-448.2168	-0.6139	52461.0877	0
1961	3	-448.2236	-0.6139	52461.0905	0
1962	3	-448.2282	-0.6139	52461.0914	0
1963	3	-448.2297	-0.6139	52461.0916	0
1964	3	-448.2299	-0.6139	52461.0916	0
1965	3	-448.2286	-0.6139	52461.0980	0
1966	3	-448.2228	-0.6139	52461.1004	0
1967	3	-448.2241	-0.6139	52461.0879	0
1968	3	-448.2184	-0.6139	52461.0831	0
1969	3	-448.2162	-0.6139	52461.0813	0
1970	3	-448.2034	-0.6139	52461.0871	0
1971	3	-448.2052	-0.6139	52461.0760	0
1972	3	-448.2049	-0.6139	52461.0785	0
1973	3	-448.2009	-0.6139	52461.0861	0
1974	3	-448.2033	-0.6139	52461.0823	0
1975	3	-448.2046	-0.6139	52461.0875	0
1976	3	-448.2061	-0.6139	52461.0894	0
1977	3	-448.2106	-0.6139	52461.0901	0
1978	3	-448.2178	-0.6139	52461.0903	0
1979	3	-448.2242	-0.6139	52461.0970	0
1980	3	-448.2200	-0.6139	52461.1061	0
1981	3	-448.2233	-0.6139	52461.1028	0
1982	3	-448.2268	-0.6139	52461.1015	0
1983	3	-448.2244	-0.6139	52461.1010	0
1984	3	-448.2259	-0.6139	52461.1007	0
1985	3	-448.2133	-0.6139	52461.1006	0
1986	3	-448.2058	-0.6139	52461.1005	0
1987	3	-448.1961	-0.6139	52461.0938	0
1988	3	-448.1843	-0.6139	52461.0913	0
1989	3	-448.1727	-0.6139	52461.0969	0
1990	3	-448.1600	-0.6139	52461.0991	0
1991	3	-448.1606	-0.6139	52461.0999	0
1992	3	-448.1655	-0.6139	52461.1002	0
1993	3	-448.1619	-0.6139	52461.0937	0
1994	3	-448.1625	-0.6139	52461.0911	0
1995	3	-448.1667	-0.6139	52461.0902	0
1996	3	-448.1619	-0.6139	52461.0964	0
1997	3	-448.1590	-0.6139	52461.1054	0
1998	3	-448.1622	-0.6139	52461.1022	0
1999	3	-448.1674	-0.6139	52461.1010	0
2000	3	-448.1669	-0.6139	52461.1071	0
2001	3	-448.1623	-0.6139	52461.1160	0
2002	3	-448.1676	-0.6139	52461.1193	0
2003	3	-448.1692	-0.6139	52461.1271	0
2004	3	-448.1704	-0.6139	52461.1299	0
2005	3	-448.1576	-0.6139	52461.1309	0
2006	3	-448.1507	-0.6139	52461.1312	0
2007	3	-448.1380	-0.6139	52461.1378	0
2008	3	-448.1290	-0.6139	52461.1467	0
2009	3	-448.1170	-0.6139	52461.1501	0
2010	3	-448.1127	-0.6139	52461.1512	0
2011	3	-448.1027	-0.6139	52461.1515	0
2012	3	-448.0963	-0.6139	52461.1581	0
2013	3	-448.0932	-0.6139	52461.1605	0
2014	3	-448.0960	-0.6139	52461.1612	0
2015	3	-448.0964	-0.6139	52461.1680	0
2016	3	-448.1023	-0.6139	52461.1639	0
2017	3	-448.1036	-0.6139	52461.1687	0
2018	3	-448.1046	-0.6139	52461.1771	0
2019	3	-448.1071	-0.6139	52461.1802	0
2020	3	-448.1037	-0.6139	52461.1878	0
2021	3	-448.1027	-0.6139	52461.1905	0
2022	3	-448.1003	-0.6139	52461.1980	0
2023	3	-448.0985	-0.6139	52461.2007	0
2024	3	-448.0860	-0.6139	52461.2016	0
2025	3	-448.0778	-0.6139	52461.1952	0
2026	3	-448.0718	-0.6139	52461.1926	0
2027	3	-448.0717	-0.6139	52461.1916	0
2028	3	-448.0681	-0.6139	52461.1977	0
2029	3	-448.0681	-0.6139	52461.1999	0
2030	3	-448.0711	-0.6139	52461.2073	0
2031	3	-448.0832	-0.6139	52461.2100	0
2032	3	-448.0862	-0.6139	52461.2109	0
2033	3	-448.0868	-0.6139	52461.2112	0
2034	3	-448.0921	-0.6139	52461.2112	0
2035	3	-448.0899	-0.6139	52461.2177	0
2036	3	-448.0829	-0.6139	52461.2201	0
2037	3	-448.0737	-0.6139	52461.2275	0
2038	3	-448.0747	-0.6139	52461.2368	0
2039	3	-448.0793	-0.6139	52461.2402	0
2040	3	-448.0602	-0.6139	52461.2414	0
2041	3	-448.0507	-0.6139	52461.2416	0
2042	3	-448.0378	-0.6139	52461.2416	0
2043	3	-448.0270	-0.6139	52461.2415	0
2044	3	-448.0232	-0.6139	52461.2479	0
2045	3	-448.0243	-0.6139	52461.2503	0
2046	3	-448.0269	-0.6139	52461.2511	0
2047	3	-448.0246	-0.6139	52461.2513	0
2048	3	-448.0212	-0.6139	52461.2578	0
2049	3	-448.0219	-0.6139	52461.2602	0
2050	3	-448.0249	-0.6139	52461.2610	0
2051	3	-448.0235	-0.6139	52461.2612	0
2052	3	-448.0237	-0.6139	52461.2678	0
2053	3	-448.0214	-0.6139	52461.2702	0
2054	3	-448.0143	-0.6139	52461.2710	0
2055	3	-448.0084	-0.6139	52461.2646	0
2056	3	-448.0081	-0.6139	52461.2687	0
2057	3	-448.0035	-0.6139	52461.2636	0
2058	3	-447.9961	-0.6139	52461.2616	0
2059	3	-447.9863	-0.6139	52461.2608	0
2060	3	-447.9792	-0.6139	52461.2671	0
2061	3	-447.9738	-0.6139	52461.2694	0
2062	3	-447.9737	-0.6139	52461.2703	0
2063	3	-447.9793	-0.6139	52461.2639	0
2064	3	-447.9737	-0.6139	52461.2615	0
2065	3	-447.9726	-0.6139	52461.2671	0
2066	3	-447.9728	-0.6139	52461.2693	0
2067	3	-447.9709	-0.6139	52461.2700	0
2068	3	-447.9684	-0.6139	52461.2703	0
2069	3	-447.9755	-0.6139	52461.2637	0
2070	3	-447.9721	-0.6139	52461.2678	0
2071	3	-447.9782	-0.6139	52461.2628	0
2072	3	-447.9807	-0.6139	52461.2609	0
2073	3	-447.9832	-0.6139	52461.2667	0
2074	3	-447.9821	-0.6139	52461.2690	0
2075	3	-447.9829	-0.6139	52461.2765	0
2076	3	-447.9830	-0.6139	52461.2793	0
2077	3	-447.9832	-0.6139	52461.2802	0
2078	3	-447.9812	-0.6139	52461.2806	0
2079	3	-447.9817	-0.6139	52461.2806	0
2080	3	-447.9850	-0.6139	52461.2740	0
2081	3	-447.9880	-0.6139	52461.2714	0
2082	3	-447.9917	-0.6139	52461.2705	0
2083	3	-447.9932	-0.6139	52461.2701	0
2084	3	-447.9930	-0.6139	52461.2700	0
2085	3	-447.9978	-0.6139	52461.2633	0
2086	3	-448.0081	-0.6139	52461.2608	0
2087	3	-448.0160	-0.6139	52461.2599	0
2088	3	-448.0181	-0.6139	52461.2596	0
2089	3	-448.0191	-0.6139	52461.2595	0
2090	3	-448.0192	-0.6139	52461.2595	0
2091	3	-448.0243	-0.6139	52461.2596	0
2092	3	-448.0252	-0.6139	52461.2596	0
2093	3	-448.0065	-0.6139	52461.2531	0
2094	3	-448.0003	-0.6139	52461.2506	0
2095	3	-447.9991	-0.6139	52461.2497	0
2096	3	-447.9987	-0.6139	52461.2495	0
2097	3	-447.9990	-0.6139	52461.2561	0
2098	3	-448.0053	-0.6139	52461.2652	0
2099	3	-448.0069	-0.6139	52461.2621	0
2100	3	-448.0024	-0.6139	52461.2542	0
2101	3	-447.9977	-0.6139	52461.2578	0
2102	3	-447.9966	-0.6139	52461.2592	0
2103	3	-447.9867	-0.6139	52461.2664	0
2104	3	-447.9880	-0.6139	52461.2558	0
2105	3	-447.9855	-0.6139	52461.2584	0
2106	3	-447.9810	-0.6139	52461.2594	0
2107	3	-447.9721	-0.6139	52461.2598	0
2108	3	-447.9708	-0.6139	52461.2600	0
2109	3	-447.9700	-0.6139	52461.2666	0
2110	3	-447.9794	-0.6139	52461.2625	0
2111	3	-447.9803	-0.6139	52461.2675	0
2112	3	-447.9821	-0.6139	52461.2562	0
2113	3	-447.9831	-0.6139	52461.2520	0
2114	3	-447.9748	-0.6139	52461.2504	0
2115	3	-447.9680	-0.6139	52461.2498	0
2116	3	-447.9547	-0.6139	52461.2562	0
2117	3	-447.9525	-0.6139	52461.2653	0
2118	3	-447.9612	-0.6139	52461.2621	0
2119	3	-447.9573	-0.6139	52461.2542	0
2120	3	-447.9486	-0.6139	52461.2446	0
2128	3	-447.9527	-0.6139	52461.2488	0
2129	3	-447.9452	-0.6139	52461.2494	0
2130	3	-447.9318	-0.6139	52461.2496	0
2131	3	-447.9269	-0.6139	52461.2497	0
2132	3	-447.9232	-0.6139	52461.2497	0
2133	3	-447.9177	-0.6139	52461.2498	0
2134	3	-447.9230	-0.6139	52461.2365	0
2135	3	-447.9217	-0.6139	52461.2250	0
2136	3	-447.9282	-0.6139	52461.2207	0
2137	3	-447.9302	-0.6139	52461.2192	0
2138	3	-447.9248	-0.6139	52461.2187	0
2139	3	-447.9237	-0.6139	52461.2187	0
2140	3	-447.9261	-0.6139	52461.2121	0
2141	3	-447.9245	-0.6139	52461.2098	0
2142	3	-447.9219	-0.6139	52461.2090	0
2143	3	-447.9212	-0.6139	52461.2088	0
2144	3	-447.9202	-0.6139	52461.2022	0
2145	3	-447.9177	-0.6139	52461.1998	0
2146	3	-447.9095	-0.6139	52461.1990	0
2147	3	-447.9155	-0.6139	52461.1922	0
2148	3	-447.9125	-0.6139	52461.1897	0
2149	3	-447.9158	-0.6139	52461.1889	0
2150	3	-447.9141	-0.6139	52461.1821	0
2151	3	-447.9132	-0.6139	52461.1796	0
2152	3	-447.9131	-0.6139	52461.1788	0
2153	3	-447.9132	-0.6139	52461.1720	0
2154	3	-447.9156	-0.6139	52461.1696	0
2155	3	-447.9164	-0.6139	52461.1688	0
2156	3	-447.9145	-0.6139	52461.1686	0
2157	3	-447.9161	-0.6139	52461.1620	0
2158	3	-447.9167	-0.6139	52461.1596	0
2159	3	-447.9190	-0.6139	52461.1589	0
2160	3	-447.9196	-0.6139	52461.1587	0
2161	3	-447.9196	-0.6139	52461.1587	0
2162	3	-447.9193	-0.6139	52461.1588	0
2163	3	-447.9159	-0.6139	52461.1589	0
2164	3	-447.9142	-0.6139	52461.1591	0
2165	3	-447.9152	-0.6139	52461.1592	0
2166	3	-447.9150	-0.6139	52461.1593	0
2167	3	-447.9144	-0.6139	52461.1593	0
2168	3	-447.9115	-0.6139	52461.1594	0
2169	3	-447.9123	-0.6139	52461.1595	0
2170	3	-447.9110	-0.6139	52461.1596	0
2171	3	-447.9151	-0.6139	52461.1530	0
2172	3	-447.9166	-0.6139	52461.1506	0
2173	3	-447.9205	-0.6139	52461.1497	0
2174	3	-447.9216	-0.6139	52461.1494	0
2175	3	-447.9216	-0.6139	52461.1494	0
2176	3	-447.9234	-0.6139	52461.1494	0
2177	3	-447.9327	-0.6139	52461.1494	0
2178	3	-447.9391	-0.6139	52461.1495	0
2179	3	-447.9420	-0.6139	52461.1430	0
2180	3	-447.9343	-0.6139	52461.1471	0
2181	3	-447.9212	-0.6139	52461.1554	0
2182	3	-447.9085	-0.6139	52461.1519	0
2183	3	-447.8925	-0.6139	52461.1505	0
2184	3	-447.8824	-0.6139	52461.1501	0
2185	3	-447.8709	-0.6139	52461.1499	0
2186	3	-447.8625	-0.6139	52461.1498	0
2187	3	-447.8549	-0.6139	52461.1564	0
2188	3	-447.8427	-0.6139	52461.1589	0
2189	3	-447.8295	-0.6139	52461.1599	0
2190	3	-447.8151	-0.6139	52461.1602	0
2191	3	-447.8021	-0.6139	52461.1603	0
2192	3	-447.7900	-0.6139	52461.1603	0
2193	3	-447.7748	-0.6139	52461.1603	0
2194	3	-447.7727	-0.6139	52461.1602	0
2195	3	-447.7660	-0.6139	52461.1602	0
2196	3	-447.7617	-0.6139	52461.1602	0
2197	3	-447.7625	-0.6139	52461.1602	0
2198	3	-447.7554	-0.6139	52461.1601	0
2199	3	-447.7556	-0.6139	52461.1601	0
2200	3	-447.7675	-0.6139	52461.1667	0
2201	3	-447.7880	-0.6139	52461.1626	0
2202	3	-447.8057	-0.6139	52461.1610	0
2203	3	-447.8196	-0.6139	52461.1604	0
2204	3	-447.8396	-0.6139	52461.1602	0
2205	3	-447.8488	-0.6139	52461.1601	0
2206	3	-447.8294	-0.6139	52461.1600	0
2207	3	-447.8074	-0.6139	52461.1600	0
2208	3	-447.8064	-0.6139	52461.1600	0
2209	3	-447.8111	-0.6139	52461.1600	0
2210	3	-447.8141	-0.6139	52461.1600	0
2211	3	-447.8204	-0.6139	52461.1600	0
2212	3	-447.8302	-0.6139	52461.1534	0
2213	3	-447.8333	-0.6139	52461.1509	0
2214	3	-447.8360	-0.6139	52461.1566	0
2215	3	-447.8449	-0.6139	52461.1588	0
2216	3	-447.8516	-0.6139	52461.1530	0
2217	3	-447.8404	-0.6139	52461.1442	0
2218	3	-447.8368	-0.6139	52461.1409	0
2219	3	-447.8412	-0.6139	52461.1398	0
2220	3	-447.8495	-0.6139	52461.1394	0
2221	3	-447.8590	-0.6139	52461.1393	0
2222	3	-447.8593	-0.6139	52461.1393	0
2223	3	-447.8533	-0.6139	52461.1328	0
2224	3	-447.8546	-0.6139	52461.1303	0
2225	3	-447.8665	-0.6139	52461.1295	0
2226	3	-447.8822	-0.6139	52461.1359	0
2227	3	-447.9023	-0.6139	52461.1317	0
2228	3	-447.9180	-0.6139	52461.1236	0
2229	3	-447.9192	-0.6139	52461.1206	0
2230	3	-447.9099	-0.6139	52461.1195	0
2231	3	-447.9168	-0.6139	52461.1258	0
2232	3	-447.9362	-0.6139	52461.1282	0
2233	3	-447.9465	-0.6139	52461.1292	0
2234	3	-447.9632	-0.6139	52461.1296	0
2235	3	-447.9962	-0.6139	52461.1165	0
2236	3	-448.0301	-0.6139	52461.1182	0
2237	3	-448.0549	-0.6139	52461.1189	0
2238	3	-448.0749	-0.6139	52461.1192	0
2239	3	-448.0915	-0.6139	52461.1194	0
2240	3	-448.1104	-0.6139	52461.1261	0
2241	3	-448.1143	-0.6139	52461.1154	0
2242	3	-448.1125	-0.6139	52461.1048	0
2243	3	-448.1144	-0.6139	52461.1075	0
2244	3	-448.1137	-0.6139	52461.1151	0
2245	3	-448.1221	-0.6139	52461.1115	0
2246	3	-448.1275	-0.6139	52461.1036	0
2247	3	-448.1386	-0.6139	52461.1072	0
2248	3	-448.1506	-0.6139	52461.1087	0
2249	3	-448.1585	-0.6139	52461.1093	0
2250	3	-448.1627	-0.6139	52461.1028	0
2251	3	-448.1672	-0.6139	52461.1005	0
2252	3	-448.1484	-0.6139	52461.1063	0
2253	3	-448.1424	-0.6139	52461.1018	0
2254	3	-448.1435	-0.6139	52461.1003	0
2255	3	-448.1548	-0.6139	52461.0997	0
2256	3	-448.1604	-0.6139	52461.0929	0
2257	3	-448.1582	-0.6139	52461.0904	0
2258	3	-448.1719	-0.6139	52461.0829	0
2259	3	-448.1864	-0.6139	52461.0735	0
2260	3	-448.1892	-0.6139	52461.0701	0
2261	3	-448.1914	-0.6139	52461.0755	0
2262	3	-448.1901	-0.6139	52461.0711	0
2263	3	-448.1942	-0.6139	52461.0695	0
2264	3	-448.1948	-0.6139	52461.0690	0
2265	3	-448.1939	-0.6139	52461.0689	0
2266	3	-448.1925	-0.6139	52461.0689	0
2267	3	-448.1887	-0.6139	52461.0756	0
2268	3	-448.1864	-0.6139	52461.0716	0
2269	3	-448.1780	-0.6139	52461.0701	0
2270	3	-448.1751	-0.6139	52461.0563	0
2271	3	-448.1832	-0.6139	52461.0512	0
2272	3	-448.1787	-0.6139	52461.0560	0
2273	3	-448.1802	-0.6139	52461.0579	0
2274	3	-448.1808	-0.6139	52461.0587	0
2275	3	-448.1961	-0.6139	52461.0591	0
2276	3	-448.2048	-0.6139	52461.0527	0
2277	3	-448.2151	-0.6139	52461.0437	0
2278	3	-448.2132	-0.6139	52461.0470	0
2279	3	-448.2227	-0.6139	52461.0483	0
2280	3	-448.2148	-0.6139	52461.0555	0
2281	3	-448.2024	-0.6139	52461.0516	0
2282	3	-448.1998	-0.6139	52461.0502	0
2283	3	-448.1977	-0.6139	52461.0497	0
2284	3	-448.1951	-0.6139	52461.0496	0
2285	3	-448.1985	-0.6139	52461.0429	0
2286	3	-448.2004	-0.6139	52461.0405	0
2287	3	-448.2110	-0.6139	52461.0330	0
2288	3	-448.2233	-0.6139	52461.0171	0
2289	3	-448.2270	-0.6139	52461.0177	0
2298	3	-448.2208	-0.6139	52461.0089	0
2299	3	-448.2236	-0.6139	52461.0091	0
2300	3	-448.2325	-0.6139	52461.0091	0
2301	3	-448.2394	-0.6139	52461.0091	0
2302	3	-448.2895	-0.6139	52460.9429	0
2303	3	-448.3113	-0.6139	52460.9120	0
2304	3	-448.3185	-0.6139	52460.9002	0
2305	3	-448.3221	-0.6139	52460.8831	0
2306	3	-448.3352	-0.6139	52460.8442	0
2307	3	-448.3367	-0.6139	52460.8363	0
2308	3	-448.3240	-0.6139	52460.8666	0
2309	3	-448.2800	-0.6139	52460.9517	0
2310	3	-448.2695	-0.6139	52460.9847	0
2311	3	-448.2698	-0.6139	52461.0032	0
2312	3	-448.2824	-0.6139	52461.0029	0
2313	3	-448.2853	-0.6139	52461.0027	0
2314	3	-448.2870	-0.6139	52461.0023	0
2315	3	-448.2924	-0.6139	52460.9887	0
2316	3	-448.3407	-0.6139	52460.8971	0
2317	3	-448.3499	-0.6139	52460.8638	0
2318	3	-448.3787	-0.6139	52460.8059	0
2319	3	-448.3826	-0.6139	52460.7835	0
2320	3	-448.3725	-0.6139	52460.7820	0
2321	3	-448.3461	-0.6139	52460.8762	0
2322	3	-448.3424	-0.6139	52460.9239	0
2323	3	-448.3480	-0.6139	52460.9419	0
2324	3	-448.3486	-0.6139	52460.9484	0
2325	3	-448.3469	-0.6139	52460.9508	0
2326	3	-448.3359	-0.6139	52460.9448	0
2327	3	-448.3431	-0.6139	52460.9292	0
2328	3	-448.3675	-0.6139	52460.8776	0
2329	3	-448.3709	-0.6139	52460.8837	0
2330	3	-448.3654	-0.6139	52460.8995	0
2331	3	-448.3436	-0.6139	52460.9256	0
2332	3	-448.3278	-0.6139	52460.9221	0
2333	3	-448.3161	-0.6139	52460.9208	0
2334	3	-448.3097	-0.6139	52460.9203	0
2335	3	-448.3112	-0.6139	52460.9268	0
2336	3	-448.3095	-0.6139	52460.9292	0
2337	3	-448.3119	-0.6139	52460.9234	0
2338	3	-448.3105	-0.6139	52460.9212	0
2339	3	-448.3187	-0.6139	52460.9070	0
2340	3	-448.3517	-0.6139	52460.8097	0
2341	3	-448.3696	-0.6139	52460.7603	0
2342	3	-448.3717	-0.6139	52460.7478	0
2343	3	-448.3398	-0.6139	52460.8351	0
2344	3	-448.3232	-0.6139	52460.8566	0
2345	3	-448.3163	-0.6139	52460.8645	0
2346	3	-448.3099	-0.6139	52460.8676	0
2347	3	-448.3151	-0.6139	52460.8688	0
2348	3	-448.3086	-0.6139	52460.8693	0
2349	3	-448.3104	-0.6139	52460.8695	0
2350	3	-448.3067	-0.6139	52460.8630	0
2351	3	-448.3134	-0.6139	52460.8472	0
2352	3	-448.3257	-0.6139	52460.8217	0
2353	3	-448.3275	-0.6139	52460.8384	0
2354	3	-448.3224	-0.6139	52460.8451	0
2355	3	-448.2962	-0.6139	52460.8543	0
2356	3	-448.2958	-0.6139	52460.8512	0
2357	3	-448.3048	-0.6139	52460.8434	0
2358	3	-448.3272	-0.6139	52460.8339	0
2359	3	-448.3226	-0.6139	52460.8370	0
2360	3	-448.3121	-0.6139	52460.8316	0
2361	3	-448.3017	-0.6139	52460.8230	0
2362	3	-448.2970	-0.6139	52460.8266	0
2363	3	-448.3037	-0.6139	52460.8214	0
2364	3	-448.3077	-0.6139	52460.8196	0
2365	3	-448.3093	-0.6139	52460.7992	0
2366	3	-448.2947	-0.6139	52460.7916	0
2367	3	-448.2992	-0.6139	52460.7690	0
2368	3	-448.2914	-0.6139	52460.7803	0
2369	3	-448.2872	-0.6139	52460.7851	0
2370	3	-448.2894	-0.6139	52460.7804	0
2371	3	-448.2873	-0.6139	52460.7788	0
2372	3	-448.2926	-0.6139	52460.7651	0
2373	3	-448.2979	-0.6139	52460.7535	0
2374	3	-448.3035	-0.6139	52460.7493	0
2375	3	-448.3033	-0.6139	52460.7545	0
2376	3	-448.2887	-0.6139	52460.7567	0
2377	3	-448.2784	-0.6139	52460.7577	0
2378	3	-448.2701	-0.6139	52460.7648	0
2379	3	-448.2705	-0.6139	52460.7676	0
2380	3	-448.2760	-0.6139	52460.7621	0
2381	3	-448.2763	-0.6139	52460.7601	0
2382	3	-448.2689	-0.6139	52460.7594	0
2383	3	-448.2607	-0.6139	52460.7592	0
2384	3	-448.2572	-0.6139	52460.7459	0
2385	3	-448.2537	-0.6139	52460.7476	0
2386	3	-448.2449	-0.6139	52460.7484	0
2387	3	-448.2316	-0.6139	52460.7421	0
2388	3	-448.2139	-0.6139	52460.7399	0
2389	3	-448.2088	-0.6139	52460.7325	0
2390	3	-448.2054	-0.6139	52460.7298	0
2391	3	-448.2046	-0.6139	52460.7289	0
2392	3	-448.1889	-0.6139	52460.7353	0
2393	3	-448.1812	-0.6139	52460.7312	0
2394	3	-448.1794	-0.6139	52460.7231	0
2395	3	-448.1695	-0.6139	52460.7201	0
2396	3	-448.1610	-0.6139	52460.7125	0
2397	3	-448.1539	-0.6139	52460.7097	0
2398	3	-448.1427	-0.6139	52460.7022	0
2399	3	-448.1226	-0.6139	52460.7060	0
2400	3	-448.1097	-0.6139	52460.7011	0
2401	3	-448.0982	-0.6139	52460.6993	0
2402	3	-448.0870	-0.6139	52460.6988	0
2403	3	-448.0815	-0.6139	52460.6987	0
2404	3	-448.0700	-0.6139	52460.6987	0
2405	3	-448.0617	-0.6139	52460.6922	0
2406	3	-448.0564	-0.6139	52460.6899	0
2407	3	-448.0533	-0.6139	52460.6692	0
2408	3	-448.0492	-0.6139	52460.6616	0
2409	3	-448.0411	-0.6139	52460.6655	0
2410	3	-448.0302	-0.6139	52460.6671	0
2411	3	-448.0192	-0.6139	52460.6679	0
2412	3	-448.0097	-0.6139	52460.6617	0
2413	3	-448.0045	-0.6139	52460.6528	0
2414	3	-447.9897	-0.6139	52460.6365	0
2415	3	-447.9834	-0.6139	52460.6304	0
2416	3	-447.9763	-0.6139	52460.6283	0
2417	3	-447.9690	-0.6139	52460.6277	0
2418	3	-447.9686	-0.6139	52460.6211	0
2419	3	-447.9739	-0.6139	52460.6121	0
2420	3	-447.9732	-0.6139	52460.6090	0
2421	3	-447.9747	-0.6139	52460.6080	0
2422	3	-447.9716	-0.6139	52460.6078	0
2423	3	-447.9651	-0.6139	52460.6079	0
2424	3	-447.9608	-0.6139	52460.6080	0
2425	3	-447.9521	-0.6139	52460.6082	0
2426	3	-447.9426	-0.6139	52460.6085	0
2427	3	-447.9351	-0.6139	52460.6020	0
2428	3	-447.9284	-0.6139	52460.5997	0
2429	3	-447.9334	-0.6139	52460.5989	0
2430	3	-447.9279	-0.6139	52460.5988	0
2431	3	-447.9301	-0.6139	52460.5922	0
2432	3	-447.9286	-0.6139	52460.5831	0
2433	3	-447.9348	-0.6139	52460.5799	0
2434	3	-447.9376	-0.6139	52460.5788	0
2435	3	-447.9426	-0.6139	52460.5785	0
2436	3	-447.9399	-0.6139	52460.5785	0
2437	3	-447.9389	-0.6139	52460.5853	0
2438	3	-447.9267	-0.6139	52460.5879	0
2439	3	-447.9221	-0.6139	52460.5823	0
2440	3	-447.9163	-0.6139	52460.5736	0
2441	3	-447.9156	-0.6139	52460.5770	0
2442	3	-447.9150	-0.6139	52460.5718	0
2443	3	-447.9158	-0.6139	52460.5765	0
2444	3	-447.9171	-0.6139	52460.5784	0
2445	3	-447.9212	-0.6139	52460.5725	0
2446	3	-447.9192	-0.6139	52460.5769	0
2447	3	-447.9217	-0.6139	52460.5720	0
2448	3	-447.9500	-0.6139	52460.4974	0
2449	3	-447.9417	-0.6139	52460.4955	0
2450	3	-447.9261	-0.6139	52460.5278	0
2451	3	-447.9141	-0.6139	52460.5343	0
2452	3	-447.9074	-0.6139	52460.4970	0
2453	3	-447.8941	-0.6139	52460.4770	0
2454	3	-447.8826	-0.6139	52460.4889	0
2455	3	-447.8643	-0.6139	52460.5401	0
2456	3	-447.8583	-0.6139	52460.5533	0
2457	3	-447.8639	-0.6139	52460.5647	0
2458	3	-447.8574	-0.6139	52460.5623	0
2459	3	-447.8678	-0.6139	52460.5613	0
2460	3	-447.8616	-0.6139	52460.5542	0
2461	3	-447.8627	-0.6139	52460.5448	0
2462	3	-447.8663	-0.6139	52460.5413	0
2463	3	-447.8528	-0.6139	52460.5534	0
2464	3	-447.8408	-0.6139	52460.5579	0
2465	3	-447.8218	-0.6139	52460.5529	0
2466	3	-447.8045	-0.6139	52460.5377	0
2467	3	-447.7831	-0.6139	52460.5320	0
2468	3	-447.7651	-0.6139	52460.5300	0
2469	3	-447.7613	-0.6139	52460.5293	0
2470	3	-447.7499	-0.6139	52460.5225	0
2471	3	-447.7429	-0.6139	52460.5134	0
2472	3	-447.7214	-0.6139	52460.5166	0
2473	3	-447.7050	-0.6139	52460.5113	0
2474	3	-447.6983	-0.6139	52460.4962	0
2475	3	-447.6758	-0.6139	52460.4972	0
2476	3	-447.6550	-0.6139	52460.4978	0
2477	3	-447.6391	-0.6139	52460.5048	0
2478	3	-447.6211	-0.6139	52460.4943	0
2479	3	-447.5964	-0.6139	52460.4904	0
2480	3	-447.5753	-0.6139	52460.4957	0
