284	33	-465.8954	0	52448.4532	0
285	33	-465.8955	0	52448.4523	0
286	33	-465.8953	0	52448.4523	0
287	33	-465.8947	0	52448.4518	0
288	33	-465.8948	0	52448.4498	0
289	33	-465.8959	0	52448.4457	0
290	33	-465.8967	0	52448.4433	0
291	33	-465.8974	0	52448.4416	0
292	33	-465.8974	0	52448.4418	0
293	33	-465.8974	0	52448.4429	0
294	33	-465.8974	0	52448.4425	0
295	33	-465.8978	0	52448.4400	0
296	33	-465.8984	0	52448.4367	0
297	33	-465.8973	0	52448.4397	0
298	33	-465.8969	0	52448.4389	0
299	33	-465.8975	0	52448.4356	0
301	33	-465.8961	0	52448.4369	0
302	33	-465.8956	0	52448.4381	0
303	33	-465.8949	0	52448.4394	0
304	33	-465.8943	0	52448.4397	0
305	33	-465.8939	0	52448.4392	0
306	33	-465.8925	0	52448.4413	0
307	33	-465.8909	0	52448.4437	0
308	33	-465.8892	0	52448.4465	0
309	33	-465.8898	0	52448.4430	0
310	33	-465.8910	0	52448.4378	0
312	33	-465.8917	0	52448.4330	0
319	33	-465.8876	0	52448.4331	0
