16	342	-465.7076	0	52448.0839	0
18	342	-465.7078	0	52448.0850	0
19	342	-465.7075	0	52448.0841	0
20	342	-465.7078	0	52448.0837	0
21	342	-465.7078	0	52448.0847	0
25	342	-465.7076	0	52448.0851	0
26	342	-465.7077	0	52448.0852	0
27	342	-465.7079	0	52448.0862	0
28	342	-465.7083	0	52448.0875	0
29	342	-465.7084	0	52448.0869	0
30	342	-465.7083	0	52448.0867	0
31	342	-465.7083	0	52448.0856	0
32	342	-465.7083	0	52448.0852	0
33	342	-465.7086	0	52448.0849	0
36	342	-465.7086	0	52448.0849	0
37	342	-465.7083	0	52448.0850	0
38	342	-465.7083	0	52448.0861	0
67	342	-465.7096	0	52448.0968	0
68	342	-465.7096	0	52448.0970	0
69	342	-465.7095	0	52448.0970	0
70	342	-465.7095	0	52448.0971	0
71	342	-465.7095	0	52448.0980	0
72	342	-465.7096	0	52448.0984	0
73	342	-465.7095	0	52448.0985	0
74	342	-465.7093	0	52448.0986	0
75	342	-465.7091	0	52448.0977	0
80	342	-465.7097	0	52448.0983	0
81	342	-465.7098	0	52448.0993	0
