309	36	-465.8499	0	52448.5771	0
310	36	-465.8492	0	52448.5773	0
311	36	-465.8478	0	52448.5781	0
312	36	-465.8454	0	52448.5822	0
313	36	-465.8429	0	52448.5872	0
314	36	-465.8391	0	52448.5945	0
315	36	-465.8347	0	52448.5999	0
316	36	-465.8326	0	52448.5994	0
317	36	-465.8318	0	52448.5967	0
318	36	-465.8313	0	52448.5923	0
319	36	-465.8310	0	52448.5878	0
320	36	-465.8303	0	52448.5857	0
321	36	-465.8278	0	52448.5869	0
322	36	-465.8267	0	52448.5864	0
323	36	-465.8268	0	52448.5829	0
324	36	-465.8266	0	52448.5802	0
325	36	-465.8259	0	52448.5790	0
326	36	-465.8249	0	52448.5785	0
327	36	-465.8243	0	52448.5781	0
328	36	-465.8242	0	52448.5767	0
329	36	-465.8243	0	52448.5737	0
330	36	-465.8248	0	52448.5711	0
331	36	-465.8253	0	52448.5692	0
332	36	-465.8253	0	52448.5685	0
333	36	-465.8254	0	52448.5680	0
334	36	-465.8257	0	52448.5661	0
335	36	-465.8258	0	52448.5642	0
336	36	-465.8261	0	52448.5629	0
337	36	-465.8260	0	52448.5623	0
338	36	-465.8258	0	52448.5618	0
339	36	-465.8259	0	52448.5608	0
340	36	-465.8264	0	52448.5579	0
341	36	-465.8269	0	52448.5549	0
342	36	-465.8271	0	52448.5532	0
343	36	-465.8269	0	52448.5521	0
344	36	-465.8268	0	52448.5508	0
345	36	-465.8264	0	52448.5492	0
346	36	-465.8261	0	52448.5472	0
347	36	-465.8260	0	52448.5450	0
348	36	-465.8257	0	52448.5437	0
349	36	-465.8253	0	52448.5435	0
350	36	-465.8252	0	52448.5411	0
351	36	-465.8250	0	52448.5381	0
352	36	-465.8248	0	52448.5361	0
353	36	-465.8242	0	52448.5355	0
354	36	-465.8237	0	52448.5350	0
355	36	-465.8230	0	52448.5338	0
356	36	-465.8226	0	52448.5302	0
357	36	-465.8222	0	52448.5274	0
358	36	-465.8216	0	52448.5266	0
359	36	-465.8212	0	52448.5266	0
360	36	-465.8207	0	52448.5252	0
361	36	-465.8205	0	52448.5229	0
362	36	-465.8201	0	52448.5209	0
363	36	-465.8195	0	52448.5199	0
364	36	-465.8188	0	52448.5197	0
365	36	-465.8182	0	52448.5192	0
366	36	-465.8179	0	52448.5175	0
367	36	-465.8176	0	52448.5142	0
368	36	-465.8174	0	52448.5115	0
369	36	-465.8169	0	52448.5109	0
370	36	-465.8163	0	52448.5103	0
371	36	-465.8158	0	52448.5087	0
372	36	-465.8156	0	52448.5064	0
373	36	-465.8154	0	52448.5039	0
374	36	-465.8149	0	52448.5012	0
375	36	-465.8146	0	52448.5012	0
376	36	-465.8142	0	52448.5002	0
377	36	-465.8138	0	52448.4976	0
378	36	-465.8137	0	52448.4958	0
379	36	-465.8134	0	52448.4952	0
380	36	-465.8131	0	52448.4946	0
381	36	-465.8129	0	52448.4938	0
382	36	-465.8126	0	52448.4914	0
383	36	-465.8126	0	52448.4894	0
384	36	-465.8122	0	52448.4885	0
385	36	-465.8117	0	52448.4883	0
386	36	-465.8114	0	52448.4885	0
387	36	-465.8115	0	52448.4852	0
388	36	-465.8114	0	52448.4823	0
389	36	-465.8112	0	52448.4803	0
390	36	-465.8109	0	52448.4791	0
391	36	-465.8107	0	52448.4790	0
392	36	-465.8104	0	52448.4786	0
393	36	-465.8103	0	52448.4756	0
394	36	-465.8099	0	52448.4754	0
395	36	-465.8096	0	52448.4744	0
396	36	-465.8094	0	52448.4738	0
397	36	-465.8092	0	52448.4732	0
398	36	-465.8090	0	52448.4704	0
399	36	-465.8089	0	52448.4678	0
400	36	-465.8088	0	52448.4661	0
401	36	-465.8086	0	52448.4655	0
402	36	-465.8083	0	52448.4654	0
403	36	-465.8082	0	52448.4638	0
404	36	-465.8080	0	52448.4611	0
405	36	-465.8080	0	52448.4595	0
406	36	-465.8080	0	52448.4587	0
407	36	-465.8078	0	52448.4585	0
408	36	-465.8078	0	52448.4577	0
409	36	-465.8075	0	52448.4552	0
410	36	-465.8076	0	52448.4528	0
411	36	-465.8073	0	52448.4523	0
412	36	-465.8071	0	52448.4519	0
413	36	-465.8068	0	52448.4516	0
414	36	-465.8069	0	52448.4498	0
415	36	-465.8070	0	52448.4477	0
416	36	-465.8071	0	52448.4463	0
417	36	-465.8069	0	52448.4459	0
418	36	-465.8068	0	52448.4449	0
419	36	-465.8066	0	52448.4437	0
420	36	-465.8066	0	52448.4416	0
421	36	-465.8066	0	52448.4384	0
422	36	-465.8063	0	52448.4369	0
423	36	-465.8060	0	52448.4365	0
424	36	-465.8059	0	52448.4355	0
425	36	-465.8058	0	52448.4336	0
426	36	-465.8058	0	52448.4307	0
427	36	-465.8056	0	52448.4298	0
428	36	-465.8055	0	52448.4285	0
429	36	-465.8051	0	52448.4275	0
430	36	-465.8047	0	52448.4269	0
431	36	-465.8044	0	52448.4245	0
432	36	-465.8043	0	52448.4214	0
433	36	-465.8040	0	52448.4200	0
434	36	-465.8035	0	52448.4199	0
435	36	-465.8032	0	52448.4193	0
436	36	-465.8031	0	52448.4161	0
437	36	-465.8032	0	52448.4143	0
438	36	-465.8032	0	52448.4123	0
439	36	-465.8028	0	52448.4127	0
440	36	-465.8025	0	52448.4119	0
441	36	-465.8023	0	52448.4096	0
442	36	-465.8020	0	52448.4082	0
443	36	-465.8020	0	52448.4056	0
444	36	-465.8020	0	52448.4043	0
445	36	-465.8018	0	52448.4036	0
446	36	-465.8018	0	52448.4030	0
447	36	-465.8019	0	52448.4003	0
448	36	-465.8021	0	52448.3990	0
449	36	-465.8021	0	52448.3979	0
450	36	-465.8020	0	52448.3975	0
451	36	-465.8020	0	52448.3971	0
452	36	-465.8021	0	52448.3951	0
453	36	-465.8021	0	52448.3922	0
454	36	-465.8021	0	52448.3908	0
455	36	-465.8020	0	52448.3907	0
456	36	-465.8019	0	52448.3908	0
457	36	-465.8021	0	52448.3893	0
458	36	-465.8022	0	52448.3866	0
459	36	-465.8024	0	52448.3841	0
460	36	-465.8025	0	52448.3828	0
461	36	-465.8024	0	52448.3820	0
462	36	-465.8025	0	52448.3813	0
463	36	-465.8024	0	52448.3792	0
464	36	-465.8024	0	52448.3769	0
465	36	-465.8023	0	52448.3750	0
466	36	-465.8022	0	52448.3739	0
467	36	-465.8018	0	52448.3740	0
468	36	-465.8017	0	52448.3733	0
469	36	-465.8015	0	52448.3719	0
470	36	-465.8015	0	52448.3698	0
471	36	-465.8014	0	52448.3683	0
472	36	-465.8010	0	52448.3674	0
473	36	-465.8006	0	52448.3676	0
474	36	-465.8001	0	52448.3682	0
475	36	-465.7995	0	52448.3669	0
476	36	-465.7994	0	52448.3644	0
477	36	-465.7991	0	52448.3631	0
478	36	-465.7988	0	52448.3627	0
479	36	-465.7985	0	52448.3626	0
480	36	-465.7983	0	52448.3626	0
481	36	-465.7982	0	52448.3602	0
482	36	-465.7982	0	52448.3584	0
483	36	-465.7979	0	52448.3575	0
484	36	-465.7976	0	52448.3572	0
485	36	-465.7974	0	52448.3563	0
486	36	-465.7970	0	52448.3535	0
487	36	-465.7964	0	52448.3521	0
488	36	-465.7963	0	52448.3490	0
489	36	-465.7963	0	52448.3479	0
490	36	-465.7962	0	52448.3475	0
491	36	-465.7962	0	52448.3470	0
492	36	-465.7960	0	52448.3447	0
493	36	-465.7961	0	52448.3425	0
494	36	-465.7962	0	52448.3413	0
495	36	-465.7961	0	52448.3409	0
496	36	-465.7961	0	52448.3403	0
497	36	-465.7959	0	52448.3384	0
498	36	-465.7958	0	52448.3359	0
499	36	-465.7958	0	52448.3341	0
500	36	-465.7956	0	52448.3326	0
501	36	-465.7956	0	52448.3321	0
502	36	-465.7957	0	52448.3301	0
503	36	-465.7959	0	52448.3274	0
504	36	-465.7962	0	52448.3251	0
505	36	-465.7962	0	52448.3233	0
506	36	-465.7962	0	52448.3237	0
507	36	-465.7962	0	52448.3239	0
508	36	-465.7962	0	52448.3235	0
509	36	-465.7965	0	52448.3205	0
510	36	-465.7966	0	52448.3189	0
511	36	-465.7965	0	52448.3179	0
512	36	-465.7964	0	52448.3181	0
513	36	-465.7967	0	52448.3172	0
514	36	-465.7971	0	52448.3139	0
515	36	-465.7976	0	52448.3122	0
516	36	-465.7978	0	52448.3111	0
517	36	-465.7977	0	52448.3112	0
518	36	-465.7976	0	52448.3114	0
519	36	-465.7975	0	52448.3090	0
520	36	-465.7975	0	52448.3066	0
521	36	-465.7974	0	52448.3052	0
522	36	-465.7972	0	52448.3053	0
523	36	-465.7971	0	52448.3059	0
524	36	-465.7973	0	52448.3052	0
525	36	-465.7976	0	52448.3013	0
526	36	-465.7978	0	52448.2988	0
527	36	-465.7977	0	52448.2979	0
528	36	-465.7975	0	52448.2977	0
529	36	-465.7974	0	52448.2966	0
530	36	-465.7972	0	52448.2947	0
531	36	-465.7972	0	52448.2919	0
532	36	-465.7971	0	52448.2904	0
533	36	-465.7967	0	52448.2899	0
534	36	-465.7965	0	52448.2904	0
535	36	-465.7965	0	52448.2890	0
536	36	-465.7969	0	52448.2857	0
537	36	-465.7972	0	52448.2840	0
538	36	-465.7974	0	52448.2823	0
539	36	-465.7974	0	52448.2817	0
540	36	-465.7975	0	52448.2815	0
541	36	-465.7976	0	52448.2804	0
542	36	-465.7976	0	52448.2784	0
543	36	-465.7976	0	52448.2765	0
544	36	-465.7974	0	52448.2759	0
545	36	-465.7975	0	52448.2757	0
546	36	-465.7976	0	52448.2751	0
547	36	-465.7978	0	52448.2727	0
548	36	-465.7981	0	52448.2712	0
549	36	-465.7982	0	52448.2695	0
550	36	-465.7980	0	52448.2707	0
551	36	-465.7978	0	52448.2701	0
552	36	-465.7977	0	52448.2676	0
553	36	-465.7976	0	52448.2650	0
554	36	-465.7974	0	52448.2635	0
555	36	-465.7971	0	52448.2630	0
556	36	-465.7970	0	52448.2635	0
557	36	-465.7969	0	52448.2631	0
558	36	-465.7971	0	52448.2612	0
559	36	-465.7973	0	52448.2582	0
560	36	-465.7972	0	52448.2571	0
561	36	-465.7969	0	52448.2574	0
562	36	-465.7968	0	52448.2570	0
563	36	-465.7968	0	52448.2550	0
564	36	-465.7968	0	52448.2526	0
565	36	-465.7967	0	52448.2517	0
566	36	-465.7966	0	52448.2514	0
567	36	-465.7965	0	52448.2514	0
568	36	-465.7966	0	52448.2502	0
569	36	-465.7968	0	52448.2467	0
570	36	-465.7970	0	52448.2454	0
571	36	-465.7969	0	52448.2437	0
572	36	-465.7968	0	52448.2444	0
573	36	-465.7967	0	52448.2435	0
574	36	-465.7967	0	52448.2413	0
575	36	-465.7965	0	52448.2387	0
576	36	-465.7962	0	52448.2378	0
577	36	-465.7960	0	52448.2369	0
578	36	-465.7958	0	52448.2366	0
579	36	-465.7960	0	52448.2340	0
580	36	-465.7962	0	52448.2317	0
581	36	-465.7963	0	52448.2296	0
582	36	-465.7963	0	52448.2276	0
583	36	-465.7962	0	52448.2276	0
584	36	-465.7961	0	52448.2276	0
585	36	-465.7962	0	52448.2257	0
586	36	-465.7961	0	52448.2225	0
587	36	-465.7959	0	52448.2206	0
588	36	-465.7957	0	52448.2194	0
589	36	-465.7954	0	52448.2210	0
590	36	-465.7956	0	52448.2216	0
591	36	-465.7960	0	52448.2185	0
592	36	-465.7964	0	52448.2153	0
593	36	-465.7967	0	52448.2128	0
594	36	-465.7966	0	52448.2126	0
595	36	-465.7963	0	52448.2140	0
596	36	-465.7963	0	52448.2132	0
597	36	-465.7965	0	52448.2095	0
598	36	-465.7967	0	52448.2067	0
599	36	-465.7968	0	52448.2064	0
600	36	-465.7966	0	52448.2077	0
601	36	-465.7966	0	52448.2062	0
602	36	-465.7967	0	52448.2050	0
603	36	-465.7970	0	52448.2018	0
604	36	-465.7970	0	52448.1999	0
605	36	-465.7969	0	52448.1992	0
606	36	-465.7969	0	52448.1990	0
607	36	-465.7969	0	52448.1969	0
608	36	-465.7968	0	52448.1947	0
609	36	-465.7967	0	52448.1925	0
610	36	-465.7966	0	52448.1918	0
611	36	-465.7964	0	52448.1916	0
612	36	-465.7965	0	52448.1922	0
613	36	-465.7964	0	52448.1911	0
614	36	-465.7965	0	52448.1864	0
615	36	-465.7964	0	52448.1846	0
616	36	-465.7963	0	52448.1840	0
617	36	-465.7962	0	52448.1839	0
618	36	-465.7959	0	52448.1832	0
619	36	-465.7958	0	52448.1800	0
620	36	-465.7957	0	52448.1766	0
621	36	-465.7954	0	52448.1762	0
622	36	-465.7952	0	52448.1761	0
623	36	-465.7952	0	52448.1754	0
624	36	-465.7952	0	52448.1736	0
625	36	-465.7953	0	52448.1715	0
626	36	-465.7953	0	52448.1684	0
627	36	-465.7953	0	52448.1673	0
628	36	-465.7951	0	52448.1678	0
629	36	-465.7951	0	52448.1665	0
630	36	-465.7950	0	52448.1645	0
631	36	-465.7948	0	52448.1615	0
632	36	-465.7945	0	52448.1596	0
633	36	-465.7942	0	52448.1598	0
634	36	-465.7941	0	52448.1600	0
635	36	-465.7941	0	52448.1569	0
636	36	-465.7942	0	52448.1525	0
637	36	-465.7942	0	52448.1502	0
638	36	-465.7942	0	52448.1485	0
639	36	-465.7942	0	52448.1480	0
640	36	-465.7939	0	52448.1495	0
641	36	-465.7938	0	52448.1470	0
642	36	-465.7936	0	52448.1468	0
643	36	-465.7933	0	52448.1469	0
644	36	-465.7930	0	52448.1470	0
645	36	-465.7930	0	52448.1463	0
646	36	-465.7930	0	52448.1444	0
647	36	-465.7933	0	52448.1404	0
648	36	-465.7933	0	52448.1389	0
649	36	-465.7932	0	52448.1367	0
650	36	-465.7932	0	52448.1368	0
651	36	-465.7932	0	52448.1361	0
652	36	-465.7931	0	52448.1342	0
653	36	-465.7931	0	52448.1335	0
654	36	-465.7928	0	52448.1325	0
655	36	-465.7928	0	52448.1313	0
656	36	-465.7928	0	52448.1309	0
657	36	-465.7929	0	52448.1299	0
658	36	-465.7929	0	52448.1270	0
659	36	-465.7930	0	52448.1242	0
660	36	-465.7930	0	52448.1232	0
661	36	-465.7929	0	52448.1238	0
662	36	-465.7928	0	52448.1241	0
663	36	-465.7926	0	52448.1243	0
664	36	-465.7926	0	52448.1218	0
665	36	-465.7927	0	52448.1191	0
666	36	-465.7926	0	52448.1181	0
667	36	-465.7926	0	52448.1196	0
668	36	-465.7926	0	52448.1175	0
669	36	-465.7927	0	52448.1168	0
670	36	-465.7928	0	52448.1139	0
671	36	-465.7927	0	52448.1128	0
672	36	-465.7925	0	52448.1143	0
673	36	-465.7923	0	52448.1149	0
674	36	-465.7921	0	52448.1143	0
675	36	-465.7922	0	52448.1114	0
676	36	-465.7922	0	52448.1094	0
677	36	-465.7922	0	52448.1088	0
678	36	-465.7919	0	52448.1086	0
679	36	-465.7921	0	52448.1076	0
680	36	-465.7922	0	52448.1045	0
681	36	-465.7925	0	52448.1015	0
682	36	-465.7924	0	52448.0995	0
683	36	-465.7924	0	52448.0989	0
684	36	-465.7922	0	52448.0978	0
685	36	-465.7921	0	52448.0974	0
686	36	-465.7922	0	52448.0945	0
687	36	-465.7920	0	52448.0935	0
688	36	-465.7919	0	52448.0904	0
689	36	-465.7917	0	52448.0893	0
690	36	-465.7917	0	52448.0899	0
691	36	-465.7917	0	52448.0882	0
692	36	-465.7918	0	52448.0848	0
693	36	-465.7920	0	52448.0835	0
694	36	-465.7919	0	52448.0821	0
695	36	-465.7919	0	52448.0826	0
696	36	-465.7917	0	52448.0820	0
697	36	-465.7916	0	52448.0808	0
698	36	-465.7914	0	52448.0795	0
699	36	-465.7913	0	52448.0781	0
700	36	-465.7911	0	52448.0766	0
701	36	-465.7911	0	52448.0771	0
702	36	-465.7911	0	52448.0773	0
703	36	-465.7913	0	52448.0755	0
704	36	-465.7912	0	52448.0729	0
705	36	-465.7911	0	52448.0729	0
706	36	-465.7909	0	52448.0720	0
707	36	-465.7910	0	52448.0697	0
708	36	-465.7909	0	52448.0649	0
709	36	-465.7911	0	52448.0621	0
710	36	-465.7910	0	52448.0621	0
711	36	-465.7910	0	52448.0622	0
712	36	-465.7911	0	52448.0612	0
713	36	-465.7912	0	52448.0589	0
714	36	-465.7914	0	52448.0549	0
715	36	-465.7914	0	52448.0525	0
716	36	-465.7913	0	52448.0516	0
717	36	-465.7913	0	52448.0503	0
718	36	-465.7912	0	52448.0489	0
719	36	-465.7913	0	52448.0452	0
720	36	-465.7912	0	52448.0429	0
721	36	-465.7910	0	52448.0421	0
722	36	-465.7909	0	52448.0418	0
723	36	-465.7908	0	52448.0419	0
724	36	-465.7909	0	52448.0387	0
725	36	-465.7910	0	52448.0354	0
726	36	-465.7910	0	52448.0353	0
727	36	-465.7912	0	52448.0353	0
728	36	-465.7911	0	52448.0354	0
729	36	-465.7910	0	52448.0333	0
730	36	-465.7909	0	52448.0315	0
731	36	-465.7909	0	52448.0298	0
732	36	-465.7909	0	52448.0292	0
733	36	-465.7905	0	52448.0280	0
734	36	-465.7900	0	52448.0300	0
735	36	-465.7894	0	52448.0297	0
736	36	-465.7894	0	52448.0262	0
737	36	-465.7900	0	52448.0260	0
738	36	-465.7899	0	52448.0271	0
739	36	-465.7900	0	52448.0275	0
740	36	-465.7898	0	52448.0267	0
741	36	-465.7898	0	52448.0231	0
742	36	-465.7898	0	52448.0217	0
743	36	-465.7897	0	52448.0213	0
744	36	-465.7896	0	52448.0212	0
745	36	-465.7896	0	52448.0211	0
746	36	-465.7897	0	52448.0201	0
747	36	-465.7897	0	52448.0174	0
748	36	-465.7896	0	52448.0176	0
749	36	-465.7894	0	52448.0189	0
750	36	-465.7892	0	52448.0183	0
751	36	-465.7892	0	52448.0170	0
752	36	-465.7893	0	52448.0131	0
753	36	-465.7894	0	52448.0093	0
754	36	-465.7893	0	52448.0103	0
755	36	-465.7892	0	52448.0107	0
756	36	-465.7892	0	52448.0097	0
757	36	-465.7893	0	52448.0059	0
758	36	-465.7894	0	52448.0034	0
759	36	-465.7896	0	52448.0024	0
760	36	-465.7896	0	52448.0021	0
761	36	-465.7894	0	52447.9998	0
762	36	-465.7894	0	52448.0001	0
763	36	-465.7893	0	52447.9979	0
764	36	-465.7893	0	52447.9972	0
765	36	-465.7891	0	52447.9982	0
766	36	-465.7891	0	52447.9962	0
767	36	-465.7891	0	52447.9955	0
768	36	-465.7892	0	52447.9941	0
769	36	-465.7894	0	52447.9912	0
770	36	-465.7893	0	52447.9913	0
771	36	-465.7890	0	52447.9927	0
772	36	-465.7889	0	52447.9932	0
773	36	-465.7890	0	52447.9911	0
774	36	-465.7889	0	52447.9891	0
775	36	-465.7887	0	52447.9884	0
776	36	-465.7886	0	52447.9882	0
777	36	-465.7885	0	52447.9858	0
778	36	-465.7885	0	52447.9861	0
779	36	-465.7885	0	52447.9851	0
780	36	-465.7885	0	52447.9823	0
781	36	-465.7883	0	52447.9825	0
782	36	-465.7879	0	52447.9840	0
783	36	-465.7878	0	52447.9845	0
784	36	-465.7876	0	52447.9848	0
785	36	-465.7875	0	52447.9801	0
786	36	-465.7877	0	52447.9782	0
787	36	-465.7876	0	52447.9751	0
788	36	-465.7876	0	52447.9740	0
789	36	-465.7877	0	52447.9724	0
790	36	-465.7878	0	52447.9705	0
791	36	-465.7877	0	52447.9674	0
792	36	-465.7877	0	52447.9663	0
793	36	-465.7876	0	52447.9660	0
794	36	-465.7874	0	52447.9646	0
795	36	-465.7874	0	52447.9616	0
796	36	-465.7875	0	52447.9580	0
797	36	-465.7875	0	52447.9605	0
798	36	-465.7873	0	52447.9616	0
799	36	-465.7874	0	52447.9607	0
800	36	-465.7876	0	52447.9604	0
801	36	-465.7878	0	52447.9552	0
802	36	-465.7878	0	52447.9506	0
803	36	-465.7877	0	52447.9503	0
804	36	-465.7875	0	52447.9516	0
805	36	-465.7874	0	52447.9508	0
806	36	-465.7874	0	52447.9480	0
807	36	-465.7875	0	52447.9443	0
808	36	-465.7870	0	52447.9431	0
809	36	-465.7869	0	52447.9413	0
810	36	-465.7869	0	52447.9420	0
811	36	-465.7867	0	52447.9411	0
812	36	-465.7865	0	52447.9395	0
813	36	-465.7865	0	52447.9389	0
814	36	-465.7862	0	52447.9415	0
815	36	-465.7861	0	52447.9412	0
816	36	-465.7858	0	52447.9411	0
817	36	-465.7856	0	52447.9385	0
818	36	-465.7856	0	52447.9376	0
819	36	-465.7855	0	52447.9372	0
820	36	-465.7852	0	52447.9372	0
821	36	-465.7854	0	52447.9358	0
822	36	-465.7855	0	52447.9340	0
823	36	-465.7857	0	52447.9306	0
824	36	-465.7856	0	52447.9293	0
825	36	-465.7855	0	52447.9317	0
826	36	-465.7855	0	52447.9312	0
827	36	-465.7855	0	52447.9284	0
828	36	-465.7855	0	52447.9204	0
829	36	-465.7853	0	52447.9161	0
830	36	-465.7850	0	52447.9174	0
831	36	-465.7850	0	52447.9165	0
832	36	-465.7848	0	52447.9163	0
833	36	-465.7846	0	52447.9135	0
834	36	-465.7845	0	52447.9125	0
835	36	-465.7842	0	52447.9137	0
836	36	-465.7840	0	52447.9156	0
837	36	-465.7838	0	52447.9178	0
838	36	-465.7834	0	52447.9187	0
839	36	-465.7832	0	52447.9177	0
840	36	-465.7831	0	52447.9118	0
841	36	-465.7831	0	52447.9123	0
842	36	-465.7830	0	52447.9140	0
843	36	-465.7831	0	52447.9146	0
844	36	-465.7833	0	52447.9149	0
845	36	-465.7834	0	52447.9122	0
846	36	-465.7832	0	52447.9154	0
847	36	-465.7830	0	52447.9181	0
848	36	-465.7829	0	52447.9177	0
849	36	-465.7839	0	52447.8958	0
850	36	-465.7845	0	52447.8834	0
851	36	-465.7847	0	52447.8783	0
852	36	-465.7843	0	52447.8866	0
853	36	-465.7834	0	52447.9051	0
854	36	-465.7829	0	52447.9105	0
855	36	-465.7830	0	52447.9035	0
856	36	-465.7830	0	52447.9039	0
857	36	-465.7830	0	52447.9085	0
858	36	-465.7826	0	52447.9117	0
859	36	-465.7824	0	52447.9159	0
860	36	-465.7827	0	52447.9011	0
861	36	-465.7825	0	52447.9002	0
862	36	-465.7825	0	52447.8956	0
863	36	-465.7830	0	52447.8864	0
864	36	-465.7823	0	52447.8932	0
865	36	-465.7823	0	52447.8932	0
866	36	-465.7821	0	52447.8932	0
867	36	-465.7820	0	52447.8933	0
868	36	-465.7819	0	52447.8948	0
869	36	-465.7818	0	52447.8940	0
870	36	-465.7817	0	52447.8922	0
871	36	-465.7816	0	52447.8872	0
872	36	-465.7814	0	52447.8853	0
873	36	-465.7813	0	52447.8832	0
874	36	-465.7811	0	52447.8840	0
875	36	-465.7813	0	52447.8812	0
876	36	-465.7815	0	52447.8788	0
877	36	-465.7817	0	52447.8778	0
878	36	-465.7817	0	52447.8760	0
879	36	-465.7816	0	52447.8754	0
880	36	-465.7814	0	52447.8753	0
881	36	-465.7810	0	52447.8739	0
882	36	-465.7808	0	52447.8703	0
883	36	-465.7808	0	52447.8675	0
884	36	-465.7807	0	52447.8665	0
885	36	-465.7806	0	52447.8646	0
886	36	-465.7805	0	52447.8640	0
887	36	-465.7806	0	52447.8623	0
888	36	-465.7805	0	52447.8617	0
889	36	-465.7803	0	52447.8632	0
890	36	-465.7800	0	52447.8654	0
891	36	-465.7797	0	52447.8664	0
892	36	-465.7798	0	52447.8603	0
893	36	-465.7796	0	52447.8534	0
894	36	-465.7796	0	52447.8477	0
895	36	-465.7795	0	52447.8455	0
896	36	-465.7795	0	52447.8448	0
897	36	-465.7793	0	52447.8479	0
898	36	-465.7794	0	52447.8459	0
899	36	-465.7794	0	52447.8436	0
900	36	-465.7793	0	52447.8412	0
901	36	-465.7793	0	52447.8403	0
902	36	-465.7794	0	52447.8352	0
903	36	-465.7797	0	52447.8266	0
904	36	-465.7803	0	52447.8083	0
905	36	-465.7806	0	52447.8028	0
906	36	-465.7799	0	52447.8077	0
907	36	-465.7794	0	52447.8168	0
908	36	-465.7791	0	52447.8187	0
909	36	-465.7796	0	52447.8141	0
910	36	-465.7799	0	52447.8074	0
911	36	-465.7801	0	52447.8031	0
912	36	-465.7807	0	52447.7891	0
913	36	-465.7808	0	52447.7926	0
914	36	-465.7806	0	52447.7907	0
915	36	-465.7807	0	52447.7848	0
916	36	-465.7808	0	52447.7790	0
917	36	-465.7805	0	52447.7823	0
918	36	-465.7802	0	52447.7802	0
919	36	-465.7798	0	52447.7833	0
920	36	-465.7797	0	52447.7828	0
921	36	-465.7800	0	52447.7789	0
922	36	-465.7801	0	52447.7757	0
923	36	-465.7799	0	52447.7746	0
924	36	-465.7797	0	52447.7780	0
925	36	-465.7801	0	52447.7700	0
926	36	-465.7801	0	52447.7689	0
927	36	-465.7798	0	52447.7706	0
928	36	-465.7794	0	52447.7807	0
929	36	-465.7790	0	52447.7864	0
930	36	-465.7791	0	52447.7847	0
931	36	-465.7796	0	52447.7765	0
932	36	-465.7799	0	52447.7680	0
933	36	-465.7801	0	52447.7610	0
934	36	-465.7801	0	52447.7603	0
935	36	-465.7800	0	52447.7639	0
936	36	-465.7807	0	52447.7499	0
937	36	-465.7806	0	52447.7486	0
938	36	-465.7803	0	52447.7539	0
939	36	-465.7799	0	52447.7582	0
940	36	-465.7798	0	52447.7636	0
941	36	-465.7799	0	52447.7618	0
942	36	-465.7801	0	52447.7593	0
943	36	-465.7806	0	52447.7526	0
944	36	-465.7804	0	52447.7520	0
945	36	-465.7803	0	52447.7538	0
946	36	-465.7801	0	52447.7546	0
947	36	-465.7802	0	52447.7510	0
948	36	-465.7803	0	52447.7458	0
949	36	-465.7801	0	52447.7479	0
950	36	-465.7800	0	52447.7468	0
951	36	-465.7799	0	52447.7503	0
952	36	-465.7803	0	52447.7477	0
953	36	-465.7806	0	52447.7390	0
954	36	-465.7809	0	52447.7337	0
955	36	-465.7807	0	52447.7337	0
956	36	-465.7805	0	52447.7398	0
957	36	-465.7804	0	52447.7342	0
958	36	-465.7805	0	52447.7302	0
959	36	-465.7805	0	52447.7307	0
960	36	-465.7801	0	52447.7351	0
961	36	-465.7800	0	52447.7388	0
962	36	-465.7802	0	52447.7401	0
963	36	-465.7804	0	52447.7346	0
964	36	-465.7804	0	52447.7326	0
965	36	-465.7803	0	52447.7319	0
966	36	-465.7803	0	52447.7317	0
967	36	-465.7803	0	52447.7316	0
968	36	-465.7802	0	52447.7296	0
969	36	-465.7802	0	52447.7289	0
970	36	-465.7801	0	52447.7267	0
971	36	-465.7801	0	52447.7259	0
972	36	-465.7800	0	52447.7277	0
973	36	-465.7801	0	52447.7243	0
974	36	-465.7803	0	52447.7211	0
975	36	-465.7805	0	52447.7158	0
976	36	-465.7803	0	52447.7139	0
977	36	-465.7802	0	52447.7153	0
978	36	-465.7799	0	52447.7159	0
979	36	-465.7800	0	52447.7121	0
980	36	-465.7802	0	52447.7106	0
981	36	-465.7802	0	52447.7081	0
982	36	-465.7802	0	52447.7072	0
983	36	-465.7804	0	52447.7089	0
984	36	-465.7803	0	52447.7076	0
985	36	-465.7804	0	52447.7051	0
986	36	-465.7807	0	52447.6999	0
987	36	-465.7807	0	52447.7002	0
988	36	-465.7806	0	52447.7024	0
989	36	-465.7806	0	52447.7033	0
990	36	-465.7806	0	52447.7016	0
991	36	-465.7807	0	52447.6989	0
992	36	-465.7805	0	52447.7021	0
993	36	-465.7804	0	52447.7034	0
994	36	-465.7801	0	52447.7040	0
995	36	-465.7797	0	52447.7043	0
996	36	-465.7796	0	52447.7002	0
997	36	-465.7794	0	52447.6946	0
998	36	-465.7793	0	52447.6946	0
999	36	-465.7790	0	52447.6947	0
1000	36	-465.7787	0	52447.6948	0
1001	36	-465.7786	0	52447.6928	0
1002	36	-465.7786	0	52447.6879	0
1003	36	-465.7785	0	52447.6882	0
1004	36	-465.7783	0	52447.6905	0
1005	36	-465.7782	0	52447.6914	0
1006	36	-465.7785	0	52447.6810	0
1007	36	-465.7786	0	52447.6771	0
1008	36	-465.7785	0	52447.6735	0
1009	36	-465.7784	0	52447.6723	0
1010	36	-465.7781	0	52447.6741	0
1011	36	-465.7776	0	52447.6837	0
1012	36	-465.7774	0	52447.6830	0
1013	36	-465.7771	0	52447.6828	0
1014	36	-465.7770	0	52447.6784	0
1015	36	-465.7769	0	52447.6790	0
1016	36	-465.7765	0	52447.6858	0
1017	36	-465.7761	0	52447.6907	0
1018	36	-465.7761	0	52447.6858	0
1019	36	-465.7762	0	52447.6841	0
1020	36	-465.7760	0	52447.6813	0
1021	36	-465.7758	0	52447.6846	0
1022	36	-465.7757	0	52447.6815	0
1023	36	-465.7753	0	52447.6805	0
1024	36	-465.7750	0	52447.6824	0
1025	36	-465.7748	0	52447.6810	0
1026	36	-465.7745	0	52447.6848	0
1027	36	-465.7745	0	52447.6884	0
1028	36	-465.7743	0	52447.6898	0
1029	36	-465.7743	0	52447.6881	0
1030	36	-465.7745	0	52447.6853	0
1031	36	-465.7743	0	52447.6842	0
1032	36	-465.7743	0	52447.6839	0
1033	36	-465.7738	0	52447.6882	0
1034	36	-465.7735	0	52447.6877	0
1035	36	-465.7734	0	52447.6832	0
1036	36	-465.7734	0	52447.6814	0
1037	36	-465.7734	0	52447.6808	0
1038	36	-465.7731	0	52447.6850	0
1039	36	-465.7731	0	52447.6844	0
1040	36	-465.7731	0	52447.6842	0
1041	36	-465.7734	0	52447.6840	0
1042	36	-465.7732	0	52447.6840	0
1043	36	-465.7731	0	52447.6840	0
1044	36	-465.7730	0	52447.6841	0
1045	36	-465.7726	0	52447.6863	0
1046	36	-465.7722	0	52447.6873	0
1047	36	-465.7720	0	52447.6855	0
1048	36	-465.7718	0	52447.6870	0
1049	36	-465.7719	0	52447.6897	0
1050	36	-465.7719	0	52447.6907	0
1051	36	-465.7719	0	52447.6910	0
1052	36	-465.7716	0	52447.6912	0
1053	36	-465.7715	0	52447.6934	0
1054	36	-465.7713	0	52447.6964	0
1055	36	-465.7712	0	52447.6974	0
1056	36	-465.7711	0	52447.6957	0
1057	36	-465.7708	0	52447.6951	0
1058	36	-465.7707	0	52447.6991	0
1059	36	-465.7707	0	52447.7005	0
1060	36	-465.7708	0	52447.7031	0
1061	36	-465.7710	0	52447.7039	0
1062	36	-465.7717	0	52447.7061	0
1063	36	-465.7714	0	52447.7051	0
1064	36	-465.7713	0	52447.7046	0
1065	36	-465.7716	0	52447.7042	0
1066	36	-465.7715	0	52447.7042	0
1067	36	-465.7715	0	52447.7061	0
1068	36	-465.7718	0	52447.7149	0
1069	36	-465.7725	0	52447.7317	0
1070	36	-465.7726	0	52447.7362	0
1071	36	-465.7726	0	52447.7491	0
1073	36	-465.7726	0	52447.7580	0
1074	36	-465.7725	0	52447.7618	0
1075	36	-465.7722	0	52447.7631	0
1076	36	-465.7722	0	52447.7652	0
1077	36	-465.7721	0	52447.7620	0
1078	36	-465.7721	0	52447.7513	0
1079	36	-465.7718	0	52447.7452	0
1080	36	-465.7717	0	52447.7427	0
1081	36	-465.7715	0	52447.7398	0
1082	36	-465.7714	0	52447.7347	0
1083	36	-465.7717	0	52447.7306	0
1084	36	-465.7716	0	52447.7331	0
1085	36	-465.7714	0	52447.7361	0
1086	36	-465.7713	0	52447.7352	0
1087	36	-465.7711	0	52447.7329	0
1088	36	-465.7711	0	52447.7280	0
1089	36	-465.7711	0	52447.7262	0
1090	36	-465.7711	0	52447.7214	0
1091	36	-465.7711	0	52447.7177	0
1092	36	-465.7710	0	52447.7183	0
1093	36	-465.7711	0	52447.7227	0
1094	36	-465.7713	0	52447.7202	0
1095	36	-465.7714	0	52447.7173	0
1096	36	-465.7712	0	52447.7122	0
1097	36	-465.7711	0	52447.7103	0
1098	36	-465.7713	0	52447.7076	0
1099	36	-465.7713	0	52447.7065	0
1100	36	-465.7713	0	52447.7063	0
1101	36	-465.7712	0	52447.7083	0
1102	36	-465.7713	0	52447.7112	0
1103	36	-465.7714	0	52447.7102	0
1104	36	-465.7715	0	52447.7078	0
1105	36	-465.7717	0	52447.7048	0
1106	36	-465.7718	0	52447.7037	0
1107	36	-465.7716	0	52447.7054	0
1108	36	-465.7719	0	52447.7040	0
1109	36	-465.7718	0	52447.7014	0
1110	36	-465.7723	0	52447.6961	0
1111	36	-465.7722	0	52447.6921	0
1112	36	-465.7720	0	52447.6950	0
1113	36	-465.7719	0	52447.6961	0
1114	36	-465.7721	0	52447.6944	0
1115	36	-465.7722	0	52447.6959	0
1116	36	-465.7722	0	52447.6944	0
1117	36	-465.7722	0	52447.6938	0
1118	36	-465.7722	0	52447.6916	0
1119	36	-465.7723	0	52447.6907	0
1120	36	-465.7725	0	52447.6882	0
1121	36	-465.7727	0	52447.6852	0
1122	36	-465.7728	0	52447.6798	0
1123	36	-465.7728	0	52447.6777	0
1124	36	-465.7728	0	52447.6771	0
1125	36	-465.7726	0	52447.6769	0
1126	36	-465.7730	0	52447.6724	0
1127	36	-465.7730	0	52447.6708	0
1128	36	-465.7730	0	52447.6703	0
1129	36	-465.7730	0	52447.6679	0
1130	36	-465.7732	0	52447.6671	0
1131	36	-465.7730	0	52447.6647	0
1132	36	-465.7729	0	52447.6594	0
1133	36	-465.7726	0	52447.6598	0
1134	36	-465.7725	0	52447.6578	0
1135	36	-465.7723	0	52447.6594	0
1136	36	-465.7724	0	52447.6577	0
1137	36	-465.7723	0	52447.6595	0
1138	36	-465.7724	0	52447.6579	0
1139	36	-465.7723	0	52447.6574	0
1140	36	-465.7721	0	52447.6573	0
1141	36	-465.7723	0	52447.6526	0
1142	36	-465.7723	0	52447.6510	0
1143	36	-465.7722	0	52447.6482	0
1144	36	-465.7722	0	52447.6472	0
1145	36	-465.7722	0	52447.6423	0
1146	36	-465.7723	0	52447.6405	0
1147	36	-465.7722	0	52447.6422	0
1148	36	-465.7718	0	52447.6454	0
1149	36	-465.7715	0	52447.6420	0
1150	36	-465.7714	0	52447.6408	0
1151	36	-465.7711	0	52447.6427	0
1152	36	-465.7710	0	52447.6365	0
1153	36	-465.7714	0	52447.6318	0
1154	36	-465.7714	0	52447.6301	0
1155	36	-465.7713	0	52447.6319	0
1156	36	-465.7712	0	52447.6374	0
1157	36	-465.7703	0	52447.6421	0
1158	36	-465.7700	0	52447.6439	0
1159	36	-465.7698	0	52447.6422	0
1160	36	-465.7694	0	52447.6393	0
1161	36	-465.7692	0	52447.6382	0
1162	36	-465.7695	0	52447.6354	0
1163	36	-465.7696	0	52447.6344	0
1164	36	-465.7696	0	52447.6341	0
1165	36	-465.7696	0	52447.6363	0
1166	36	-465.7692	0	52447.6326	0
1167	36	-465.7691	0	52447.6312	0
1168	36	-465.7688	0	52447.6285	0
1169	36	-465.7683	0	52447.6252	0
1170	36	-465.7682	0	52447.6216	0
1171	36	-465.7681	0	52447.6250	0
1172	36	-465.7684	0	52447.6240	0
1173	36	-465.7682	0	52447.6237	0
1174	36	-465.7681	0	52447.6236	0
1175	36	-465.7677	0	52447.6214	0
1176	36	-465.7675	0	52447.6158	0
1177	36	-465.7673	0	52447.6114	0
1178	36	-465.7668	0	52447.6098	0
1179	36	-465.7668	0	52447.6141	0
1180	36	-465.7666	0	52447.6111	0
1181	36	-465.7666	0	52447.6075	0
1182	36	-465.7665	0	52447.6038	0
1183	36	-465.7664	0	52447.6074	0
1184	36	-465.7664	0	52447.6038	0
1185	36	-465.7662	0	52447.6002	0
1186	36	-465.7659	0	52447.5989	0
1187	36	-465.7656	0	52447.5985	0
1188	36	-465.7656	0	52447.5960	0
1189	36	-465.7658	0	52447.5925	0
1190	36	-465.7659	0	52447.5913	0
1191	36	-465.7659	0	52447.5909	0
1192	36	-465.7656	0	52447.5909	0
1193	36	-465.7655	0	52447.5910	0
1194	36	-465.7655	0	52447.5860	0
1195	36	-465.7652	0	52447.5843	0
1196	36	-465.7652	0	52447.5837	0
1197	36	-465.7654	0	52447.5834	0
1198	36	-465.7655	0	52447.5784	0
1199	36	-465.7658	0	52447.5764	0
1200	36	-465.7657	0	52447.5758	0
1201	36	-465.7655	0	52447.5731	0
1202	36	-465.7654	0	52447.5670	0
1203	36	-465.7655	0	52447.5621	0
1204	36	-465.7653	0	52447.5605	0
1205	36	-465.7652	0	52447.5573	0
1206	36	-465.7652	0	52447.5535	0
1207	36	-465.7654	0	52447.5496	0
1208	36	-465.7654	0	52447.5481	0
1209	36	-465.7652	0	52447.5477	0
1210	36	-465.7649	0	52447.5479	0
1211	36	-465.7648	0	52447.5398	0
1212	36	-465.7649	0	52447.5396	0
1213	36	-465.7649	0	52447.5396	0
1214	36	-465.7649	0	52447.5371	0
1215	36	-465.7650	0	52447.5334	0
1216	36	-465.7651	0	52447.5294	0
1217	36	-465.7650	0	52447.5252	0
1218	36	-465.7649	0	52447.5265	0
1219	36	-465.7649	0	52447.5244	0
1220	36	-465.7649	0	52447.5209	0
1221	36	-465.7646	0	52447.5198	0
1222	36	-465.7644	0	52447.5194	0
1223	36	-465.7647	0	52447.5193	0
1224	36	-465.7648	0	52447.5194	0
1225	36	-465.7649	0	52447.5166	0
1226	36	-465.7648	0	52447.5184	0
1227	36	-465.7648	0	52447.5192	0
1228	36	-465.7646	0	52447.5168	0
1229	36	-465.7646	0	52447.5104	0
1230	36	-465.7645	0	52447.5108	0
1231	36	-465.7645	0	52447.5111	0
1232	36	-465.7646	0	52447.5083	0
1233	36	-465.7646	0	52447.5017	0
1234	36	-465.7646	0	52447.4993	0
1235	36	-465.7646	0	52447.4984	0
1236	36	-465.7645	0	52447.4953	0
1237	36	-465.7645	0	52447.4914	0
1238	36	-465.7646	0	52447.4870	0
1239	36	-465.7645	0	52447.4854	0
1240	36	-465.7644	0	52447.4850	0
1241	36	-465.7644	0	52447.4791	0
1242	36	-465.7644	0	52447.4769	0
1243	36	-465.7643	0	52447.4732	0
1244	36	-465.7643	0	52447.4749	0
1245	36	-465.7643	0	52447.4757	0
1246	36	-465.7643	0	52447.4760	0
1247	36	-465.7643	0	52447.4762	0
1248	36	-465.7643	0	52447.4794	0
1249	36	-465.7646	0	52447.4775	0
1250	36	-465.7647	0	52447.4739	0
1251	36	-465.7651	0	52447.4754	0
1252	36	-465.7653	0	52447.4761	0
1253	36	-465.7655	0	52447.4791	0
1254	36	-465.7660	0	52447.4773	0
1255	36	-465.7664	0	52447.4736	0
1256	36	-465.7667	0	52447.4752	0
1257	36	-465.7670	0	52447.4757	0
1258	36	-465.7674	0	52447.4728	0
1259	36	-465.7682	0	52447.4686	0
1260	36	-465.7688	0	52447.4639	0
1261	36	-465.7692	0	52447.4652	0
1262	36	-465.7697	0	52447.4656	0
1263	36	-465.7706	0	52447.4625	0
1264	36	-465.7710	0	52447.4614	0
1265	36	-465.7716	0	52447.4608	0
1266	36	-465.7722	0	52447.4606	0
1267	36	-465.7728	0	52447.4574	0
1268	36	-465.7733	0	52447.4561	0
1269	36	-465.7738	0	52447.4495	0
1270	36	-465.7741	0	52447.4501	0
1271	36	-465.7745	0	52447.4442	0
1272	36	-465.7748	0	52447.4449	0
1273	36	-465.7750	0	52447.4392	0
1274	36	-465.7751	0	52447.4370	0
1275	36	-465.7761	0	52447.4390	0
1276	36	-465.7764	0	52447.4337	0
1277	36	-465.7771	0	52447.4347	0
1278	36	-465.7756	0	52447.4231	0
1279	36	-465.7749	0	52447.4156	0
1280	36	-465.7744	0	52447.4162	0
1281	36	-465.7740	0	52447.4166	0
1282	36	-465.7739	0	52447.4137	0
1283	36	-465.7738	0	52447.4159	0
1284	36	-465.7738	0	52447.4136	0
1285	36	-465.7737	0	52447.4160	0
1286	36	-465.7741	0	52447.4138	0
1287	36	-465.7746	0	52447.3998	0
1288	36	-465.7752	0	52447.3911	0
1289	36	-465.7753	0	52447.3912	0
1290	36	-465.7751	0	52447.4078	0
1291	36	-465.7747	0	52447.4143	0
1292	36	-465.7745	0	52447.4135	0
1293	36	-465.7746	0	52447.4066	0
1294	36	-465.7742	0	52447.4074	0
1295	36	-465.7742	0	52447.3979	0
1296	36	-465.7740	0	52447.4074	0
1297	36	-465.7740	0	52447.4079	0
1298	36	-465.7741	0	52447.4015	0
1299	36	-465.7742	0	52447.3893	0
1300	36	-465.7739	0	52447.3912	0
1301	36	-465.7736	0	52447.3989	0
1302	36	-465.7734	0	52447.4019	0
1303	36	-465.7735	0	52447.3863	0
1304	36	-465.7740	0	52447.3669	0
1305	36	-465.7740	0	52447.3729	0
1306	36	-465.7738	0	52447.3790	0
1307	36	-465.7735	0	52447.3814	0
1308	36	-465.7732	0	52447.3928	0
1309	36	-465.7730	0	52447.3935	0
1310	36	-465.7728	0	52447.3905	0
1311	36	-465.7726	0	52447.3928	0
1312	36	-465.7725	0	52447.4004	0
1313	36	-465.7726	0	52447.3998	0
1314	36	-465.7724	0	52447.3962	0
1315	36	-465.7724	0	52447.3950	0
1316	36	-465.7722	0	52447.3978	0
1317	36	-465.7720	0	52447.3956	0
1318	36	-465.7716	0	52447.3949	0
1319	36	-465.7713	0	52447.3979	0
1320	36	-465.7713	0	52447.3992	0
1321	36	-465.7713	0	52447.3995	0
1322	36	-465.7712	0	52447.3997	0
1323	36	-465.7711	0	52447.4031	0
1324	36	-465.7709	0	52447.4010	0
1325	36	-465.7708	0	52447.4036	0
1326	36	-465.7706	0	52447.4013	0
1327	36	-465.7705	0	52447.4004	0
1328	36	-465.7705	0	52447.4033	0
1329	36	-465.7703	0	52447.3980	0
1330	36	-465.7702	0	52447.3959	0
1331	36	-465.7699	0	52447.3952	0
1332	36	-465.7695	0	52447.3951	0
1333	36	-465.7696	0	52447.3917	0
1334	36	-465.7694	0	52447.3904	0
1335	36	-465.7694	0	52447.3866	0
1336	36	-465.7693	0	52447.3752	0
1337	36	-465.7695	0	52447.3708	0
1338	36	-465.7693	0	52447.3693	0
1339	36	-465.7691	0	52447.3655	0
1340	36	-465.7691	0	52447.3641	0
1341	36	-465.7689	0	52447.3603	0
1342	36	-465.7688	0	52447.3625	0
1343	36	-465.7690	0	52447.3599	0
1344	36	-465.7688	0	52447.3555	0
1345	36	-465.7688	0	52447.3539	0
1346	36	-465.7689	0	52447.3499	0
1347	36	-465.7689	0	52447.3485	0
1348	36	-465.7691	0	52447.3445	0
1353	36	-465.7695	0	52447.3280	0
1355	36	-465.7694	0	52447.3394	0
1356	36	-465.7692	0	52447.3457	0
1360	36	-465.7707	0	52447.3089	0
1363	36	-465.7706	0	52447.3089	0
1376	36	-465.7718	0	52447.2927	0
1381	36	-465.7722	0	52447.2765	0
1382	36	-465.7723	0	52447.2672	0
1385	36	-465.7725	0	52447.2581	0
1386	36	-465.7721	0	52447.2613	0
1395	36	-465.7720	0	52447.2518	0
1396	36	-465.7719	0	52447.2518	0
1397	36	-465.7721	0	52447.2435	0
1398	36	-465.7720	0	52447.2447	0
1399	36	-465.7719	0	52447.2411	0
1400	36	-465.7720	0	52447.2358	0
1401	36	-465.7722	0	52447.2216	0
1402	36	-465.7723	0	52447.2203	0
1403	36	-465.7721	0	52447.2200	0
1404	36	-465.7721	0	52447.2118	0
1406	36	-465.7716	0	52447.2133	0
1407	36	-465.7716	0	52447.2185	0
1411	36	-465.7718	0	52447.2146	0
1412	36	-465.7719	0	52447.2144	0
1416	36	-465.7719	0	52447.1808	0
1417	36	-465.7719	0	52447.1858	0
1423	36	-465.7719	0	52447.1768	0
1448	36	-465.7687	0	52447.1651	0
1458	36	-465.7671	0	52447.1656	0
1459	36	-465.7666	0	52447.1752	0
1484	36	-465.7642	0	52447.1737	0
