353	386	-465.8058	0	52446.8880	0
355	386	-465.8059	0	52446.8996	0
356	386	-465.8063	0	52446.8940	0
359	386	-465.8097	0	52446.8290	0
360	386	-465.8111	0	52446.8061	0
361	386	-465.8119	0	52446.7909	0
362	386	-465.8107	0	52446.8121	0
363	386	-465.8086	0	52446.8608	0
364	386	-465.8103	0	52446.8189	0
365	386	-465.8098	0	52446.8239	0
366	386	-465.8080	0	52446.8591	0
367	386	-465.8069	0	52446.8803	0
368	386	-465.8066	0	52446.8877	0
369	386	-465.8065	0	52446.8904	0
370	386	-465.8068	0	52446.8849	0
371	386	-465.8066	0	52446.8891	0
372	386	-465.8062	0	52446.8973	0
373	386	-465.8057	0	52446.9065	0
374	386	-465.8060	0	52446.9034	0
375	386	-465.8068	0	52446.8894	0
377	386	-465.8071	0	52446.8827	0
378	386	-465.8063	0	52446.9069	0
379	386	-465.8067	0	52446.9026	0
380	386	-465.8067	0	52446.8952	0
381	386	-465.8072	0	52446.8920	0
382	386	-465.8075	0	52446.8783	0
383	386	-465.8076	0	52446.8733	0
384	386	-465.8069	0	52446.8842	0
385	386	-465.8066	0	52446.8885	0
386	386	-465.8062	0	52446.8963	0
387	386	-465.8061	0	52446.9055	0
388	386	-465.8058	0	52446.9149	0
389	386	-465.8057	0	52446.9184	0
390	386	-465.8053	0	52446.9200	0
391	386	-465.8058	0	52446.9078	0
392	386	-465.8057	0	52446.9095	0
393	386	-465.8059	0	52446.8978	0
394	386	-465.8054	0	52446.9059	0
395	386	-465.8048	0	52446.9153	0
396	386	-465.8049	0	52446.9127	0
397	386	-465.8046	0	52446.9179	0
398	386	-465.8045	0	52446.9197	0
399	386	-465.8050	0	52446.9140	0
400	386	-465.8050	0	52446.9060	0
401	386	-465.8049	0	52446.8968	0
402	386	-465.8049	0	52446.8934	0
403	386	-465.8048	0	52446.8922	0
407	386	-465.8039	0	52446.9086	0
408	386	-465.8044	0	52446.8910	0
417	386	-465.8110	0	52446.7121	0
418	386	-465.8115	0	52446.6952	0
419	386	-465.8113	0	52446.6960	0
421	386	-465.8118	0	52446.6814	0
422	386	-465.8117	0	52446.6736	0
423	386	-465.8117	0	52446.6710	0
424	386	-465.8116	0	52446.6702	0
425	386	-465.8115	0	52446.6700	0
426	386	-465.8113	0	52446.6702	0
427	386	-465.8109	0	52446.6781	0
428	386	-465.8103	0	52446.6816	0
429	386	-465.8101	0	52446.6755	0
430	386	-465.8088	0	52446.6891	0
436	386	-465.8029	0	52446.7794	0
442	386	-465.7992	0	52446.8180	0
443	386	-465.7993	0	52446.8201	0
444	386	-465.7990	0	52446.8275	0
445	386	-465.7983	0	52446.8371	0
446	386	-465.7979	0	52446.8342	0
447	386	-465.7969	0	52446.8402	0
448	386	-465.7962	0	52446.8426	0
454	386	-465.7934	0	52446.8900	0
455	386	-465.7924	0	52446.8999	0
462	386	-465.7883	0	52446.9416	0
463	386	-465.7877	0	52446.9435	0
467	386	-465.7856	0	52446.9916	0
468	386	-465.7851	0	52446.9964	0
476	386	-465.7803	0	52447.0477	0
483	386	-465.7816	0	52446.9940	0
484	386	-465.7803	0	52447.0016	0
485	386	-465.7799	0	52447.0099	0
486	386	-465.7794	0	52447.0241	0
487	386	-465.7795	0	52447.0024	0
488	386	-465.7797	0	52447.0048	0
489	386	-465.7795	0	52446.9952	0
490	386	-465.7797	0	52446.9745	0
498	386	-465.7742	0	52447.0091	0
499	386	-465.7727	0	52447.0060	0
500	386	-465.7719	0	52447.0114	0
501	386	-465.7716	0	52447.0017	0
505	386	-465.7703	0	52446.9666	0
506	386	-465.7701	0	52446.9323	0
510	386	-465.7694	0	52446.9174	0
512	386	-465.7693	0	52446.9023	0
513	386	-465.7690	0	52446.8997	0
514	386	-465.7689	0	52446.8991	0
515	386	-465.7694	0	52446.8923	0
516	386	-465.7696	0	52446.9023	0
517	386	-465.7695	0	52446.9308	0
518	386	-465.7700	0	52446.9412	0
519	386	-465.7708	0	52446.9502	0
531	386	-465.7784	0	52446.8762	0
532	386	-465.7791	0	52446.8668	0
