359	388	-466.8709	0	52464.4887	0
360	388	-466.9812	0	52464.4352	0
361	388	-467.1384	0	52464.3344	0
362	388	-467.3233	0	52464.1912	0
363	388	-467.4380	0	52464.0644	0
364	388	-467.5262	0	52463.9768	0
365	388	-467.6083	0	52463.8998	0
366	388	-467.7187	0	52463.7950	0
367	388	-467.8157	0	52463.6809	0
368	388	-467.8664	0	52463.6062	0
369	388	-467.8824	0	52463.5436	0
370	388	-467.8976	0	52463.4730	0
371	388	-467.9293	0	52463.3730	0
372	388	-467.9566	0	52463.2674	0
373	388	-467.9538	0	52463.1980	0
374	388	-467.9395	0	52463.1432	0
375	388	-467.9541	0	52463.0541	0
376	388	-467.9540	0	52462.9652	0
377	388	-467.9378	0	52462.8959	0
378	388	-467.8972	0	52462.8487	0
379	388	-467.8553	0	52462.8033	0
380	388	-467.8450	0	52462.6907	0
381	388	-467.8162	0	52462.5987	0
382	388	-467.7924	0	52462.5461	0
383	388	-467.7701	0	52462.4831	0
384	388	-467.7746	0	52462.3728	0
385	388	-467.7424	0	52462.2408	0
386	388	-467.6959	0	52462.1602	0
387	388	-467.6485	0	52462.0860	0
388	388	-467.5779	0	52461.9179	0
389	388	-467.4882	0	52461.6438	0
390	388	-467.4461	0	52461.4587	0
391	388	-467.4245	0	52461.3627	0
392	388	-467.4023	0	52461.2714	0
393	388	-467.3620	0	52461.0040	0
394	388	-467.3344	0	52460.7704	0
395	388	-467.3203	0	52460.6473	0
396	388	-467.3010	0	52460.5836	0
397	388	-467.2595	0	52460.4288	0
398	388	-467.2204	0	52460.1501	0
399	388	-467.1855	0	52459.9395	0
400	388	-467.1688	0	52459.8406	0
401	388	-467.1874	0	52459.7282	0
402	388	-467.1747	0	52459.4709	0
403	388	-467.1824	0	52459.2400	0
404	388	-467.1789	0	52459.1236	0
405	388	-467.1825	0	52459.0585	0
406	388	-467.1605	0	52458.8926	0
407	388	-467.1303	0	52458.6178	0
408	388	-467.1264	0	52458.4015	0
409	388	-467.1387	0	52458.3259	0
410	388	-467.1569	0	52458.2232	0
411	388	-467.1577	0	52457.9595	0
412	388	-467.1624	0	52457.6780	0
413	388	-467.1622	0	52457.5167	0
414	388	-467.1714	0	52457.4200	0
415	388	-467.1679	0	52457.2847	0
416	388	-467.1361	0	52456.9835	0
417	388	-467.1625	0	52456.7822	0
418	388	-467.1855	0	52456.6791	0
419	388	-467.1933	0	52456.6144	0
420	388	-467.2028	0	52456.4145	0
421	388	-467.2070	0	52456.1239	0
422	388	-467.1984	0	52455.9398	0
423	388	-467.1974	0	52455.8421	0
424	388	-467.1863	0	52455.7540	0
425	388	-467.1586	0	52455.4386	0
426	388	-467.1584	0	52455.2247	0
427	388	-467.1554	0	52455.0894	0
428	388	-467.1568	0	52455.0078	0
429	388	-467.1641	0	52454.8434	0
430	388	-467.1584	0	52454.5288	0
431	388	-467.1635	0	52454.3635	0
432	388	-467.1650	0	52454.2820	0
433	388	-467.1563	0	52454.1931	0
434	388	-467.1275	0	52453.9808	0
435	388	-467.1205	0	52453.7135	0
436	388	-467.1382	0	52453.5614	0
437	388	-467.1526	0	52453.4965	0
438	388	-467.1627	0	52453.3089	0
439	388	-467.1588	0	52453.0003	0
440	388	-467.1692	0	52452.8602	0
441	388	-467.1766	0	52452.7997	0
442	388	-467.1615	0	52452.7276	0
443	388	-467.1555	0	52452.4228	0
444	388	-467.1641	0	52452.1596	0
445	388	-467.1737	0	52452.0049	0
446	388	-467.1810	0	52451.9232	0
447	388	-467.1891	0	52451.7732	0
448	388	-467.1879	0	52451.4370	0
449	388	-467.1961	0	52451.2674	0
450	388	-467.1958	0	52451.1953	0
451	388	-467.1984	0	52451.1427	0
452	388	-467.1686	0	52450.9041	0
453	388	-467.1681	0	52450.6501	0
454	388	-467.1710	0	52450.5275	0
455	388	-467.1805	0	52450.4538	0
456	388	-467.1787	0	52450.2789	0
457	388	-467.1787	0	52449.9742	0
458	388	-467.1961	0	52449.8295	0
459	388	-467.1991	0	52449.7648	0
460	388	-467.2086	0	52449.7286	0
461	388	-467.2128	0	52449.5785	0
462	388	-467.2203	0	52449.3823	0
463	388	-467.2370	0	52449.2209	0
464	388	-467.2414	0	52449.1483	0
465	388	-467.2506	0	52449.0339	0
466	388	-467.2532	0	52448.7151	0
467	388	-467.2631	0	52448.5231	0
468	388	-467.2480	0	52448.4216	0
469	388	-467.2467	0	52448.3713	0
470	388	-467.2296	0	52448.1670	0
471	388	-467.2201	0	52447.8986	0
472	388	-467.2270	0	52447.7428	0
473	388	-467.2329	0	52447.6906	0
474	388	-467.2404	0	52447.5764	0
475	388	-467.2367	0	52447.3374	0
476	388	-467.2461	0	52447.0867	0
477	388	-467.2532	0	52447.0191	0
478	388	-467.2549	0	52446.9591	0
479	388	-467.2530	0	52446.7543	0
480	388	-467.2232	0	52446.4960	0
481	388	-467.2392	0	52446.4017	0
482	388	-467.2596	0	52446.3483	0
483	388	-467.2915	0	52446.2008	0
484	388	-467.2962	0	52445.9557	0
485	388	-467.3257	0	52445.7083	0
486	388	-467.3319	0	52445.5330	0
487	388	-467.3458	0	52445.4488	0
488	388	-467.3495	0	52445.2659	0
489	388	-467.3384	0	52444.9521	0
490	388	-467.3616	0	52444.7415	0
491	388	-467.3555	0	52444.6719	0
492	388	-467.3619	0	52444.4862	0
493	388	-467.3938	0	52444.1780	0
494	388	-467.4129	0	52443.9214	0
495	388	-467.4066	0	52443.8589	0
496	388	-467.4059	0	52443.6952	0
497	388	-467.4007	0	52443.5175	0
498	388	-467.3899	0	52443.1575	0
499	388	-467.3780	0	52443.0038	0
500	388	-467.3778	0	52442.9531	0
501	388	-467.3995	0	52442.8616	0
502	388	-467.4247	0	52442.7019	0
503	388	-467.4422	0	52442.4131	0
504	388	-467.4438	0	52442.2047	0
505	388	-467.4315	0	52442.0813	0
506	388	-467.4155	0	52441.9105	0
507	388	-467.4113	0	52441.5529	0
508	388	-467.4042	0	52441.2320	0
509	388	-467.4066	0	52441.0621	0
510	388	-467.4150	0	52441.0347	0
511	388	-467.4364	0	52440.8589	0
512	388	-467.4411	0	52440.3992	0
513	388	-467.4481	0	52440.2320	0
514	388	-467.4609	0	52440.1171	0
515	388	-467.4546	0	52439.9957	0
516	388	-467.4499	0	52439.6910	0
517	388	-467.4612	0	52439.4305	0
518	388	-467.4719	0	52439.2482	0
519	388	-467.4718	0	52439.1274	0
520	388	-467.4991	0	52438.9621	0
521	388	-467.5046	0	52438.5974	0
522	388	-467.5246	0	52438.4006	0
523	388	-467.5320	0	52438.2719	0
524	388	-467.5244	0	52438.1699	0
525	388	-467.5117	0	52437.9153	0
526	388	-467.5011	0	52437.6329	0
527	388	-467.4960	0	52437.4358	0
528	388	-467.5037	0	52437.3351	0
529	388	-467.5353	0	52437.2671	0
530	388	-467.5477	0	52436.8120	0
531	388	-467.5572	0	52436.5074	0
532	388	-467.5658	0	52436.4362	0
533	388	-467.5571	0	52436.3163	0
534	388	-467.5626	0	52436.1381	0
535	388	-467.5603	0	52435.8690	0
536	388	-467.5489	0	52435.7417	0
537	388	-467.5443	0	52435.6671	0
538	388	-467.5463	0	52435.5027	0
539	388	-467.5551	0	52435.1566	0
540	388	-467.5719	0	52434.9580	0
541	388	-467.5645	0	52434.9294	0
542	388	-467.5496	0	52434.8930	0
543	388	-467.5310	0	52434.7788	0
544	388	-467.5192	0	52434.5578	0
545	388	-467.5117	0	52434.2199	0
546	388	-467.4930	0	52434.0998	0
547	388	-467.5005	0	52433.9839	0
548	388	-467.5176	0	52433.5964	0
549	388	-467.5233	0	52433.3799	0
550	388	-467.5182	0	52433.1887	0
551	388	-467.4961	0	52433.0110	0
552	388	-467.4969	0	52432.9114	0
553	388	-467.4777	0	52432.5628	0
554	388	-467.4653	0	52432.3993	0
555	388	-467.4677	0	52432.3051	0
556	388	-467.4828	0	52432.3146	0
557	388	-467.4988	0	52432.1601	0
558	388	-467.4931	0	52431.8221	0
559	388	-467.4882	0	52431.6596	0
560	388	-467.4797	0	52431.5234	0
561	388	-467.4871	0	52431.5193	0
562	388	-467.4787	0	52431.2305	0
563	388	-467.4686	0	52431.0432	0
564	388	-467.4684	0	52431.0216	0
565	388	-467.4893	0	52430.8870	0
566	388	-467.5091	0	52430.7536	0
567	388	-467.5105	0	52430.4495	0
568	388	-467.5210	0	52430.2951	0
569	388	-467.5287	0	52430.1984	0
570	388	-467.5216	0	52430.1266	0
571	388	-467.5008	0	52429.7081	0
572	388	-467.4933	0	52429.4633	0
573	388	-467.4834	0	52429.4262	0
574	388	-467.4938	0	52429.3249	0
575	388	-467.5035	0	52429.1554	0
576	388	-467.5112	0	52428.8190	0
577	388	-467.5021	0	52428.5602	0
578	388	-467.5122	0	52428.5168	0
579	388	-467.5136	0	52428.5541	0
580	388	-467.4918	0	52428.3907	0
581	388	-467.4973	0	52428.1897	0
582	388	-467.4804	0	52428.0282	0
583	388	-467.4689	0	52428.0239	0
584	388	-467.4657	0	52427.8835	0
585	388	-467.4797	0	52427.5919	0
586	388	-467.4759	0	52427.3900	0
587	388	-467.4816	0	52427.2697	0
588	388	-467.4676	0	52427.2349	0
589	388	-467.4414	0	52427.1336	0
590	388	-467.4234	0	52426.8039	0
591	388	-467.3964	0	52426.5381	0
592	388	-467.3960	0	52426.4941	0
593	388	-467.4134	0	52426.4305	0
594	388	-467.4170	0	52426.2606	0
595	388	-467.4231	0	52425.9954	0
596	388	-467.4612	0	52425.9448	0
597	388	-467.4477	0	52425.9896	0
598	388	-467.4395	0	52425.7551	0
599	388	-467.4267	0	52425.5168	0
600	388	-467.4373	0	52425.4297	0
601	388	-467.4502	0	52425.3483	0
602	388	-467.4832	0	52425.3162	0
603	388	-467.4926	0	52424.8849	0
604	388	-467.4990	0	52424.6736	0
605	388	-467.5111	0	52424.7054	0
606	388	-467.5170	0	52424.6690	0
607	388	-467.5020	0	52424.5039	0
608	388	-467.4930	0	52424.2849	0
609	388	-467.4873	0	52424.1530	0
610	388	-467.4862	0	52424.1082	0
611	388	-467.4968	0	52424.0396	0
612	388	-467.5137	0	52423.7396	0
613	388	-467.5204	0	52423.5195	0
614	388	-467.5287	0	52423.3840	0
615	388	-467.5378	0	52423.2812	0
616	388	-467.5318	0	52423.1947	0
617	388	-467.5409	0	52422.9372	0
618	388	-467.5097	0	52422.6247	0
619	388	-467.5237	0	52422.6816	0
620	388	-467.5476	0	52422.7588	0
621	388	-467.5711	0	52422.5608	0
622	388	-467.5824	0	52422.4325	0
623	388	-467.5930	0	52422.2717	0
624	388	-467.5827	0	52422.2204	0
625	388	-467.5822	0	52422.0277	0
626	388	-467.5900	0	52421.7813	0
627	388	-467.5737	0	52421.7573	0
628	388	-467.5869	0	52421.6310	0
629	388	-467.5934	0	52421.4088	0
630	388	-467.6264	0	52421.2628	0
631	388	-467.6412	0	52421.1509	0
632	388	-467.6490	0	52420.9324	0
633	388	-467.6368	0	52420.7365	0
634	388	-467.6459	0	52420.6050	0
635	388	-467.6559	0	52420.3736	0
636	388	-467.6690	0	52420.0406	0
637	388	-467.6614	0	52419.9244	0
638	388	-467.6616	0	52419.8865	0
639	388	-467.6913	0	52419.8083	0
640	388	-467.7113	0	52419.5300	0
641	388	-467.7230	0	52419.3014	0
642	388	-467.7198	0	52419.0939	0
643	388	-467.7158	0	52419.0247	0
644	388	-467.7048	0	52418.8767	0
645	388	-467.6943	0	52418.7647	0
646	388	-467.7013	0	52418.6599	0
647	388	-467.7257	0	52418.6219	0
648	388	-467.7532	0	52418.5427	0
649	388	-467.7602	0	52418.2574	0
650	388	-467.7644	0	52417.9528	0
651	388	-467.7585	0	52417.7109	0
652	388	-467.7416	0	52417.6317	0
653	388	-467.7408	0	52417.5394	0
654	388	-467.7504	0	52417.3043	0
655	388	-467.7543	0	52417.2217	0
656	388	-467.7531	0	52417.1286	0
657	388	-467.7738	0	52417.0274	0
658	388	-467.7874	0	52416.9229	0
659	388	-467.8013	0	52416.6108	0
660	388	-467.7811	0	52416.4349	0
661	388	-467.7720	0	52416.3054	0
662	388	-467.7822	0	52416.1180	0
663	388	-467.8090	0	52416.0478	0
664	388	-467.8240	0	52415.9563	0
665	388	-467.8167	0	52416.0712	0
666	388	-467.8397	0	52416.1129	0
667	388	-467.8593	0	52415.8493	0
668	388	-467.8755	0	52415.6776	0
669	388	-467.9006	0	52415.6833	0
670	388	-467.9077	0	52415.4774	0
671	388	-467.8899	0	52415.4817	0
672	388	-467.8981	0	52415.1927	0
673	388	-467.9278	0	52414.9374	0
674	388	-467.9258	0	52414.9936	0
675	388	-467.9402	0	52414.8705	0
676	388	-467.9683	0	52414.6017	0
677	388	-467.9769	0	52414.2856	0
678	388	-468.0049	0	52414.1619	0
679	388	-468.0059	0	52413.9757	0
680	388	-467.9836	0	52413.9171	0
681	388	-467.9427	0	52413.5343	0
682	388	-467.9496	0	52413.3105	0
683	388	-467.9764	0	52413.0730	0
684	388	-468.0228	0	52413.1356	0
685	388	-468.0448	0	52413.0861	0
686	388	-468.0445	0	52412.6139	0
687	388	-468.0592	0	52412.4328	0
688	388	-468.0611	0	52412.2957	0
689	388	-468.0512	0	52412.3340	0
690	388	-468.0183	0	52412.0463	0
691	388	-468.0246	0	52411.7787	0
692	388	-468.0341	0	52411.5215	0
693	388	-468.0573	0	52411.5084	0
694	388	-468.0705	0	52411.3455	0
695	388	-468.0765	0	52411.0500	0
696	388	-468.0990	0	52410.6926	0
697	388	-468.1095	0	52410.6463	0
698	388	-468.0993	0	52410.7238	0
699	388	-468.0836	0	52410.5977	0
700	388	-468.0605	0	52410.2288	0
701	388	-468.0607	0	52410.0103	0
702	388	-468.0613	0	52410.1017	0
703	388	-468.0828	0	52409.8014	0
704	388	-468.0805	0	52409.5263	0
705	388	-468.0949	0	52409.4262	0
706	388	-468.0700	0	52409.3184	0
707	388	-468.0494	0	52409.2037	0
708	388	-468.0206	0	52408.9145	0
709	388	-467.9933	0	52408.5545	0
710	388	-467.9733	0	52408.4295	0
711	388	-467.9570	0	52408.4820	0
712	388	-467.9688	0	52408.3274	0
713	388	-467.9656	0	52408.1897	0
714	388	-467.9758	0	52408.1401	0
715	388	-467.9614	0	52407.9571	0
716	388	-467.9480	0	52407.9843	0
717	388	-467.9553	0	52407.8192	0
718	388	-467.9580	0	52407.5851	0
719	388	-467.9762	0	52407.4954	0
720	388	-467.9869	0	52407.4649	0
721	388	-468.0114	0	52407.5452	0
722	388	-468.0265	0	52407.2167	0
723	388	-468.0265	0	52406.9177	0
724	388	-468.0465	0	52406.8049	0
725	388	-468.0584	0	52406.9502	0
726	388	-468.0417	0	52406.6506	0
727	388	-468.0335	0	52406.2625	0
728	388	-468.0623	0	52406.1125	0
729	388	-468.0785	0	52406.0634	0
730	388	-468.1046	0	52405.8557	0
731	388	-468.1172	0	52405.5951	0
732	388	-468.1332	0	52405.4064	0
733	388	-468.1426	0	52405.3404	0
734	388	-468.1301	0	52405.3265	0
735	388	-468.1307	0	52405.2301	0
736	388	-468.1255	0	52404.9160	0
737	388	-468.1344	0	52404.7026	0
738	388	-468.1279	0	52404.6311	0
739	388	-468.1366	0	52404.5101	0
740	388	-468.1594	0	52404.2690	0
741	388	-468.1790	0	52404.0840	0
742	388	-468.1897	0	52404.1179	0
743	388	-468.1902	0	52404.1373	0
744	388	-468.1660	0	52403.9600	0
745	388	-468.1683	0	52403.6016	0
746	388	-468.1668	0	52403.1716	0
747	388	-468.1755	0	52403.1113	0
748	388	-468.2016	0	52402.9909	0
749	388	-468.2234	0	52402.6449	0
750	388	-468.2422	0	52402.4156	0
751	388	-468.2585	0	52402.5344	0
752	388	-468.2458	0	52402.5956	0
753	388	-468.2329	0	52402.5237	0
754	388	-468.2170	0	52402.3023	0
755	388	-468.2227	0	52402.2197	0
756	388	-468.2391	0	52402.0857	0
757	388	-468.2440	0	52402.2462	0
758	388	-468.2461	0	52402.2104	0
759	388	-468.2893	0	52402.0827	0
760	388	-468.3179	0	52402.0354	0
761	388	-468.3409	0	52402.0156	0
762	388	-468.3233	0	52401.9190	0
763	388	-468.3045	0	52401.6814	0
764	388	-468.2856	0	52401.3909	0
765	388	-468.2987	0	52401.3825	0
766	388	-468.3174	0	52401.2755	0
767	388	-468.3128	0	52401.0329	0
768	388	-468.3156	0	52401.0487	0
769	388	-468.3529	0	52400.8371	0
770	388	-468.3455	0	52400.6644	0
771	388	-468.3540	0	52400.2777	0
772	388	-468.3260	0	52399.4957	0
773	388	-468.3168	0	52399.2046	0
774	388	-468.3149	0	52399.1025	0
775	388	-468.3121	0	52398.9644	0
776	388	-468.3155	0	52398.6969	0
777	388	-468.3539	0	52398.2557	0
778	388	-468.3729	0	52398.2078	0
779	388	-468.3893	0	52397.9705	0
780	388	-468.3841	0	52397.7791	0
781	388	-468.3697	0	52397.4911	0
782	388	-468.3504	0	52397.1650	0
783	388	-468.3399	0	52396.9379	0
784	388	-468.3538	0	52396.8531	0
785	388	-468.3514	0	52396.6025	0
786	388	-468.3712	0	52396.2718	0
787	388	-468.3962	0	52396.1507	0
788	388	-468.3977	0	52395.8785	0
789	388	-468.4092	0	52395.6632	0
790	388	-468.4031	0	52395.4742	0
791	388	-468.3794	0	52395.0584	0
792	388	-468.3758	0	52395.0265	0
793	388	-468.3853	0	52394.7791	0
794	388	-468.3714	0	52394.5802	0
795	388	-468.3984	0	52394.1298	0
796	388	-468.4085	0	52393.9717	0
797	388	-468.4123	0	52393.9197	0
798	388	-468.4071	0	52393.7866	0
799	388	-468.3840	0	52393.7542	0
800	388	-468.3710	0	52393.3770	0
801	388	-468.3321	0	52393.2506	0
802	388	-468.3342	0	52393.0795	0
803	388	-468.3505	0	52392.8942	0
804	388	-468.3493	0	52392.7062	0
805	388	-468.3770	0	52392.5021	0
806	388	-468.3782	0	52392.5644	0
807	388	-468.3758	0	52392.5975	0
808	388	-468.3697	0	52392.4895	0
809	388	-468.3538	0	52392.2028	0
810	388	-468.3475	0	52392.1023	0
811	388	-468.3522	0	52392.0672	0
812	388	-468.3564	0	52392.0568	0
813	388	-468.3823	0	52391.7929	0
814	388	-468.4102	0	52391.6885	0
815	388	-468.4058	0	52391.6636	0
816	388	-468.4038	0	52391.6566	0
817	388	-468.4030	0	52391.6617	0
818	388	-468.3898	0	52391.4102	0
819	388	-468.3812	0	52391.1852	0
820	388	-468.3870	0	52391.2373	0
821	388	-468.4069	0	52391.1200	0
822	388	-468.4252	0	52390.9470	0
823	388	-468.4504	0	52390.8785	0
824	388	-468.4768	0	52390.8491	0
825	388	-468.4882	0	52390.9752	0
826	388	-468.4823	0	52390.8979	0
827	388	-468.4670	0	52390.6120	0
828	388	-468.4486	0	52390.2392	0
829	388	-468.4400	0	52390.1043	0
830	388	-468.4409	0	52390.0578	0
831	388	-468.4502	0	52389.9047	0
832	388	-468.4438	0	52389.7205	0
833	388	-468.4424	0	52389.7906	0
834	388	-468.4328	0	52389.6912	0
835	388	-468.3957	0	52389.8039	0
836	388	-468.3669	0	52389.5853	0
837	388	-468.3250	0	52389.2431	0
838	388	-468.3052	0	52388.9797	0
839	388	-468.2725	0	52389.0370	0
840	388	-468.2618	0	52388.7844	0
841	388	-468.2368	0	52388.2817	0
842	388	-468.2394	0	52388.0940	0
843	388	-468.2118	0	52388.1772	0
844	388	-468.1900	0	52388.0840	0
845	388	-468.1521	0	52387.7824	0
846	388	-468.1039	0	52387.3996	0
847	388	-468.0803	0	52387.1198	0
848	388	-468.0675	0	52386.8789	0
849	388	-468.0532	0	52386.9458	0
850	388	-468.0291	0	52386.6941	0
851	388	-468.0221	0	52386.7525	0
852	388	-468.0045	0	52386.6435	0
853	388	-467.9687	0	52386.4708	0
854	388	-467.9104	0	52386.4301	0
855	388	-467.8542	0	52385.8459	0
856	388	-467.8170	0	52385.7853	0
857	388	-467.7760	0	52385.6317	0
858	388	-467.7433	0	52385.2883	0
859	388	-467.6803	0	52384.8849	0
860	388	-467.6717	0	52384.7357	0
861	388	-467.6659	0	52384.3853	0
862	388	-467.6028	0	52384.2846	0
863	388	-467.5532	0	52383.8021	0
864	388	-467.4515	0	52383.1942	0
865	388	-467.3920	0	52382.9826	0
866	388	-467.3501	0	52382.9226	0
867	388	-467.3101	0	52382.7627	0
868	388	-467.2700	0	52382.2480	0
869	388	-467.2501	0	52382.0677	0
870	388	-467.2219	0	52382.0169	0
871	388	-467.1772	0	52381.8626	0
872	388	-467.0993	0	52381.8360	0
873	388	-467.0448	0	52381.5237	0
874	388	-466.9764	0	52381.2737	0
875	388	-466.9051	0	52381.0416	0
876	388	-466.8614	0	52380.9720	0
877	388	-466.8285	0	52380.6328	0
878	388	-466.8232	0	52380.3441	0
879	388	-466.8027	0	52380.4188	0
880	388	-466.7359	0	52380.4782	0
881	388	-466.6862	0	52380.5207	0
882	388	-466.6141	0	52380.0637	0
883	388	-466.5557	0	52379.7468	0
884	388	-466.5037	0	52379.4789	0
885	388	-466.4556	0	52379.2242	0
886	388	-466.4366	0	52379.1401	0
887	388	-466.4252	0	52378.7801	0
888	388	-466.4018	0	52378.4864	0
889	388	-466.3586	0	52378.2252	0
890	388	-466.3245	0	52377.9684	0
891	388	-466.2725	0	52377.3760	0
892	388	-466.2454	0	52376.8140	0
893	388	-466.1868	0	52376.4513	0
894	388	-466.1687	0	52376.3216	0
895	388	-466.1696	0	52376.1032	0
896	388	-466.1794	0	52375.8474	0
897	388	-466.1578	0	52375.7763	0
898	388	-466.1242	0	52375.7652	0
899	388	-466.0812	0	52375.6096	0
900	388	-466.0544	0	52375.3813	0
901	388	-466.0187	0	52374.9443	0
902	388	-465.9848	0	52374.8003	0
903	388	-465.9656	0	52374.5714	0
904	388	-465.9590	0	52374.1234	0
905	388	-465.9504	0	52373.9679	0
906	388	-465.9564	0	52373.7287	0
907	388	-465.9328	0	52373.6554	0
908	388	-465.9183	0	52373.6428	0
909	388	-465.8735	0	52373.0977	0
910	388	-465.7875	0	52372.9239	0
911	388	-465.7089	0	52372.3129	0
912	388	-465.6402	0	52371.9152	0
913	388	-465.5988	0	52371.3801	0
914	388	-465.6086	0	52370.9899	0
916	388	-465.5009	0	52369.1561	0
917	388	-465.4445	0	52368.5729	0
918	388	-465.3742	0	52368.4171	0
919	388	-465.3571	0	52368.5808	0
920	388	-465.3227	0	52368.2560	0
921	388	-465.3003	0	52367.9455	0
924	388	-465.2533	0	52367.2981	1
925	388	-465.2574	0	52367.0449	1
926	388	-465.2148	0	52366.9782	1
927	388	-465.1746	0	52366.9788	1
928	388	-465.1246	0	52366.7967	1
929	388	-465.0984	0	52366.3066	1
930	388	-465.0481	0	52366.1562	1
931	388	-465.0110	0	52366.1161	1
932	388	-464.9876	0	52365.9005	1
933	388	-464.9636	0	52365.6216	1
934	388	-464.9441	0	52365.7520	1
935	388	-464.9250	0	52366.0256	1
936	388	-464.9033	0	52365.9347	1
937	388	-464.8533	0	52365.7039	1
938	388	-464.8031	0	52365.2062	1
939	388	-464.7631	0	52365.0301	1
940	388	-464.7003	0	52364.5533	1
941	388	-464.6716	0	52364.6062	1
942	388	-464.6704	0	52364.4044	1
943	388	-464.6820	0	52364.5542	1
944	388	-464.6617	0	52364.6295	1
945	388	-464.6479	0	52364.6678	1
946	388	-464.5956	0	52364.7075	1
947	388	-464.5476	0	52364.3035	1
948	388	-464.5072	0	52364.1620	1
949	388	-464.4558	0	52363.9070	1
950	388	-464.4540	0	52364.0314	1
951	388	-464.4485	0	52363.6353	1
952	388	-464.4766	0	52363.9252	1
953	388	-464.4916	0	52364.4834	1
954	388	-464.4962	0	52364.6986	1
955	388	-464.4700	0	52364.7940	1
956	388	-464.4176	0	52364.6280	1
957	388	-464.4116	0	52364.7784	1
958	388	-464.3953	0	52364.6286	1
959	388	-464.3757	0	52364.3491	1
960	388	-464.3753	0	52364.0213	1
961	388	-464.3714	0	52363.8973	1
962	388	-464.3868	0	52363.8448	1
963	388	-464.3632	0	52363.8459	1
964	388	-464.3378	0	52363.6302	1
965	388	-464.3049	0	52363.3344	1
966	388	-464.2814	0	52362.7837	1
967	388	-464.2705	0	52362.5728	1
968	388	-464.2241	0	52362.2938	1
969	388	-464.2059	0	52362.1933	1
970	388	-464.1758	0	52362.1734	1
971	388	-464.1666	0	52361.9401	1
972	388	-464.1350	0	52361.8680	1
973	388	-464.0953	0	52361.8603	1
974	388	-464.0609	0	52361.6392	1
975	388	-464.0174	0	52361.8076	1
976	388	-464.0026	0	52361.8778	1
977	388	-463.9754	0	52361.9243	1
978	388	-463.9548	0	52361.4794	1
979	388	-463.9253	0	52361.3258	1
980	388	-463.9171	0	52361.2703	1
981	388	-463.9131	0	52361.2564	1
982	388	-463.8999	0	52361.4962	1
983	388	-463.8805	0	52361.3592	1
984	388	-463.8406	0	52360.8569	1
985	388	-463.8240	0	52360.6702	1
986	388	-463.8037	0	52360.3753	1
987	388	-463.7976	0	52360.2700	1
988	388	-463.8008	0	52359.9888	1
989	388	-463.7835	0	52359.9011	1
990	388	-463.7794	0	52359.6280	1
991	388	-463.7764	0	52359.5325	1
992	388	-463.7212	0	52358.7997	1
993	388	-463.6652	0	52358.0471	1
994	388	-463.6618	0	52358.0120	1
995	388	-463.6623	0	52358.0123	1
996	388	-463.6484	0	52357.7807	1
997	388	-463.6299	0	52357.4575	1
998	388	-463.6293	0	52356.8360	1
999	388	-463.6279	0	52356.6128	1
1000	388	-463.5946	0	52356.8077	1
1001	388	-463.5623	0	52356.6480	1
1002	388	-463.5526	0	52356.3472	1
1003	388	-463.5266	0	52355.9942	1
1004	388	-463.4848	0	52356.1402	1
1005	388	-463.4496	0	52355.9569	1
1006	388	-463.4400	0	52355.8997	1
1008	388	-463.4037	0	52355.5749	0
1009	388	-463.3907	0	52355.5195	0
1010	388	-463.3581	0	52355.5216	0
1011	388	-463.3198	0	52355.2824	0
1012	388	-463.2669	0	52354.6991	0
1013	388	-463.2202	0	52354.4984	0
1014	388	-463.1956	0	52354.4368	0
1015	388	-463.1695	0	52354.1699	0
1016	388	-463.1432	0	52353.8160	0
1017	388	-463.1493	0	52353.6866	0
1018	388	-463.1203	0	52353.6613	0
1019	388	-463.0823	0	52353.6733	0
1020	388	-463.0354	0	52353.1683	0
1021	388	-463.0191	0	52352.9861	0
1022	388	-463.0030	0	52353.1992	0
1023	388	-462.9771	0	52353.0347	0
1024	388	-462.9666	0	52352.9747	0
1025	388	-462.9475	0	52352.4264	0
1026	388	-462.9440	0	52352.2220	0
1027	388	-462.9447	0	52352.1536	0
1028	388	-462.9712	0	52352.1238	0
1029	388	-462.9351	0	52351.8701	0
1030	388	-462.9063	0	52351.2331	0
1031	388	-462.8753	0	52351.0116	0
1032	388	-462.8639	0	52350.9388	0
1033	388	-462.8463	0	52350.3633	0
1034	388	-462.8462	0	52350.1522	0
1035	388	-462.8142	0	52349.5389	0
1036	388	-462.8322	0	52349.2980	0
1037	388	-462.8278	0	52349.5125	0
1038	388	-462.7861	0	52349.0536	0
1039	388	-462.7499	0	52348.6058	0
1040	388	-462.7113	0	52348.1757	0
1041	388	-462.7335	0	52348.8730	0
1042	388	-462.7700	0	52349.4085	0
1043	388	-462.7333	0	52348.5031	0
1044	388	-462.7062	0	52347.5862	0
1045	388	-462.6691	0	52347.2636	0
1046	388	-462.6728	0	52347.4399	0
1047	388	-462.6252	0	52347.2481	0
1048	388	-462.5839	0	52346.8992	0
1049	388	-462.5703	0	52346.7786	0
1050	388	-462.5443	0	52346.4589	0
1051	388	-462.5558	0	52346.3310	0
1052	388	-462.5189	0	52346.0190	0
1053	388	-462.4998	0	52346.2131	0
1054	388	-462.5103	0	52346.5818	0
1055	388	-462.4924	0	52346.1512	0
1056	388	-462.4565	0	52345.9992	0
1057	388	-462.4131	0	52345.9674	0
1058	388	-462.3798	0	52345.0706	0
1059	388	-462.3608	0	52345.0423	0
1060	388	-462.3226	0	52344.7516	0
1061	388	-462.2858	0	52344.3597	0
1062	388	-462.2707	0	52344.2181	0
1063	388	-462.2636	0	52344.1711	0
1064	388	-462.2557	0	52344.1725	0
1065	388	-462.1732	0	52343.9143	0
1066	388	-462.1578	0	52344.1241	0
1067	388	-462.0780	0	52343.9416	0
1068	388	-462.0460	0	52343.8796	0
1069	388	-461.9892	0	52343.5774	0
1070	388	-461.9720	0	52343.4688	0
1071	388	-461.9958	0	52343.1021	0
1072	388	-462.0006	0	52342.9753	0
1073	388	-461.9744	0	52342.9545	0
1074	388	-461.9620	0	52342.9485	0
1075	388	-461.9260	0	52342.9746	0
1076	388	-461.8798	0	52342.6930	0
1077	388	-461.8133	0	52342.3040	0
1078	388	-461.7893	0	52342.1577	0
1079	388	-461.7817	0	52342.1148	0
1080	388	-461.8063	0	52342.0842	0
1081	388	-461.8135	0	52341.7639	0
1082	388	-461.8141	0	52341.6537	0
1083	388	-461.8189	0	52341.6118	0
1084	388	-461.7716	0	52341.3128	0
1085	388	-461.7538	0	52340.8727	0
1086	388	-461.7783	0	52340.7031	0
1087	388	-461.8086	0	52340.9640	0
1088	388	-461.7986	0	52340.7504	0
1089	388	-461.7734	0	52340.0441	0
1090	388	-461.8147	0	52339.7510	0
1091	388	-461.8485	0	52339.9557	0
1092	388	-461.8399	0	52340.0616	0
1093	388	-461.8156	0	52339.7935	0
1094	388	-461.7644	0	52338.7200	0
1095	388	-461.7717	0	52338.6456	0
1096	388	-461.7989	0	52339.2763	0
1097	388	-461.8378	0	52339.1779	0
1098	388	-461.8822	0	52339.1267	0
1099	388	-461.8820	0	52338.4642	0
1100	388	-461.8836	0	52338.5431	0
1101	388	-461.8924	0	52338.2445	0
1102	388	-461.8964	0	52338.1426	0
1103	388	-461.8975	0	52338.1015	0
1104	388	-461.8977	0	52337.7581	0
1105	388	-461.8977	0	52337.9709	0
1106	388	-461.9299	0	52338.0451	0
1107	388	-461.9415	0	52337.7372	0
1108	388	-461.9766	0	52337.6101	0
1109	388	-461.9895	0	52337.5661	0
1110	388	-461.9521	0	52336.8965	0
1111	388	-461.9713	0	52336.6322	0
1112	388	-461.9786	0	52336.1868	0
1113	388	-462.0024	0	52336.3641	0
1114	388	-461.9897	0	52336.1138	0
1115	388	-461.9896	0	52336.0154	0
1116	388	-462.0515	0	52335.9548	0
1117	388	-462.0538	0	52335.2524	0
1118	388	-462.0863	0	52334.9776	0
1119	388	-462.0774	0	52334.5362	0
1120	388	-462.1028	0	52334.3676	0
1121	388	-462.0935	0	52333.6072	0
1122	388	-462.1118	0	52334.0323	0
1123	388	-462.1031	0	52333.8608	0
1124	388	-462.1318	0	52333.4233	0
1125	388	-462.1426	0	52333.2765	0
1126	388	-462.1793	0	52332.8453	0
1127	388	-462.1693	0	52332.3446	0
1128	388	-462.2012	0	52332.4998	0
1129	388	-462.2168	0	52332.5664	0
1130	388	-462.2542	0	52332.5834	0
1131	388	-462.2199	0	52331.9018	0
1132	388	-462.2381	0	52331.6322	0
1133	388	-462.2524	0	52331.1663	0
1134	388	-462.2609	0	52330.9982	0
1135	388	-462.2942	0	52330.9267	0
1136	388	-462.3106	0	52330.5427	0
1137	388	-462.2956	0	52330.0452	0
1138	388	-462.3195	0	52329.8497	0
1139	388	-462.3482	0	52330.1395	0
1140	388	-462.3787	0	52330.2583	0
1141	388	-462.3649	0	52329.9450	0
1142	388	-462.3346	0	52329.8554	0
1143	388	-462.3509	0	52329.8095	0
1144	388	-462.3591	0	52329.4135	0
1145	388	-462.3609	0	52329.2736	0
1146	388	-462.3680	0	52328.8505	0
1147	388	-462.3725	0	52329.0708	0
1148	388	-462.3746	0	52329.1657	0
1149	388	-462.3772	0	52328.8257	0
1150	388	-462.3780	0	52328.7038	0
1151	388	-462.4070	0	52328.6413	0
1152	388	-462.3947	0	52328.2641	0
1153	388	-462.4131	0	52327.7252	0
1154	388	-462.3930	0	52327.5407	0
1155	388	-462.3947	0	52327.0972	0
1156	388	-462.4280	0	52327.3049	0
1157	388	-462.4401	0	52327.3853	0
1158	388	-462.4245	0	52326.6585	0
1159	388	-462.4401	0	52326.7719	0
1160	388	-462.4444	0	52326.8160	0
1161	388	-462.4248	0	52326.4709	0
1162	388	-462.3958	0	52325.9572	0
1163	388	-462.4082	0	52326.1659	0
1164	388	-462.4334	0	52326.6200	0
1165	388	-462.4501	0	52326.7902	0
1166	388	-462.4341	0	52326.0867	0
1167	388	-462.4268	0	52325.8304	0
1168	388	-462.4150	0	52325.7443	0
1169	388	-462.4099	0	52325.7113	0
1170	388	-462.4155	0	52325.7019	0
1171	388	-462.3960	0	52324.9249	0
1172	388	-462.4094	0	52325.0284	0
1173	388	-462.3912	0	52324.6848	0
1174	388	-462.3789	0	52324.5617	0
1175	388	-462.3495	0	52324.1395	0
1176	388	-462.3069	0	52323.6037	0
1177	388	-462.2910	0	52323.4125	0
1178	388	-462.2854	0	52323.3431	0
1179	388	-462.2531	0	52323.3425	0
1180	388	-462.2229	0	52322.9614	0
1181	388	-462.2101	0	52322.4131	0
1182	388	-462.2048	0	52322.2171	0
1183	388	-462.2028	0	52322.1450	0
1184	388	-462.2026	0	52322.1358	0
1185	388	-462.1719	0	52322.1615	0
1186	388	-462.1634	0	52322.1695	0
1187	388	-462.1324	0	52321.7907	0
1188	388	-462.1471	0	52322.4612	0
1189	388	-462.1292	0	52322.3200	0
1190	388	-462.0890	0	52322.2960	0
1191	388	-462.0930	0	52322.6911	0
1192	388	-462.0402	0	52322.4630	0
1193	388	-462.0163	0	52322.3843	0
1194	388	-461.9713	0	52321.9622	0
1195	388	-461.9226	0	52321.8326	0
1196	388	-461.8824	0	52321.3831	0
1197	388	-461.8698	0	52321.2132	0
1198	388	-461.8631	0	52321.5797	0
1199	388	-461.8293	0	52321.3156	0
1200	388	-461.8190	0	52321.2249	0
1201	388	-461.7824	0	52321.2209	0
1202	388	-461.7659	0	52321.6360	0
1203	388	-461.7365	0	52321.3989	0
1204	388	-461.6909	0	52321.3300	0
1205	388	-461.6498	0	52321.3200	0
1206	388	-461.6362	0	52321.3184	0
1207	388	-461.6348	0	52321.3278	0
1208	388	-461.6376	0	52321.3286	0
1209	388	-461.6301	0	52321.7431	0
1210	388	-461.6291	0	52321.9035	0
1211	388	-461.6023	0	52321.9833	0
1212	388	-461.5875	0	52322.0142	0
1213	388	-461.5488	0	52321.6243	0
1214	388	-461.4745	0	52321.1087	0
1215	388	-461.4472	0	52320.9013	0
1216	388	-461.4632	0	52321.2367	0
1217	388	-461.4435	0	52320.5432	0
1218	388	-461.3991	0	52319.8850	0
1219	388	-461.4075	0	52320.4585	0
1220	388	-461.4119	0	52321.1106	0
1221	388	-461.4088	0	52321.3569	0
1222	388	-461.3681	0	52321.0543	0
1223	388	-461.2825	0	52320.5705	0
1224	388	-461.2216	0	52319.5617	0
1225	388	-461.1755	0	52319.1958	0
1226	388	-461.1594	0	52319.0592	0
1227	388	-461.1551	0	52319.0141	0
1228	388	-461.1369	0	52319.0146	0
1229	388	-461.1215	0	52319.0309	0
1231	388	-461.1242	0	52319.0463	0
1232	388	-461.0719	0	52319.1165	0
1236	388	-461.0571	0	52320.3393	0
1237	388	-461.0678	0	52320.4628	0
1238	388	-461.1257	0	52320.8969	0
1239	388	-461.0278	0	52320.3009	0
1240	388	-460.9163	0	52319.6564	0
1241	388	-460.8133	0	52319.0271	0
1242	388	-460.7441	0	52319.2544	0
1243	388	-460.7197	0	52319.7710	0
1244	388	-460.7116	0	52319.9606	0
1245	388	-460.6733	0	52320.0543	0
1246	388	-460.6332	0	52320.5333	0
1247	388	-460.6444	0	52321.1081	0
1248	388	-460.6149	0	52321.7703	0
1249	388	-460.6030	0	52322.0059	0
1250	388	-460.6006	0	52322.9144	0
1251	388	-460.6038	0	52323.2316	0
1252	388	-460.6090	0	52323.3424	0
1253	388	-460.6179	0	52322.9595	0
1254	388	-460.5978	0	52321.9827	0
1255	388	-460.6243	0	52321.5970	0
1256	388	-460.6659	0	52321.4273	0
1257	388	-460.6794	0	52321.3652	0
1258	388	-460.6609	0	52320.9324	0
1259	388	-460.6788	0	52320.7488	0
1260	388	-460.6818	0	52320.2731	0
1261	388	-460.7115	0	52320.0639	0
1262	388	-460.6979	0	52319.5927	0
1263	388	-460.7002	0	52319.3967	0
1264	388	-460.6739	0	52318.9263	0
1265	388	-460.6643	0	52318.7526	0
1266	388	-460.6883	0	52319.1106	0
1267	388	-460.6619	0	52318.8394	0
1268	388	-460.6221	0	52318.3337	0
1269	388	-460.6369	0	52319.0028	0
1270	388	-460.6364	0	52319.2485	0
1271	388	-460.6072	0	52318.9444	0
1272	388	-460.5936	0	52318.8282	0
1273	388	-460.5925	0	52318.7846	0
1274	388	-460.5672	0	52319.2245	0
1275	388	-460.5842	0	52319.8076	0
1276	388	-460.5905	0	52321.2876	0
1277	388	-460.6157	0	52322.2450	0
1278	388	-460.6493	0	52323.8040	0
1279	388	-460.6901	0	52325.1571	0
1280	388	-460.7315	0	52327.5755	0
1281	388	-460.7793	0	52329.5895	0
1282	388	-460.7980	0	52330.3029	0
1283	388	-460.8617	0	52331.2450	0
1284	388	-460.9031	0	52332.2915	0
1285	388	-460.9155	0	52333.0116	0
1286	388	-460.8658	0	52332.9270	0
1287	388	-460.8154	0	52332.1351	0
1288	388	-460.7936	0	52332.1899	0
1289	388	-460.7575	0	52332.5688	0
1290	388	-460.7129	0	52332.3350	0
1291	388	-460.7022	0	52332.2410	0
1295	388	-460.5291	0	52330.2007	0
1296	388	-460.5068	0	52330.3010	0
1297	388	-460.5194	0	52331.0549	0
1300	388	-460.4080	0	52330.6799	0
1301	388	-460.3596	0	52329.8655	0
1302	388	-460.3504	0	52329.2041	0
1305	388	-459.8948	0	52324.0911	0
1306	388	-459.6836	0	52321.6241	0
1307	388	-459.6416	0	52321.1773	0
1308	388	-459.6920	0	52321.8208	0
1309	388	-459.6907	0	52322.1088	0
1310	388	-459.7160	0	52322.2451	0
1311	388	-459.6880	0	52321.9054	0
1312	388	-459.6845	0	52321.7861	0
1313	388	-459.6539	0	52321.3614	0
1314	388	-459.6172	0	52321.6597	0
1315	388	-459.6116	0	52321.7830	0
1316	388	-459.5806	0	52321.4303	0
1317	388	-459.5372	0	52320.4769	0
1318	388	-459.5240	0	52320.1345	0
1319	388	-459.4980	0	52319.6076	0
1320	388	-459.4956	0	52318.9788	0
1321	388	-459.4691	0	52317.8877	0
1322	388	-459.5553	0	52315.6043	0
1323	388	-459.6219	0	52315.2256	0
1324	388	-459.6499	0	52315.5752	0
1325	388	-459.6520	0	52314.8166	0
1331	388	-459.5368	0	52311.1863	0
1332	388	-459.4911	0	52310.5515	0
1333	388	-459.4864	0	52308.8534	0
1334	388	-459.4430	0	52307.7860	0
1335	388	-459.4382	0	52308.8631	0
1336	388	-459.4383	0	52309.3361	0
1338	388	-459.4616	0	52308.3427	0
1339	388	-459.4184	0	52306.2001	0
1340	388	-459.3774	0	52306.4351	0
1341	388	-459.4298	0	52307.0081	0
1342	388	-459.4166	0	52307.2662	0
1343	388	-459.4050	0	52306.8953	0
1344	388	-459.3831	0	52307.2873	0
1345	388	-459.3753	0	52307.4583	0
1346	388	-459.3763	0	52308.0276	0
1347	388	-459.3812	0	52308.2472	0
1348	388	-459.3749	0	52308.3527	0
1349	388	-459.4078	0	52308.3663	0
1350	388	-459.4191	0	52308.3674	0
1351	388	-459.4318	0	52308.8659	0
1352	388	-459.4363	0	52309.0471	0
1353	388	-459.4699	0	52309.5955	0
1354	388	-459.4422	0	52308.8459	0
1355	388	-459.3856	0	52308.1117	0
1356	388	-459.3230	0	52306.8761	0
1357	388	-459.2886	0	52305.9087	0
1358	388	-459.3136	0	52306.5177	0
1359	388	-459.3210	0	52306.7553	0
1360	388	-459.3707	0	52308.3079	0
1361	388	-459.3892	0	52308.8969	0
1362	388	-459.4357	0	52309.5726	0
1363	388	-459.3712	0	52308.4182	0
1364	388	-459.3093	0	52307.5044	0
1365	388	-459.2100	0	52306.1966	0
1366	388	-459.2155	0	52306.6996	0
1367	388	-459.1858	0	52306.9127	0
1368	388	-459.1601	0	52306.0012	0
1369	388	-459.1525	0	52305.6623	0
1370	388	-459.1927	0	52306.5237	0
1371	388	-459.2503	0	52307.3070	0
1372	388	-459.2398	0	52307.6504	0
1373	388	-459.1970	0	52306.7985	0
1374	388	-459.2160	0	52306.4551	0
1375	388	-459.1804	0	52305.8595	0
1376	388	-459.1687	0	52305.1187	0
1377	388	-459.2013	0	52305.3417	0
1378	388	-459.2369	0	52305.4082	0
1379	388	-459.2363	0	52305.9427	0
1380	388	-459.2374	0	52306.1551	0
1381	388	-459.2329	0	52306.7469	0
1382	388	-459.2412	0	52307.4577	0
1383	388	-459.2144	0	52307.2557	0
1384	388	-459.2296	0	52307.1520	0
1385	388	-459.2408	0	52307.1090	0
1386	388	-459.2396	0	52306.5947	0
1387	388	-459.2727	0	52306.3744	0
1388	388	-459.2901	0	52306.2934	0
1389	388	-459.2930	0	52305.7559	0
1390	388	-459.3373	0	52306.5455	0
1391	388	-459.3066	0	52306.3602	0
1392	388	-459.2940	0	52306.3010	0
1393	388	-459.3190	0	52306.7499	0
1394	388	-459.3573	0	52307.3931	0
1395	388	-459.3901	0	52307.6301	0
1396	388	-459.4675	0	52308.1572	0
1397	388	-459.5623	0	52308.8017	0
1398	388	-459.5647	0	52308.5689	0
1399	388	-459.5409	0	52308.4873	0
1400	388	-459.5783	0	52308.9227	0
1401	388	-459.6253	0	52309.0412	0
1402	388	-459.6788	0	52309.0626	0
1403	388	-459.6991	0	52309.5444	0
1404	388	-459.7045	0	52309.7261	0
1405	388	-459.7733	0	52310.2280	0
1406	388	-459.8027	0	52310.3999	0
1407	388	-459.8153	0	52310.4544	0
1408	388	-459.8953	0	52311.8373	0
1409	388	-459.9313	0	52312.8177	0
1410	388	-459.9748	0	52312.6684	0
1411	388	-460.0207	0	52312.1173	0
1412	388	-460.0413	0	52311.9017	0
1413	388	-460.0856	0	52311.3068	0
1414	388	-460.1050	0	52311.0702	0
1415	388	-460.1144	0	52310.9812	0
1416	388	-460.1541	0	52311.3926	0
1417	388	-460.2037	0	52311.5137	0
1418	388	-460.2285	0	52311.5614	0
1419	388	-460.2772	0	52312.0058	0
1420	388	-460.3274	0	52312.1499	0
1421	388	-460.4145	0	52313.0943	0
1422	388	-460.4356	0	52312.5193	0
1423	388	-460.4799	0	52312.7324	0
1424	388	-460.5305	0	52312.7851	0
1425	388	-460.5823	0	52313.2315	0
1426	388	-460.6065	0	52313.3996	0
1427	388	-460.6145	0	52313.4479	0
1428	388	-460.6113	0	52312.9988	0
1429	388	-460.6072	0	52311.8953	0
1430	388	-460.5959	0	52311.4715	0
1431	388	-460.6222	0	52311.2979	0
1432	388	-460.6391	0	52311.7022	0
1433	388	-460.6860	0	52312.7575	0
1434	388	-460.7401	0	52313.6138	0
1435	388	-460.7616	0	52313.9094	0
1436	388	-460.7676	0	52312.1419	0
1437	388	-460.7679	0	52311.4863	0
1438	388	-460.7932	0	52311.6896	0
1439	388	-460.8314	0	52311.7449	0
1440	388	-460.8144	0	52312.2671	0
1441	388	-460.8281	0	52312.4510	0
1442	388	-460.8314	0	52312.0564	0
1443	388	-460.8578	0	52312.3449	0
1444	388	-460.8407	0	52312.0227	0
1445	388	-460.8681	0	52313.2505	0
1446	388	-460.9197	0	52314.1431	0
1447	388	-460.9360	0	52314.0183	0
1448	388	-460.9751	0	52313.4974	0
1449	388	-460.9904	0	52312.8316	0
1450	388	-461.0264	0	52313.0045	0
1451	388	-461.0403	0	52313.5361	0
1452	388	-461.0519	0	52314.1874	0
1453	388	-461.0869	0	52315.3253	0
1454	388	-461.1034	0	52314.8267	0
1455	388	-461.1126	0	52314.6237	0
1456	388	-461.1423	0	52314.9801	0
1457	388	-461.1930	0	52315.5366	0
1458	388	-461.2381	0	52316.1731	0
1459	388	-461.3213	0	52316.3536	0
1460	388	-461.3303	0	52315.9787	0
1461	388	-461.3678	0	52315.3571	0
1462	388	-461.4153	0	52315.5465	0
1463	388	-461.4336	0	52316.0664	0
1464	388	-461.4677	0	52316.6813	0
1465	388	-461.5076	0	52317.7663	0
1466	388	-461.5040	0	52317.7364	0
1467	388	-461.5614	0	52318.1061	0
1468	388	-461.6093	0	52318.2232	0
1469	388	-461.6298	0	52318.6849	0
1470	388	-461.6744	0	52318.8242	0
1471	388	-461.6922	0	52318.8651	0
1472	388	-461.7352	0	52318.8435	0
1473	388	-461.8059	0	52319.2220	0
1474	388	-461.8298	0	52319.3640	0
1475	388	-461.8354	0	52319.4043	0
1476	388	-461.8343	0	52319.4232	0
1477	388	-461.8629	0	52319.8221	0
1478	388	-461.8438	0	52319.9799	0
1479	388	-461.8612	0	52320.4464	0
1480	388	-461.8977	0	52320.1729	0
1481	388	-461.9230	0	52320.4660	0
1482	388	-461.9906	0	52320.9591	0
1483	388	-462.0501	0	52321.1173	0
1484	388	-462.0757	0	52321.1545	0
1485	388	-462.0877	0	52321.5886	0
1486	388	-462.1816	0	52321.6825	0
1487	388	-462.2134	0	52322.1163	0
1488	388	-462.2242	0	52322.6933	0
1489	388	-462.2102	0	52322.4948	0
1490	388	-462.1847	0	52321.5784	0
1491	388	-462.2007	0	52321.6461	0
1492	388	-462.2300	0	52322.4687	0
1493	388	-462.2722	0	52322.7537	0
1494	388	-462.2998	0	52323.2609	0
1495	388	-462.3200	0	52322.6046	0
1496	388	-462.3258	0	52322.3531	0
1497	388	-462.3486	0	52322.6655	0
1501	388	-462.3561	0	52323.3171	0
1502	388	-462.3530	0	52323.3826	0
1503	388	-462.3514	0	52323.4007	0
1504	388	-462.3717	0	52323.8039	0
1505	388	-462.3980	0	52324.7390	0
1506	388	-462.4326	0	52325.4688	0
1507	388	-462.4747	0	52325.7182	0
1508	388	-462.4671	0	52325.4280	0
1516	388	-462.4339	0	52326.9540	0
1517	388	-462.4585	0	52327.4058	0
1518	388	-462.4836	0	52327.5439	0
1519	388	-462.4973	0	52327.1910	0
1520	388	-462.5327	0	52327.0362	0
1521	388	-462.5507	0	52326.9633	0
1522	388	-462.6143	0	52327.2949	0
1524	388	-462.6016	0	52327.9214	0
1525	388	-462.6353	0	52328.8127	0
1526	388	-462.6369	0	52329.5008	0
1527	388	-462.6318	0	52329.7464	0
1528	388	-462.6466	0	52329.8189	0
1529	388	-462.6503	0	52330.2038	0
1530	388	-462.6773	0	52330.6962	0
1531	388	-462.6864	0	52330.8703	0
1532	388	-462.7095	0	52331.2737	0
1533	388	-462.7252	0	52331.0473	0
1534	388	-462.7526	0	52331.6686	0
1535	388	-462.7539	0	52332.2611	0
1536	388	-462.7270	0	52332.1228	0
1537	388	-462.6981	0	52331.7086	0
1538	388	-462.6844	0	52331.1725	0
1539	388	-462.6759	0	52331.3392	0
1540	388	-462.6717	0	52331.3953	0
1541	388	-462.6933	0	52331.7581	0
1542	388	-462.6783	0	52331.5506	0
1543	388	-462.6751	0	52331.8239	0
1544	388	-462.7256	0	52331.8872	0
1545	388	-462.7420	0	52331.9104	0
1546	388	-462.7369	0	52332.2883	0
1547	388	-462.7343	0	52332.7851	0
1548	388	-462.7337	0	52332.9591	0
1549	388	-462.7340	0	52333.0268	0
1550	388	-462.7539	0	52333.3925	0
1551	388	-462.7095	0	52333.1933	0
1552	388	-462.6920	0	52333.4701	0
1553	388	-462.6868	0	52333.5630	0
1554	388	-462.7150	0	52333.5820	0
1555	388	-462.7239	0	52333.5770	0
1556	388	-462.7454	0	52333.9247	0
1557	388	-462.7371	0	52333.6979	0
1558	388	-462.7352	0	52333.6036	0
1559	388	-462.7364	0	52333.5721	0
1560	388	-462.7508	0	52334.2491	0
1581	388	-462.5723	0	52335.7346	0
1582	388	-462.4905	0	52335.4305	0
1583	388	-462.4605	0	52335.6896	0
1584	388	-462.3794	0	52335.8196	0
