463	406	-465.6795	0	52447.8852	0
464	406	-465.6798	0	52447.8873	0
465	406	-465.6799	0	52447.8881	0
466	406	-465.6799	0	52447.8883	0
467	406	-465.6801	0	52447.8917	0
468	406	-465.6800	0	52447.8912	0
470	406	-465.6802	0	52447.8928	0
471	406	-465.6802	0	52447.8930	0
472	406	-465.6801	0	52447.8931	0
473	406	-465.6801	0	52447.8931	0
474	406	-465.6804	0	52447.8962	0
475	406	-465.6805	0	52447.8973	0
476	406	-465.6805	0	52447.8977	0
477	406	-465.6805	0	52447.8978	0
478	406	-465.6807	0	52447.8993	0
479	406	-465.6806	0	52447.8984	0
480	406	-465.6808	0	52447.8994	0
481	406	-465.6811	0	52447.8997	0
482	406	-465.6812	0	52447.8999	0
483	406	-465.6812	0	52447.8998	0
484	406	-465.6812	0	52447.8999	0
485	406	-465.6812	0	52447.8982	0
486	406	-465.6813	0	52447.8992	0
487	406	-465.6816	0	52447.9009	0
488	406	-465.6819	0	52447.9000	0
489	406	-465.6822	0	52447.8979	0
490	406	-465.6824	0	52447.8956	0
491	406	-465.6822	0	52447.8931	0
492	406	-465.6823	0	52447.8921	0
493	406	-465.6825	0	52447.8917	0
494	406	-465.6824	0	52447.8901	0
495	406	-465.6821	0	52447.8879	0
496	406	-465.6820	0	52447.8855	0
497	406	-465.6820	0	52447.8830	0
498	406	-465.6818	0	52447.8822	0
499	406	-465.6816	0	52447.8803	0
500	406	-465.6816	0	52447.8796	0
501	406	-465.6814	0	52447.8778	0
502	406	-465.6811	0	52447.8740	0
503	406	-465.6810	0	52447.8726	0
504	406	-465.6810	0	52447.8704	0
505	406	-465.6810	0	52447.8696	0
506	406	-465.6805	0	52447.8662	0
507	406	-465.6805	0	52447.8649	0
508	406	-465.6801	0	52447.8630	0
509	406	-465.6797	0	52447.8607	0
510	406	-465.6798	0	52447.8615	0
511	406	-465.6794	0	52447.8604	0
512	406	-465.6792	0	52447.8617	0
513	406	-465.6788	0	52447.8590	0
514	406	-465.6788	0	52447.8597	0
515	406	-465.6787	0	52447.8600	0
516	406	-465.6787	0	52447.8602	0
517	406	-465.6787	0	52447.8586	0
518	406	-465.6787	0	52447.8580	0
519	406	-465.6787	0	52447.8578	0
520	406	-465.6788	0	52447.8578	0
521	406	-465.6788	0	52447.8578	0
522	406	-465.6788	0	52447.8578	0
523	406	-465.6788	0	52447.8561	0
524	406	-465.6789	0	52447.8572	0
525	406	-465.6785	0	52447.8561	0
526	406	-465.6785	0	52447.8556	0
527	406	-465.6786	0	52447.8571	0
528	406	-465.6785	0	52447.8561	0
529	406	-465.6784	0	52447.8540	0
530	406	-465.6784	0	52447.8549	0
531	406	-465.6785	0	52447.8553	0
532	406	-465.6783	0	52447.8555	0
533	406	-465.6783	0	52447.8556	0
534	406	-465.6782	0	52447.8539	0
535	406	-465.6783	0	52447.8550	0
536	406	-465.6782	0	52447.8537	0
546	406	-465.6765	0	52447.8461	0
547	406	-465.6765	0	52447.8459	0
576	406	-465.6778	0	52447.8636	0
577	406	-465.6776	0	52447.8623	0
578	406	-465.6776	0	52447.8618	0
579	406	-465.6776	0	52447.8615	0
580	406	-465.6778	0	52447.8631	0
581	406	-465.6778	0	52447.8637	0
582	406	-465.6778	0	52447.8639	0
583	406	-465.6776	0	52447.8623	0
584	406	-465.6775	0	52447.8617	0
585	406	-465.6775	0	52447.8632	0
586	406	-465.6775	0	52447.8637	0
587	406	-465.6776	0	52447.8656	0
588	406	-465.6778	0	52447.8662	0
589	406	-465.6779	0	52447.8664	0
590	406	-465.6786	0	52447.8696	0
591	406	-465.6790	0	52447.8723	0
592	406	-465.6791	0	52447.8733	0
593	406	-465.6792	0	52447.8753	0
594	406	-465.6795	0	52447.8776	0
595	406	-465.6795	0	52447.8768	0
596	406	-465.6798	0	52447.8797	0
597	406	-465.6799	0	52447.8807	0
598	406	-465.6800	0	52447.8810	0
599	406	-465.6803	0	52447.8826	0
600	406	-465.6804	0	52447.8831	0
601	406	-465.6805	0	52447.8833	0
602	406	-465.6807	0	52447.8849	0
603	406	-465.6806	0	52447.8839	0
604	406	-465.6808	0	52447.8833	0
605	406	-465.6808	0	52447.8831	0
606	406	-465.6811	0	52447.8862	0
607	406	-465.6812	0	52447.8873	0
608	406	-465.6813	0	52447.8877	0
609	406	-465.6813	0	52447.8878	0
610	406	-465.6813	0	52447.8878	0
611	406	-465.6814	0	52447.8893	0
612	406	-465.6816	0	52447.8898	0
613	406	-465.6817	0	52447.8916	0
614	406	-465.6820	0	52447.8937	0
615	406	-465.6821	0	52447.8945	0
616	406	-465.6821	0	52447.8947	0
617	406	-465.6821	0	52447.8948	0
618	406	-465.6821	0	52447.8948	0
619	406	-465.6821	0	52447.8948	0
620	406	-465.6821	0	52447.8947	0
621	406	-465.6821	0	52447.8947	0
622	406	-465.6821	0	52447.8947	0
623	406	-465.6823	0	52447.8961	0
624	406	-465.6822	0	52447.8952	0
625	406	-465.6821	0	52447.8948	0
626	406	-465.6821	0	52447.8946	0
627	406	-465.6821	0	52447.8946	0
628	406	-465.6821	0	52447.8945	0
629	406	-465.6821	0	52447.8945	0
630	406	-465.6821	0	52447.8945	0
631	406	-465.6825	0	52447.8959	0
632	406	-465.6826	0	52447.8964	0
633	406	-465.6826	0	52447.8966	0
634	406	-465.6827	0	52447.8967	0
635	406	-465.6827	0	52447.8967	0
636	406	-465.6829	0	52447.8966	0
637	406	-465.6828	0	52447.8967	0
638	406	-465.6830	0	52447.8982	0
639	406	-465.6832	0	52447.8987	0
640	406	-465.6831	0	52447.8989	0
641	406	-465.6831	0	52447.8974	0
642	406	-465.6826	0	52447.8953	0
643	406	-465.6823	0	52447.8947	0
644	406	-465.6824	0	52447.8959	0
645	406	-465.6825	0	52447.8964	0
646	406	-465.6824	0	52447.8966	0
647	406	-465.6824	0	52447.8967	0
648	406	-465.6826	0	52447.8982	0
649	406	-465.6827	0	52447.8988	0
650	406	-465.6827	0	52447.8990	0
651	406	-465.6825	0	52447.8991	0
652	406	-465.6824	0	52447.8992	0
653	406	-465.6826	0	52447.9007	0
654	406	-465.6827	0	52447.9028	0
655	406	-465.6825	0	52447.9021	0
656	406	-465.6826	0	52447.9033	0
657	406	-465.6825	0	52447.9038	0
658	406	-465.6824	0	52447.9040	0
659	406	-465.6824	0	52447.9040	0
660	406	-465.6825	0	52447.9056	0
661	406	-465.6825	0	52447.9061	0
662	406	-465.6825	0	52447.9063	0
663	406	-465.6827	0	52447.9079	0
664	406	-465.6828	0	52447.9084	0
665	406	-465.6828	0	52447.9086	0
666	406	-465.6828	0	52447.9087	0
667	406	-465.6826	0	52447.9072	0
668	406	-465.6825	0	52447.9066	0
669	406	-465.6825	0	52447.9064	0
670	406	-465.6825	0	52447.9063	0
671	406	-465.6825	0	52447.9062	0
672	406	-465.6826	0	52447.9062	0
673	406	-465.6824	0	52447.9047	0
674	406	-465.6825	0	52447.9056	0
675	406	-465.6825	0	52447.9060	0
676	406	-465.6825	0	52447.9061	0
677	406	-465.6825	0	52447.9046	0
678	406	-465.6825	0	52447.9056	0
679	406	-465.6825	0	52447.9060	0
680	406	-465.6824	0	52447.9046	0
681	406	-465.6824	0	52447.9040	0
682	406	-465.6824	0	52447.9054	0
683	406	-465.6824	0	52447.9044	0
684	406	-465.6824	0	52447.9040	0
685	406	-465.6825	0	52447.9054	0
686	406	-465.6825	0	52447.9044	0
687	406	-465.6825	0	52447.9055	0
688	406	-465.6825	0	52447.9044	0
689	406	-465.6827	0	52447.9054	0
690	406	-465.6826	0	52447.9044	0
691	406	-465.6825	0	52447.9040	0
692	406	-465.6823	0	52447.9023	0
693	406	-465.6822	0	52447.9017	0
694	406	-465.6822	0	52447.9015	0
695	406	-465.6822	0	52447.9014	0
696	406	-465.6824	0	52447.9013	0
697	406	-465.6824	0	52447.9013	0
698	406	-465.6823	0	52447.9014	0
699	406	-465.6823	0	52447.9014	0
700	406	-465.6822	0	52447.9014	0
701	406	-465.6822	0	52447.8999	0
702	406	-465.6822	0	52447.8993	0
703	406	-465.6822	0	52447.8991	0
704	406	-465.6823	0	52447.9006	0
705	406	-465.6825	0	52447.9026	0
706	406	-465.6824	0	52447.9019	0
707	406	-465.6826	0	52447.9031	0
708	406	-465.6829	0	52447.9035	0
709	406	-465.6828	0	52447.9037	0
710	406	-465.6829	0	52447.9037	0
711	406	-465.6827	0	52447.9022	0
712	406	-465.6827	0	52447.9017	0
713	406	-465.6826	0	52447.9014	0
714	406	-465.6826	0	52447.9014	0
715	406	-465.6828	0	52447.9028	0
716	406	-465.6829	0	52447.9034	0
717	406	-465.6830	0	52447.9036	0
718	406	-465.6830	0	52447.9036	0
719	406	-465.6832	0	52447.9036	0
720	406	-465.6833	0	52447.9035	0
721	406	-465.6833	0	52447.9035	0
722	406	-465.6837	0	52447.9049	0
723	406	-465.6835	0	52447.9040	0
724	406	-465.6837	0	52447.9051	0
725	406	-465.6835	0	52447.9041	0
726	406	-465.6836	0	52447.9052	0
727	406	-465.6834	0	52447.9057	0
728	406	-465.6833	0	52447.9043	0
729	406	-465.6831	0	52447.9039	0
730	406	-465.6830	0	52447.9037	0
731	406	-465.6834	0	52447.9050	0
732	406	-465.6835	0	52447.9071	0
733	406	-465.6836	0	52447.9078	0
734	406	-465.6836	0	52447.9081	0
735	406	-465.6836	0	52447.9082	0
736	406	-465.6834	0	52447.9083	0
737	406	-465.6836	0	52447.9082	0
738	406	-465.6836	0	52447.9082	0
739	406	-465.6836	0	52447.9097	0
740	406	-465.6836	0	52447.9103	0
741	406	-465.6835	0	52447.9090	0
742	406	-465.6835	0	52447.9085	0
743	406	-465.6834	0	52447.9083	0
744	406	-465.6834	0	52447.9098	0
745	406	-465.6833	0	52447.9104	0
746	406	-465.6833	0	52447.9090	0
747	406	-465.6833	0	52447.9085	0
748	406	-465.6833	0	52447.9083	0
749	406	-465.6833	0	52447.9082	0
750	406	-465.6835	0	52447.9082	0
751	406	-465.6833	0	52447.9066	0
752	406	-465.6837	0	52447.9075	0
753	406	-465.6836	0	52447.9078	0
754	406	-465.6836	0	52447.9080	0
755	406	-465.6836	0	52447.9096	0
756	406	-465.6840	0	52447.9116	0
757	406	-465.6841	0	52447.9123	0
758	406	-465.6844	0	52447.9140	0
759	406	-465.6847	0	52447.9176	0
760	406	-465.6848	0	52447.9190	0
761	406	-465.6850	0	52447.9194	0
762	406	-465.6849	0	52447.9211	0
763	406	-465.6850	0	52447.9216	0
764	406	-465.6851	0	52447.9218	0
765	406	-465.6851	0	52447.9218	0
766	406	-465.6853	0	52447.9217	0
767	406	-465.6851	0	52447.9202	0
768	406	-465.6850	0	52447.9197	0
769	406	-465.6848	0	52447.9180	0
770	406	-465.6848	0	52447.9158	0
771	406	-465.6849	0	52447.9149	0
772	406	-465.6847	0	52447.9132	0
773	406	-465.6846	0	52447.9125	0
774	406	-465.6846	0	52447.9122	0
775	406	-465.6846	0	52447.9121	0
776	406	-465.6847	0	52447.9122	0
777	406	-465.6845	0	52447.9107	0
778	406	-465.6845	0	52447.9101	0
779	406	-465.6845	0	52447.9099	0
780	406	-465.6848	0	52447.9097	0
781	406	-465.6849	0	52447.9082	0
782	406	-465.6849	0	52447.9076	0
783	406	-465.6847	0	52447.9059	0
784	406	-465.6845	0	52447.9054	0
785	406	-465.6847	0	52447.9066	0
786	406	-465.6845	0	52447.9041	0
787	406	-465.6844	0	52447.9032	0
788	406	-465.6844	0	52447.9028	0
789	406	-465.6842	0	52447.9012	0
790	406	-465.6841	0	52447.9007	0
791	406	-465.6841	0	52447.9005	0
792	406	-465.6846	0	52447.9034	0
793	406	-465.6848	0	52447.9029	0
794	406	-465.6846	0	52447.9013	0
795	406	-465.6844	0	52447.9008	0
796	406	-465.6845	0	52447.8989	0
797	406	-465.6842	0	52447.8968	0
798	406	-465.6845	0	52447.8975	0
799	406	-465.6847	0	52447.8977	0
800	406	-465.6847	0	52447.8978	0
801	406	-465.6849	0	52447.8978	0
802	406	-465.6851	0	52447.8978	0
803	406	-465.6852	0	52447.8962	0
804	406	-465.6857	0	52447.8954	0
805	406	-465.6863	0	52447.8981	0
806	406	-465.6865	0	52447.8976	0
807	406	-465.6869	0	52447.8989	0
808	406	-465.6875	0	52447.9023	0
809	406	-465.6880	0	52447.9035	0
810	406	-465.6883	0	52447.9070	0
811	406	-465.6886	0	52447.9082	0
812	406	-465.6887	0	52447.9055	0
813	406	-465.6888	0	52447.9045	0
814	406	-465.6896	0	52447.9100	0
815	406	-465.6899	0	52447.9120	0
816	406	-465.6901	0	52447.9142	0
817	406	-465.6902	0	52447.9165	0
818	406	-465.6905	0	52447.9172	0
819	406	-465.6902	0	52447.9146	0
820	406	-465.6899	0	52447.9151	0
821	406	-465.6899	0	52447.9168	0
822	406	-465.6898	0	52447.9204	0
823	406	-465.6898	0	52447.9232	0
824	406	-465.6897	0	52447.9258	0
825	406	-465.6898	0	52447.9281	0
826	406	-465.6896	0	52447.9291	0
827	406	-465.6893	0	52447.9294	0
828	406	-465.6890	0	52447.9296	0
829	406	-465.6888	0	52447.9326	0
830	406	-465.6886	0	52447.9366	0
831	406	-465.6883	0	52447.9396	0
836	406	-465.6849	0	52447.9423	0
837	406	-465.6841	0	52447.9425	0
838	406	-465.6834	0	52447.9413	0
839	406	-465.6830	0	52447.9394	0
852	406	-465.6793	0	52447.9353	0
853	406	-465.6789	0	52447.9351	0
854	406	-465.6789	0	52447.9350	0
855	406	-465.6791	0	52447.9350	0
856	406	-465.6790	0	52447.9350	0
857	406	-465.6790	0	52447.9350	0
858	406	-465.6789	0	52447.9320	0
859	406	-465.6786	0	52447.9296	0
860	406	-465.6784	0	52447.9302	0
861	406	-465.6782	0	52447.9290	0
862	406	-465.6773	0	52447.9259	0
863	406	-465.6772	0	52447.9276	0
864	406	-465.6766	0	52447.9240	0
865	406	-465.6758	0	52447.9199	0
866	406	-465.6759	0	52447.9213	0
867	406	-465.6757	0	52447.9204	0
868	406	-465.6760	0	52447.9215	0
869	406	-465.6760	0	52447.9189	0
870	406	-465.6762	0	52447.9179	0
871	406	-465.6763	0	52447.9176	0
872	406	-465.6766	0	52447.9174	0
873	406	-465.6767	0	52447.9158	0
874	406	-465.6770	0	52447.9152	0
875	406	-465.6771	0	52447.9149	0
876	406	-465.6770	0	52447.9119	0
877	406	-465.6769	0	52447.9093	0
878	406	-465.6770	0	52447.9098	0
879	406	-465.6768	0	52447.9054	0
880	406	-465.6761	0	52447.8993	0
881	406	-465.6763	0	52447.9001	0
882	406	-465.6769	0	52447.9018	0
883	406	-465.6771	0	52447.9025	0
884	406	-465.6773	0	52447.9028	0
885	406	-465.6773	0	52447.8998	0
886	406	-465.6776	0	52447.8986	0
887	406	-465.6781	0	52447.8949	0
888	406	-465.6785	0	52447.8950	0
889	406	-465.6789	0	52447.8934	0
890	406	-465.6791	0	52447.8928	0
891	406	-465.6789	0	52447.8895	0
892	406	-465.6787	0	52447.8835	0
