638	437	-465.7659	0	52447.1156	0
639	437	-465.7662	0	52447.1119	0
640	437	-465.7665	0	52447.1049	0
641	437	-465.7667	0	52447.1026	0
642	437	-465.7673	0	52447.0962	0
643	437	-465.7673	0	52447.0996	0
644	437	-465.7672	0	52447.1011	0
645	437	-465.7672	0	52447.1017	0
648	437	-465.7654	0	52447.1096	0
649	437	-465.7653	0	52447.1058	0
659	437	-465.7648	0	52447.1257	0
661	437	-465.7637	0	52447.1221	0
664	437	-465.7632	0	52447.1272	0
665	437	-465.7632	0	52447.1279	0
666	437	-465.7633	0	52447.1279	0
667	437	-465.7635	0	52447.1279	0
668	437	-465.7642	0	52447.1323	0
669	437	-465.7648	0	52447.1336	0
670	437	-465.7652	0	52447.1386	0
671	437	-465.7661	0	52447.1207	0
672	437	-465.7669	0	52447.1089	0
674	437	-465.7679	0	52447.1092	0
675	437	-465.7683	0	52447.1094	0
676	437	-465.7681	0	52447.1098	0
679	437	-465.7683	0	52447.1160	0
680	437	-465.7686	0	52447.1118	0
681	437	-465.7689	0	52447.1248	0
682	437	-465.7694	0	52447.1292	0
683	437	-465.7700	0	52447.1306	0
684	437	-465.7710	0	52447.1207	0
692	437	-465.7719	0	52447.1146	0
696	437	-465.7710	0	52447.1152	0
697	437	-465.7708	0	52447.1154	0
