657	440	-465.7083	0	52448.0988	0
658	440	-465.7084	0	52448.1011	0
659	440	-465.7083	0	52448.0995	0
660	440	-465.7084	0	52448.1001	0
661	440	-465.7085	0	52448.1013	0
662	440	-465.7083	0	52448.1007	0
663	440	-465.7086	0	52448.1015	0
664	440	-465.7085	0	52448.1018	0
665	440	-465.7084	0	52448.1019	0
666	440	-465.7082	0	52448.1009	0
687	440	-465.7077	0	52448.0959	0
688	440	-465.7079	0	52448.0958	0
689	440	-465.7079	0	52448.0958	0
694	440	-465.7083	0	52448.0971	0
695	440	-465.7083	0	52448.0972	0
699	440	-465.7084	0	52448.0973	0
700	440	-465.7081	0	52448.0964	0
701	440	-465.7081	0	52448.0970	0
702	440	-465.7081	0	52448.0962	0
703	440	-465.7081	0	52448.0960	0
704	440	-465.7081	0	52448.0959	0
705	440	-465.7079	0	52448.0959	0
706	440	-465.7080	0	52448.0958	0
707	440	-465.7082	0	52448.0968	0
708	440	-465.7082	0	52448.0971	0
709	440	-465.7082	0	52448.0973	0
710	440	-465.7082	0	52448.0963	0
711	440	-465.7082	0	52448.0980	0
714	440	-465.7080	0	52448.0975	0
718	440	-465.7086	0	52448.0999	0
722	440	-465.7088	0	52448.1016	0
723	440	-465.7085	0	52448.1008	0
724	440	-465.7084	0	52448.1005	0
725	440	-465.7085	0	52448.1014	0
726	440	-465.7086	0	52448.1017	0
727	440	-465.7083	0	52448.1019	0
728	440	-465.7085	0	52448.1029	0
729	440	-465.7085	0	52448.1012	0
730	440	-465.7086	0	52448.1016	0
731	440	-465.7087	0	52448.1017	0
732	440	-465.7087	0	52448.1007	0
733	440	-465.7088	0	52448.1013	0
734	440	-465.7087	0	52448.1026	0
735	440	-465.7087	0	52448.1030	0
736	440	-465.7086	0	52448.1023	0
737	440	-465.7085	0	52448.1019	0
738	440	-465.7085	0	52448.1018	0
739	440	-465.7085	0	52448.1018	0
740	440	-465.7087	0	52448.1017	0
741	440	-465.7088	0	52448.1017	0
742	440	-465.7085	0	52448.1008	0
743	440	-465.7084	0	52448.1004	0
744	440	-465.7085	0	52448.1002	0
745	440	-465.7087	0	52448.1011	0
746	440	-465.7088	0	52448.1014	0
747	440	-465.7088	0	52448.1016	0
748	440	-465.7088	0	52448.1016	0
749	440	-465.7088	0	52448.1016	0
750	440	-465.7088	0	52448.1017	0
751	440	-465.7088	0	52448.1017	0
752	440	-465.7089	0	52448.1036	0
753	440	-465.7090	0	52448.1043	0
754	440	-465.7092	0	52448.1055	0
755	440	-465.7093	0	52448.1079	0
756	440	-465.7093	0	52448.1088	0
757	440	-465.7096	0	52448.1090	0
758	440	-465.7099	0	52448.1100	0
760	440	-465.7101	0	52448.1126	0
761	440	-465.7103	0	52448.1141	0
762	440	-465.7107	0	52448.1164	0
763	440	-465.7110	0	52448.1172	0
764	440	-465.7108	0	52448.1166	0
765	440	-465.7107	0	52448.1163	0
766	440	-465.7107	0	52448.1162	0
767	440	-465.7108	0	52448.1151	0
768	440	-465.7110	0	52448.1156	0
769	440	-465.7107	0	52448.1140	0
770	440	-465.7103	0	52448.1115	0
771	440	-465.7100	0	52448.1086	0
772	440	-465.7104	0	52448.1104	0
773	440	-465.7104	0	52448.1101	0
774	440	-465.7108	0	52448.1108	0
775	440	-465.7112	0	52448.1129	0
776	440	-465.7109	0	52448.1110	0
777	440	-465.7108	0	52448.1103	0
778	440	-465.7111	0	52448.1099	0
779	440	-465.7114	0	52448.1087	0
780	440	-465.7109	0	52448.1056	0
781	440	-465.7110	0	52448.1063	0
782	440	-465.7107	0	52448.1056	0
783	440	-465.7108	0	52448.1054	0
784	440	-465.7112	0	52448.1080	0
785	440	-465.7117	0	52448.1099	0
786	440	-465.7123	0	52448.1133	0
787	440	-465.7123	0	52448.1138	0
788	440	-465.7129	0	52448.1184	0
789	440	-465.7127	0	52448.1166	0
790	440	-465.7123	0	52448.1151	0
791	440	-465.7122	0	52448.1153	0
792	440	-465.7116	0	52448.1137	0
793	440	-465.7107	0	52448.1085	0
794	440	-465.7098	0	52448.1026	0
795	440	-465.7092	0	52448.0985	0
796	440	-465.7089	0	52448.0971	0
801	440	-465.7093	0	52448.0960	0
802	440	-465.7092	0	52448.0952	0
803	440	-465.7100	0	52448.0997	0
804	440	-465.7103	0	52448.1003	0
805	440	-465.7098	0	52448.0969	0
806	440	-465.7096	0	52448.0956	0
807	440	-465.7096	0	52448.0951	0
808	440	-465.7099	0	52448.0969	0
814	440	-465.7096	0	52448.0952	0
815	440	-465.7095	0	52448.0952	0
816	440	-465.7097	0	52448.0951	0
