853	460	-465.7734	0	52448.3414	0
854	460	-465.7734	0	52448.3380	0
855	460	-465.7734	0	52448.3346	0
856	460	-465.7736	0	52448.3331	0
857	460	-465.7735	0	52448.3322	0
858	460	-465.7734	0	52448.3325	0
859	460	-465.7735	0	52448.3291	0
860	460	-465.7736	0	52448.3275	0
861	460	-465.7736	0	52448.3259	0
862	460	-465.7733	0	52448.3255	0
863	460	-465.7731	0	52448.3244	0
864	460	-465.7730	0	52448.3210	0
865	460	-465.7728	0	52448.3194	0
866	460	-465.7726	0	52448.3173	0
867	460	-465.7726	0	52448.3166	0
868	460	-465.7727	0	52448.3159	0
869	460	-465.7728	0	52448.3130	0
870	460	-465.7729	0	52448.3110	0
871	460	-465.7731	0	52448.3102	0
872	460	-465.7729	0	52448.3090	0
873	460	-465.7729	0	52448.3076	0
874	460	-465.7727	0	52448.3045	0
875	460	-465.7725	0	52448.3029	0
876	460	-465.7725	0	52448.3018	0
877	460	-465.7726	0	52448.3003	0
878	460	-465.7728	0	52448.2987	0
879	460	-465.7729	0	52448.2966	0
880	460	-465.7731	0	52448.2947	0
881	460	-465.7733	0	52448.2929	0
882	460	-465.7733	0	52448.2912	0
883	460	-465.7728	0	52448.2924	0
884	460	-465.7727	0	52448.2885	0
885	460	-465.7725	0	52448.2853	0
886	460	-465.7721	0	52448.2843	0
887	460	-465.7715	0	52448.2931	0
888	460	-465.7713	0	52448.2968	0
