310	47	-456.9232	-0.6139	52462.4320	0
311	47	-456.9432	-0.6139	52462.4305	0
312	47	-456.9341	-0.6139	52462.4377	0
313	47	-456.9325	-0.6139	52462.4400	0
314	47	-456.9240	-0.6139	52462.4623	0
315	47	-456.9188	-0.6139	52462.4556	0
316	47	-456.9033	-0.6139	52462.4669	0
317	47	-456.8823	-0.6139	52462.4846	0
318	47	-456.8839	-0.6139	52462.4769	0
319	47	-456.8887	-0.6139	52462.4807	0
320	47	-456.9013	-0.6139	52462.5021	0
321	47	-456.8983	-0.6139	52462.5302	0
322	47	-456.9044	-0.6139	52462.5469	0
323	47	-456.9118	-0.6139	52462.5457	0
353	47	-456.9735	-0.6139	52462.5399	0
354	47	-456.9811	-0.6139	52462.5330	0
355	47	-456.9852	-0.6139	52462.5440	0
356	47	-456.9796	-0.6139	52462.5616	0
357	47	-456.9883	-0.6139	52462.5681	0
358	47	-457.0050	-0.6139	52462.5101	0
359	47	-457.0119	-0.6139	52462.4954	0
360	47	-457.0123	-0.6139	52462.5094	0
361	47	-457.0227	-0.6139	52462.5086	0
362	47	-457.0037	-0.6139	52462.5281	0
363	47	-457.0010	-0.6139	52462.5224	0
364	47	-457.0037	-0.6139	52462.5203	0
365	47	-457.0047	-0.6139	52462.5460	0
366	47	-457.0008	-0.6139	52462.5626	0
367	47	-456.9983	-0.6139	52462.5754	0
368	47	-456.9917	-0.6139	52462.5799	0
369	47	-456.9924	-0.6139	52462.5748	0
370	47	-456.9900	-0.6139	52462.5661	0
371	47	-456.9829	-0.6139	52462.5627	0
372	47	-456.9641	-0.6139	52462.5878	0
373	47	-456.9840	-0.6139	52462.5371	0
374	47	-456.9906	-0.6139	52462.5188	0
375	47	-456.9754	-0.6139	52462.5312	0
376	47	-456.9931	-0.6139	52462.4834	0
377	47	-456.9921	-0.6139	52462.4658	0
378	47	-456.9823	-0.6139	52462.4462	0
379	47	-456.9711	-0.6139	52462.4389	0
380	47	-456.9516	-0.6139	52462.4756	0
381	47	-456.9602	-0.6139	52462.4570	0
382	47	-456.9577	-0.6139	52462.4438	0
383	47	-456.9559	-0.6139	52462.4390	0
384	47	-456.9617	-0.6139	52462.4374	0
385	47	-456.9643	-0.6139	52462.4305	0
386	47	-456.9411	-0.6139	52462.4740	0
387	47	-456.9360	-0.6139	52462.4845	0
388	47	-456.9255	-0.6139	52462.5016	0
389	47	-456.9232	-0.6139	52462.4946	0
390	47	-456.9202	-0.6139	52462.4522	0
391	47	-456.9145	-0.6139	52462.4494	0
392	47	-456.8996	-0.6139	52462.4746	0
393	47	-456.9074	-0.6139	52462.4648	0
394	47	-456.9220	-0.6139	52462.4289	0
395	47	-456.9308	-0.6139	52462.4024	0
396	47	-456.9351	-0.6139	52462.3983	0
397	47	-456.9325	-0.6139	52462.4098	0
398	47	-456.9204	-0.6139	52462.4146	0
399	47	-456.9195	-0.6139	52462.4231	0
400	47	-456.9138	-0.6139	52462.4266	0
401	47	-456.9278	-0.6139	52462.4280	0
405	47	-456.9366	-0.6139	52462.4582	0
406	47	-456.9301	-0.6139	52462.4544	0
407	47	-456.9277	-0.6139	52462.4534	0
408	47	-456.9241	-0.6139	52462.4460	0
409	47	-456.9220	-0.6139	52462.4364	0
410	47	-456.9276	-0.6139	52462.4395	0
411	47	-456.9330	-0.6139	52462.4405	0
412	47	-456.9381	-0.6139	52462.4475	0
413	47	-456.9389	-0.6139	52462.4700	0
414	47	-456.9449	-0.6139	52462.4649	0
415	47	-456.9486	-0.6139	52462.4695	0
416	47	-456.9487	-0.6139	52462.4711	0
417	47	-456.9465	-0.6139	52462.4650	0
418	47	-456.9366	-0.6139	52462.4691	0
419	47	-456.9344	-0.6139	52462.4972	0
420	47	-456.9373	-0.6139	52462.5009	0
421	47	-456.9527	-0.6139	52462.4820	0
422	47	-456.9361	-0.6139	52462.5013	0
423	47	-456.9346	-0.6139	52462.5019	0
424	47	-456.9270	-0.6139	52462.5484	0
425	47	-456.9215	-0.6139	52462.5251	0
426	47	-456.9225	-0.6139	52462.5233	0
427	47	-456.9145	-0.6139	52462.5225	0
428	47	-456.9123	-0.6139	52462.5353	0
429	47	-456.9214	-0.6139	52462.5199	0
430	47	-456.9113	-0.6139	52462.5273	0
434	47	-456.9317	-0.6139	52462.4229	0
435	47	-456.9225	-0.6139	52462.4038	0
436	47	-456.9217	-0.6139	52462.3970	0
437	47	-456.9111	-0.6139	52462.4339	0
438	47	-456.9254	-0.6139	52462.4157	0
439	47	-456.9057	-0.6139	52462.4416	0
440	47	-456.8877	-0.6139	52462.4588	0
441	47	-456.8912	-0.6139	52462.4721	0
442	47	-456.8931	-0.6139	52462.4572	0
473	47	-456.8974	-0.6139	52462.5297	0
474	47	-456.9038	-0.6139	52462.5236	0
475	47	-456.9026	-0.6139	52462.5421	0
476	47	-456.8978	-0.6139	52462.5557	0
480	47	-456.8904	-0.6139	52462.5144	0
481	47	-456.9093	-0.6139	52462.4555	0
482	47	-456.9176	-0.6139	52462.4347	0
483	47	-456.9213	-0.6139	52462.4205	0
484	47	-456.9174	-0.6139	52462.4154	0
485	47	-456.9221	-0.6139	52462.4205	0
486	47	-456.9333	-0.6139	52462.4230	0
487	47	-456.9429	-0.6139	52462.4243	0
488	47	-456.9281	-0.6139	52462.4384	0
489	47	-456.9285	-0.6139	52462.4242	0
490	47	-456.9327	-0.6139	52462.4125	0
491	47	-456.9304	-0.6139	52462.4149	0
492	47	-456.9481	-0.6139	52462.4095	0
493	47	-456.9436	-0.6139	52462.4140	0
494	47	-456.9442	-0.6139	52462.4096	0
495	47	-456.9465	-0.6139	52462.4147	0
496	47	-456.9559	-0.6139	52462.4103	0
497	47	-456.9519	-0.6139	52462.4153	0
498	47	-456.9546	-0.6139	52462.4504	0
499	47	-456.9470	-0.6139	52462.4304	0
500	47	-456.9360	-0.6139	52462.4231	0
501	47	-456.9276	-0.6139	52462.4468	0
502	47	-456.9373	-0.6139	52462.4693	0
503	47	-456.9376	-0.6139	52462.4641	0
504	47	-456.9379	-0.6139	52462.4622	0
505	47	-456.9344	-0.6139	52462.4680	0
506	47	-456.9340	-0.6139	52462.4435	0
507	47	-456.9353	-0.6139	52462.4343	0
519	47	-456.9664	-0.6139	52462.4201	0
520	47	-456.9514	-0.6139	52462.4886	0
521	47	-456.9536	-0.6139	52462.4437	0
522	47	-456.9621	-0.6139	52462.4346	0
523	47	-456.9506	-0.6139	52462.4772	0
524	47	-456.9371	-0.6139	52462.5207	0
525	47	-456.9240	-0.6139	52462.5501	0
526	47	-456.9213	-0.6139	52462.5876	0
527	47	-456.9259	-0.6139	52462.6006	0
