1062	485	-465.6924	0	52448.0504	0
1063	485	-465.6921	0	52448.0470	0
1064	485	-465.6919	0	52448.0473	0
1065	485	-465.6919	0	52448.0461	0
1066	485	-465.6919	0	52448.0458	0
1067	485	-465.6917	0	52448.0421	0
1068	485	-465.6916	0	52448.0396	0
1069	485	-465.6916	0	52448.0376	0
1072	485	-465.6917	0	52448.0289	0
1073	485	-465.6920	0	52448.0264	0
1074	485	-465.6925	0	52448.0267	0
1077	485	-465.6921	0	52448.0179	0
1078	485	-465.6922	0	52448.0167	0
1079	485	-465.6921	0	52448.0164	0
1080	485	-465.6925	0	52448.0174	0
1082	485	-465.6924	0	52448.0109	0
1083	485	-465.6927	0	52448.0095	0
1084	485	-465.6927	0	52448.0079	0
1086	485	-465.6927	0	52448.0026	0
1087	485	-465.6926	0	52448.0004	0
1088	485	-465.6927	0	52447.9995	0
1089	485	-465.6931	0	52448.0005	0
1090	485	-465.6932	0	52447.9996	0
1091	485	-465.6933	0	52447.9980	0
1092	485	-465.6938	0	52447.9987	0
1093	485	-465.6936	0	52447.9965	0
1094	485	-465.6937	0	52447.9970	0
1095	485	-465.6940	0	52447.9984	0
1096	485	-465.6937	0	52447.9965	0
1097	485	-465.6935	0	52447.9934	0
1098	485	-465.6936	0	52447.9908	0
1099	485	-465.6933	0	52447.9874	0
1100	485	-465.6938	0	52447.9886	0
1102	485	-465.6944	0	52447.9872	0
1103	485	-465.6948	0	52447.9842	0
1104	485	-465.6949	0	52447.9818	0
1105	485	-465.6948	0	52447.9838	0
1107	485	-465.6951	0	52447.9782	0
1108	485	-465.6954	0	52447.9771	0
1109	485	-465.6951	0	52447.9689	0
1110	485	-465.6953	0	52447.9656	0
1111	485	-465.6956	0	52447.9630	0
1112	485	-465.6959	0	52447.9648	0
1113	485	-465.6964	0	52447.9655	0
1114	485	-465.6961	0	52447.9632	0
1115	485	-465.6963	0	52447.9637	0
1116	485	-465.6960	0	52447.9614	0
1117	485	-465.6957	0	52447.9579	0
1118	485	-465.6958	0	52447.9565	0
1119	485	-465.6960	0	52447.9560	0
1120	485	-465.6962	0	52447.9544	0
1121	485	-465.6967	0	52447.9523	0
1122	485	-465.6968	0	52447.9502	0
1123	485	-465.6965	0	52447.9468	0
1124	485	-465.6967	0	52447.9469	0
1125	485	-465.6965	0	52447.9442	0
1126	485	-465.6965	0	52447.9418	0
1127	485	-465.6966	0	52447.9395	0
1128	485	-465.6965	0	52447.9387	0
1129	485	-465.6967	0	52447.9398	0
1130	485	-465.6968	0	52447.9389	0
1131	485	-465.6968	0	52447.9342	0
1132	485	-465.6969	0	52447.9325	0
1133	485	-465.6970	0	52447.9304	0
1134	485	-465.6968	0	52447.9283	0
1135	485	-465.6966	0	52447.9261	0
1136	485	-465.6970	0	52447.9282	0
1137	485	-465.6972	0	52447.9275	0
1138	485	-465.6976	0	52447.9316	0
1139	485	-465.6975	0	52447.9304	0
1140	485	-465.6975	0	52447.9269	0
1141	485	-465.6969	0	52447.9155	0
