1183	499	-465.6895	0	52447.2259	0
1184	499	-465.6894	0	52447.2207	0
1185	499	-465.6891	0	52447.2140	0
1186	499	-465.6890	0	52447.2119	0
1187	499	-465.6898	0	52447.2257	0
1188	499	-465.6904	0	52447.2302	0
1189	499	-465.6901	0	52447.2231	0
1190	499	-465.6919	0	52447.2373	0
1191	499	-465.6929	0	52447.2422	0
1192	499	-465.6932	0	52447.2350	0
1193	499	-465.6927	0	52447.2236	0
1194	499	-465.6930	0	52447.2234	0
1195	499	-465.6938	0	52447.2320	0
1196	499	-465.6945	0	52447.2393	0
1197	499	-465.6954	0	52447.2458	0
1198	499	-465.6964	0	52447.2522	0
1199	499	-465.6971	0	52447.2627	0
1200	499	-465.6977	0	52447.2705	0
1201	499	-465.6982	0	52447.2815	0
1202	499	-465.6987	0	52447.2852	0
1203	499	-465.6987	0	52447.2823	0
1204	499	-465.6991	0	52447.2891	0
1205	499	-465.6992	0	52447.2954	0
1206	499	-465.6998	0	52447.2974	0
1207	499	-465.7003	0	52447.2979	0
1208	499	-465.7010	0	52447.3094	0
1209	499	-465.7010	0	52447.3177	0
1210	499	-465.7013	0	52447.3285	0
1211	499	-465.7013	0	52447.3283	0
1212	499	-465.7010	0	52447.3283	0
1213	499	-465.7009	0	52447.3359	0
1214	499	-465.7011	0	52447.3422	0
1215	499	-465.7009	0	52447.3406	0
1216	499	-465.7005	0	52447.3362	0
1217	499	-465.7007	0	52447.3343	0
1218	499	-465.7010	0	52447.3410	0
1219	499	-465.7011	0	52447.3433	0
1220	499	-465.7012	0	52447.3480	0
1221	499	-465.7015	0	52447.3532	0
1222	499	-465.7013	0	52447.3552	0
1223	499	-465.7015	0	52447.3631	0
1224	499	-465.7016	0	52447.3660	0
1225	499	-465.7015	0	52447.3671	0
1226	499	-465.7014	0	52447.3598	0
1227	499	-465.7020	0	52447.3678	0
1228	499	-465.7022	0	52447.3743	0
1229	499	-465.7026	0	52447.3838	0
1230	499	-465.7024	0	52447.3838	0
1231	499	-465.7017	0	52447.3840	0
1232	499	-465.7016	0	52447.3874	0
1233	499	-465.7017	0	52447.3885	0
1234	499	-465.7013	0	52447.3892	0
1235	499	-465.7014	0	52447.3927	0
1236	499	-465.7026	0	52447.4039	0
1237	499	-465.7025	0	52447.4048	0
1238	499	-465.7027	0	52447.4118	0
1239	499	-465.7031	0	52447.4142	0
1240	499	-465.7026	0	52447.4083	0
1241	499	-465.7022	0	52447.4061	0
1242	499	-465.7025	0	52447.4154	0
1243	499	-465.7026	0	52447.4221	0
1244	499	-465.7021	0	52447.4216	0
1245	499	-465.7021	0	52447.4245	0
1246	499	-465.7024	0	52447.4321	0
1247	499	-465.7025	0	52447.4383	0
1248	499	-465.7027	0	52447.4471	0
1249	499	-465.7028	0	52447.4469	0
1250	499	-465.7025	0	52447.4502	0
1251	499	-465.7027	0	52447.4576	0
1252	499	-465.7032	0	52447.4697	0
1253	499	-465.7032	0	52447.4742	0
1254	499	-465.7034	0	52447.4755	0
1255	499	-465.7029	0	52447.4666	0
1256	499	-465.7033	0	52447.4660	0
1257	499	-465.7031	0	52447.4657	0
1258	499	-465.7028	0	52447.4624	0
1259	499	-465.7027	0	52447.4643	0
1260	499	-465.7029	0	52447.4650	0
1261	499	-465.7034	0	52447.4745	0
1262	499	-465.7038	0	52447.4873	0
1263	499	-465.7034	0	52447.4892	0
