1193	500	-465.7102	0	52448.0764	0
1195	500	-465.7100	0	52448.0765	0
1200	500	-465.7101	0	52448.0795	0
1206	500	-465.7104	0	52448.0826	0
1207	500	-465.7101	0	52448.0818	0
1208	500	-465.7103	0	52448.0824	0
1209	500	-465.7104	0	52448.0827	0
1210	500	-465.7105	0	52448.0817	0
1211	500	-465.7105	0	52448.0814	0
1212	500	-465.7103	0	52448.0812	0
1213	500	-465.7108	0	52448.0831	0
1214	500	-465.7107	0	52448.0828	0
1215	500	-465.7110	0	52448.0847	0
1216	500	-465.7109	0	52448.0855	0
1239	500	-465.7104	0	52448.0936	0
