1569	534	-461.6262	0	52335.7486	0
1570	534	-461.6275	0	52335.3433	0
1571	534	-461.6360	0	52334.7928	0
1572	534	-461.6733	0	52335.0134	0
1573	534	-461.6836	0	52335.0999	0
1574	534	-461.6638	0	52334.3944	0
1575	534	-461.6888	0	52334.1345	0
1576	534	-461.6994	0	52334.0446	0
1577	534	-461.7264	0	52335.0989	0
1578	534	-461.7710	0	52335.4746	0
1579	534	-461.8219	0	52335.2342	0
1580	534	-461.8509	0	52334.4248	0
1581	534	-461.8220	0	52333.4355	0
1582	534	-461.8108	0	52333.0515	0
1583	534	-461.8327	0	52332.9139	0
1584	534	-461.9687	0	52334.2221	0
1585	534	-462.1097	0	52334.9952	0
1586	534	-462.1354	0	52334.9693	0
1587	534	-462.1668	0	52335.2875	0
1588	534	-462.2045	0	52335.4006	0
1589	534	-462.1880	0	52335.4475	0
1590	534	-462.1808	0	52335.4727	0
1591	534	-462.1768	0	52335.4742	0
1592	534	-462.1745	0	52335.4777	0
1593	534	-462.1896	0	52335.8019	0
1594	534	-462.1642	0	52335.9473	0
1595	534	-462.1739	0	52336.3208	0
1596	534	-462.1715	0	52336.4704	0
1597	534	-462.1927	0	52336.5033	0
1598	534	-462.1931	0	52336.8617	0
1599	534	-462.1867	0	52336.9914	0
1600	534	-462.1805	0	52336.7027	0
1601	534	-462.1936	0	52336.9112	0
1602	534	-462.1977	0	52337.3243	0
1603	534	-462.1933	0	52337.4900	0
1604	534	-462.1881	0	52337.2008	0
1605	534	-462.1545	0	52337.1134	0
1606	534	-462.1405	0	52337.0740	0
1607	534	-462.1335	0	52337.0538	0
1608	534	-462.0938	0	52337.0731	0
1609	534	-462.0753	0	52337.0771	0
1610	534	-462.0605	0	52337.0782	0
1611	534	-462.0181	0	52337.4346	0
1612	534	-461.9943	0	52337.5793	0
1613	534	-461.9522	0	52337.6430	0
1614	534	-461.9389	0	52337.6707	0
1615	534	-461.9332	0	52337.3388	0
1616	534	-461.9290	0	52336.8669	0
1617	534	-461.8956	0	52337.0522	0
1618	534	-461.8517	0	52337.4724	0
1619	534	-461.8373	0	52337.9761	0
1620	534	-461.8558	0	52339.1500	0
1621	534	-461.8622	0	52339.9177	0
1622	534	-461.8646	0	52340.1827	0
1623	534	-461.8851	0	52340.2646	0
1624	534	-461.8647	0	52340.3011	0
1625	534	-461.8379	0	52341.2833	0
1626	534	-461.8806	0	52340.9578	0
1627	534	-461.8924	0	52341.8024	0
1628	534	-461.8973	0	52340.8108	0
1629	534	-461.8766	0	52339.8150	0
1630	534	-461.8415	0	52339.7580	0
1631	534	-461.8265	0	52340.0632	0
1632	534	-461.8517	0	52341.1384	0
1633	534	-461.8299	0	52341.5571	0
1634	534	-461.7943	0	52341.3900	0
1640	534	-461.7278	0	52340.8117	0
1641	534	-461.7132	0	52340.7618	0
1642	534	-461.6711	0	52339.7988	0
1643	534	-461.6514	0	52339.4351	0
1644	534	-461.6135	0	52340.9116	0
1645	534	-461.5506	0	52341.2017	0
1646	534	-461.4977	0	52341.0057	0
1647	534	-461.4515	0	52341.2628	0
1648	534	-461.4311	0	52341.0432	0
1649	534	-461.3992	0	52341.2938	0
1650	534	-461.4300	0	52342.3322	0
1651	534	-461.3941	0	52342.4258	0
1652	534	-461.3797	0	52341.8167	0
1653	534	-461.3674	0	52341.5864	0
1654	534	-461.3667	0	52341.8120	0
1655	534	-461.3572	0	52341.9027	0
1656	534	-461.3281	0	52342.5738	0
1657	534	-461.2960	0	52342.8511	0
1658	534	-461.2798	0	52343.2612	0
1659	534	-461.2465	0	52343.4248	0
1660	534	-461.2367	0	52343.4869	0
1661	534	-461.2330	0	52343.8075	0
1662	534	-461.2328	0	52343.9234	0
1663	534	-461.2334	0	52343.9636	0
1664	534	-461.2389	0	52343.9731	0
1665	534	-461.2636	0	52343.9572	0
1666	534	-461.2735	0	52343.9475	0
1667	534	-461.2492	0	52344.2548	0
1668	534	-461.2442	0	52344.6818	0
1669	534	-461.2382	0	52344.5281	0
1670	534	-461.2044	0	52344.4848	0
1671	534	-461.1908	0	52344.4584	0
1672	534	-461.1869	0	52344.7561	0
1673	534	-461.1622	0	52345.1810	0
1674	534	-461.2054	0	52345.9186	0
1675	534	-461.2011	0	52345.8906	0
1676	534	-461.2205	0	52345.8672	0
1677	534	-461.2318	0	52345.8474	0
1678	534	-461.2629	0	52345.8176	0
1679	534	-461.2762	0	52346.1012	0
1680	534	-461.2513	0	52346.2201	0
1681	534	-461.2418	0	52346.2605	0
1682	534	-461.2370	0	52345.9703	0
1683	534	-461.2571	0	52346.4403	0
1684	534	-461.2642	0	52346.6223	0
1685	534	-461.2724	0	52346.9752	0
1686	534	-461.3049	0	52347.3859	0
1687	534	-461.3223	0	52347.5297	0
1688	534	-461.3560	0	52347.2650	0
1689	534	-461.3882	0	52347.4384	0
1690	534	-461.3995	0	52347.5076	0
1691	534	-461.4021	0	52347.5262	0
1692	534	-461.4017	0	52347.5286	0
1693	534	-461.4014	0	52347.8197	0
1694	534	-461.3759	0	52347.9363	0
1695	534	-461.3848	0	52348.2627	0
1696	534	-461.3868	0	52348.3733	0
1697	534	-461.3866	0	52348.4173	0
1698	534	-461.4072	0	52348.9869	0
1699	534	-461.3937	0	52348.9284	0
1700	534	-461.4179	0	52348.8768	0
1701	534	-461.4271	0	52348.8580	0
1702	534	-461.4759	0	52349.1063	0
1703	534	-461.4952	0	52349.1989	0
1704	534	-461.4734	0	52349.5265	0
1705	534	-461.4640	0	52349.3607	0
1706	534	-461.4295	0	52349.0253	0
1707	534	-461.4148	0	52348.8894	0
1708	534	-461.4078	0	52348.8382	0
1709	534	-461.3608	0	52348.8383	0
1710	534	-461.3929	0	52349.3970	0
1711	534	-461.4307	0	52349.5833	0
1712	534	-461.4227	0	52349.3761	0
1713	534	-461.4466	0	52348.9889	0
1714	534	-461.4781	0	52349.1168	0
1715	534	-461.4869	0	52349.4546	0
1716	534	-461.5099	0	52350.1412	0
1717	534	-461.4878	0	52350.4049	0
1718	534	-461.4533	0	52350.5179	0
1719	534	-461.4392	0	52350.2683	0
1720	534	-461.4294	0	52350.4542	0
1721	534	-461.4048	0	52349.6945	0
1722	534	-461.4128	0	52349.1069	0
1723	534	-461.4126	0	52349.4428	0
1724	534	-461.4394	0	52349.5653	0
1725	534	-461.4033	0	52349.3515	0
1726	534	-461.4316	0	52350.0969	0
1727	534	-461.4444	0	52350.6590	0
1728	534	-461.4426	0	52351.4237	0
1729	534	-461.4458	0	52352.2534	0
1730	534	-461.4206	0	52352.5731	0
1731	534	-461.4080	0	52352.4108	0
1732	534	-461.3763	0	52352.0786	0
1733	534	-461.4063	0	52352.4678	0
1734	534	-461.4129	0	52353.1555	0
1735	534	-461.3890	0	52353.6932	0
1736	534	-461.4023	0	52353.6023	0
1737	534	-461.4071	0	52353.5583	0
1738	534	-461.3993	0	52353.2649	0
1739	534	-461.4162	0	52353.6772	0
1740	534	-461.4215	0	52353.8314	0
1741	534	-461.4219	0	52354.4078	0
1742	534	-461.3966	0	52354.6389	0
1743	534	-461.3858	0	52354.4461	0
1744	534	-461.3562	0	52354.1230	0
1745	534	-461.3399	0	52353.7313	0
1746	534	-461.3532	0	52354.0900	0
1747	534	-461.3652	0	52355.2705	0
1748	534	-461.3995	0	52355.7023	0
1749	534	-461.3899	0	52355.8658	0
1750	534	-461.3894	0	52355.9185	0
1751	534	-461.4305	0	52356.4244	0
1752	534	-461.4517	0	52356.3459	0
1753	534	-461.4595	0	52356.3079	0
1754	534	-461.4573	0	52356.5485	0
1755	534	-461.4826	0	52356.8689	0
1756	534	-461.4679	0	52356.9986	0
1757	534	-461.4877	0	52357.0269	0
1758	534	-461.4709	0	52357.0420	0
1759	534	-461.4813	0	52357.2878	0
1760	534	-461.4848	0	52357.6254	0
1761	534	-461.4827	0	52357.2383	0
1762	534	-461.4801	0	52357.0909	0
1763	534	-461.4681	0	52357.2874	0
1764	534	-461.4838	0	52357.5999	0
1765	534	-461.4720	0	52357.7259	0
1766	534	-461.4681	0	52357.7652	0
1767	534	-461.4400	0	52357.7907	0
1768	534	-461.4301	0	52357.7955	0
1769	534	-461.4417	0	52358.0379	0
1770	534	-461.4436	0	52358.1261	0
1771	534	-461.4339	0	52358.4109	0
1772	534	-461.4275	0	52358.5102	0
1773	534	-461.4228	0	52358.5491	0
1774	534	-461.4187	0	52358.5619	0
1775	534	-461.4152	0	52358.5574	0
1776	534	-461.4122	0	52358.5567	0
1777	534	-461.3866	0	52358.5662	0
1778	534	-461.3774	0	52358.5675	0
1779	534	-461.3535	0	52358.8163	0
1780	534	-461.3248	0	52358.9209	0
1781	534	-461.3425	0	52358.9429	0
1782	534	-461.3752	0	52358.9356	0
1783	534	-461.4067	0	52359.1692	0
1784	534	-461.3996	0	52359.0183	0
1785	534	-461.4388	0	52359.1783	0
1786	534	-461.4366	0	52359.0039	0
1787	534	-461.4579	0	52359.1648	0
1788	534	-461.4662	0	52358.9811	0
1789	534	-461.4533	0	52358.9217	0
1790	534	-461.4685	0	52359.1278	0
1791	534	-461.4898	0	52359.4440	0
1792	534	-461.4963	0	52359.5609	0
1793	534	-461.4983	0	52359.8424	0
1794	534	-461.4736	0	52359.7162	0
1795	534	-461.4844	0	52360.1384	0
1796	534	-461.4893	0	52360.2961	0
1797	534	-461.5143	0	52360.3415	0
1798	534	-461.5247	0	52360.1106	0
1799	534	-461.5077	0	52359.7892	0
1800	534	-461.5416	0	52360.3627	0
1801	534	-461.5616	0	52360.3451	0
1802	534	-461.5670	0	52360.5681	0
1803	534	-461.5453	0	52360.6633	0
1804	534	-461.5565	0	52360.9260	0
1805	534	-461.5408	0	52360.7950	0
1806	534	-461.5588	0	52360.9616	0
1807	534	-461.5654	0	52361.0238	0
1808	534	-461.5654	0	52361.2835	0
1809	534	-461.5604	0	52361.3803	0
1810	534	-461.5491	0	52361.4145	0
1811	534	-461.5418	0	52361.6645	0
1812	534	-461.5585	0	52361.7414	0
1813	534	-461.5463	0	52361.7832	0
1814	534	-461.5399	0	52361.7869	0
1815	534	-461.5100	0	52361.8032	0
1816	534	-461.4509	0	52361.5941	0
1817	534	-461.4229	0	52361.7432	0
1818	534	-461.4139	0	52361.8009	0
1819	534	-461.4366	0	52362.0469	0
1820	534	-461.4467	0	52362.3625	0
1821	534	-461.4340	0	52362.2560	0
1822	534	-461.4320	0	52362.4474	0
1823	534	-461.4504	0	52362.5074	0
1824	534	-461.4576	0	52362.5234	0
1825	534	-461.4548	0	52362.7627	0
1826	534	-461.4508	0	52362.8497	0
1827	534	-461.4203	0	52362.8955	0
1828	534	-461.4063	0	52362.9081	0
1829	534	-461.3967	0	52362.9124	0
1830	534	-461.3935	0	52362.9119	0
1831	534	-461.3909	0	52363.1331	0
1832	534	-461.3718	0	52363.0006	0
1833	534	-461.3842	0	52363.3983	0
1834	534	-461.3907	0	52363.3067	0
1835	534	-461.3927	0	52363.5022	0
1836	534	-461.4097	0	52363.5682	0
1837	534	-461.4162	0	52363.8119	0
1838	534	-461.4402	0	52363.8934	0
1839	534	-461.4261	0	52364.1623	0
1840	534	-461.4169	0	52364.2541	0
1841	534	-461.4121	0	52364.2917	0
1842	534	-461.4297	0	52364.5117	0
1843	534	-461.4382	0	52364.8198	0
1844	534	-461.4590	0	52365.1419	0
1845	534	-461.4663	0	52365.2559	0
1846	534	-461.4900	0	52365.5099	0
1847	534	-461.4997	0	52365.5970	0
1848	534	-461.5161	0	52365.6210	0
1849	534	-461.5208	0	52365.8383	0
1850	534	-461.5443	0	52366.1276	0
1851	534	-461.5537	0	52366.2284	0
1852	534	-461.5313	0	52366.2751	0
1853	534	-461.5219	0	52366.2846	0
1854	534	-461.5165	0	52366.0691	0
1855	534	-461.5184	0	52366.1947	0
1856	534	-461.5438	0	52366.4451	0
1857	534	-461.5542	0	52366.5411	0
1858	534	-461.5745	0	52366.7773	0
1859	534	-461.5630	0	52366.4365	0
1860	534	-461.5751	0	52366.5159	0
1861	534	-461.5834	0	52366.7551	0
1862	534	-461.5828	0	52367.0599	0
1863	534	-461.5871	0	52367.3870	0
1864	534	-461.5864	0	52367.2897	0
1865	534	-461.5656	0	52367.4678	0
1866	534	-461.5378	0	52367.3300	0
1867	534	-461.5505	0	52367.4793	0
1868	534	-461.5553	0	52367.5268	0
1869	534	-461.5794	0	52367.9570	0
1870	534	-461.6123	0	52368.1067	0
1871	534	-461.6270	0	52367.9436	0
1872	534	-461.6290	0	52368.0911	0
1873	534	-461.6696	0	52368.3330	0
1874	534	-461.6691	0	52368.4309	0
1875	534	-461.6612	0	52368.6789	0
1876	534	-461.6580	0	52368.7641	0
1877	534	-461.6409	0	52368.7964	0
1878	534	-461.6574	0	52368.7967	0
1879	534	-461.6593	0	52368.7950	0
1880	534	-461.6585	0	52369.0008	0
1881	534	-461.6901	0	52369.4768	0
1882	534	-461.6986	0	52369.6465	0
1883	534	-461.7156	0	52369.9093	0
1884	534	-461.6990	0	52369.8078	0
1885	534	-461.6996	0	52370.1673	0
1886	534	-461.6932	0	52370.2996	0
1887	534	-461.6873	0	52370.5498	0
1888	534	-461.6829	0	52370.8399	0
1889	534	-461.6783	0	52370.9426	0
1890	534	-461.6499	0	52370.9845	0
1891	534	-461.6336	0	52371.0021	0
1892	534	-461.6250	0	52371.2008	0
1893	534	-461.6142	0	52371.4749	0
1894	534	-461.6125	0	52371.5707	0
1895	534	-461.6296	0	52371.9893	0
1896	534	-461.6162	0	52371.7565	0
1897	534	-461.6290	0	52371.8498	0
1898	534	-461.6374	0	52371.8795	0
1899	534	-461.6356	0	52372.2842	0
1900	534	-461.6368	0	52372.4297	0
1901	534	-461.6182	0	52372.4879	0
1902	534	-461.6107	0	52372.5031	0
1903	534	-461.6043	0	52372.7003	0
1904	534	-461.6056	0	52372.9613	0
1905	534	-461.6106	0	52373.2451	0
1906	534	-461.6522	0	52373.5274	0
1907	534	-461.6675	0	52373.6226	0
1908	534	-461.6736	0	52373.6515	0
1909	534	-461.6578	0	52373.4717	0
1910	534	-461.6921	0	52373.7684	0
1911	534	-461.7062	0	52373.8700	0
1912	534	-461.7277	0	52374.0882	0
1913	534	-461.7136	0	52374.3641	0
1914	534	-461.7239	0	52374.6451	0
1915	534	-461.6926	0	52374.5749	0
1916	534	-461.7141	0	52374.5242	0
1917	534	-461.7054	0	52374.5085	0
1918	534	-461.6972	0	52374.8786	0
1919	534	-461.6997	0	52374.8216	0
1920	534	-461.7002	0	52374.7926	0
1921	534	-461.7144	0	52374.7744	0
1922	534	-461.7369	0	52374.9436	0
1923	534	-461.7482	0	52375.0011	0
1924	534	-461.7552	0	52375.2064	0
1925	534	-461.7569	0	52375.4641	0
1926	534	-461.7734	0	52375.7350	0
1927	534	-461.7594	0	52375.8422	0
1928	534	-461.7524	0	52375.8798	0
1929	534	-461.6905	0	52375.7263	0
1930	534	-461.6857	0	52376.0271	0
1931	534	-461.7016	0	52376.3113	0
1932	534	-461.7288	0	52376.4031	0
1933	534	-461.7411	0	52376.2541	0
1934	534	-461.7461	0	52376.1903	0
1935	534	-461.7485	0	52376.1619	0
1936	534	-461.7658	0	52376.5058	0
1937	534	-461.7549	0	52376.6394	0
1938	534	-461.7656	0	52376.8598	0
1939	534	-461.7492	0	52376.9488	0
1940	534	-461.7087	0	52376.8135	0
1941	534	-461.7115	0	52376.7486	0
1942	534	-461.6918	0	52376.9068	0
1943	534	-461.6872	0	52376.9692	0
1944	534	-461.7031	0	52377.1593	0
1945	534	-461.7135	0	52377.2237	0
1946	534	-461.7054	0	52377.0768	0
1947	534	-461.7245	0	52376.8232	0
1948	534	-461.7639	0	52377.0743	0
1949	534	-461.7780	0	52377.3458	0
1950	534	-461.7838	0	52377.6228	0
1951	534	-461.7629	0	52377.7350	0
1952	534	-461.7171	0	52377.6121	0
1953	534	-461.7010	0	52377.5619	0
1954	534	-461.6954	0	52377.3576	0
1955	534	-461.7094	0	52377.4516	0
1956	534	-461.7344	0	52377.6544	0
1957	534	-461.7461	0	52377.7328	0
1958	534	-461.7541	0	52377.7588	0
1959	534	-461.7592	0	52377.7619	0
1960	534	-461.7982	0	52377.9258	0
1961	534	-461.8119	0	52377.9854	0
1962	534	-461.8199	0	52378.1772	0
1963	534	-461.8211	0	52378.2511	0
1964	534	-461.8018	0	52378.2847	0
1965	534	-461.7803	0	52377.9437	0
1966	534	-461.7858	0	52377.9867	0
1967	534	-461.7900	0	52378.0020	0
1968	534	-461.7925	0	52378.0036	0
1969	534	-461.7941	0	52378.0059	0
1970	534	-461.7953	0	52378.0023	0
1971	534	-461.7808	0	52377.8317	0
1972	534	-461.7889	0	52377.9383	0
1973	534	-461.8059	0	52378.1484	0
1974	534	-461.7953	0	52378.2358	0
1975	534	-461.8067	0	52378.6098	0
1976	534	-461.7909	0	52378.7573	0
1977	534	-461.7632	0	52378.6446	0
1978	534	-461.7688	0	52378.7659	0
1979	534	-461.7486	0	52378.9897	0
1980	534	-461.7385	0	52379.0757	0
1981	534	-461.7144	0	52379.2869	0
1982	534	-461.7225	0	52379.5266	0
1983	534	-461.7108	0	52379.4501	0
1984	534	-461.6850	0	52379.4205	0
1985	534	-461.6889	0	52379.5779	0
1986	534	-461.7047	0	52379.7948	0
1987	534	-461.7092	0	52380.0447	0
1988	534	-461.7061	0	52380.3109	0
1989	534	-461.6825	0	52380.4121	0
1990	534	-461.6737	0	52380.4440	0
1991	534	-461.6494	0	52380.7961	0
1992	534	-461.6573	0	52381.0882	0
1993	534	-461.6694	0	52381.6810	0
1994	534	-461.6406	0	52381.9107	0
1995	534	-461.6666	0	52381.9763	0
1996	534	-461.6796	0	52381.8288	0
1997	534	-461.7147	0	52382.0818	0
1998	534	-461.7383	0	52382.4894	0
1999	534	-461.7063	0	52382.9759	0
2000	534	-461.6307	0	52382.8524	0
2001	534	-461.6184	0	52382.7957	0
2002	534	-461.5705	0	52382.7841	0
2003	534	-461.5397	0	52383.1006	0
2004	534	-461.5126	0	52383.2181	0
2005	534	-461.5272	0	52383.4068	0
2006	534	-461.5507	0	52383.6265	0
2007	534	-461.5612	0	52383.7017	0
2008	534	-461.5816	0	52383.8732	0
2009	534	-461.5715	0	52383.9401	0
2010	534	-461.6036	0	52384.1059	0
2011	534	-461.6087	0	52384.3202	0
2012	534	-461.6070	0	52384.5504	0
2013	534	-461.5830	0	52384.6416	0
2014	534	-461.5509	0	52384.6825	0
2015	534	-461.5522	0	52384.8387	0
2016	534	-461.5325	0	52384.9004	0
2017	534	-461.5083	0	52385.2325	0
2018	534	-461.5351	0	52385.4910	0
2019	534	-461.5488	0	52385.5837	0
2020	534	-461.5551	0	52385.4567	0
2021	534	-461.5735	0	52385.3970	0
2022	534	-461.5757	0	52385.5238	0
2023	534	-461.5923	0	52385.7145	0
2024	534	-461.5765	0	52385.7905	0
2025	534	-461.5642	0	52385.8187	0
2026	534	-461.5411	0	52385.9817	0
2027	534	-461.5333	0	52386.0389	0
2028	534	-461.5282	0	52386.0607	0
2029	534	-461.5115	0	52386.2189	0
2030	534	-461.5240	0	52386.5689	0
2031	534	-461.5315	0	52386.6939	0
2032	534	-461.5394	0	52386.5846	0
2033	534	-461.5607	0	52386.5307	0
2034	534	-461.5841	0	52386.7991	0
2035	534	-461.5723	0	52387.0534	0
2036	534	-461.5804	0	52387.4384	0
2037	534	-461.5451	0	52387.1479	0
2038	534	-461.4951	0	52387.1934	0
2039	534	-461.4714	0	52387.2106	0
2040	534	-461.4645	0	52387.3593	0
2041	534	-461.4603	0	52387.5586	0
2042	534	-461.4475	0	52387.6381	0
2043	534	-461.4456	0	52387.5142	0
2044	534	-461.4504	0	52387.3142	0
2045	534	-461.4688	0	52387.3798	0
2046	534	-461.4586	0	52387.2609	0
2047	534	-461.4550	0	52387.3626	0
2048	534	-461.4509	0	52387.4005	0
2049	534	-461.4267	0	52387.4203	0
2050	534	-461.3950	0	52387.2872	0
2051	534	-461.3607	0	52387.3938	0
2052	534	-461.3436	0	52387.7243	0
2053	534	-461.3532	0	52387.9865	0
2054	534	-461.3722	0	52388.2227	0
2055	534	-461.3821	0	52388.3097	0
2056	534	-461.3900	0	52388.1911	0
2057	534	-461.4111	0	52388.1367	0
2058	534	-461.4148	0	52388.1164	0
2059	534	-461.4139	0	52388.2530	0
2060	534	-461.3935	0	52388.3071	0
2061	534	-461.3649	0	52388.3353	0
2062	534	-461.3321	0	52388.3492	0
2063	534	-461.3161	0	52388.4984	0
2064	534	-461.2906	0	52388.5622	0
2065	534	-461.2832	0	52388.7252	0
2066	534	-461.2975	0	52389.0601	0
2067	534	-461.3222	0	52389.1790	0
2068	534	-461.3156	0	52388.9417	0
2069	534	-461.3279	0	52388.9850	0
2070	534	-461.3497	0	52389.1315	0
2071	534	-461.3563	0	52389.1877	0
2072	534	-461.3579	0	52389.3482	0
2073	534	-461.3363	0	52389.2723	0
2074	534	-461.2889	0	52389.2570	0
2075	534	-461.2854	0	52389.3810	0
2076	534	-461.2785	0	52389.5721	0
2077	534	-461.2905	0	52389.9121	0
2078	534	-461.2954	0	52390.3146	0
2079	534	-461.2998	0	52390.4632	0
2080	534	-461.3198	0	52390.3692	0
2081	534	-461.3273	0	52390.3298	0
2082	534	-461.3271	0	52390.3098	0
2083	534	-461.3258	0	52390.4367	0
2084	534	-461.3055	0	52390.6292	0
2085	534	-461.2770	0	52390.7045	0
2086	534	-461.2478	0	52390.5975	0
2087	534	-461.2322	0	52390.6945	0
2088	534	-461.2276	0	52390.8631	0
2089	534	-461.2251	0	52391.1952	0
2090	534	-461.2277	0	52391.4534	0
2091	534	-461.2340	0	52391.4071	0
2092	534	-461.2547	0	52391.3794	0
2093	534	-461.2641	0	52391.3650	0
2094	534	-461.2843	0	52391.6184	0
2095	534	-461.2930	0	52391.5768	0
2096	534	-461.2786	0	52391.6969	0
2097	534	-461.2732	0	52391.6034	0
2098	534	-461.2549	0	52391.5702	0
2099	534	-461.2299	0	52391.4278	0
2100	534	-461.2200	0	52391.6447	0
2101	534	-461.2476	0	52391.9795	0
2102	534	-461.2767	0	52392.2257	0
2103	534	-461.2762	0	52392.1903	0
2104	534	-461.2801	0	52391.9042	0
2105	534	-461.2824	0	52391.9272	0
2106	534	-461.2981	0	52391.9268	0
2107	534	-461.3046	0	52392.1894	0
2108	534	-461.3056	0	52392.4221	0
2109	534	-461.3056	0	52392.5069	0
2110	534	-461.2734	0	52392.2804	0
2111	534	-461.2599	0	52392.3263	0
2112	534	-461.2726	0	52392.6013	0
2113	534	-461.2626	0	52392.7072	0
2114	534	-461.2457	0	52392.6164	0
2115	534	-461.2238	0	52392.4531	0
2116	534	-461.2144	0	52392.5210	0
2117	534	-461.1955	0	52392.4185	0
2118	534	-461.1897	0	52392.5127	0
2119	534	-461.1849	0	52392.8157	0
2120	534	-461.1595	0	52393.0640	0
2121	534	-461.1309	0	52393.0323	0
2122	534	-461.0678	0	52392.7749	0
2123	534	-461.0268	0	52392.6775	0
2124	534	-461.0132	0	52393.0369	0
2125	534	-461.0118	0	52393.1664	0
2126	534	-461.0150	0	52393.2136	0
2127	534	-461.0923	0	52393.8510	0
2128	534	-461.1748	0	52394.6757	0
2129	534	-461.2298	0	52395.3408	0
2130	534	-461.2446	0	52395.5991	0
2131	534	-461.2383	0	52396.0551	0
2132	534	-461.2079	0	52396.1100	0
2133	534	-461.1555	0	52396.2597	0
2134	534	-461.1144	0	52396.3111	0
2135	534	-461.0785	0	52396.4513	0
2136	534	-461.0585	0	52396.6198	0
2137	534	-461.0505	0	52396.9157	0
2138	534	-461.0598	0	52397.1334	0
2139	534	-461.0487	0	52397.0958	0
2140	534	-461.0389	0	52397.0749	0
2141	534	-461.0259	0	52397.4170	0
2142	534	-461.0019	0	52397.6664	0
2143	534	-460.9877	0	52397.6350	0
2144	534	-460.9593	0	52397.7432	0
2145	534	-460.8935	0	52397.6815	0
2146	534	-460.8598	0	52397.6556	0
2147	534	-460.8189	0	52397.7683	0
2148	534	-460.7781	0	52397.9312	0
2149	534	-460.7409	0	52397.9971	0
2150	534	-460.6903	0	52397.9144	0
2151	534	-460.6681	0	52397.8799	0
2152	534	-460.6401	0	52397.8707	0
2153	534	-460.5784	0	52398.1150	0
2154	534	-460.5695	0	52398.5448	0
2155	534	-460.5838	0	52398.8112	0
2156	534	-460.5877	0	52399.0218	0
2157	534	-460.5733	0	52399.1024	0
2158	534	-460.5397	0	52398.9072	0
2159	534	-460.4967	0	52399.0682	0
2160	534	-460.4814	0	52399.2408	0
2161	534	-460.4425	0	52399.5383	0
2162	534	-460.3716	0	52399.4380	0
2163	534	-460.2876	0	52399.3054	0
2164	534	-460.2564	0	52399.5854	0
2165	534	-460.2262	0	52399.8085	0
2166	534	-460.2180	0	52400.2202	0
2167	534	-460.2451	0	52400.8037	0
2168	534	-460.2227	0	52400.9174	0
2169	534	-460.1937	0	52400.9593	0
2170	534	-460.1757	0	52400.6402	0
2171	534	-460.0975	0	52398.9864	0
2172	534	-460.0349	0	52398.4771	0
2173	534	-460.0835	0	52399.6751	0
2174	534	-460.1286	0	52401.1448	0
2175	534	-460.1440	0	52401.6882	0
2176	534	-460.1689	0	52402.0846	0
2177	534	-460.1801	0	52402.2196	0
2178	534	-460.1802	0	52402.2664	0
2179	534	-460.1607	0	52402.1756	0
2180	534	-460.1201	0	52402.0430	0
2181	534	-460.1291	0	52402.0837	0
2182	534	-460.1199	0	52402.5172	0
2183	534	-460.1024	0	52402.7880	0
2184	534	-460.0827	0	52402.9940	0
2185	534	-460.0903	0	52403.1612	0
2186	534	-460.1066	0	52403.2162	0
2187	534	-460.0881	0	52403.3414	0
2188	534	-460.0718	0	52403.6900	0
2189	534	-460.0521	0	52403.8232	0
2190	534	-460.0446	0	52403.8654	0
2191	534	-460.0254	0	52403.8826	0
2192	534	-460.0277	0	52403.9826	0
2193	534	-460.0254	0	52404.2156	0
2194	534	-460.0097	0	52404.6041	0
2195	534	-459.9985	0	52404.6473	0
2196	534	-459.9982	0	52404.8558	0
2197	534	-460.0149	0	52405.0203	0
2198	534	-460.0345	0	52405.0723	0
2199	534	-460.0322	0	52405.0886	0
2200	534	-460.0293	0	52405.2867	0
2201	534	-459.9982	0	52405.4641	0
2202	534	-459.9970	0	52405.6203	0
2203	534	-459.9758	0	52405.6800	0
2204	534	-459.9669	0	52405.8919	0
2205	534	-459.9596	0	52405.9650	0
2206	534	-459.9838	0	52406.2693	0
2207	534	-459.9776	0	52406.2875	0
2208	534	-459.9710	0	52406.2897	0
2209	534	-459.9439	0	52406.2920	0
2210	534	-459.9825	0	52406.5599	0
2211	534	-459.9842	0	52406.7539	0
2212	534	-459.9768	0	52406.9197	0
2213	534	-459.9632	0	52407.0748	0
2214	534	-459.9565	0	52407.0306	0
2215	534	-459.9534	0	52407.0120	0
2216	534	-459.9515	0	52407.1891	0
2217	534	-459.9633	0	52407.3399	0
2218	534	-459.9565	0	52407.4877	0
2219	534	-459.9551	0	52407.5395	0
2220	534	-459.9576	0	52407.4617	0
2221	534	-459.9464	0	52407.4331	0
2222	534	-459.9389	0	52407.5120	0
2223	534	-459.9371	0	52407.7217	0
2224	534	-459.9391	0	52407.9814	0
2225	534	-459.9222	0	52407.9887	0
2226	534	-459.8867	0	52407.9956	0
2227	534	-459.8606	0	52408.0902	0
2228	534	-459.8211	0	52407.9525	0
2229	534	-459.8074	0	52407.9869	0
2230	534	-459.8650	0	52408.3406	0
2231	534	-459.8836	0	52408.4730	0
2232	534	-459.8909	0	52408.5174	0
2233	534	-459.8902	0	52408.4442	0
2234	534	-459.9022	0	52408.5877	0
2235	534	-459.9199	0	52408.8137	0
2236	534	-459.9310	0	52409.0729	0
2237	534	-459.9178	0	52409.1713	0
2238	534	-459.9129	0	52409.2930	0
2239	534	-459.8929	0	52409.2511	0
2240	534	-459.8757	0	52409.3229	0
2241	534	-459.9016	0	52409.6007	0
2242	534	-459.9014	0	52409.7907	0
2243	534	-459.9045	0	52409.8583	0
2244	534	-459.8935	0	52409.7945	0
2245	534	-459.8744	0	52409.6825	0
2246	534	-459.8949	0	52409.8041	0
2247	534	-459.9089	0	52409.9308	0
2248	534	-459.9204	0	52410.0629	0
2249	534	-459.9074	0	52410.1129	0
2250	534	-459.8962	0	52410.1316	0
2251	534	-459.8684	0	52410.1427	0
2252	534	-459.8605	0	52410.2294	0
2253	534	-459.8777	0	52410.4241	0
2254	534	-459.9009	0	52410.7439	0
2255	534	-459.9138	0	52410.7755	0
2256	534	-459.9349	0	52410.7805	0
2257	534	-459.9413	0	52410.7761	0
2258	534	-459.9562	0	52410.8532	0
2259	534	-459.9631	0	52410.9635	0
2260	534	-459.9782	0	52411.0835	0
2261	534	-459.9694	0	52411.2113	0
2262	534	-459.9629	0	52411.3420	0
2263	534	-459.9306	0	52411.3132	0
2264	534	-459.9313	0	52411.4603	0
2265	534	-459.9202	0	52411.5178	0
2266	534	-459.9436	0	52411.6930	0
2267	534	-459.9515	0	52411.7544	0
2268	534	-459.9481	0	52411.6973	0
2269	534	-459.9570	0	52411.7490	0
2270	534	-459.9709	0	52411.9277	0
2271	534	-459.9843	0	52412.0705	0
2272	534	-459.9902	0	52412.3644	0
2273	534	-459.9745	0	52412.5588	0
2274	534	-459.9663	0	52412.7080	0
2275	534	-459.9504	0	52412.6832	0
2276	534	-459.9351	0	52412.8323	0
2277	534	-459.9201	0	52412.9662	0
2278	534	-459.9320	0	52413.2470	0
2279	534	-459.9582	0	52413.4190	0
2280	534	-459.9832	0	52413.4763	0
2281	534	-460.0045	0	52413.4093	0
2282	534	-460.0371	0	52413.4501	0
2283	534	-460.0617	0	52413.6936	0
2284	534	-460.0973	0	52414.0069	0
2285	534	-460.0793	0	52414.1288	0
2286	534	-460.0569	0	52414.1740	0
2287	534	-460.0342	0	52414.1142	0
2288	534	-460.0297	0	52414.1624	0
2289	534	-460.0440	0	52414.3259	0
2290	534	-460.0643	0	52414.6064	0
2291	534	-460.0741	0	52414.7080	0
2292	534	-460.0948	0	52414.7387	0
2293	534	-460.1171	0	52414.7396	0
2294	534	-460.1497	0	52414.8816	0
2295	534	-460.1602	0	52415.0803	0
2296	534	-460.1559	0	52415.2294	0
2297	534	-460.1439	0	52415.3586	0
2298	534	-460.1469	0	52415.3992	0
2299	534	-460.1358	0	52415.4151	0
2300	534	-460.1360	0	52415.6368	0
2301	534	-460.1525	0	52415.8585	0
2302	534	-460.1757	0	52416.0067	0
2303	534	-460.1859	0	52416.0570	0
2304	534	-460.2059	0	52416.0663	0
2305	534	-460.2291	0	52416.0598	0
2306	534	-460.2509	0	52416.1249	0
2307	534	-460.2968	0	52416.3514	0
2308	534	-460.3019	0	52416.5071	0
2309	534	-460.2995	0	52416.5634	0
2310	534	-460.2858	0	52416.5850	0
2311	534	-460.2790	0	52416.5891	0
2312	534	-460.2642	0	52416.7330	0
2313	534	-460.2853	0	52416.9908	0
2314	534	-460.3105	0	52417.2878	0
2315	534	-460.3383	0	52417.4617	0
2316	534	-460.3748	0	52417.4456	0
2317	534	-460.3913	0	52417.5029	0
2318	534	-460.4217	0	52417.6522	0
2319	534	-460.4436	0	52417.8407	0
2320	534	-460.4500	0	52417.9755	0
2321	534	-460.4490	0	52418.0917	0
2322	534	-460.4224	0	52418.0688	0
2323	534	-460.4133	0	52418.0560	0
2324	534	-460.4211	0	52418.1809	0
2325	534	-460.4517	0	52418.4193	0
2326	534	-460.4757	0	52418.6366	0
2327	534	-460.4748	0	52418.7178	0
2328	534	-460.4867	0	52418.8064	0
2329	534	-460.5052	0	52418.9666	0
2330	534	-460.5236	0	52419.1504	0
2331	534	-460.5198	0	52419.2842	0
2332	534	-460.5066	0	52419.4655	0
2333	534	-460.4886	0	52419.6631	0
2334	534	-460.4932	0	52419.7921	0
2335	534	-460.5075	0	52419.8346	0
2336	534	-460.5467	0	52420.0282	0
2337	534	-460.5606	0	52420.0982	0
2338	534	-460.5896	0	52420.3690	0
2339	534	-460.5996	0	52420.4653	0
2340	534	-460.6018	0	52420.4327	0
2341	534	-460.5917	0	52420.4202	0
2342	534	-460.6004	0	52420.5322	0
2343	534	-460.6244	0	52420.6935	0
2344	534	-460.6394	0	52420.9357	0
2345	534	-460.6256	0	52421.0273	0
2346	534	-460.6015	0	52421.1248	0
2347	534	-460.5756	0	52421.1609	0
2348	534	-460.5628	0	52421.2956	0
2349	534	-460.5691	0	52421.5243	0
2350	534	-460.5715	0	52421.7273	0
2351	534	-460.5634	0	52421.7417	0
2352	534	-460.5845	0	52421.7346	0
2353	534	-460.6044	0	52421.7249	0
2354	534	-460.6437	0	52421.9531	0
2355	534	-460.6755	0	52422.2105	0
2356	534	-460.6701	0	52422.4275	0
2357	534	-460.6409	0	52422.5115	0
2358	534	-460.6140	0	52422.4825	0
2359	534	-460.5891	0	52422.4716	0
2360	534	-460.5651	0	52422.5843	0
2361	534	-460.5797	0	52422.9131	0
2362	534	-460.5885	0	52423.0304	0
2363	534	-460.5953	0	52423.1281	0
2364	534	-460.6135	0	52423.1562	0
2365	534	-460.6237	0	52423.1047	0
2366	534	-460.6596	0	52423.2464	0
2367	534	-460.6822	0	52423.4682	0
2368	534	-460.6747	0	52423.6093	0
2369	534	-460.6579	0	52423.6614	0
2370	534	-460.6365	0	52423.7379	0
2371	534	-460.6244	0	52423.7639	0
2372	534	-460.6180	0	52423.9393	0
2373	534	-460.6491	0	52424.2752	0
2374	534	-460.6620	0	52424.4539	0
2375	534	-460.6612	0	52424.4612	0
2376	534	-460.6745	0	52424.4558	0
2377	534	-460.6928	0	52424.5015	0
2378	534	-460.7099	0	52424.5695	0
2379	534	-460.7216	0	52424.8098	0
2380	534	-460.7077	0	52424.8460	0
2381	534	-460.6956	0	52424.9122	0
2382	534	-460.6839	0	52424.9357	0
2383	534	-460.6857	0	52425.0475	0
2384	534	-460.6932	0	52425.1952	0
2385	534	-460.7154	0	52425.4578	0
2386	534	-460.7244	0	52425.6064	0
2387	534	-460.7376	0	52425.6558	0
2388	534	-460.7519	0	52425.7207	0
2389	534	-460.7869	0	52425.8936	0
2390	534	-460.7976	0	52426.0599	0
2391	534	-460.7973	0	52426.2252	0
2392	534	-460.7798	0	52426.2863	0
2393	534	-460.7602	0	52426.3608	0
2394	534	-460.7573	0	52426.4871	0
2395	534	-460.7454	0	52426.5859	0
2396	534	-460.7519	0	52426.7701	0
2397	534	-460.7874	0	52427.0325	0
2398	534	-460.8208	0	52427.1211	0
2399	534	-460.8236	0	52427.1016	0
2400	534	-460.8350	0	52427.1371	0
2401	534	-460.8494	0	52427.2451	0
2402	534	-460.8528	0	52427.3844	0
2403	534	-460.8519	0	52427.5322	0
2404	534	-460.8258	0	52427.5914	0
2405	534	-460.8117	0	52427.6593	0
2406	534	-460.7933	0	52427.6849	0
2407	534	-460.7840	0	52427.7400	0
2408	534	-460.7900	0	52427.9526	0
2409	534	-460.8119	0	52428.1716	0
2410	534	-460.8205	0	52428.2507	0
2411	534	-460.8330	0	52428.3239	0
2412	534	-460.8361	0	52428.3961	0
2413	534	-460.8258	0	52428.4220	0
2414	534	-460.8124	0	52428.5261	0
2415	534	-460.7882	0	52428.7592	0
2416	534	-460.7664	0	52428.8455	0
2417	534	-460.7484	0	52428.9231	0
2418	534	-460.7407	0	52428.9968	0
2419	534	-460.7557	0	52429.1588	0
2420	534	-460.7723	0	52429.3070	0
2421	534	-460.7690	0	52429.4086	0
2422	534	-460.7847	0	52429.5313	0
2423	534	-460.7617	0	52429.4429	0
2424	534	-460.7508	0	52429.4508	0
2425	534	-460.7611	0	52429.6328	0
2426	534	-460.7525	0	52429.7938	0
2427	534	-460.7373	0	52429.8999	0
2428	534	-460.7161	0	52430.0769	0
2429	534	-460.6838	0	52430.0992	0
2430	534	-460.6609	0	52430.2436	0
2431	534	-460.6502	0	52430.3396	0
2432	534	-460.6638	0	52430.5033	0
2433	534	-460.6778	0	52430.6474	0
2434	534	-460.6849	0	52430.7870	0
2435	534	-460.6892	0	52430.8349	0
2436	534	-460.7005	0	52430.8915	0
2437	534	-460.7201	0	52430.9939	0
2438	534	-460.7192	0	52431.0750	0
2439	534	-460.7029	0	52431.1484	0
2440	534	-460.6741	0	52431.2211	0
2441	534	-460.6517	0	52431.2921	0
2442	534	-460.6316	0	52431.3610	0
2443	534	-460.6216	0	52431.3840	0
2444	534	-460.6361	0	52431.5581	0
2445	534	-460.6600	0	52431.8311	0
2446	534	-460.6580	0	52431.9744	0
2447	534	-460.6553	0	52432.0256	0
2448	534	-460.6428	0	52432.0004	0
2449	534	-460.6263	0	52432.0318	0
2450	534	-460.6271	0	52432.2091	0
2451	534	-460.6219	0	52432.3988	0
2452	534	-460.5939	0	52432.5136	0
2453	534	-460.5449	0	52432.5611	0
2454	534	-460.5154	0	52432.6191	0
2455	534	-460.5213	0	52432.7161	0
2456	534	-460.5323	0	52432.8718	0
2457	534	-460.5561	0	52433.0851	0
2458	534	-460.5832	0	52433.1985	0
2459	534	-460.5843	0	52433.1984	0
2460	534	-460.5833	0	52433.2347	0
2461	534	-460.6001	0	52433.4023	0
2462	534	-460.6147	0	52433.5799	0
2463	534	-460.6185	0	52433.7633	0
2464	534	-460.5867	0	52433.8344	0
2465	534	-460.5635	0	52433.8983	0
2466	534	-460.5451	0	52433.9997	0
2467	534	-460.5490	0	52434.1099	0
2468	534	-460.5526	0	52434.1862	0
2469	534	-460.5860	0	52434.3973	0
2470	534	-460.6141	0	52434.5083	0
2471	534	-460.6443	0	52434.6187	0
2472	534	-460.6559	0	52434.6185	0
2473	534	-460.6665	0	52434.7267	0
2474	534	-460.6857	0	52434.9117	0
2475	534	-460.6829	0	52435.0555	0
2476	534	-460.6674	0	52435.1827	0
2477	534	-460.6491	0	52435.2282	0
2478	534	-460.6385	0	52435.3167	0
2479	534	-460.6498	0	52435.4172	0
2480	534	-460.6604	0	52435.5241	0
2481	534	-460.6718	0	52435.6690	0
2482	534	-460.6860	0	52435.7898	0
2483	534	-460.6930	0	52435.7960	0
2484	534	-460.6968	0	52435.7931	0
2485	534	-460.7056	0	52435.8603	0
2486	534	-460.7413	0	52436.0552	0
2487	534	-460.7492	0	52436.1984	0
2488	534	-460.7687	0	52436.3525	0
2489	534	-460.7740	0	52436.4432	0
2490	534	-460.7567	0	52436.5121	0
2491	534	-460.7666	0	52436.6362	0
2492	534	-460.7775	0	52436.7486	0
2493	534	-460.7987	0	52436.9572	0
2494	534	-460.8322	0	52437.1293	0
2495	534	-460.8629	0	52437.2213	0
2496	534	-460.8928	0	52437.2473	0
2497	534	-460.9126	0	52437.3199	0
2498	534	-460.9352	0	52437.4414	0
2499	534	-460.9684	0	52437.5807	0
2500	534	-460.9869	0	52437.7274	0
2501	534	-460.9914	0	52437.8136	0
2502	534	-460.9742	0	52437.7787	0
2503	534	-460.9676	0	52437.8274	0
2504	534	-460.9796	0	52437.8405	0
2505	534	-461.0163	0	52438.0340	0
2506	534	-461.0459	0	52438.2312	0
2507	534	-461.0833	0	52438.3303	0
2508	534	-461.1224	0	52438.3587	0
2509	534	-461.1469	0	52438.4293	0
2510	534	-461.1656	0	52438.4825	0
2511	534	-461.1963	0	52438.5912	0
2512	534	-461.2219	0	52438.7544	0
2513	534	-461.2365	0	52438.9064	0
2514	534	-461.2257	0	52438.9954	0
2515	534	-461.2057	0	52438.9960	0
2516	534	-461.2240	0	52438.9876	0
2517	534	-461.2621	0	52439.1637	0
2518	534	-461.3032	0	52439.3470	0
2519	534	-461.3363	0	52439.4404	0
2520	534	-461.3701	0	52439.5287	0
2521	534	-461.3748	0	52439.5911	0
2522	534	-461.4245	0	52439.6330	0
2523	534	-461.4636	0	52439.7937	0
2524	534	-461.4843	0	52439.9711	0
2525	534	-461.5042	0	52440.1520	0
2526	534	-461.5015	0	52440.2172	0
2527	534	-461.4917	0	52440.2693	0
2528	534	-461.4937	0	52440.3141	0
2529	534	-461.5141	0	52440.4714	0
2530	534	-461.5459	0	52440.6689	0
2531	534	-461.5970	0	52440.8196	0
2532	534	-461.6325	0	52440.8109	0
2533	534	-461.6543	0	52440.8024	0
2534	534	-461.6706	0	52440.8225	0
2535	534	-461.7086	0	52440.9949	0
2536	534	-461.7204	0	52441.1702	0
2537	534	-461.7098	0	52441.2927	0
2538	534	-461.6982	0	52441.3356	0
2539	534	-461.6761	0	52441.3807	0
2540	534	-461.6654	0	52441.4788	0
2541	534	-461.6752	0	52441.6780	0
2542	534	-461.6928	0	52441.8580	0
2543	534	-461.7168	0	52441.9458	0
2544	534	-461.7233	0	52441.8923	0
2545	534	-461.7419	0	52441.8928	0
2546	534	-461.7550	0	52441.9440	0
2547	534	-461.7790	0	52442.0939	0
2548	534	-461.8003	0	52442.2269	0
2549	534	-461.7993	0	52442.2753	0
2550	534	-461.7830	0	52442.3197	0
2551	534	-461.7470	0	52442.3393	0
2552	534	-461.7244	0	52442.3985	0
2553	534	-461.7106	0	52442.5530	0
2554	534	-461.7303	0	52442.6576	0
2555	534	-461.7614	0	52442.7957	0
2556	534	-461.7707	0	52442.8446	0
2557	534	-461.7882	0	52442.8578	0
2558	534	-461.7933	0	52442.8866	0
2559	534	-461.8199	0	52442.9949	0
2560	534	-461.8375	0	52443.1351	0
2561	534	-461.8598	0	52443.3109	0
2562	534	-461.8352	0	52443.3802	0
2563	534	-461.8030	0	52443.4075	0
2564	534	-461.7915	0	52443.4650	0
2565	534	-461.7848	0	52443.5094	0
2566	534	-461.7968	0	52443.6472	0
2567	534	-461.8225	0	52443.9187	0
2568	534	-461.8487	0	52444.0148	0
2569	534	-461.8457	0	52444.0496	0
2570	534	-461.8553	0	52444.0564	0
2571	534	-461.8904	0	52444.1740	0
2572	534	-461.9334	0	52444.3567	0
2573	534	-461.9554	0	52444.5425	0
2574	534	-461.9532	0	52444.6346	0
2575	534	-461.9558	0	52444.6885	0
2576	534	-461.9466	0	52444.7313	0
2577	534	-461.9274	0	52444.7702	0
2578	534	-461.9346	0	52444.8742	0
2579	534	-461.9547	0	52445.0252	0
2580	534	-461.9903	0	52445.1448	0
2581	534	-462.0122	0	52445.2080	0
2582	534	-462.0342	0	52445.2488	0
2583	534	-462.0490	0	52445.2832	0
2584	534	-462.0814	0	52445.4501	0
2585	534	-462.0953	0	52445.6014	0
2586	534	-462.0888	0	52445.7252	0
2587	534	-462.0788	0	52445.7463	0
2588	534	-462.0669	0	52445.7523	0
2589	534	-462.0796	0	52445.8617	0
2590	534	-462.1006	0	52446.0091	0
2591	534	-462.1323	0	52446.2122	0
2592	534	-462.1649	0	52446.3265	0
2593	534	-462.1899	0	52446.4074	0
2594	534	-462.2120	0	52446.4754	0
2595	534	-462.2230	0	52446.5408	0
2596	534	-462.2430	0	52446.6885	0
2597	534	-462.2514	0	52446.8261	0
2598	534	-462.2601	0	52446.9374	0
2599	534	-462.2481	0	52446.9783	0
2600	534	-462.2350	0	52447.0122	0
2601	534	-462.2399	0	52447.0835	0
2602	534	-462.2413	0	52447.1488	0
2603	534	-462.2647	0	52447.2925	0
2604	534	-462.2993	0	52447.4225	0
2605	534	-462.3359	0	52447.4639	0
2606	534	-462.3701	0	52447.5137	0
2607	534	-462.4065	0	52447.5872	0
2608	534	-462.4550	0	52447.7690	0
2609	534	-462.4908	0	52447.9720	0
2610	534	-462.5212	0	52448.1614	0
2611	534	-462.5342	0	52448.2487	0
2612	534	-462.5308	0	52448.2990	0
2613	534	-462.5356	0	52448.3517	0
2614	534	-462.5637	0	52448.4810	0
2615	534	-462.6009	0	52448.6571	0
2616	534	-462.6530	0	52448.8476	0
2617	534	-462.7020	0	52448.9866	0
2618	534	-462.7240	0	52448.9771	0
2619	534	-462.7466	0	52449.0238	0
2620	534	-462.7798	0	52449.1839	0
2621	534	-462.8021	0	52449.3496	0
2622	534	-462.8100	0	52449.4818	0
2623	534	-462.7975	0	52449.5486	0
2624	534	-462.7830	0	52449.6252	0
2625	534	-462.7844	0	52449.7039	0
2626	534	-462.8226	0	52449.8866	0
2627	534	-462.8696	0	52450.0884	0
2628	534	-462.9221	0	52450.2429	0
2629	534	-462.9607	0	52450.3290	0
2630	534	-462.9869	0	52450.3898	0
2631	534	-463.0124	0	52450.4582	0
2632	534	-463.0563	0	52450.6465	0
2633	534	-463.0789	0	52450.7636	0
2634	534	-463.0856	0	52450.8710	0
2635	534	-463.0823	0	52450.9418	0
2636	534	-463.0827	0	52450.9978	0
2637	534	-463.0902	0	52451.0639	0
2638	534	-463.1188	0	52451.2471	0
2639	534	-463.1453	0	52451.4239	0
2640	534	-463.1769	0	52451.5647	0
2641	534	-463.1982	0	52451.6604	0
2642	534	-463.2135	0	52451.7071	0
2643	534	-463.2357	0	52451.7498	0
2644	534	-463.2760	0	52451.9168	0
2645	534	-463.3001	0	52452.0526	0
2646	534	-463.3095	0	52452.2084	0
2647	534	-463.3030	0	52452.2954	0
2648	534	-463.2943	0	52452.3407	0
2649	534	-463.2837	0	52452.3851	0
2650	534	-463.3007	0	52452.5481	0
2651	534	-463.3268	0	52452.7229	0
2652	534	-463.3627	0	52452.8852	0
2653	534	-463.3847	0	52452.9413	0
2654	534	-463.3946	0	52452.9580	0
2655	534	-463.4075	0	52453.0033	0
2656	534	-463.4382	0	52453.1304	0
2657	534	-463.4480	0	52453.2619	0
2658	534	-463.4611	0	52453.4501	0
2659	534	-463.4457	0	52453.5343	0
2660	534	-463.4309	0	52453.5776	0
2661	534	-463.4152	0	52453.6195	0
2662	534	-463.4162	0	52453.7293	0
2663	534	-463.4308	0	52453.9044	0
2664	534	-463.4549	0	52454.0608	0
2665	534	-463.4784	0	52454.1413	0
2666	534	-463.4967	0	52454.1937	0
2667	534	-463.5098	0	52454.2225	0
2668	534	-463.5356	0	52454.3350	0
2669	534	-463.5444	0	52454.4941	0
2670	534	-463.5601	0	52454.6154	0
2671	534	-463.5753	0	52454.6956	0
2672	534	-463.5729	0	52454.7104	0
2673	534	-463.5688	0	52454.7384	0
2674	534	-463.5722	0	52454.7845	0
2675	534	-463.6200	0	52454.9358	0
2676	534	-463.6546	0	52455.0257	0
2677	534	-463.7062	0	52455.1790	0
2678	534	-463.7568	0	52455.2422	0
2679	534	-463.7949	0	52455.2978	0
2680	534	-463.8351	0	52455.3372	0
2681	534	-463.8988	0	52455.4674	0
2682	534	-463.9434	0	52455.5969	0
2683	534	-463.9734	0	52455.7019	0
2684	534	-463.9971	0	52455.7851	0
2685	534	-464.0316	0	52455.8223	0
2686	534	-464.0632	0	52455.8544	0
2687	534	-464.0995	0	52455.9448	0
2688	534	-464.1295	0	52456.0929	0
2689	534	-464.1793	0	52456.2701	0
2690	534	-464.2248	0	52456.3533	0
2691	534	-464.2603	0	52456.4019	0
2692	534	-464.2934	0	52456.4256	0
2693	534	-464.3514	0	52456.5640	0
2694	534	-464.3909	0	52456.7233	0
2695	534	-464.4158	0	52456.8464	0
2696	534	-464.4231	0	52456.9228	0
2697	534	-464.4311	0	52456.9809	0
2698	534	-464.4376	0	52457.0316	0
2699	534	-464.4657	0	52457.1434	0
2700	534	-464.5089	0	52457.2761	0
2701	534	-464.5690	0	52457.4356	0
2702	534	-464.6104	0	52457.5113	0
2703	534	-464.6563	0	52457.5642	0
2704	534	-464.6942	0	52457.6098	0
2705	534	-464.7323	0	52457.7154	0
2706	534	-464.7725	0	52457.8834	0
2707	534	-464.7809	0	52458.0360	0
2708	534	-464.7886	0	52458.1299	0
2709	534	-464.8012	0	52458.2007	0
2710	534	-464.8183	0	52458.2224	0
2711	534	-464.8430	0	52458.2850	0
2712	534	-464.8843	0	52458.4008	0
2713	534	-464.9389	0	52458.5648	0
2714	534	-465.0045	0	52458.6567	0
2715	534	-465.0636	0	52458.7128	0
2716	534	-465.1083	0	52458.7663	0
2717	534	-465.1642	0	52458.9032	0
2718	534	-465.2109	0	52459.0794	0
2719	534	-465.2341	0	52459.2343	0
2720	534	-465.2477	0	52459.3069	0
2721	534	-465.2573	0	52459.3482	0
2722	534	-465.2672	0	52459.3866	0
2723	534	-465.2925	0	52459.4770	0
2724	534	-465.3155	0	52459.6055	0
2725	534	-465.3605	0	52459.7620	0
2726	534	-465.4105	0	52459.8837	0
2727	534	-465.4452	0	52459.9330	0
2728	534	-465.4820	0	52459.9713	0
2729	534	-465.5297	0	52460.0735	0
2730	534	-465.5739	0	52460.2589	0
2731	534	-465.5969	0	52460.4162	0
2732	534	-465.6203	0	52460.5367	0
2733	534	-465.6366	0	52460.5860	0
2734	534	-465.6579	0	52460.5989	0
2735	534	-465.6899	0	52460.6874	0
2736	534	-465.7209	0	52460.7967	0
2737	534	-465.7666	0	52460.9189	0
2738	534	-465.8205	0	52461.0447	0
2739	534	-465.8592	0	52461.0870	0
2740	534	-465.9001	0	52461.1198	0
2741	534	-465.9593	0	52461.2335	0
2742	534	-466.0025	0	52461.3705	0
2743	534	-466.0338	0	52461.5306	0
2744	534	-466.0540	0	52461.6096	0
2745	534	-466.0719	0	52461.6793	0
2746	534	-466.0901	0	52461.7010	0
2747	534	-466.1268	0	52461.7544	0
2748	534	-466.1609	0	52461.8651	0
2749	534	-466.2010	0	52462.0239	0
2750	534	-466.2449	0	52462.1630	0
2751	534	-466.2839	0	52462.2311	0
2752	534	-466.3136	0	52462.3010	0
2753	534	-466.3614	0	52462.4107	0
2754	534	-466.4002	0	52462.5357	0
2755	534	-466.4110	0	52462.6211	0
2756	534	-466.4060	0	52462.6844	0
2757	534	-466.3900	0	52462.7194	0
2758	534	-466.3762	0	52462.7500	0
2759	534	-466.3664	0	52462.7926	0
2760	534	-466.3610	0	52462.8528	0
2761	534	-466.3518	0	52462.9267	0
2762	534	-466.3551	0	52462.9841	0
2763	534	-466.3715	0	52463.0141	0
2764	534	-466.3944	0	52463.0473	0
2765	534	-466.4165	0	52463.0824	0
2766	534	-466.4326	0	52463.1317	0
2767	534	-466.4214	0	52463.2086	0
2768	534	-466.4039	0	52463.2618	0
2769	534	-466.3849	0	52463.2862	0
2770	534	-466.3659	0	52463.3204	0
2771	534	-466.3537	0	52463.3637	0
2772	534	-466.3335	0	52463.4243	0
2773	534	-466.3233	0	52463.4897	0
2774	534	-466.3192	0	52463.5499	0
2775	534	-466.3348	0	52463.5869	0
2776	534	-466.3581	0	52463.6155	0
2777	534	-466.3796	0	52463.6544	0
2778	534	-466.3837	0	52463.7113	0
2779	534	-466.3768	0	52463.7873	0
2780	534	-466.3601	0	52463.8451	0
2781	534	-466.3334	0	52463.8842	0
2782	534	-466.3039	0	52463.9227	0
2783	534	-466.2885	0	52463.9721	0
2784	534	-466.2788	0	52464.0377	0
2785	534	-466.2575	0	52464.1223	0
2786	534	-466.2723	0	52464.1970	0
2787	534	-466.3052	0	52464.2358	0
2788	534	-466.3337	0	52464.2760	0
2789	534	-466.3539	0	52464.3108	0
2790	534	-466.3620	0	52464.3570	0
2791	534	-466.3752	0	52464.4183	0
2792	534	-466.3457	0	52464.4888	0
2793	534	-466.3129	0	52464.5299	0
2794	534	-466.3050	0	52464.5714	0
2795	534	-466.2925	0	52464.6140	0
2796	534	-466.2612	0	52464.6889	0
2797	534	-466.2434	0	52464.7604	0
2798	534	-466.2191	0	52464.8311	0
2799	534	-466.2614	0	52464.8753	0
