1607	536	-465.7250	0	52447.4320	0
1608	536	-465.7247	0	52447.4322	0
1609	536	-465.7242	0	52447.4325	0
1610	536	-465.7239	0	52447.4326	0
1611	536	-465.7238	0	52447.4363	0
1612	536	-465.7234	0	52447.4377	0
1613	536	-465.7233	0	52447.4382	0
1614	536	-465.7235	0	52447.4450	0
1615	536	-465.7230	0	52447.4411	0
1616	536	-465.7232	0	52447.4393	0
1617	536	-465.7231	0	52447.4354	0
1618	536	-465.7230	0	52447.4373	0
1619	536	-465.7231	0	52447.4379	0
1620	536	-465.7232	0	52447.4348	0
1621	536	-465.7232	0	52447.4369	0
1622	536	-465.7235	0	52447.4376	0
1623	536	-465.7232	0	52447.4347	0
1624	536	-465.7233	0	52447.4368	0
1625	536	-465.7231	0	52447.4377	0
1626	536	-465.7233	0	52447.4346	0
1627	536	-465.7232	0	52447.4369	0
1628	536	-465.7233	0	52447.4376	0
1629	536	-465.7233	0	52447.4380	0
1630	536	-465.7231	0	52447.4348	0
1631	536	-465.7230	0	52447.4370	0
1632	536	-465.7227	0	52447.4346	0
1633	536	-465.7227	0	52447.4370	0
1634	536	-465.7223	0	52447.4349	0
1635	536	-465.7221	0	52447.4374	0
1636	536	-465.7219	0	52447.4384	0
1637	536	-465.7219	0	52447.4454	0
1638	536	-465.7219	0	52447.4545	0
1639	536	-465.7219	0	52447.4645	0
1640	536	-465.7217	0	52447.4681	0
1641	536	-465.7217	0	52447.4627	0
1642	536	-465.7214	0	52447.4608	0
1643	536	-465.7213	0	52447.4634	0
1644	536	-465.7207	0	52447.4613	0
1645	536	-465.7205	0	52447.4638	0
1646	536	-465.7199	0	52447.4616	0
1647	536	-465.7198	0	52447.4639	0
1648	536	-465.7197	0	52447.4583	0
1649	536	-465.7194	0	52447.4595	0
1650	536	-465.7195	0	52447.4664	0
1651	536	-465.7195	0	52447.4690	0
1652	536	-465.7195	0	52447.4699	0
1653	536	-465.7195	0	52447.4702	0
1654	536	-465.7195	0	52447.4735	0
1655	536	-465.7194	0	52447.4747	0
1656	536	-465.7195	0	52447.4782	0
1657	536	-465.7192	0	52447.4796	0
1658	536	-465.7190	0	52447.4834	0
1659	536	-465.7189	0	52447.4848	0
1660	536	-465.7188	0	52447.4852	0
1661	536	-465.7183	0	52447.4855	0
1662	536	-465.7182	0	52447.4856	0
1663	536	-465.7181	0	52447.4856	0
1664	536	-465.7186	0	52447.4883	0
1665	536	-465.7188	0	52447.4894	0
1666	536	-465.7187	0	52447.4928	0
1667	536	-465.7188	0	52447.4941	0
1668	536	-465.7190	0	52447.4943	0
1669	536	-465.7193	0	52447.5005	0
1670	536	-465.7193	0	52447.5027	0
1671	536	-465.7189	0	52447.5007	0
1672	536	-465.7186	0	52447.5030	0
1673	536	-465.7185	0	52447.5037	0
1674	536	-465.7185	0	52447.5040	0
1675	536	-465.7184	0	52447.5040	0
1676	536	-465.7184	0	52447.5041	0
1677	536	-465.7184	0	52447.5040	0
1678	536	-465.7189	0	52447.5097	0
1679	536	-465.7191	0	52447.5119	0
1680	536	-465.7189	0	52447.5097	0
1681	536	-465.7189	0	52447.5119	0
1682	536	-465.7189	0	52447.5126	0
1683	536	-465.7188	0	52447.5159	0
1684	536	-465.7187	0	52447.5171	0
1685	536	-465.7186	0	52447.5175	0
1686	536	-465.7189	0	52447.5204	0
1687	536	-465.7189	0	52447.5215	0
1688	536	-465.7190	0	52447.5219	0
1689	536	-465.7193	0	52447.5247	0
1690	536	-465.7194	0	52447.5258	0
1691	536	-465.7195	0	52447.5261	0
1692	536	-465.7197	0	52447.5290	0
1693	536	-465.7196	0	52447.5272	0
1694	536	-465.7194	0	52447.5295	0
1695	536	-465.7191	0	52447.5275	0
1696	536	-465.7190	0	52447.5267	0
1697	536	-465.7189	0	52447.5264	0
1698	536	-465.7188	0	52447.5263	0
1699	536	-465.7188	0	52447.5291	0
1700	536	-465.7190	0	52447.5331	0
1701	536	-465.7190	0	52447.5316	0
1702	536	-465.7193	0	52447.5308	0
1703	536	-465.7194	0	52447.5306	0
1704	536	-465.7194	0	52447.5304	0
1705	536	-465.7191	0	52447.5334	0
1706	536	-465.7190	0	52447.5374	0
1707	536	-465.7190	0	52447.5389	0
1708	536	-465.7187	0	52447.5395	0
1709	536	-465.7186	0	52447.5368	0
1710	536	-465.7186	0	52447.5358	0
1711	536	-465.7185	0	52447.5412	0
1712	536	-465.7187	0	52447.5430	0
1713	536	-465.7191	0	52447.5436	0
1714	536	-465.7195	0	52447.5436	0
1715	536	-465.7196	0	52447.5436	0
1716	536	-465.7196	0	52447.5435	0
1717	536	-465.7194	0	52447.5436	0
1718	536	-465.7193	0	52447.5465	0
1719	536	-465.7195	0	52447.5503	0
1720	536	-465.7193	0	52447.5489	0
1721	536	-465.7190	0	52447.5456	0
1722	536	-465.7190	0	52447.5528	0
1723	536	-465.7190	0	52447.5556	0
1724	536	-465.7190	0	52447.5593	0
1725	536	-465.7195	0	52447.5660	0
1726	536	-465.7197	0	52447.5657	0
1727	536	-465.7198	0	52447.5682	0
1728	536	-465.7199	0	52447.5690	0
1729	536	-465.7199	0	52447.5693	0
1730	536	-465.7200	0	52447.5694	0
1731	536	-465.7202	0	52447.5747	0
1732	536	-465.7200	0	52447.5768	0
1733	536	-465.7199	0	52447.5775	0
1734	536	-465.7198	0	52447.5777	0
1735	536	-465.7198	0	52447.5778	0
1736	536	-465.7196	0	52447.5778	0
1737	536	-465.7200	0	52447.5802	0
1738	536	-465.7203	0	52447.5838	0
1739	536	-465.7204	0	52447.5850	0
1740	536	-465.7202	0	52447.5828	0
1741	536	-465.7206	0	52447.5844	0
1742	536	-465.7208	0	52447.5849	0
1743	536	-465.7208	0	52447.5878	0
1744	536	-465.7207	0	52447.5942	0
1745	536	-465.7204	0	52447.5968	0
1746	536	-465.7202	0	52447.5976	0
1747	536	-465.7204	0	52447.6004	0
1748	536	-465.7202	0	52447.6041	0
1749	536	-465.7201	0	52447.6055	0
1750	536	-465.7202	0	52447.6110	0
1751	536	-465.7202	0	52447.6130	0
1752	536	-465.7202	0	52447.6137	0
1753	536	-465.7202	0	52447.6139	0
1754	536	-465.7204	0	52447.6138	0
1755	536	-465.7205	0	52447.6162	0
1756	536	-465.7202	0	52447.6197	0
1757	536	-465.7202	0	52447.6210	0
1758	536	-465.7201	0	52447.6215	0
1759	536	-465.7203	0	52447.6239	0
1760	536	-465.7201	0	52447.6250	0
1761	536	-465.7200	0	52447.6253	0
1762	536	-465.7198	0	52447.6229	0
1763	536	-465.7196	0	52447.6246	0
1764	536	-465.7197	0	52447.6276	0
1765	536	-465.7198	0	52447.6261	0
1766	536	-465.7201	0	52447.6280	0
1767	536	-465.7202	0	52447.6286	0
1768	536	-465.7205	0	52447.6286	0
1769	536	-465.7206	0	52447.6311	0
1770	536	-465.7209	0	52447.6294	0
1771	536	-465.7209	0	52447.6338	0
1772	536	-465.7205	0	52447.6306	0
1773	536	-465.7205	0	52447.6317	0
1774	536	-465.7205	0	52447.6322	0
1775	536	-465.7202	0	52447.6324	0
1776	536	-465.7203	0	52447.6324	0
1777	536	-465.7204	0	52447.6349	0
1778	536	-465.7206	0	52447.6381	0
1779	536	-465.7205	0	52447.6369	0
1780	536	-465.7209	0	52447.6387	0
1781	536	-465.7211	0	52447.6393	0
1782	536	-465.7211	0	52447.6396	0
1783	536	-465.7214	0	52447.6420	0
1784	536	-465.7214	0	52447.6453	0
1785	536	-465.7214	0	52447.6466	0
1786	536	-465.7214	0	52447.6445	0
1787	536	-465.7214	0	52447.6438	0
1788	536	-465.7214	0	52447.6458	0
1789	536	-465.7215	0	52447.6490	0
1790	536	-465.7214	0	52447.6478	0
1791	536	-465.7216	0	52447.6496	0
1792	536	-465.7216	0	52447.6502	0
1793	536	-465.7219	0	52447.6503	0
1794	536	-465.7220	0	52447.6503	0
1795	536	-465.7220	0	52447.6527	0
1796	536	-465.7220	0	52447.6536	0
1797	536	-465.7220	0	52447.6564	0
1798	536	-465.7217	0	52447.6574	0
1799	536	-465.7217	0	52447.6530	0
1800	536	-465.7216	0	52447.6537	0
1801	536	-465.7215	0	52447.6564	0
1802	536	-465.7215	0	52447.6573	0
1803	536	-465.7219	0	52447.6623	0
1804	536	-465.7216	0	52447.6596	0
1805	536	-465.7215	0	52447.6561	0
1806	536	-465.7216	0	52447.6594	0
1807	536	-465.7217	0	52447.6607	0
1808	536	-465.7217	0	52447.6636	0
1809	536	-465.7215	0	52447.6670	0
1810	536	-465.7212	0	52447.6661	0
1811	536	-465.7207	0	52447.6635	0
1812	536	-465.7206	0	52447.6648	0
1813	536	-465.7201	0	52447.6631	0
1814	536	-465.7202	0	52447.6647	0
1815	536	-465.7202	0	52447.6653	0
1816	536	-465.7201	0	52447.6679	0
1817	536	-465.7201	0	52447.6666	0
1818	536	-465.7198	0	52447.6661	0
1819	536	-465.7200	0	52447.6681	0
1820	536	-465.7202	0	52447.6711	0
1821	536	-465.7201	0	52447.6724	0
1822	536	-465.7200	0	52447.6752	0
1823	536	-465.7196	0	52447.6740	0
1824	536	-465.7195	0	52447.6712	0
1825	536	-465.7194	0	52447.6771	0
1826	536	-465.7193	0	52447.6794	0
1827	536	-465.7193	0	52447.6825	0
1828	536	-465.7193	0	52447.6836	0
1829	536	-465.7194	0	52447.6816	0
1830	536	-465.7194	0	52447.6808	0
1831	536	-465.7198	0	52447.6826	0
1832	536	-465.7200	0	52447.6856	0
1833	536	-465.7199	0	52447.6844	0
1834	536	-465.7201	0	52447.6861	0
1835	536	-465.7201	0	52447.6890	0
1836	536	-465.7200	0	52447.6901	0
1837	536	-465.7199	0	52447.6883	0
1838	536	-465.7200	0	52447.6898	0
1839	536	-465.7200	0	52447.6903	0
1840	536	-465.7199	0	52447.6928	0
1841	536	-465.7203	0	52447.6957	0
1842	536	-465.7203	0	52447.6969	0
1843	536	-465.7204	0	52447.6995	0
1844	536	-465.7204	0	52447.7004	0
1845	536	-465.7204	0	52447.7007	0
1846	536	-465.7202	0	52447.7008	0
1847	536	-465.7203	0	52447.7031	0
1848	536	-465.7203	0	52447.7038	0
1849	536	-465.7201	0	52447.7042	0
1850	536	-465.7200	0	52447.7043	0
1851	536	-465.7200	0	52447.7065	0
1852	536	-465.7199	0	52447.7073	0
1853	536	-465.7199	0	52447.7097	0
1854	536	-465.7203	0	52447.7127	0
1855	536	-465.7205	0	52447.7137	0
1856	536	-465.7208	0	52447.7139	0
1857	536	-465.7211	0	52447.7161	0
1858	536	-465.7212	0	52447.7169	0
1859	536	-465.7212	0	52447.7192	0
1860	536	-465.7213	0	52447.7222	0
1861	536	-465.7216	0	52447.7232	0
1862	536	-465.7213	0	52447.7215	0
1863	536	-465.7214	0	52447.7229	0
1864	536	-465.7214	0	52447.7234	0
1865	536	-465.7211	0	52447.7236	0
1866	536	-465.7212	0	52447.7279	0
1867	536	-465.7216	0	52447.7335	0
1868	536	-465.7218	0	52447.7334	0
1869	536	-465.7219	0	52447.7334	0
1870	536	-465.7220	0	52447.7311	0
1871	536	-465.7220	0	52447.7345	0
1872	536	-465.7220	0	52447.7357	0
1873	536	-465.7220	0	52447.7382	0
1874	536	-465.7220	0	52447.7391	0
1875	536	-465.7222	0	52447.7393	0
1876	536	-465.7220	0	52447.7394	0
1877	536	-465.7219	0	52447.7415	0
1878	536	-465.7218	0	52447.7423	0
1879	536	-465.7220	0	52447.7466	0
1880	536	-465.7220	0	52447.7482	0
1881	536	-465.7220	0	52447.7488	0
1882	536	-465.7221	0	52447.7509	0
1883	536	-465.7223	0	52447.7536	0
1884	536	-465.7223	0	52447.7547	0
1885	536	-465.7223	0	52447.7591	0
1886	536	-465.7222	0	52447.7626	0
1887	536	-465.7222	0	52447.7640	0
1888	536	-465.7220	0	52447.7624	0
1889	536	-465.7220	0	52447.7638	0
1890	536	-465.7218	0	52447.7643	0
1891	536	-465.7217	0	52447.7665	0
1892	536	-465.7217	0	52447.7672	0
1893	536	-465.7218	0	52447.7714	0
1894	536	-465.7219	0	52447.7728	0
1895	536	-465.7219	0	52447.7714	0
1896	536	-465.7222	0	52447.7707	0
1897	536	-465.7224	0	52447.7742	0
1898	536	-465.7221	0	52447.7737	0
1899	536	-465.7220	0	52447.7735	0
1900	536	-465.7221	0	52447.7772	0
1901	536	-465.7221	0	52447.7786	0
1902	536	-465.7219	0	52447.7791	0
1903	536	-465.7220	0	52447.7812	0
1904	536	-465.7220	0	52447.7819	0
1905	536	-465.7220	0	52447.7841	0
1906	536	-465.7221	0	52447.7867	0
1907	536	-465.7222	0	52447.7877	0
1908	536	-465.7221	0	52447.7899	0
1909	536	-465.7222	0	52447.7907	0
1910	536	-465.7225	0	52447.7927	0
1911	536	-465.7227	0	52447.7952	0
1912	536	-465.7225	0	52447.7962	0
1913	536	-465.7224	0	52447.7985	0
1914	536	-465.7225	0	52447.8011	0
1915	536	-465.7222	0	52447.7984	0
1916	536	-465.7221	0	52447.7973	0
1917	536	-465.7222	0	52447.7987	0
1918	536	-465.7222	0	52447.8029	0
1919	536	-465.7220	0	52447.8027	0
1920	536	-465.7221	0	52447.8044	0
1921	536	-465.7223	0	52447.8067	0
1922	536	-465.7222	0	52447.8058	0
1923	536	-465.7225	0	52447.8053	0
1924	536	-465.7225	0	52447.8069	0
1925	536	-465.7227	0	52447.8092	0
1926	536	-465.7226	0	52447.8102	0
1927	536	-465.7226	0	52447.8123	0
1928	536	-465.7226	0	52447.8131	0
1929	536	-465.7224	0	52447.8115	0
1930	536	-465.7225	0	52447.8127	0
1931	536	-465.7225	0	52447.8131	0
1932	536	-465.7225	0	52447.8151	0
1933	536	-465.7225	0	52447.8157	0
1934	536	-465.7226	0	52447.8178	0
1935	536	-465.7227	0	52447.8184	0
1936	536	-465.7227	0	52447.8187	0
1937	536	-465.7231	0	52447.8204	0
1938	536	-465.7235	0	52447.8209	0
1939	536	-465.7236	0	52447.8210	0
1940	536	-465.7235	0	52447.8211	0
1941	536	-465.7234	0	52447.8212	0
1942	536	-465.7232	0	52447.8212	0
1943	536	-465.7231	0	52447.8212	0
1944	536	-465.7232	0	52447.8230	0
1945	536	-465.7232	0	52447.8254	0
1946	536	-465.7232	0	52447.8245	0
1947	536	-465.7234	0	52447.8276	0
1948	536	-465.7237	0	52447.8269	0
1949	536	-465.7240	0	52447.8265	0
1950	536	-465.7242	0	52447.8263	0
1951	536	-465.7244	0	52447.8279	0
1952	536	-465.7243	0	52447.8286	0
1953	536	-465.7245	0	52447.8287	0
1954	536	-465.7245	0	52447.8287	0
1955	536	-465.7245	0	52447.8287	0
1956	536	-465.7243	0	52447.8288	0
1957	536	-465.7242	0	52447.8288	0
1958	536	-465.7241	0	52447.8306	0
1959	536	-465.7242	0	52447.8330	0
1960	536	-465.7241	0	52447.8339	0
1961	536	-465.7241	0	52447.8360	0
1962	536	-465.7238	0	52447.8333	0
1963	536	-465.7238	0	52447.8340	0
1964	536	-465.7236	0	52447.8344	0
1965	536	-465.7235	0	52447.8344	0
1966	536	-465.7234	0	52447.8345	0
1967	536	-465.7233	0	52447.8345	0
1968	536	-465.7233	0	52447.8345	0
1969	536	-465.7232	0	52447.8345	0
1970	536	-465.7230	0	52447.8346	0
1971	536	-465.7227	0	52447.8347	0
1972	536	-465.7226	0	52447.8365	0
1973	536	-465.7227	0	52447.8406	0
1974	536	-465.7227	0	52447.8421	0
1975	536	-465.7226	0	52447.8392	0
1976	536	-465.7229	0	52447.8397	0
1977	536	-465.7232	0	52447.8415	0
1978	536	-465.7231	0	52447.8440	0
1979	536	-465.7230	0	52447.8466	0
1980	536	-465.7230	0	52447.8476	0
1981	536	-465.7229	0	52447.8497	0
1982	536	-465.7229	0	52447.8505	0
1983	536	-465.7227	0	52447.8525	0
1984	536	-465.7224	0	52447.8533	0
1985	536	-465.7225	0	52447.8551	0
1986	536	-465.7227	0	52447.8591	0
1987	536	-465.7230	0	52447.8605	0
1988	536	-465.7229	0	52447.8593	0
1989	536	-465.7230	0	52447.8604	0
1990	536	-465.7232	0	52447.8641	0
1991	536	-465.7233	0	52447.8671	0
1992	536	-465.7234	0	52447.8731	0
1993	536	-465.7233	0	52447.8753	0
1994	536	-465.7230	0	52447.8745	0
1995	536	-465.7227	0	52447.8759	0
1996	536	-465.7227	0	52447.8779	0
1997	536	-465.7228	0	52447.8802	0
1998	536	-465.7230	0	52447.8841	0
1999	536	-465.7230	0	52447.8855	0
2000	536	-465.7233	0	52447.8859	0
2001	536	-465.7231	0	52447.8860	0
2002	536	-465.7232	0	52447.8875	0
2003	536	-465.7236	0	52447.8895	0
2004	536	-465.7235	0	52447.8903	0
2005	536	-465.7231	0	52447.8907	0
2006	536	-465.7231	0	52447.8891	0
2007	536	-465.7229	0	52447.8902	0
2008	536	-465.7226	0	52447.8906	0
2009	536	-465.7224	0	52447.8939	0
2010	536	-465.7221	0	52447.8967	0
2011	536	-465.7221	0	52447.8993	0
2012	536	-465.7222	0	52447.9017	0
2013	536	-465.7222	0	52447.9026	0
2014	536	-465.7223	0	52447.9028	0
2015	536	-465.7226	0	52447.9073	0
2016	536	-465.7225	0	52447.9090	0
2017	536	-465.7223	0	52447.9112	0
2018	536	-465.7222	0	52447.9120	0
2019	536	-465.7219	0	52447.9108	0
2020	536	-465.7216	0	52447.9088	0
2021	536	-465.7213	0	52447.9081	0
2022	536	-465.7211	0	52447.9109	0
2023	536	-465.7211	0	52447.9134	0
2024	536	-465.7211	0	52447.9158	0
2025	536	-465.7210	0	52447.9167	0
2026	536	-465.7209	0	52447.9155	0
2027	536	-465.7209	0	52447.9150	0
2028	536	-465.7209	0	52447.9162	0
2029	536	-465.7211	0	52447.9181	0
2030	536	-465.7211	0	52447.9203	0
2031	536	-465.7210	0	52447.9212	0
2032	536	-465.7209	0	52447.9215	0
2033	536	-465.7210	0	52447.9215	0
2034	536	-465.7208	0	52447.9230	0
2035	536	-465.7207	0	52447.9251	0
2036	536	-465.7208	0	52447.9272	0
2037	536	-465.7212	0	52447.9293	0
2038	536	-465.7211	0	52447.9301	0
2039	536	-465.7211	0	52447.9304	0
2040	536	-465.7213	0	52447.9318	0
2041	536	-465.7215	0	52447.9337	0
2042	536	-465.7214	0	52447.9359	0
2043	536	-465.7214	0	52447.9352	0
2044	536	-465.7211	0	52447.9336	0
2045	536	-465.7210	0	52447.9315	0
2046	536	-465.7207	0	52447.9307	0
2047	536	-465.7204	0	52447.9305	0
2048	536	-465.7205	0	52447.9318	0
2049	536	-465.7207	0	52447.9337	0
2050	536	-465.7208	0	52447.9343	0
2051	536	-465.7209	0	52447.9360	0
2052	536	-465.7211	0	52447.9379	0
2053	536	-465.7212	0	52447.9387	0
2054	536	-465.7211	0	52447.9389	0
2055	536	-465.7212	0	52447.9404	0
2056	536	-465.7211	0	52447.9395	0
2057	536	-465.7210	0	52447.9392	0
2058	536	-465.7210	0	52447.9391	0
2059	536	-465.7208	0	52447.9390	0
2060	536	-465.7207	0	52447.9405	0
2061	536	-465.7208	0	52447.9424	0
2062	536	-465.7210	0	52447.9430	0
2063	536	-465.7212	0	52447.9446	0
2064	536	-465.7213	0	52447.9451	0
2065	536	-465.7213	0	52447.9453	0
2066	536	-465.7211	0	52447.9454	0
2067	536	-465.7212	0	52447.9482	0
2068	536	-465.7210	0	52447.9493	0
2069	536	-465.7207	0	52447.9498	0
2070	536	-465.7204	0	52447.9500	0
2071	536	-465.7202	0	52447.9515	0
2072	536	-465.7201	0	52447.9534	0
2073	536	-465.7201	0	52447.9541	0
2074	536	-465.7201	0	52447.9543	0
2075	536	-465.7200	0	52447.9544	0
2076	536	-465.7202	0	52447.9557	0
2077	536	-465.7205	0	52447.9588	0
2078	536	-465.7206	0	52447.9613	0
2079	536	-465.7205	0	52447.9623	0
2080	536	-465.7206	0	52447.9639	0
2081	536	-465.7203	0	52447.9619	0
2082	536	-465.7200	0	52447.9611	0
2083	536	-465.7201	0	52447.9621	0
2084	536	-465.7200	0	52447.9625	0
2085	536	-465.7200	0	52447.9640	0
2086	536	-465.7202	0	52447.9658	0
2087	536	-465.7201	0	52447.9652	0
2088	536	-465.7200	0	52447.9649	0
2089	536	-465.7202	0	52447.9674	0
2090	536	-465.7203	0	52447.9670	0
2091	536	-465.7204	0	52447.9668	0
2092	536	-465.7205	0	52447.9693	0
2093	536	-465.7204	0	52447.9689	0
2094	536	-465.7202	0	52447.9688	0
2095	536	-465.7201	0	52447.9688	0
2096	536	-465.7201	0	52447.9687	0
2097	536	-465.7201	0	52447.9714	0
2098	536	-465.7201	0	52447.9724	0
2099	536	-465.7202	0	52447.9753	0
2100	536	-465.7203	0	52447.9737	0
2101	536	-465.7203	0	52447.9731	0
2102	536	-465.7206	0	52447.9754	0
2103	536	-465.7208	0	52447.9788	0
2104	536	-465.7207	0	52447.9815	0
2105	536	-465.7204	0	52447.9812	0
2106	536	-465.7203	0	52447.9824	0
2107	536	-465.7200	0	52447.9829	0
2108	536	-465.7201	0	52447.9855	0
2109	536	-465.7198	0	52447.9879	0
2110	536	-465.7197	0	52447.9913	0
2111	536	-465.7197	0	52447.9925	0
2112	536	-465.7198	0	52447.9929	0
2113	536	-465.7196	0	52447.9918	0
2114	536	-465.7196	0	52447.9926	0
2115	536	-465.7197	0	52447.9941	0
2116	536	-465.7195	0	52447.9960	0
2117	536	-465.7194	0	52447.9979	0
2118	536	-465.7190	0	52447.9987	0
2119	536	-465.7187	0	52447.9990	0
2120	536	-465.7185	0	52447.9991	0
2121	536	-465.7183	0	52448.0004	0
2122	536	-465.7182	0	52448.0046	0
2123	536	-465.7183	0	52448.0086	0
2124	536	-465.7185	0	52448.0112	0
2125	536	-465.7184	0	52448.0097	0
2126	536	-465.7181	0	52448.0092	0
2127	536	-465.7179	0	52448.0114	0
2128	536	-465.7176	0	52448.0123	0
2129	536	-465.7173	0	52448.0139	0
2130	536	-465.7170	0	52448.0157	0
2131	536	-465.7164	0	52448.0141	0
2132	536	-465.7160	0	52448.0171	0
2133	536	-465.7158	0	52448.0183	0
2134	536	-465.7154	0	52448.0200	0
2135	536	-465.7153	0	52448.0230	0
2136	536	-465.7154	0	52448.0239	0
2137	536	-465.7155	0	52448.0243	0
2138	536	-465.7157	0	52448.0255	0
2139	536	-465.7153	0	52448.0225	0
2140	536	-465.7146	0	52448.0190	0
2141	536	-465.7139	0	52448.0179	0
2142	536	-465.7144	0	52448.0271	0
2143	536	-465.7139	0	52448.0269	0
2144	536	-465.7129	0	52448.0236	0
2145	536	-465.7108	0	52448.0107	0
2146	536	-465.7094	0	52448.0030	0
2147	536	-465.7094	0	52448.0057	0
2148	536	-465.7094	0	52448.0079	0
2149	536	-465.7105	0	52448.0171	0
2150	536	-465.7114	0	52448.0260	0
2151	536	-465.7120	0	52448.0349	0
2152	536	-465.7119	0	52448.0385	0
2153	536	-465.7115	0	52448.0411	0
2154	536	-465.7114	0	52448.0431	0
2155	536	-465.7113	0	52448.0449	0
2156	536	-465.7110	0	52448.0445	0
2157	536	-465.7110	0	52448.0465	0
2158	536	-465.7109	0	52448.0494	0
2159	536	-465.7109	0	52448.0537	0
2160	536	-465.7106	0	52448.0543	0
2161	536	-465.7105	0	52448.0544	0
2162	536	-465.7104	0	52448.0533	0
2163	536	-465.7106	0	52448.0560	0
2164	536	-465.7104	0	52448.0572	0
2165	536	-465.7102	0	52448.0597	0
2166	536	-465.7101	0	52448.0617	0
2167	536	-465.7099	0	52448.0647	0
2168	536	-465.7094	0	52448.0626	0
2169	536	-465.7090	0	52448.0629	0
2170	536	-465.7088	0	52448.0619	0
2171	536	-465.7087	0	52448.0647	0
2172	536	-465.7087	0	52448.0689	0
2173	536	-465.7088	0	52448.0715	0
2174	536	-465.7088	0	52448.0724	0
2175	536	-465.7085	0	52448.0718	0
2176	536	-465.7087	0	52448.0746	0
2177	536	-465.7085	0	52448.0746	0
2178	536	-465.7085	0	52448.0777	0
2179	536	-465.7086	0	52448.0808	0
2180	536	-465.7084	0	52448.0810	0
2181	536	-465.7080	0	52448.0790	0
2182	536	-465.7080	0	52448.0813	0
2183	536	-465.7077	0	52448.0822	0
2184	536	-465.7073	0	52448.0837	0
2185	536	-465.7073	0	52448.0862	0
2186	536	-465.7074	0	52448.0881	0
2187	536	-465.7073	0	52448.0898	0
2188	536	-465.7074	0	52448.0913	0
2189	536	-465.7076	0	52448.0929	0
2190	536	-465.7073	0	52448.0955	0
2191	536	-465.7072	0	52448.0975	0
2192	536	-465.7070	0	52448.1002	0
2193	536	-465.7064	0	52448.0993	0
2194	536	-465.7060	0	52448.0989	0
2195	536	-465.7056	0	52448.0999	0
2196	536	-465.7055	0	52448.1031	0
2197	536	-465.7055	0	52448.1053	0
2198	536	-465.7053	0	52448.1061	0
2199	536	-465.7053	0	52448.1063	0
2200	536	-465.7053	0	52448.1073	0
2201	536	-465.7050	0	52448.1068	0
2202	536	-465.7050	0	52448.1094	0
2203	536	-465.7050	0	52448.1133	0
2204	536	-465.7048	0	52448.1157	0
2205	536	-465.7044	0	52448.1157	0
2206	536	-465.7041	0	52448.1157	0
2207	536	-465.7040	0	52448.1166	0
2208	536	-465.7037	0	52448.1179	0
2209	536	-465.7037	0	52448.1202	0
2210	536	-465.7041	0	52448.1219	0
2211	536	-465.7042	0	52448.1224	0
2212	536	-465.7043	0	52448.1235	0
2213	536	-465.7045	0	52448.1229	0
2214	536	-465.7046	0	52448.1236	0
2215	536	-465.7047	0	52448.1247	0
2216	536	-465.7047	0	52448.1260	0
2217	536	-465.7047	0	52448.1255	0
2218	536	-465.7046	0	52448.1263	0
2219	536	-465.7046	0	52448.1274	0
2220	536	-465.7047	0	52448.1278	0
2221	536	-465.7046	0	52448.1289	0
2222	536	-465.7046	0	52448.1302	0
2223	536	-465.7049	0	52448.1315	0
2224	536	-465.7049	0	52448.1319	0
2225	536	-465.7050	0	52448.1320	0
2226	536	-465.7052	0	52448.1330	0
2227	536	-465.7049	0	52448.1324	0
2228	536	-465.7049	0	52448.1340	0
2229	536	-465.7049	0	52448.1355	0
2230	536	-465.7047	0	52448.1361	0
2231	536	-465.7045	0	52448.1363	0
2232	536	-465.7043	0	52448.1364	0
2233	536	-465.7042	0	52448.1373	0
2234	536	-465.7043	0	52448.1412	0
2235	536	-465.7044	0	52448.1426	0
2236	536	-465.7044	0	52448.1440	0
2237	536	-465.7046	0	52448.1444	0
2238	536	-465.7045	0	52448.1437	0
2239	536	-465.7049	0	52448.1450	0
2240	536	-465.7049	0	52448.1455	0
2241	536	-465.7051	0	52448.1474	0
2242	536	-465.7052	0	52448.1489	0
2243	536	-465.7051	0	52448.1504	0
2244	536	-465.7051	0	52448.1509	0
2245	536	-465.7050	0	52448.1520	0
2246	536	-465.7051	0	52448.1531	0
2247	536	-465.7051	0	52448.1544	0
2248	536	-465.7056	0	52448.1573	0
2249	536	-465.7058	0	52448.1566	0
2250	536	-465.7058	0	52448.1563	0
2251	536	-465.7060	0	52448.1570	0
2252	536	-465.7061	0	52448.1572	0
2253	536	-465.7062	0	52448.1589	0
2254	536	-465.7062	0	52448.1612	0
2255	536	-465.7061	0	52448.1630	0
2256	536	-465.7057	0	52448.1620	0
2257	536	-465.7054	0	52448.1625	0
2258	536	-465.7052	0	52448.1635	0
2259	536	-465.7051	0	52448.1647	0
2260	536	-465.7052	0	52448.1676	0
2261	536	-465.7054	0	52448.1702	0
2262	536	-465.7053	0	52448.1704	0
2263	536	-465.7052	0	52448.1696	0
2264	536	-465.7052	0	52448.1693	0
2265	536	-465.7052	0	52448.1699	0
2266	536	-465.7053	0	52448.1726	0
2267	536	-465.7054	0	52448.1752	0
2268	536	-465.7053	0	52448.1753	0
2269	536	-465.7050	0	52448.1754	0
2270	536	-465.7048	0	52448.1763	0
2271	536	-465.7046	0	52448.1774	0
2272	536	-465.7046	0	52448.1794	0
2273	536	-465.7050	0	52448.1824	0
2274	536	-465.7053	0	52448.1850	0
2275	536	-465.7054	0	52448.1844	0
2276	536	-465.7055	0	52448.1848	0
2277	536	-465.7057	0	52448.1865	0
2278	536	-465.7058	0	52448.1887	0
2279	536	-465.7061	0	52448.1909	0
2280	536	-465.7060	0	52448.1918	0
2281	536	-465.7059	0	52448.1913	0
2282	536	-465.7059	0	52448.1918	0
2283	536	-465.7060	0	52448.1928	0
2284	536	-465.7060	0	52448.1946	0
2285	536	-465.7062	0	52448.1968	0
2286	536	-465.7065	0	52448.1982	0
2287	536	-465.7067	0	52448.1987	0
2288	536	-465.7069	0	52448.1995	0
2289	536	-465.7072	0	52448.2005	0
2290	536	-465.7072	0	52448.2001	0
2291	536	-465.7073	0	52448.2021	0
2292	536	-465.7075	0	52448.2044	0
2293	536	-465.7074	0	52448.2044	0
2294	536	-465.7072	0	52448.2045	0
2295	536	-465.7073	0	52448.2059	0
2296	536	-465.7073	0	52448.2071	0
2297	536	-465.7075	0	52448.2090	0
2298	536	-465.7078	0	52448.2111	0
2299	536	-465.7082	0	52448.2117	0
2300	536	-465.7084	0	52448.2119	0
2301	536	-465.7087	0	52448.2126	0
2302	536	-465.7089	0	52448.2135	0
2303	536	-465.7090	0	52448.2146	0
2304	536	-465.7092	0	52448.2170	0
2305	536	-465.7093	0	52448.2179	0
2306	536	-465.7091	0	52448.2176	0
2307	536	-465.7091	0	52448.2181	0
2308	536	-465.7091	0	52448.2197	0
2309	536	-465.7090	0	52448.2210	0
2310	536	-465.7093	0	52448.2235	0
2311	536	-465.7097	0	52448.2250	0
2312	536	-465.7101	0	52448.2262	0
2313	536	-465.7103	0	52448.2265	0
2314	536	-465.7106	0	52448.2273	0
2315	536	-465.7107	0	52448.2289	0
2316	536	-465.7107	0	52448.2295	0
2317	536	-465.7106	0	52448.2311	0
2318	536	-465.7104	0	52448.2317	0
2319	536	-465.7101	0	52448.2319	0
2320	536	-465.7100	0	52448.2333	0
2321	536	-465.7099	0	52448.2339	0
2322	536	-465.7097	0	52448.2354	0
2323	536	-465.7100	0	52448.2379	0
2324	536	-465.7103	0	52448.2381	0
2325	536	-465.7105	0	52448.2388	0
2326	536	-465.7108	0	52448.2403	0
2327	536	-465.7109	0	52448.2415	0
2328	536	-465.7109	0	52448.2432	0
2329	536	-465.7110	0	52448.2464	0
2330	536	-465.7109	0	52448.2476	0
2331	536	-465.7106	0	52448.2481	0
2332	536	-465.7104	0	52448.2489	0
2333	536	-465.7104	0	52448.2511	0
2334	536	-465.7103	0	52448.2532	0
2335	536	-465.7103	0	52448.2559	0
2336	536	-465.7107	0	52448.2580	0
2337	536	-465.7110	0	52448.2593	0
2338	536	-465.7111	0	52448.2592	0
2339	536	-465.7112	0	52448.2596	0
2340	536	-465.7113	0	52448.2598	0
2341	536	-465.7113	0	52448.2604	0
2342	536	-465.7113	0	52448.2619	0
2343	536	-465.7111	0	52448.2630	0
2344	536	-465.7110	0	52448.2634	0
2345	536	-465.7109	0	52448.2636	0
2346	536	-465.7108	0	52448.2655	0
2347	536	-465.7108	0	52448.2674	0
2348	536	-465.7109	0	52448.2698	0
2349	536	-465.7112	0	52448.2713	0
2350	536	-465.7114	0	52448.2718	0
2351	536	-465.7115	0	52448.2725	0
2352	536	-465.7117	0	52448.2733	0
2353	536	-465.7118	0	52448.2747	0
2354	536	-465.7118	0	52448.2765	0
2355	536	-465.7119	0	52448.2782	0
2356	536	-465.7118	0	52448.2783	0
2357	536	-465.7115	0	52448.2784	0
2358	536	-465.7113	0	52448.2795	0
2359	536	-465.7110	0	52448.2806	0
2360	536	-465.7111	0	52448.2832	0
2361	536	-465.7115	0	52448.2858	0
2362	536	-465.7119	0	52448.2862	0
2363	536	-465.7121	0	52448.2856	0
2364	536	-465.7123	0	52448.2865	0
2365	536	-465.7123	0	52448.2874	0
2366	536	-465.7124	0	52448.2888	0
2367	536	-465.7125	0	52448.2910	0
2368	536	-465.7124	0	52448.2919	0
2369	536	-465.7121	0	52448.2922	0
2370	536	-465.7118	0	52448.2917	0
2371	536	-465.7117	0	52448.2938	0
2372	536	-465.7119	0	52448.2962	0
2373	536	-465.7120	0	52448.2976	0
2374	536	-465.7122	0	52448.2986	0
2375	536	-465.7124	0	52448.2989	0
2376	536	-465.7126	0	52448.2995	0
2377	536	-465.7129	0	52448.3002	0
2378	536	-465.7129	0	52448.3015	0
2379	536	-465.7130	0	52448.3036	0
2380	536	-465.7130	0	52448.3049	0
2381	536	-465.7129	0	52448.3059	0
2382	536	-465.7127	0	52448.3063	0
2383	536	-465.7126	0	52448.3064	0
2384	536	-465.7126	0	52448.3080	0
2385	536	-465.7130	0	52448.3112	0
2386	536	-465.7131	0	52448.3123	0
2387	536	-465.7134	0	52448.3126	0
2388	536	-465.7137	0	52448.3127	0
2389	536	-465.7140	0	52448.3142	0
2390	536	-465.7143	0	52448.3152	0
2391	536	-465.7142	0	52448.3166	0
2392	536	-465.7142	0	52448.3187	0
2393	536	-465.7141	0	52448.3195	0
2394	536	-465.7138	0	52448.3203	0
2395	536	-465.7137	0	52448.3200	0
2396	536	-465.7137	0	52448.3214	0
2397	536	-465.7139	0	52448.3234	0
2398	536	-465.7140	0	52448.3251	0
2399	536	-465.7141	0	52448.3262	0
2400	536	-465.7143	0	52448.3270	0
2401	536	-465.7144	0	52448.3273	0
2402	536	-465.7143	0	52448.3279	0
2403	536	-465.7144	0	52448.3291	0
2404	536	-465.7142	0	52448.3295	0
2405	536	-465.7141	0	52448.3302	0
2406	536	-465.7140	0	52448.3309	0
2407	536	-465.7136	0	52448.3317	0
2408	536	-465.7134	0	52448.3320	0
2409	536	-465.7134	0	52448.3330	0
2410	536	-465.7135	0	52448.3358	0
2411	536	-465.7137	0	52448.3387	0
2412	536	-465.7138	0	52448.3398	0
2413	536	-465.7138	0	52448.3397	0
2414	536	-465.7138	0	52448.3396	0
2415	536	-465.7137	0	52448.3400	0
2416	536	-465.7137	0	52448.3406	0
2417	536	-465.7135	0	52448.3423	0
2418	536	-465.7134	0	52448.3438	0
2419	536	-465.7131	0	52448.3449	0
2420	536	-465.7128	0	52448.3448	0
2421	536	-465.7127	0	52448.3453	0
2422	536	-465.7128	0	52448.3463	0
2423	536	-465.7127	0	52448.3472	0
2424	536	-465.7129	0	52448.3493	0
2425	536	-465.7131	0	52448.3504	0
2426	536	-465.7131	0	52448.3500	0
2427	536	-465.7133	0	52448.3502	0
2428	536	-465.7133	0	52448.3507	0
2429	536	-465.7133	0	52448.3513	0
2430	536	-465.7135	0	52448.3542	0
2431	536	-465.7135	0	52448.3567	0
2432	536	-465.7132	0	52448.3572	0
2433	536	-465.7129	0	52448.3574	0
2434	536	-465.7127	0	52448.3570	0
2435	536	-465.7126	0	52448.3572	0
2436	536	-465.7127	0	52448.3591	0
2437	536	-465.7128	0	52448.3610	0
2438	536	-465.7128	0	52448.3622	0
2439	536	-465.7130	0	52448.3621	0
2440	536	-465.7130	0	52448.3630	0
2441	536	-465.7129	0	52448.3637	0
2442	536	-465.7130	0	52448.3648	0
2443	536	-465.7129	0	52448.3657	0
2444	536	-465.7128	0	52448.3673	0
2445	536	-465.7126	0	52448.3683	0
2446	536	-465.7123	0	52448.3687	0
2447	536	-465.7122	0	52448.3697	0
2448	536	-465.7120	0	52448.3709	0
2449	536	-465.7120	0	52448.3726	0
2450	536	-465.7121	0	52448.3749	0
2451	536	-465.7122	0	52448.3769	0
2452	536	-465.7122	0	52448.3777	0
2453	536	-465.7122	0	52448.3783	0
2454	536	-465.7122	0	52448.3786	0
2455	536	-465.7122	0	52448.3794	0
2456	536	-465.7120	0	52448.3810	0
2457	536	-465.7118	0	52448.3824	0
2458	536	-465.7114	0	52448.3829	0
2459	536	-465.7112	0	52448.3844	0
2460	536	-465.7110	0	52448.3849	0
2461	536	-465.7108	0	52448.3855	0
2462	536	-465.7109	0	52448.3876	0
2463	536	-465.7109	0	52448.3892	0
2464	536	-465.7107	0	52448.3910	0
2465	536	-465.7107	0	52448.3920	0
2466	536	-465.7108	0	52448.3927	0
2467	536	-465.7108	0	52448.3930	0
2468	536	-465.7108	0	52448.3938	0
2469	536	-465.7110	0	52448.3944	0
2470	536	-465.7109	0	52448.3966	0
2471	536	-465.7108	0	52448.3986	0
2472	536	-465.7107	0	52448.3993	0
2473	536	-465.7105	0	52448.3995	0
2474	536	-465.7107	0	52448.4010	0
2475	536	-465.7109	0	52448.4020	0
2476	536	-465.7110	0	52448.4034	0
2477	536	-465.7110	0	52448.4046	0
2478	536	-465.7112	0	52448.4058	0
2479	536	-465.7113	0	52448.4058	0
2480	536	-465.7115	0	52448.4061	0
2481	536	-465.7117	0	52448.4069	0
2482	536	-465.7120	0	52448.4086	0
2483	536	-465.7120	0	52448.4096	0
2484	536	-465.7123	0	52448.4117	0
2485	536	-465.7125	0	52448.4131	0
2486	536	-465.7126	0	52448.4137	0
2487	536	-465.7126	0	52448.4142	0
2488	536	-465.7126	0	52448.4150	0
2489	536	-465.7128	0	52448.4167	0
2490	536	-465.7130	0	52448.4190	0
2491	536	-465.7133	0	52448.4205	0
2492	536	-465.7137	0	52448.4210	0
2493	536	-465.7142	0	52448.4218	0
2494	536	-465.7146	0	52448.4227	0
2495	536	-465.7148	0	52448.4240	0
2496	536	-465.7150	0	52448.4251	0
2497	536	-465.7152	0	52448.4268	0
2498	536	-465.7153	0	52448.4274	0
2499	536	-465.7151	0	52448.4277	0
2500	536	-465.7151	0	52448.4284	0
2501	536	-465.7153	0	52448.4299	0
2502	536	-465.7155	0	52448.4318	0
2503	536	-465.7159	0	52448.4334	0
2504	536	-465.7164	0	52448.4345	0
2505	536	-465.7167	0	52448.4352	0
2506	536	-465.7171	0	52448.4360	0
2507	536	-465.7174	0	52448.4369	0
2508	536	-465.7177	0	52448.4385	0
2509	536	-465.7178	0	52448.4393	0
2510	536	-465.7177	0	52448.4400	0
2511	536	-465.7176	0	52448.4402	0
2512	536	-465.7176	0	52448.4406	0
2513	536	-465.7175	0	52448.4416	0
2514	536	-465.7177	0	52448.4432	0
2515	536	-465.7179	0	52448.4447	0
2516	536	-465.7183	0	52448.4461	0
2517	536	-465.7187	0	52448.4469	0
2518	536	-465.7190	0	52448.4474	0
2519	536	-465.7194	0	52448.4478	0
2520	536	-465.7198	0	52448.4485	0
2521	536	-465.7200	0	52448.4496	0
2522	536	-465.7202	0	52448.4515	0
2523	536	-465.7203	0	52448.4531	0
2524	536	-465.7202	0	52448.4531	0
2525	536	-465.7200	0	52448.4537	0
2526	536	-465.7200	0	52448.4548	0
2527	536	-465.7201	0	52448.4566	0
2528	536	-465.7204	0	52448.4584	0
2529	536	-465.7207	0	52448.4596	0
2530	536	-465.7210	0	52448.4600	0
2531	536	-465.7213	0	52448.4603	0
2532	536	-465.7216	0	52448.4613	0
2533	536	-465.7219	0	52448.4621	0
2534	536	-465.7221	0	52448.4636	0
2535	536	-465.7221	0	52448.4649	0
2536	536	-465.7221	0	52448.4652	0
2537	536	-465.7219	0	52448.4649	0
2538	536	-465.7218	0	52448.4654	0
2539	536	-465.7218	0	52448.4664	0
2540	536	-465.7219	0	52448.4684	0
2541	536	-465.7222	0	52448.4696	0
2542	536	-465.7226	0	52448.4709	0
2543	536	-465.7230	0	52448.4715	0
2544	536	-465.7233	0	52448.4714	0
2545	536	-465.7236	0	52448.4719	0
2546	536	-465.7237	0	52448.4720	0
2547	536	-465.7238	0	52448.4731	0
2548	536	-465.7240	0	52448.4743	0
2549	536	-465.7241	0	52448.4758	0
2550	536	-465.7240	0	52448.4761	0
2551	536	-465.7238	0	52448.4765	0
2552	536	-465.7238	0	52448.4771	0
2553	536	-465.7238	0	52448.4784	0
2554	536	-465.7239	0	52448.4797	0
2555	536	-465.7241	0	52448.4814	0
2556	536	-465.7243	0	52448.4825	0
2557	536	-465.7245	0	52448.4831	0
2558	536	-465.7246	0	52448.4833	0
2559	536	-465.7247	0	52448.4842	0
2560	536	-465.7248	0	52448.4855	0
2561	536	-465.7248	0	52448.4870	0
2562	536	-465.7249	0	52448.4888	0
2563	536	-465.7247	0	52448.4889	0
2564	536	-465.7245	0	52448.4890	0
2565	536	-465.7243	0	52448.4897	0
2566	536	-465.7241	0	52448.4913	0
2567	536	-465.7241	0	52448.4928	0
2568	536	-465.7244	0	52448.4943	0
2569	536	-465.7248	0	52448.4953	0
2570	536	-465.7250	0	52448.4956	0
2571	536	-465.7253	0	52448.4964	0
2572	536	-465.7255	0	52448.4969	0
2573	536	-465.7258	0	52448.4982	0
2574	536	-465.7260	0	52448.5001	0
2575	536	-465.7259	0	52448.5015	0
2576	536	-465.7258	0	52448.5023	0
2577	536	-465.7257	0	52448.5020	0
2578	536	-465.7255	0	52448.5020	0
2579	536	-465.7256	0	52448.5042	0
2580	536	-465.7257	0	52448.5055	0
2581	536	-465.7260	0	52448.5066	0
2582	536	-465.7263	0	52448.5070	0
2583	536	-465.7265	0	52448.5070	0
2584	536	-465.7267	0	52448.5070	0
2585	536	-465.7270	0	52448.5081	0
2586	536	-465.7273	0	52448.5094	0
2587	536	-465.7276	0	52448.5107	0
2588	536	-465.7277	0	52448.5118	0
2589	536	-465.7277	0	52448.5127	0
2590	536	-465.7277	0	52448.5128	0
2591	536	-465.7278	0	52448.5136	0
2592	536	-465.7279	0	52448.5148	0
2593	536	-465.7281	0	52448.5165	0
2594	536	-465.7285	0	52448.5182	0
2595	536	-465.7289	0	52448.5194	0
2596	536	-465.7292	0	52448.5200	0
2597	536	-465.7296	0	52448.5201	0
2598	536	-465.7300	0	52448.5212	0
2599	536	-465.7304	0	52448.5230	0
2600	536	-465.7306	0	52448.5247	0
2601	536	-465.7307	0	52448.5257	0
2602	536	-465.7307	0	52448.5261	0
2603	536	-465.7307	0	52448.5266	0
2604	536	-465.7308	0	52448.5276	0
2605	536	-465.7310	0	52448.5293	0
2606	536	-465.7313	0	52448.5307	0
2607	536	-465.7318	0	52448.5319	0
2608	536	-465.7322	0	52448.5326	0
2609	536	-465.7326	0	52448.5333	0
2610	536	-465.7332	0	52448.5343	0
2611	536	-465.7337	0	52448.5363	0
2612	536	-465.7340	0	52448.5375	0
2613	536	-465.7341	0	52448.5384	0
2614	536	-465.7343	0	52448.5395	0
2615	536	-465.7342	0	52448.5397	0
2616	536	-465.7342	0	52448.5403	0
2617	536	-465.7343	0	52448.5418	0
2618	536	-465.7344	0	52448.5435	0
2619	536	-465.7347	0	52448.5454	0
2620	536	-465.7350	0	52448.5467	0
2621	536	-465.7353	0	52448.5474	0
2622	536	-465.7356	0	52448.5481	0
2623	536	-465.7360	0	52448.5486	0
2624	536	-465.7363	0	52448.5502	0
2625	536	-465.7365	0	52448.5519	0
2626	536	-465.7366	0	52448.5537	0
2627	536	-465.7366	0	52448.5547	0
2628	536	-465.7365	0	52448.5552	0
2629	536	-465.7364	0	52448.5557	0
2630	536	-465.7364	0	52448.5571	0
2631	536	-465.7367	0	52448.5591	0
2632	536	-465.7370	0	52448.5608	0
2633	536	-465.7374	0	52448.5616	0
2634	536	-465.7377	0	52448.5619	0
2635	536	-465.7380	0	52448.5625	0
2636	536	-465.7383	0	52448.5635	0
2637	536	-465.7385	0	52448.5650	0
2638	536	-465.7386	0	52448.5667	0
2639	536	-465.7385	0	52448.5681	0
2640	536	-465.7384	0	52448.5688	0
2641	536	-465.7382	0	52448.5693	0
2642	536	-465.7380	0	52448.5700	0
2643	536	-465.7380	0	52448.5712	0
2644	536	-465.7382	0	52448.5730	0
2645	536	-465.7386	0	52448.5745	0
2646	536	-465.7389	0	52448.5752	0
2647	536	-465.7392	0	52448.5757	0
2648	536	-465.7394	0	52448.5761	0
2649	536	-465.7396	0	52448.5775	0
2650	536	-465.7398	0	52448.5790	0
2651	536	-465.7399	0	52448.5809	0
2652	536	-465.7399	0	52448.5820	0
2653	536	-465.7398	0	52448.5827	0
2654	536	-465.7397	0	52448.5834	0
2655	536	-465.7397	0	52448.5845	0
2656	536	-465.7397	0	52448.5857	0
2657	536	-465.7400	0	52448.5876	0
2658	536	-465.7403	0	52448.5889	0
2659	536	-465.7406	0	52448.5895	0
2660	536	-465.7409	0	52448.5896	0
2661	536	-465.7412	0	52448.5900	0
2662	536	-465.7417	0	52448.5917	0
2663	536	-465.7419	0	52448.5928	0
2664	536	-465.7422	0	52448.5942	0
2665	536	-465.7425	0	52448.5954	0
2666	536	-465.7427	0	52448.5960	0
2667	536	-465.7427	0	52448.5963	0
2668	536	-465.7428	0	52448.5971	0
2669	536	-465.7431	0	52448.5983	0
2670	536	-465.7436	0	52448.6000	0
2671	536	-465.7439	0	52448.6010	0
2672	536	-465.7443	0	52448.6014	0
2673	536	-465.7448	0	52448.6016	0
2674	536	-465.7451	0	52448.6023	0
2675	536	-465.7456	0	52448.6037	0
2676	536	-465.7459	0	52448.6046	0
2677	536	-465.7462	0	52448.6058	0
2678	536	-465.7463	0	52448.6064	0
2679	536	-465.7463	0	52448.6066	0
2680	536	-465.7462	0	52448.6070	0
2681	536	-465.7462	0	52448.6080	0
2682	536	-465.7463	0	52448.6093	0
2683	536	-465.7465	0	52448.6106	0
2684	536	-465.7470	0	52448.6120	0
2685	536	-465.7474	0	52448.6126	0
2686	536	-465.7476	0	52448.6130	0
2687	536	-465.7478	0	52448.6135	0
2688	536	-465.7480	0	52448.6145	0
2689	536	-465.7482	0	52448.6162	0
2690	536	-465.7483	0	52448.6177	0
2691	536	-465.7484	0	52448.6188	0
2692	536	-465.7485	0	52448.6197	0
2693	536	-465.7486	0	52448.6203	0
2694	536	-465.7487	0	52448.6207	0
2695	536	-465.7489	0	52448.6218	0
2696	536	-465.7493	0	52448.6233	0
2697	536	-465.7498	0	52448.6249	0
2698	536	-465.7503	0	52448.6258	0
2699	536	-465.7507	0	52448.6262	0
2700	536	-465.7512	0	52448.6266	0
2701	536	-465.7518	0	52448.6281	0
2702	536	-465.7522	0	52448.6295	0
2703	536	-465.7525	0	52448.6315	0
2704	536	-465.7529	0	52448.6326	0
2705	536	-465.7531	0	52448.6329	0
2706	536	-465.7533	0	52448.6331	0
2707	536	-465.7535	0	52448.6339	0
2708	536	-465.7539	0	52448.6349	0
2709	536	-465.7544	0	52448.6363	0
2710	536	-465.7551	0	52448.6374	0
2711	536	-465.7556	0	52448.6381	0
2712	536	-465.7561	0	52448.6385	0
2713	536	-465.7566	0	52448.6392	0
2714	536	-465.7571	0	52448.6409	0
2715	536	-465.7575	0	52448.6423	0
2716	536	-465.7579	0	52448.6439	0
2717	536	-465.7583	0	52448.6447	0
2718	536	-465.7584	0	52448.6450	0
2719	536	-465.7586	0	52448.6454	0
2720	536	-465.7589	0	52448.6463	0
2721	536	-465.7593	0	52448.6476	0
2722	536	-465.7598	0	52448.6490	0
2723	536	-465.7604	0	52448.6501	0
2724	536	-465.7608	0	52448.6506	0
2725	536	-465.7613	0	52448.6508	0
2726	536	-465.7618	0	52448.6519	0
2727	536	-465.7622	0	52448.6536	0
2728	536	-465.7625	0	52448.6552	0
2729	536	-465.7627	0	52448.6562	0
2730	536	-465.7629	0	52448.6568	0
2731	536	-465.7629	0	52448.6573	0
2732	536	-465.7629	0	52448.6578	0
2733	536	-465.7631	0	52448.6591	0
2734	536	-465.7634	0	52448.6603	0
2735	536	-465.7637	0	52448.6619	0
2736	536	-465.7640	0	52448.6628	0
2737	536	-465.7644	0	52448.6634	0
2738	536	-465.7648	0	52448.6637	0
2739	536	-465.7652	0	52448.6648	0
2740	536	-465.7656	0	52448.6663	0
2741	536	-465.7659	0	52448.6675	0
2742	536	-465.7662	0	52448.6686	0
2743	536	-465.7664	0	52448.6694	0
2744	536	-465.7665	0	52448.6699	0
2745	536	-465.7666	0	52448.6705	0
2746	536	-465.7670	0	52448.6719	0
2747	536	-465.7672	0	52448.6734	0
2748	536	-465.7674	0	52448.6749	0
2749	536	-465.7677	0	52448.6758	0
2750	536	-465.7680	0	52448.6764	0
2751	536	-465.7684	0	52448.6768	0
2752	536	-465.7688	0	52448.6785	0
2753	536	-465.7691	0	52448.6799	0
2754	536	-465.7691	0	52448.6808	0
2755	536	-465.7691	0	52448.6812	0
2756	536	-465.7691	0	52448.6815	0
2757	536	-465.7690	0	52448.6819	0
2758	536	-465.7690	0	52448.6824	0
2759	536	-465.7689	0	52448.6832	0
2760	536	-465.7691	0	52448.6839	0
2761	536	-465.7694	0	52448.6843	0
2762	536	-465.7698	0	52448.6846	0
2763	536	-465.7702	0	52448.6850	0
2764	536	-465.7705	0	52448.6854	0
2765	536	-465.7706	0	52448.6860	0
2766	536	-465.7706	0	52448.6868	0
2767	536	-465.7705	0	52448.6873	0
2768	536	-465.7703	0	52448.6876	0
2769	536	-465.7702	0	52448.6880	0
2770	536	-465.7700	0	52448.6884	0
2771	536	-465.7699	0	52448.6890	0
2772	536	-465.7698	0	52448.6897	0
2773	536	-465.7699	0	52448.6904	0
2774	536	-465.7704	0	52448.6907	0
2775	536	-465.7709	0	52448.6910	0
2776	536	-465.7712	0	52448.6914	0
2777	536	-465.7714	0	52448.6920	0
2778	536	-465.7714	0	52448.6927	0
2779	536	-465.7712	0	52448.6934	0
2780	536	-465.7710	0	52448.6938	0
2781	536	-465.7709	0	52448.6941	0
2782	536	-465.7707	0	52448.6946	0
2783	536	-465.7705	0	52448.6953	0
2784	536	-465.7703	0	52448.6961	0
2785	536	-465.7702	0	52448.6969	0
2786	536	-465.7704	0	52448.6976	0
2787	536	-465.7707	0	52448.6979	0
2788	536	-465.7710	0	52448.6983	0
2789	536	-465.7709	0	52448.6989	0
2790	536	-465.7706	0	52448.6997	0
2791	536	-465.7699	0	52448.7007	0
2792	536	-465.7694	0	52448.7012	0
2793	536	-465.7692	0	52448.7018	0
2794	536	-465.7689	0	52448.7024	0
