1780	546	-465.8171	0	52447.3710	0
1781	546	-465.8175	0	52447.3607	0
1782	546	-465.8177	0	52447.3616	0
1783	546	-465.8173	0	52447.3543	0
1784	546	-465.8173	0	52447.3639	0
1785	546	-465.8176	0	52447.3632	0
1786	546	-465.8184	0	52447.3626	0
1787	546	-465.8187	0	52447.3624	0
1788	546	-465.8190	0	52447.3585	0
1789	546	-465.8188	0	52447.3645	0
1790	546	-465.8190	0	52447.3631	0
1791	546	-465.8190	0	52447.3556	0
1792	546	-465.8196	0	52447.3486	0
1793	546	-465.8198	0	52447.3497	0
1794	546	-465.8201	0	52447.3464	0
1795	546	-465.8201	0	52447.3416	0
1796	546	-465.8201	0	52447.3436	0
1797	546	-465.8203	0	52447.3370	0
1798	546	-465.8203	0	52447.3344	0
1799	546	-465.8205	0	52447.3261	0
1800	546	-465.8206	0	52447.3230	0
1801	546	-465.8205	0	52447.3220	0
1802	546	-465.8208	0	52447.3215	0
1803	546	-465.8205	0	52447.3254	0
1804	546	-465.8206	0	52447.3194	0
1805	546	-465.8207	0	52447.3172	0
1806	546	-465.8206	0	52447.3165	0
1807	546	-465.8205	0	52447.3126	0
1808	546	-465.8204	0	52447.3112	0
1809	546	-465.8200	0	52447.3109	0
1810	546	-465.8199	0	52447.3072	0
1811	546	-465.8198	0	52447.3058	0
1812	546	-465.8202	0	52447.3013	0
1813	546	-465.8206	0	52447.2919	0
1814	546	-465.8207	0	52447.2883	0
1815	546	-465.8208	0	52447.2831	0
1816	546	-465.8208	0	52447.2893	0
1817	546	-465.8210	0	52447.2837	0
1818	546	-465.8208	0	52447.2818	0
1819	546	-465.8210	0	52447.2771	0
1820	546	-465.8210	0	52447.2755	0
1821	546	-465.8208	0	52447.2790	0
1822	546	-465.8210	0	52447.2763	0
1823	546	-465.8214	0	52447.2752	0
1824	546	-465.8216	0	52447.2708	0
1825	546	-465.8217	0	52447.2652	0
1826	546	-465.8217	0	52447.2633	0
1827	546	-465.8217	0	52447.2626	0
1828	546	-465.8217	0	52447.2625	0
1829	546	-465.8219	0	52447.2624	0
1830	546	-465.8217	0	52447.2625	0
1831	546	-465.8216	0	52447.2587	0
1832	546	-465.8215	0	52447.2613	0
1833	546	-465.8216	0	52447.2624	0
1834	546	-465.8222	0	52447.2585	0
1835	546	-465.8224	0	52447.2490	0
1836	546	-465.8225	0	52447.2452	0
1837	546	-465.8223	0	52447.2483	0
1838	546	-465.8221	0	52447.2537	0
1839	546	-465.8220	0	52447.2475	0
1840	546	-465.8220	0	52447.2453	0
1841	546	-465.8220	0	52447.2444	0
1842	546	-465.8220	0	52447.2483	0
1843	546	-465.8220	0	52447.2539	0
1844	546	-465.8223	0	52447.2519	0
1845	546	-465.8224	0	52447.2469	0
1846	546	-465.8224	0	52447.2451	0
1847	546	-465.8225	0	52447.2403	0
1848	546	-465.8224	0	52447.2386	0
1849	546	-465.8224	0	52447.2421	0
1850	546	-465.8220	0	52447.2395	0
1851	546	-465.8219	0	52447.2387	0
1852	546	-465.8218	0	52447.2384	0
1853	546	-465.8221	0	52447.2339	0
1854	546	-465.8222	0	52447.2365	0
1855	546	-465.8225	0	52447.2290	0
1856	546	-465.8223	0	52447.2306	0
1857	546	-465.8225	0	52447.2310	0
1858	546	-465.8223	0	52447.2397	0
1859	546	-465.8218	0	52447.2433	0
1860	546	-465.8217	0	52447.2446	0
1861	546	-465.8218	0	52447.2450	0
1862	546	-465.8219	0	52447.2411	0
1863	546	-465.8216	0	52447.2397	0
1864	546	-465.8214	0	52447.2351	0
1865	546	-465.8217	0	52447.2331	0
1866	546	-465.8218	0	52447.2324	0
1867	546	-465.8218	0	52447.2323	0
1868	546	-465.8218	0	52447.2280	0
1869	546	-465.8214	0	52447.2266	0
1872	546	-465.8211	0	52447.2095	0
1873	546	-465.8210	0	52447.2025	0
1875	546	-465.8207	0	52447.1943	0
1876	546	-465.8206	0	52447.2021	0
1877	546	-465.8212	0	52447.2000	0
1882	546	-465.8204	0	52447.2176	0
1883	546	-465.8204	0	52447.2110	0
1884	546	-465.8204	0	52447.2129	0
1885	546	-465.8203	0	52447.2178	0
1886	546	-465.8201	0	52447.2199	0
1887	546	-465.8200	0	52447.2164	0
1904	546	-465.8216	0	52447.1875	0
1905	546	-465.8217	0	52447.1820	0
1906	546	-465.8217	0	52447.1893	0
1907	546	-465.8221	0	52447.1961	0
1908	546	-465.8222	0	52447.2030	0
1909	546	-465.8226	0	52447.2011	0
1910	546	-465.8227	0	52447.2005	0
1911	546	-465.8228	0	52447.1958	0
1912	546	-465.8228	0	52447.1983	0
1913	546	-465.8225	0	52447.1995	0
1914	546	-465.8223	0	52447.1999	0
1915	546	-465.8222	0	52447.2002	0
1916	546	-465.8221	0	52447.2001	0
1917	546	-465.8221	0	52447.2002	0
1918	546	-465.8218	0	52447.2004	0
1919	546	-465.8217	0	52447.2004	0
1920	546	-465.8217	0	52447.2004	0
1921	546	-465.8220	0	52447.1958	0
1922	546	-465.8221	0	52447.1898	0
1923	546	-465.8220	0	52447.1831	0
1924	546	-465.8219	0	52447.1807	0
1947	546	-465.8209	0	52447.1179	0
1948	546	-465.8211	0	52447.1120	0
1952	546	-465.8216	0	52447.1027	0
1953	546	-465.8216	0	52447.1022	0
1955	546	-465.8211	0	52447.1023	0
1956	546	-465.8210	0	52447.1028	0
1958	546	-465.8209	0	52447.0972	0
1959	546	-465.8209	0	52447.0961	0
