2036	568	-465.7103	0	52448.1103	0
2037	568	-465.7101	0	52448.1091	0
2038	568	-465.7097	0	52448.1064	0
2039	568	-465.7097	0	52448.1056	0
2040	568	-465.7094	0	52448.1055	0
2041	568	-465.7086	0	52448.1057	0
2042	568	-465.7078	0	52448.1040	0
2043	568	-465.7075	0	52448.1044	0
2044	568	-465.7066	0	52448.1029	0
2045	568	-465.7061	0	52448.1003	0
2046	568	-465.7057	0	52448.0995	0
2047	568	-465.7051	0	52448.0974	0
2048	568	-465.7047	0	52448.0956	0
2049	568	-465.7042	0	52448.0931	0
2050	568	-465.7033	0	52448.0894	0
2051	568	-465.7024	0	52448.0882	0
2052	568	-465.7019	0	52448.0910	0
2053	568	-465.7011	0	52448.0913	0
2054	568	-465.7007	0	52448.0925	0
2055	568	-465.7004	0	52448.0910	0
2056	568	-465.7000	0	52448.0895	0
2057	568	-465.6998	0	52448.0880	0
2058	568	-465.6997	0	52448.0885	0
2059	568	-465.6996	0	52448.0867	0
2060	568	-465.6993	0	52448.0851	0
2061	568	-465.6990	0	52448.0846	0
2062	568	-465.6985	0	52448.0846	0
2063	568	-465.6978	0	52448.0848	0
2064	568	-465.6977	0	52448.0849	0
2065	568	-465.6973	0	52448.0829	0
2066	568	-465.6971	0	52448.0823	0
2067	568	-465.6969	0	52448.0821	0
2068	568	-465.6968	0	52448.0810	0
2069	568	-465.6968	0	52448.0817	0
2070	568	-465.6967	0	52448.0830	0
2071	568	-465.6963	0	52448.0795	0
2072	568	-465.6958	0	52448.0772	0
2073	568	-465.6953	0	52448.0765	0
2074	568	-465.6949	0	52448.0785	0
2075	568	-465.6943	0	52448.0783	0
2076	568	-465.6940	0	52448.0783	0
2077	568	-465.6932	0	52448.0754	0
2078	568	-465.6927	0	52448.0733	0
2079	568	-465.6923	0	52448.0715	0
2080	568	-465.6918	0	52448.0700	0
2081	568	-465.6912	0	52448.0695	0
2082	568	-465.6907	0	52448.0673	0
2083	568	-465.6901	0	52448.0656	0
2084	568	-465.6896	0	52448.0640	0
2085	568	-465.6891	0	52448.0635	0
2086	568	-465.6886	0	52448.0635	0
2087	568	-465.6881	0	52448.0626	0
2088	568	-465.6875	0	52448.0613	0
2089	568	-465.6871	0	52448.0598	0
2090	568	-465.6868	0	52448.0605	0
2091	568	-465.6867	0	52448.0608	0
2092	568	-465.6865	0	52448.0610	0
2093	568	-465.6862	0	52448.0622	0
2094	568	-465.6857	0	52448.0573	0
2095	568	-465.6852	0	52448.0545	0
2096	568	-465.6849	0	52448.0524	0
2097	568	-465.6845	0	52448.0505	0
2098	568	-465.6842	0	52448.0500	0
2099	568	-465.6838	0	52448.0499	0
2100	568	-465.6833	0	52448.0478	0
2101	568	-465.6829	0	52448.0471	0
2102	568	-465.6826	0	52448.0458	0
2103	568	-465.6824	0	52448.0454	0
2104	568	-465.6820	0	52448.0443	0
2105	568	-465.6819	0	52448.0450	0
2106	568	-465.6821	0	52448.0464	0
2107	568	-465.6818	0	52448.0460	0
2108	568	-465.6815	0	52448.0436	0
2109	568	-465.6812	0	52448.0428	0
2110	568	-465.6809	0	52448.0414	0
2111	568	-465.6808	0	52448.0409	0
2112	568	-465.6806	0	52448.0408	0
2113	568	-465.6805	0	52448.0409	0
2114	568	-465.6802	0	52448.0398	0
2115	568	-465.6798	0	52448.0395	0
2119	568	-465.6792	0	52448.0347	0
2120	568	-465.6791	0	52448.0344	0
2121	568	-465.6788	0	52448.0343	0
2125	568	-465.6793	0	52448.0358	0
2126	568	-465.6794	0	52448.0361	0
2127	568	-465.6793	0	52448.0351	0
2128	568	-465.6793	0	52448.0347	0
2129	568	-465.6794	0	52448.0357	0
2130	568	-465.6793	0	52448.0349	0
2131	568	-465.6793	0	52448.0347	0
2132	568	-465.6795	0	52448.0357	0
2133	568	-465.6797	0	52448.0372	0
2134	568	-465.6796	0	52448.0355	0
2135	568	-465.6793	0	52448.0349	0
2136	568	-465.6793	0	52448.0358	0
2137	568	-465.6793	0	52448.0350	0
2138	568	-465.6792	0	52448.0347	0
2139	568	-465.6793	0	52448.0358	0
2140	568	-465.6793	0	52448.0362	0
2141	568	-465.6796	0	52448.0386	0
2142	568	-465.6794	0	52448.0372	0
2143	568	-465.6797	0	52448.0390	0
2144	568	-465.6799	0	52448.0407	0
2145	568	-465.6800	0	52448.0413	0
2146	568	-465.6800	0	52448.0416	0
2147	568	-465.6800	0	52448.0417	0
2148	568	-465.6798	0	52448.0417	0
2149	568	-465.6798	0	52448.0417	0
2150	568	-465.6796	0	52448.0418	0
2151	568	-465.6795	0	52448.0418	0
2152	568	-465.6795	0	52448.0418	0
2153	568	-465.6797	0	52448.0440	0
2154	568	-465.6796	0	52448.0426	0
2155	568	-465.6797	0	52448.0431	0
2156	568	-465.6798	0	52448.0422	0
2157	568	-465.6798	0	52448.0418	0
2158	568	-465.6800	0	52448.0427	0
2159	568	-465.6802	0	52448.0442	0
2160	568	-465.6803	0	52448.0448	0
2161	568	-465.6805	0	52448.0449	0
2162	568	-465.6807	0	52448.0460	0
2163	568	-465.6804	0	52448.0454	0
2164	568	-465.6807	0	52448.0450	0
2165	568	-465.6813	0	52448.0447	0
2166	568	-465.6818	0	52448.0468	0
2167	568	-465.6822	0	52448.0486	0
2168	568	-465.6826	0	52448.0492	0
2169	568	-465.6826	0	52448.0506	0
2170	568	-465.6825	0	52448.0511	0
2171	568	-465.6823	0	52448.0513	0
2172	568	-465.6820	0	52448.0503	0
2173	568	-465.6822	0	52448.0521	0
2174	568	-465.6824	0	52448.0538	0
2175	568	-465.6825	0	52448.0544	0
2176	568	-465.6825	0	52448.0535	0
2177	568	-465.6825	0	52448.0521	0
2178	568	-465.6825	0	52448.0515	0
2179	568	-465.6824	0	52448.0512	0
2180	568	-465.6826	0	52448.0522	0
2181	568	-465.6827	0	52448.0537	0
2182	568	-465.6826	0	52448.0532	0
2183	568	-465.6825	0	52448.0530	0
2184	568	-465.6827	0	52448.0540	0
2185	568	-465.6826	0	52448.0532	0
2186	568	-465.6825	0	52448.0541	0
2187	568	-465.6827	0	52448.0543	0
2188	568	-465.6825	0	52448.0534	0
2189	568	-465.6827	0	52448.0540	0
2190	568	-465.6828	0	52448.0543	0
2191	568	-465.6828	0	52448.0544	0
2192	568	-465.6828	0	52448.0544	0
2193	568	-465.6830	0	52448.0555	0
2194	568	-465.6827	0	52448.0560	0
2195	568	-465.6828	0	52448.0572	0
2196	568	-465.6829	0	52448.0577	0
2197	568	-465.6829	0	52448.0567	0
2198	568	-465.6829	0	52448.0563	0
2199	568	-465.6829	0	52448.0550	0
2200	568	-465.6828	0	52448.0535	0
2201	568	-465.6828	0	52448.0529	0
2202	568	-465.6827	0	52448.0538	0
2203	568	-465.6825	0	52448.0530	0
2204	568	-465.6823	0	52448.0528	0
2205	568	-465.6823	0	52448.0539	0
2206	568	-465.6824	0	52448.0531	0
2207	568	-465.6824	0	52448.0528	0
2208	568	-465.6824	0	52448.0527	0
2209	568	-465.6824	0	52448.0527	0
2210	568	-465.6823	0	52448.0527	0
2211	568	-465.6821	0	52448.0528	0
2212	568	-465.6824	0	52448.0538	0
2213	568	-465.6827	0	52448.0542	0
2214	568	-465.6825	0	52448.0532	0
2215	568	-465.6823	0	52448.0530	0
2216	568	-465.6822	0	52448.0528	0
2217	568	-465.6822	0	52448.0528	0
2218	568	-465.6823	0	52448.0527	0
2219	568	-465.6823	0	52448.0527	0
2220	568	-465.6822	0	52448.0539	0
2221	568	-465.6823	0	52448.0543	0
2222	568	-465.6823	0	52448.0545	0
2223	568	-465.6820	0	52448.0535	0
2224	568	-465.6820	0	52448.0542	0
2225	568	-465.6820	0	52448.0534	0
2226	568	-465.6822	0	52448.0541	0
2227	568	-465.6819	0	52448.0534	0
2228	568	-465.6818	0	52448.0531	0
2229	568	-465.6817	0	52448.0519	0
2230	568	-465.6818	0	52448.0514	0
2231	568	-465.6819	0	52448.0523	0
2232	568	-465.6818	0	52448.0527	0
2233	568	-465.6817	0	52448.0518	0
2234	568	-465.6815	0	52448.0504	0
2235	568	-465.6814	0	52448.0498	0
2236	568	-465.6814	0	52448.0507	0
2237	568	-465.6814	0	52448.0511	0
2238	568	-465.6814	0	52448.0524	0
2239	568	-465.6814	0	52448.0517	0
2240	568	-465.6814	0	52448.0515	0
2241	568	-465.6815	0	52448.0514	0
2242	568	-465.6815	0	52448.0502	0
2243	568	-465.6815	0	52448.0486	0
2244	568	-465.6816	0	52448.0480	0
2245	568	-465.6819	0	52448.0477	0
2246	568	-465.6822	0	52448.0498	0
2250	568	-465.6824	0	52448.0465	0
2251	568	-465.6826	0	52448.0460	0
2252	568	-465.6823	0	52448.0448	0
2253	568	-465.6822	0	52448.0455	0
2254	568	-465.6821	0	52448.0469	0
2255	568	-465.6821	0	52448.0475	0
2256	568	-465.6821	0	52448.0489	0
2257	568	-465.6817	0	52448.0472	0
2258	568	-465.6818	0	52448.0453	0
2259	568	-465.6820	0	52448.0445	0
2260	568	-465.6823	0	52448.0453	0
2261	568	-465.6826	0	52448.0455	0
2270	568	-465.6821	0	52448.0374	0
2276	568	-465.6820	0	52448.0332	0
2277	568	-465.6824	0	52448.0355	0
2278	568	-465.6828	0	52448.0384	0
2279	568	-465.6826	0	52448.0408	0
2280	568	-465.6824	0	52448.0418	0
2281	568	-465.6823	0	52448.0422	0
2282	568	-465.6824	0	52448.0456	0
2283	568	-465.6824	0	52448.0470	0
2288	568	-465.6817	0	52448.0468	0
2289	568	-465.6815	0	52448.0455	0
2297	568	-465.6814	0	52448.0465	0
2301	568	-465.6811	0	52448.0436	0
2302	568	-465.6813	0	52448.0443	0
2303	568	-465.6813	0	52448.0457	0
2304	568	-465.6813	0	52448.0462	0
2305	568	-465.6815	0	52448.0474	0
2306	568	-465.6816	0	52448.0479	0
2307	568	-465.6817	0	52448.0492	0
2308	568	-465.6819	0	52448.0496	0
2309	568	-465.6819	0	52448.0486	0
2310	568	-465.6820	0	52448.0493	0
2311	568	-465.6819	0	52448.0473	0
2312	568	-465.6819	0	52448.0476	0
2313	568	-465.6820	0	52448.0489	0
2314	568	-465.6821	0	52448.0482	0
2315	568	-465.6821	0	52448.0468	0
2316	568	-465.6823	0	52448.0485	0
2317	568	-465.6822	0	52448.0469	0
2318	568	-465.6823	0	52448.0474	0
2319	568	-465.6823	0	52448.0498	0
2320	568	-465.6824	0	52448.0507	0
2321	568	-465.6825	0	52448.0521	0
2322	568	-465.6827	0	52448.0515	0
2323	568	-465.6828	0	52448.0523	0
2324	568	-465.6825	0	52448.0516	0
2325	568	-465.6826	0	52448.0502	0
2326	568	-465.6824	0	52448.0497	0
2327	568	-465.6822	0	52448.0495	0
2328	568	-465.6821	0	52448.0506	0
2329	568	-465.6821	0	52448.0533	0
2330	568	-465.6824	0	52448.0542	0
2331	568	-465.6822	0	52448.0557	0
2332	568	-465.6823	0	52448.0562	0
2333	568	-465.6822	0	52448.0542	0
2334	568	-465.6820	0	52448.0534	0
2335	568	-465.6821	0	52448.0554	0
2336	568	-465.6820	0	52448.0572	0
2337	568	-465.6820	0	52448.0579	0
2338	568	-465.6820	0	52448.0581	0
2339	568	-465.6820	0	52448.0604	0
2340	568	-465.6820	0	52448.0624	0
2341	568	-465.6821	0	52448.0642	0
2342	568	-465.6823	0	52448.0658	0
2344	568	-465.6823	0	52448.0625	0
2348	568	-465.6807	0	52448.0634	0
2349	568	-465.6806	0	52448.0658	0
2350	568	-465.6804	0	52448.0656	0
2351	568	-465.6803	0	52448.0644	0
2352	568	-465.6804	0	52448.0650	0
2353	568	-465.6806	0	52448.0651	0
2354	568	-465.6808	0	52448.0641	0
2355	568	-465.6808	0	52448.0648	0
2356	568	-465.6809	0	52448.0661	0
2357	568	-465.6807	0	52448.0666	0
2358	568	-465.6807	0	52448.0679	0
2359	568	-465.6807	0	52448.0684	0
2360	568	-465.6807	0	52448.0686	0
2361	568	-465.6806	0	52448.0686	0
2362	568	-465.6808	0	52448.0686	0
2363	568	-465.6812	0	52448.0673	0
2364	568	-465.6815	0	52448.0668	0
2365	568	-465.6818	0	52448.0676	0
2366	568	-465.6820	0	52448.0690	0
2367	568	-465.6818	0	52448.0685	0
2368	568	-465.6815	0	52448.0684	0
2369	568	-465.6816	0	52448.0683	0
2370	568	-465.6814	0	52448.0683	0
2371	568	-465.6815	0	52448.0682	0
2372	568	-465.6813	0	52448.0683	0
2373	568	-465.6813	0	52448.0661	0
2374	568	-465.6814	0	52448.0652	0
2375	568	-465.6814	0	52448.0660	0
2376	568	-465.6812	0	52448.0664	0
2377	568	-465.6807	0	52448.0656	0
2378	568	-465.6803	0	52448.0654	0
2379	568	-465.6803	0	52448.0652	0
2380	568	-465.6805	0	52448.0673	0
2381	568	-465.6808	0	52448.0680	0
2382	568	-465.6811	0	52448.0693	0
2383	568	-465.6813	0	52448.0686	0
2384	568	-465.6814	0	52448.0695	0
2385	568	-465.6814	0	52448.0687	0
2386	568	-465.6814	0	52448.0684	0
2387	568	-465.6815	0	52448.0693	0
2388	568	-465.6812	0	52448.0720	0
2389	568	-465.6812	0	52448.0729	0
2390	568	-465.6814	0	52448.0732	0
2391	568	-465.6817	0	52448.0743	0
2392	568	-465.6821	0	52448.0735	0
2393	568	-465.6821	0	52448.0732	0
2394	568	-465.6820	0	52448.0721	0
2395	568	-465.6819	0	52448.0716	0
2396	568	-465.6817	0	52448.0704	0
2397	568	-465.6817	0	52448.0710	0
2398	568	-465.6815	0	52448.0703	0
2399	568	-465.6814	0	52448.0711	0
2400	568	-465.6809	0	52448.0715	0
2401	568	-465.6807	0	52448.0716	0
2402	568	-465.6809	0	52448.0727	0
2403	568	-465.6810	0	52448.0742	0
2404	568	-465.6813	0	52448.0746	0
2405	568	-465.6816	0	52448.0747	0
2406	568	-465.6820	0	52448.0757	0
2407	568	-465.6816	0	52448.0741	0
2408	568	-465.6815	0	52448.0735	0
2409	568	-465.6816	0	52448.0743	0
2410	568	-465.6813	0	52448.0736	0
2411	568	-465.6810	0	52448.0734	0
2412	568	-465.6808	0	52448.0723	0
2413	568	-465.6809	0	52448.0718	0
2414	568	-465.6811	0	52448.0716	0
2415	568	-465.6809	0	52448.0705	0
2416	568	-465.6807	0	52448.0723	0
2417	568	-465.6806	0	52448.0730	0
2418	568	-465.6806	0	52448.0743	0
2419	568	-465.6807	0	52448.0748	0
2420	568	-465.6809	0	52448.0749	0
2421	568	-465.6806	0	52448.0740	0
2422	568	-465.6809	0	52448.0746	0
2423	568	-465.6808	0	52448.0738	0
2424	568	-465.6810	0	52448.0745	0
2425	568	-465.6812	0	52448.0737	0
2426	568	-465.6810	0	52448.0723	0
2427	568	-465.6810	0	52448.0729	0
2428	568	-465.6812	0	52448.0720	0
2429	568	-465.6810	0	52448.0717	0
2430	568	-465.6810	0	52448.0716	0
2431	568	-465.6811	0	52448.0715	0
2432	568	-465.6810	0	52448.0715	0
2433	568	-465.6809	0	52448.0716	0
2434	568	-465.6807	0	52448.0716	0
2435	568	-465.6807	0	52448.0716	0
2436	568	-465.6809	0	52448.0716	0
2437	568	-465.6810	0	52448.0704	0
2438	568	-465.6810	0	52448.0690	0
2439	568	-465.6810	0	52448.0684	0
2440	568	-465.6809	0	52448.0683	0
2441	568	-465.6806	0	52448.0683	0
2442	568	-465.6804	0	52448.0695	0
2443	568	-465.6805	0	52448.0688	0
2444	568	-465.6806	0	52448.0695	0
2445	568	-465.6809	0	52448.0719	0
2446	568	-465.6809	0	52448.0740	0
2447	568	-465.6811	0	52448.0768	0
2448	568	-465.6814	0	52448.0799	0
2449	568	-465.6816	0	52448.0810	0
2450	568	-465.6816	0	52448.0814	0
2451	568	-465.6815	0	52448.0815	0
2452	568	-465.6816	0	52448.0815	0
2453	568	-465.6816	0	52448.0815	0
2454	568	-465.6813	0	52448.0815	0
2455	568	-465.6811	0	52448.0816	0
2456	568	-465.6811	0	52448.0815	0
2457	568	-465.6811	0	52448.0815	0
2458	568	-465.6813	0	52448.0845	0
2459	568	-465.6814	0	52448.0867	0
2460	568	-465.6816	0	52448.0875	0
2461	568	-465.6817	0	52448.0877	0
2462	568	-465.6817	0	52448.0878	0
2463	568	-465.6817	0	52448.0888	0
2464	568	-465.6821	0	52448.0911	0
2465	568	-465.6822	0	52448.0919	0
2466	568	-465.6822	0	52448.0912	0
2467	568	-465.6823	0	52448.0919	0
2468	568	-465.6824	0	52448.0931	0
2469	568	-465.6822	0	52448.0936	0
2470	568	-465.6820	0	52448.0928	0
2471	568	-465.6817	0	52448.0916	0
2472	568	-465.6818	0	52448.0920	0
2473	568	-465.6817	0	52448.0911	0
2474	568	-465.6817	0	52448.0908	0
2475	568	-465.6815	0	52448.0897	0
2476	568	-465.6817	0	52448.0902	0
2477	568	-465.6817	0	52448.0904	0
2478	568	-465.6817	0	52448.0895	0
2479	568	-465.6817	0	52448.0892	0
2480	568	-465.6819	0	52448.0889	0
2481	568	-465.6819	0	52448.0889	0
2482	568	-465.6819	0	52448.0889	0
2483	568	-465.6820	0	52448.0899	0
2484	568	-465.6820	0	52448.0903	0
2485	568	-465.6820	0	52448.0904	0
2486	568	-465.6820	0	52448.0905	0
2487	568	-465.6819	0	52448.0905	0
2488	568	-465.6819	0	52448.0905	0
2489	568	-465.6819	0	52448.0915	0
2490	568	-465.6819	0	52448.0919	0
2491	568	-465.6819	0	52448.0921	0
2492	568	-465.6819	0	52448.0931	0
2493	568	-465.6820	0	52448.0945	0
2494	568	-465.6821	0	52448.0971	0
2495	568	-465.6821	0	52448.0980	0
2496	568	-465.6821	0	52448.0993	0
2497	568	-465.6822	0	52448.0977	0
2498	568	-465.6823	0	52448.0971	0
2499	568	-465.6822	0	52448.0958	0
2500	568	-465.6822	0	52448.0954	0
2501	568	-465.6819	0	52448.0953	0
2502	568	-465.6818	0	52448.0972	0
2503	568	-465.6820	0	52448.0979	0
2504	568	-465.6821	0	52448.0992	0
2505	568	-465.6822	0	52448.0986	0
2506	568	-465.6822	0	52448.0984	0
2507	568	-465.6824	0	52448.0992	0
2508	568	-465.6825	0	52448.1005	0
2509	568	-465.6827	0	52448.1019	0
2510	568	-465.6830	0	52448.1044	0
2511	568	-465.6832	0	52448.1053	0
2512	568	-465.6832	0	52448.1056	0
2513	568	-465.6832	0	52448.1057	0
2514	568	-465.6832	0	52448.1057	0
2515	568	-465.6832	0	52448.1066	0
2516	568	-465.6836	0	52448.1079	0
2517	568	-465.6835	0	52448.1084	0
2518	568	-465.6832	0	52448.1076	0
2519	568	-465.6830	0	52448.1073	0
2521	568	-465.6832	0	52448.1094	0
2522	568	-465.6833	0	52448.1109	0
2523	568	-465.6835	0	52448.1113	0
2524	568	-465.6836	0	52448.1104	0
2525	568	-465.6838	0	52448.1110	0
2526	568	-465.6838	0	52448.1103	0
2527	568	-465.6834	0	52448.1091	0
2528	568	-465.6833	0	52448.1087	0
2529	568	-465.6835	0	52448.1114	0
2530	568	-465.6837	0	52448.1133	0
2531	568	-465.6836	0	52448.1140	0
2532	568	-465.6835	0	52448.1143	0
2533	568	-465.6835	0	52448.1144	0
2534	568	-465.6835	0	52448.1144	0
2535	568	-465.6834	0	52448.1134	0
2536	568	-465.6832	0	52448.1122	0
2537	568	-465.6831	0	52448.1117	0
2538	568	-465.6830	0	52448.1115	0
2539	568	-465.6827	0	52448.1115	0
2540	568	-465.6827	0	52448.1125	0
2541	568	-465.6826	0	52448.1138	0
2542	568	-465.6825	0	52448.1153	0
2543	568	-465.6824	0	52448.1159	0
2544	568	-465.6821	0	52448.1162	0
2545	568	-465.6822	0	52448.1162	0
2546	568	-465.6822	0	52448.1162	0
2547	568	-465.6819	0	52448.1153	0
2548	568	-465.6818	0	52448.1149	0
2549	568	-465.6819	0	52448.1148	0
2550	568	-465.6820	0	52448.1166	0
2551	568	-465.6818	0	52448.1164	0
2552	568	-465.6819	0	52448.1182	0
2553	568	-465.6820	0	52448.1198	0
2554	568	-465.6820	0	52448.1204	0
2555	568	-465.6821	0	52448.1215	0
2556	568	-465.6821	0	52448.1220	0
2557	568	-465.6820	0	52448.1212	0
2558	568	-465.6818	0	52448.1199	0
2559	568	-465.6818	0	52448.1204	0
2560	568	-465.6819	0	52448.1205	0
2561	568	-465.6821	0	52448.1224	0
2562	568	-465.6822	0	52448.1231	0
2563	568	-465.6821	0	52448.1234	0
2564	568	-465.6821	0	52448.1244	0
2565	568	-465.6823	0	52448.1247	0
2566	568	-465.6821	0	52448.1230	0
2567	568	-465.6820	0	52448.1224	0
2568	568	-465.6820	0	52448.1221	0
2577	568	-465.6827	0	52448.1175	0
2578	568	-465.6828	0	52448.1173	0
2580	568	-465.6829	0	52448.1171	0
2581	568	-465.6828	0	52448.1162	0
2582	568	-465.6827	0	52448.1149	0
2583	568	-465.6829	0	52448.1144	0
2584	568	-465.6827	0	52448.1124	0
2585	568	-465.6823	0	52448.1127	0
2586	568	-465.6824	0	52448.1127	0
2587	568	-465.6823	0	52448.1119	0
2588	568	-465.6826	0	52448.1114	0
2589	568	-465.6825	0	52448.1103	0
2590	568	-465.6825	0	52448.1090	0
2591	568	-465.6827	0	52448.1094	0
2592	568	-465.6824	0	52448.1087	0
2593	568	-465.6824	0	52448.1085	0
2594	568	-465.6821	0	52448.1095	0
2595	568	-465.6816	0	52448.1100	0
2600	568	-465.6809	0	52448.1063	0
2623	568	-465.6828	0	52448.1256	0
2624	568	-465.6826	0	52448.1281	0
2625	568	-465.6825	0	52448.1280	0
2626	568	-465.6827	0	52448.1316	0
2627	568	-465.6826	0	52448.1330	0
2628	568	-465.6828	0	52448.1352	0
2629	568	-465.6829	0	52448.1351	0
2630	568	-465.6830	0	52448.1368	0
2631	568	-465.6830	0	52448.1383	0
2632	568	-465.6832	0	52448.1406	0
2633	568	-465.6831	0	52448.1415	0
2634	568	-465.6831	0	52448.1417	0
2635	568	-465.6832	0	52448.1418	0
2636	568	-465.6833	0	52448.1417	0
2637	568	-465.6833	0	52448.1425	0
2638	568	-465.6834	0	52448.1437	0
2639	568	-465.6831	0	52448.1451	0
2640	568	-465.6833	0	52448.1464	0
2641	568	-465.6834	0	52448.1459	0
2642	568	-465.6834	0	52448.1457	0
2643	568	-465.6836	0	52448.1464	0
2644	568	-465.6840	0	52448.1475	0
2645	568	-465.6841	0	52448.1487	0
2646	568	-465.6840	0	52448.1483	0
2647	568	-465.6840	0	52448.1490	0
2648	568	-465.6838	0	52448.1502	0
2649	568	-465.6836	0	52448.1507	0
2650	568	-465.6835	0	52448.1508	0
2651	568	-465.6835	0	52448.1500	0
2652	568	-465.6836	0	52448.1505	0
2653	568	-465.6836	0	52448.1506	0
2654	568	-465.6836	0	52448.1507	0
2655	568	-465.6836	0	52448.1516	0
2656	568	-465.6835	0	52448.1519	0
2657	568	-465.6834	0	52448.1520	0
2658	568	-465.6834	0	52448.1529	0
2659	568	-465.6837	0	52448.1532	0
2660	568	-465.6840	0	52448.1532	0
2661	568	-465.6839	0	52448.1524	0
2662	568	-465.6839	0	52448.1520	0
2663	568	-465.6837	0	52448.1520	0
2664	568	-465.6835	0	52448.1519	0
2665	568	-465.6835	0	52448.1520	0
2666	568	-465.6833	0	52448.1520	0
2667	568	-465.6832	0	52448.1520	0
2668	568	-465.6833	0	52448.1519	0
2669	568	-465.6834	0	52448.1528	0
2670	568	-465.6832	0	52448.1523	0
2671	568	-465.6832	0	52448.1530	0
2672	568	-465.6832	0	52448.1532	0
2673	568	-465.6831	0	52448.1533	0
2674	568	-465.6828	0	52448.1543	0
2675	568	-465.6829	0	52448.1546	0
2676	568	-465.6831	0	52448.1556	0
2677	568	-465.6833	0	52448.1559	0
2678	568	-465.6835	0	52448.1559	0
2679	568	-465.6834	0	52448.1551	0
2680	568	-465.6835	0	52448.1565	0
2681	568	-465.6835	0	52448.1562	0
2682	568	-465.6835	0	52448.1560	0
2683	568	-465.6835	0	52448.1559	0
2684	568	-465.6835	0	52448.1559	0
2685	568	-465.6835	0	52448.1559	0
2686	568	-465.6832	0	52448.1560	0
2687	568	-465.6832	0	52448.1560	0
2688	568	-465.6832	0	52448.1560	0
2689	568	-465.6831	0	52448.1560	0
2690	568	-465.6830	0	52448.1569	0
2691	568	-465.6830	0	52448.1572	0
2692	568	-465.6831	0	52448.1590	0
2693	568	-465.6827	0	52448.1598	0
2694	568	-465.6827	0	52448.1600	0
2695	568	-465.6829	0	52448.1601	0
2696	568	-465.6830	0	52448.1601	0
2697	568	-465.6832	0	52448.1600	0
2698	568	-465.6830	0	52448.1600	0
2699	568	-465.6832	0	52448.1600	0
2700	568	-465.6830	0	52448.1600	0
2701	568	-465.6829	0	52448.1600	0
2702	568	-465.6831	0	52448.1608	0
2703	568	-465.6827	0	52448.1604	0
2704	568	-465.6825	0	52448.1602	0
2705	568	-465.6826	0	52448.1609	0
2706	568	-465.6830	0	52448.1620	0
2707	568	-465.6831	0	52448.1632	0
2708	568	-465.6831	0	52448.1637	0
2709	568	-465.6832	0	52448.1647	0
2710	568	-465.6833	0	52448.1650	0
2711	568	-465.6831	0	52448.1643	0
2712	568	-465.6833	0	52448.1640	0
2713	568	-465.6832	0	52448.1622	0
2714	568	-465.6833	0	52448.1606	0
2715	568	-465.6833	0	52448.1600	0
2716	568	-465.6832	0	52448.1598	0
2717	568	-465.6832	0	52448.1598	0
2718	568	-465.6832	0	52448.1598	0
2719	568	-465.6836	0	52448.1605	0
2720	568	-465.6835	0	52448.1600	0
2721	568	-465.6834	0	52448.1589	0
2722	568	-465.6834	0	52448.1594	0
2723	568	-465.6830	0	52448.1597	0
2724	568	-465.6833	0	52448.1597	0
2725	568	-465.6836	0	52448.1597	0
2726	568	-465.6835	0	52448.1597	0
2727	568	-465.6835	0	52448.1597	0
2728	568	-465.6833	0	52448.1598	0
2729	568	-465.6833	0	52448.1598	0
2730	568	-465.6833	0	52448.1607	0
2731	568	-465.6832	0	52448.1610	0
2732	568	-465.6832	0	52448.1611	0
2733	568	-465.6832	0	52448.1620	0
2734	568	-465.6831	0	52448.1615	0
2735	568	-465.6833	0	52448.1621	0
2736	568	-465.6831	0	52448.1624	0
2737	568	-465.6830	0	52448.1634	0
2738	568	-465.6830	0	52448.1637	0
2739	568	-465.6831	0	52448.1655	0
2740	568	-465.6836	0	52448.1661	0
2741	568	-465.6838	0	52448.1662	0
2742	568	-465.6842	0	52448.1679	0
2743	568	-465.6844	0	52448.1684	0
2744	568	-465.6846	0	52448.1686	0
2745	568	-465.6846	0	52448.1687	0
2746	568	-465.6847	0	52448.1686	0
2747	568	-465.6846	0	52448.1686	0
2748	568	-465.6845	0	52448.1695	0
2749	568	-465.6846	0	52448.1697	0
2750	568	-465.6845	0	52448.1690	0
2751	568	-465.6845	0	52448.1679	0
2752	568	-465.6844	0	52448.1675	0
2753	568	-465.6841	0	52448.1666	0
2754	568	-465.6839	0	52448.1662	0
2755	568	-465.6838	0	52448.1670	0
2756	568	-465.6832	0	52448.1682	0
2757	568	-465.6833	0	52448.1686	0
2758	568	-465.6835	0	52448.1696	0
2759	568	-465.6836	0	52448.1707	0
2760	568	-465.6837	0	52448.1711	0
2761	568	-465.6843	0	52448.1720	0
2762	568	-465.6843	0	52448.1723	0
2763	568	-465.6842	0	52448.1716	0
2764	568	-465.6840	0	52448.1714	0
2765	568	-465.6843	0	52448.1720	0
2766	568	-465.6845	0	52448.1731	0
2767	568	-465.6844	0	52448.1727	0
2768	568	-465.6842	0	52448.1726	0
2769	568	-465.6841	0	52448.1725	0
2770	568	-465.6839	0	52448.1734	0
2771	568	-465.6837	0	52448.1737	0
2772	568	-465.6838	0	52448.1721	0
2773	568	-465.6839	0	52448.1715	0
2774	568	-465.6839	0	52448.1704	0
2775	568	-465.6841	0	52448.1708	0
2776	568	-465.6843	0	52448.1725	0
2777	568	-465.6842	0	52448.1725	0
2778	568	-465.6842	0	52448.1724	0
2779	568	-465.6841	0	52448.1716	0
2780	568	-465.6841	0	52448.1721	0
2781	568	-465.6843	0	52448.1722	0
2782	568	-465.6842	0	52448.1723	0
2783	568	-465.6842	0	52448.1723	0
2784	568	-465.6844	0	52448.1731	0
2785	568	-465.6844	0	52448.1734	0
2786	568	-465.6844	0	52448.1735	0
2787	568	-465.6844	0	52448.1735	0
2788	568	-465.6847	0	52448.1735	0
2789	568	-465.6848	0	52448.1726	0
2790	568	-465.6845	0	52448.1716	0
2791	568	-465.6843	0	52448.1704	0
2792	568	-465.6844	0	52448.1715	0
2793	568	-465.6842	0	52448.1712	0
2794	568	-465.6841	0	52448.1711	0
2795	568	-465.6838	0	52448.1711	0
2796	568	-465.6839	0	52448.1719	0
2797	568	-465.6839	0	52448.1714	0
2798	568	-465.6837	0	52448.1713	0
2799	568	-465.6838	0	52448.1720	0
2800	568	-465.6838	0	52448.1731	0
2801	568	-465.6839	0	52448.1743	0
2802	568	-465.6837	0	52448.1748	0
2803	568	-465.6838	0	52448.1750	0
2804	568	-465.6838	0	52448.1742	0
2805	568	-465.6839	0	52448.1747	0
2806	568	-465.6839	0	52448.1749	0
2807	568	-465.6836	0	52448.1750	0
2808	568	-465.6834	0	52448.1751	0
2809	568	-465.6833	0	52448.1752	0
2810	568	-465.6832	0	52448.1744	0
2811	568	-465.6832	0	52448.1741	0
2812	568	-465.6832	0	52448.1748	0
2813	568	-465.6830	0	52448.1734	0
2814	568	-465.6829	0	52448.1737	0
2815	568	-465.6829	0	52448.1739	0
2816	568	-465.6830	0	52448.1747	0
2817	568	-465.6829	0	52448.1742	0
2818	568	-465.6829	0	52448.1749	0
2819	568	-465.6829	0	52448.1751	0
2820	568	-465.6828	0	52448.1752	0
2821	568	-465.6828	0	52448.1761	0
2822	568	-465.6827	0	52448.1773	0
2823	568	-465.6827	0	52448.1777	0
2824	568	-465.6827	0	52448.1778	0
2825	568	-465.6827	0	52448.1778	0
2826	568	-465.6828	0	52448.1787	0
2827	568	-465.6827	0	52448.1782	0
2828	568	-465.6826	0	52448.1772	0
2829	568	-465.6825	0	52448.1768	0
2830	568	-465.6825	0	52448.1775	0
2831	568	-465.6824	0	52448.1778	0
2832	568	-465.6819	0	52448.1772	0
2833	568	-465.6823	0	52448.1784	0
2834	568	-465.6822	0	52448.1773	0
2835	568	-465.6821	0	52448.1769	0
2836	568	-465.6820	0	52448.1776	0
2837	568	-465.6818	0	52448.1771	0
2838	568	-465.6816	0	52448.1761	0
2839	568	-465.6815	0	52448.1758	0
2840	568	-465.6815	0	52448.1764	0
2841	568	-465.6812	0	52448.1760	0
2842	568	-465.6813	0	52448.1757	0
2843	568	-465.6815	0	52448.1756	0
2844	568	-465.6815	0	52448.1755	0
2845	568	-465.6815	0	52448.1755	0
2846	568	-465.6818	0	52448.1771	0
2847	568	-465.6817	0	52448.1777	0
2848	568	-465.6819	0	52448.1780	0
2849	568	-465.6818	0	52448.1789	0
2850	568	-465.6818	0	52448.1792	0
2851	568	-465.6821	0	52448.1809	0
2852	568	-465.6821	0	52448.1807	0
2853	568	-465.6821	0	52448.1798	0
2854	568	-465.6824	0	52448.1802	0
2855	568	-465.6826	0	52448.1803	0
2856	568	-465.6825	0	52448.1795	0
2857	568	-465.6824	0	52448.1809	0
2858	568	-465.6824	0	52448.1814	0
2859	568	-465.6825	0	52448.1815	0
2860	568	-465.6826	0	52448.1816	0
2861	568	-465.6826	0	52448.1816	0
2862	568	-465.6825	0	52448.1816	0
2863	568	-465.6830	0	52448.1815	0
2864	568	-465.6829	0	52448.1815	0
2865	568	-465.6828	0	52448.1815	0
2866	568	-465.6828	0	52448.1815	0
2867	568	-465.6829	0	52448.1822	0
2868	568	-465.6827	0	52448.1826	0
2869	568	-465.6827	0	52448.1835	0
2870	568	-465.6828	0	52448.1846	0
2871	568	-465.6828	0	52448.1842	0
2872	568	-465.6827	0	52448.1841	0
2873	568	-465.6829	0	52448.1864	0
2874	568	-465.6830	0	52448.1864	0
2875	568	-465.6831	0	52448.1864	0
2876	568	-465.6831	0	52448.1864	0
2877	568	-465.6832	0	52448.1863	0
2878	568	-465.6831	0	52448.1863	0
2879	568	-465.6830	0	52448.1864	0
2880	568	-465.6830	0	52448.1863	0
2881	568	-465.6830	0	52448.1871	0
2882	568	-465.6830	0	52448.1866	0
2883	568	-465.6829	0	52448.1864	0
2884	568	-465.6831	0	52448.1863	0
2885	568	-465.6832	0	52448.1870	0
2886	568	-465.6831	0	52448.1881	0
2887	568	-465.6830	0	52448.1878	0
2888	568	-465.6827	0	52448.1869	0
2889	568	-465.6825	0	52448.1874	0
2890	568	-465.6823	0	52448.1876	0
2891	568	-465.6824	0	52448.1884	0
2892	568	-465.6824	0	52448.1879	0
2893	568	-465.6823	0	52448.1878	0
2894	568	-465.6821	0	52448.1878	0
2895	568	-465.6820	0	52448.1885	0
2896	568	-465.6822	0	52448.1888	0
2897	568	-465.6823	0	52448.1896	0
2898	568	-465.6826	0	52448.1915	0
2899	568	-465.6825	0	52448.1914	0
2900	568	-465.6825	0	52448.1906	0
2901	568	-465.6826	0	52448.1902	0
2902	568	-465.6827	0	52448.1901	0
2903	568	-465.6827	0	52448.1892	0
2904	568	-465.6826	0	52448.1889	0
2905	568	-465.6825	0	52448.1880	0
2906	568	-465.6824	0	52448.1877	0
2907	568	-465.6825	0	52448.1884	0
2908	568	-465.6823	0	52448.1887	0
2909	568	-465.6823	0	52448.1896	0
2910	568	-465.6824	0	52448.1907	0
2911	568	-465.6823	0	52448.1903	0
2912	568	-465.6822	0	52448.1902	0
2913	568	-465.6820	0	52448.1894	0
2914	568	-465.6821	0	52448.1914	0
2915	568	-465.6821	0	52448.1922	0
2916	568	-465.6823	0	52448.1932	0
2917	568	-465.6822	0	52448.1936	0
2918	568	-465.6822	0	52448.1937	0
2919	568	-465.6825	0	52448.1952	0
2920	568	-465.6827	0	52448.1958	0
2921	568	-465.6828	0	52448.1960	0
2922	568	-465.6829	0	52448.1960	0
2923	568	-465.6830	0	52448.1960	0
2924	568	-465.6828	0	52448.1952	0
2925	568	-465.6826	0	52448.1950	0
2926	568	-465.6826	0	52448.1956	0
2927	568	-465.6827	0	52448.1966	0
2928	568	-465.6828	0	52448.1977	0
2929	568	-465.6827	0	52448.1982	0
2930	568	-465.6825	0	52448.1976	0
2931	568	-465.6824	0	52448.1974	0
2932	568	-465.6825	0	52448.1988	0
2933	568	-465.6826	0	52448.1985	0
2934	568	-465.6825	0	52448.1992	0
2935	568	-465.6826	0	52448.1994	0
2936	568	-465.6826	0	52448.1995	0
2937	568	-465.6828	0	52448.2010	0
2938	568	-465.6829	0	52448.2015	0
2939	568	-465.6831	0	52448.2017	0
2940	568	-465.6833	0	52448.2024	0
2941	568	-465.6832	0	52448.2012	0
2942	568	-465.6832	0	52448.2007	0
2943	568	-465.6832	0	52448.2006	0
2944	568	-465.6831	0	52448.2013	0
2945	568	-465.6830	0	52448.2023	0
2946	568	-465.6830	0	52448.2042	0
2947	568	-465.6830	0	52448.2049	0
2948	568	-465.6827	0	52448.2045	0
2949	568	-465.6826	0	52448.2043	0
2950	568	-465.6825	0	52448.2042	0
2951	568	-465.6827	0	52448.2041	0
2952	568	-465.6827	0	52448.2041	0
2953	568	-465.6826	0	52448.2041	0
2954	568	-465.6827	0	52448.2033	0
2955	568	-465.6829	0	52448.2037	0
2956	568	-465.6829	0	52448.2039	0
2957	568	-465.6832	0	52448.2046	0
2958	568	-465.6833	0	52448.2041	0
2959	568	-465.6834	0	52448.2047	0
2960	568	-465.6835	0	52448.2049	0
2961	568	-465.6834	0	52448.2042	0
2962	568	-465.6834	0	52448.2047	0
2963	568	-465.6834	0	52448.2057	0
2964	568	-465.6835	0	52448.2075	0
2965	568	-465.6834	0	52448.2082	0
2966	568	-465.6832	0	52448.2078	0
2967	568	-465.6829	0	52448.2076	0
2968	568	-465.6829	0	52448.2075	0
2969	568	-465.6828	0	52448.2075	0
2970	568	-465.6828	0	52448.2075	0
2971	568	-465.6829	0	52448.2082	0
2972	568	-465.6827	0	52448.2085	0
2973	568	-465.6826	0	52448.2086	0
2974	568	-465.6825	0	52448.2087	0
2975	568	-465.6825	0	52448.2087	0
2976	568	-465.6826	0	52448.2101	0
2977	568	-465.6826	0	52448.2107	0
2978	568	-465.6826	0	52448.2102	0
2979	568	-465.6828	0	52448.2099	0
2980	568	-465.6828	0	52448.2090	0
2981	568	-465.6830	0	52448.2094	0
2982	568	-465.6829	0	52448.2096	0
2983	568	-465.6829	0	52448.2096	0
2984	568	-465.6829	0	52448.2097	0
2985	568	-465.6830	0	52448.2104	0
2986	568	-465.6829	0	52448.2107	0
2987	568	-465.6829	0	52448.2115	0
2988	568	-465.6828	0	52448.2119	0
2989	568	-465.6827	0	52448.2127	0
2990	568	-465.6826	0	52448.2123	0
2991	568	-465.6826	0	52448.2129	0
2992	568	-465.6827	0	52448.2138	0
2993	568	-465.6827	0	52448.2149	0
2994	568	-465.6826	0	52448.2153	0
2995	568	-465.6828	0	52448.2169	0
2996	568	-465.6829	0	52448.2174	0
2997	568	-465.6828	0	52448.2176	0
2998	568	-465.6830	0	52448.2176	0
2999	568	-465.6829	0	52448.2162	0
3000	568	-465.6831	0	52448.2163	0
3001	568	-465.6832	0	52448.2163	0
3002	568	-465.6833	0	52448.2163	0
3003	568	-465.6835	0	52448.2163	0
3004	568	-465.6836	0	52448.2162	0
3005	568	-465.6837	0	52448.2162	0
3006	568	-465.6838	0	52448.2161	0
3007	568	-465.6838	0	52448.2161	0
3008	568	-465.6839	0	52448.2161	0
3009	568	-465.6841	0	52448.2160	0
3010	568	-465.6842	0	52448.2167	0
3011	568	-465.6843	0	52448.2170	0
3012	568	-465.6844	0	52448.2170	0
3013	568	-465.6843	0	52448.2171	0
3014	568	-465.6843	0	52448.2171	0
3015	568	-465.6843	0	52448.2171	0
3016	568	-465.6842	0	52448.2171	0
3017	568	-465.6842	0	52448.2171	0
3018	568	-465.6843	0	52448.2178	0
3019	568	-465.6841	0	52448.2181	0
3020	568	-465.6841	0	52448.2190	0
3021	568	-465.6839	0	52448.2193	0
3022	568	-465.6840	0	52448.2194	0
3023	568	-465.6838	0	52448.2202	0
3024	568	-465.6837	0	52448.2205	0
3025	568	-465.6837	0	52448.2206	0
3026	568	-465.6838	0	52448.2213	0
3027	568	-465.6837	0	52448.2223	0
3028	568	-465.6836	0	52448.2234	0
3029	568	-465.6837	0	52448.2252	0
3030	568	-465.6835	0	52448.2252	0
3031	568	-465.6835	0	52448.2252	0
3032	568	-465.6834	0	52448.2259	0
3033	568	-465.6832	0	52448.2262	0
3034	568	-465.6832	0	52448.2277	0
3035	568	-465.6831	0	52448.2283	0
3036	568	-465.6831	0	52448.2292	0
3037	568	-465.6830	0	52448.2295	0
3038	568	-465.6831	0	52448.2295	0
3039	568	-465.6829	0	52448.2289	0
3040	568	-465.6829	0	52448.2286	0
3041	568	-465.6829	0	52448.2285	0
3042	568	-465.6829	0	52448.2284	0
3043	568	-465.6830	0	52448.2291	0
3044	568	-465.6828	0	52448.2287	0
3045	568	-465.6827	0	52448.2292	0
3046	568	-465.6825	0	52448.2295	0
3047	568	-465.6823	0	52448.2289	0
3048	568	-465.6822	0	52448.2287	0
3049	568	-465.6824	0	52448.2285	0
3050	568	-465.6823	0	52448.2278	0
3051	568	-465.6824	0	52448.2282	0
3052	568	-465.6824	0	52448.2284	0
3053	568	-465.6825	0	52448.2291	0
3054	568	-465.6826	0	52448.2301	0
3055	568	-465.6828	0	52448.2317	0
3056	568	-465.6830	0	52448.2337	0
3057	568	-465.6831	0	52448.2338	0
3058	568	-465.6831	0	52448.2338	0
3059	568	-465.6834	0	52448.2337	0
3060	568	-465.6835	0	52448.2336	0
3061	568	-465.6835	0	52448.2329	0
3062	568	-465.6834	0	52448.2327	0
3063	568	-465.6833	0	52448.2319	0
3064	568	-465.6832	0	52448.2302	0
3065	568	-465.6836	0	52448.2294	0
3066	568	-465.6835	0	52448.2285	0
3067	568	-465.6834	0	52448.2282	0
3068	568	-465.6834	0	52448.2295	0
3069	568	-465.6833	0	52448.2314	0
3070	568	-465.6830	0	52448.2322	0
3071	568	-465.6829	0	52448.2332	0
3072	568	-465.6828	0	52448.2336	0
3073	568	-465.6827	0	52448.2330	0
3074	568	-465.6828	0	52448.2328	0
3075	568	-465.6829	0	52448.2327	0
3076	568	-465.6829	0	52448.2326	0
3077	568	-465.6830	0	52448.2319	0
3078	568	-465.6829	0	52448.2309	0
3079	568	-465.6831	0	52448.2312	0
3080	568	-465.6833	0	52448.2320	0
3081	568	-465.6831	0	52448.2316	0
3082	568	-465.6833	0	52448.2321	0
3083	568	-465.6836	0	52448.2329	0
3084	568	-465.6839	0	52448.2339	0
3085	568	-465.6842	0	52448.2363	0
3086	568	-465.6843	0	52448.2372	0
3087	568	-465.6844	0	52448.2381	0
3088	568	-465.6843	0	52448.2392	0
3089	568	-465.6841	0	52448.2390	0
3090	568	-465.6841	0	52448.2388	0
3091	568	-465.6839	0	52448.2388	0
3092	568	-465.6838	0	52448.2388	0
3093	568	-465.6835	0	52448.2388	0
3094	568	-465.6837	0	52448.2401	0
3095	568	-465.6836	0	52448.2406	0
3096	568	-465.6834	0	52448.2409	0
3097	568	-465.6833	0	52448.2423	0
3098	568	-465.6832	0	52448.2428	0
3099	568	-465.6831	0	52448.2437	0
3100	568	-465.6832	0	52448.2446	0
3101	568	-465.6834	0	52448.2456	0
3102	568	-465.6835	0	52448.2460	0
3103	568	-465.6836	0	52448.2467	0
3104	568	-465.6837	0	52448.2463	0
3105	568	-465.6837	0	52448.2474	0
3106	568	-465.6838	0	52448.2478	0
3107	568	-465.6837	0	52448.2473	0
3108	568	-465.6836	0	52448.2471	0
3109	568	-465.6837	0	52448.2477	0
3110	568	-465.6838	0	52448.2478	0
3111	568	-465.6839	0	52448.2479	0
3112	568	-465.6841	0	52448.2485	0
3113	568	-465.6841	0	52448.2481	0
3114	568	-465.6841	0	52448.2472	0
3115	568	-465.6840	0	52448.2469	0
3116	568	-465.6841	0	52448.2474	0
3117	568	-465.6844	0	52448.2489	0
3118	568	-465.6844	0	52448.2495	0
3119	568	-465.6843	0	52448.2497	0
3120	568	-465.6842	0	52448.2491	0
3121	568	-465.6842	0	52448.2489	0
3122	568	-465.6843	0	52448.2488	0
3123	568	-465.6844	0	52448.2493	0
3124	568	-465.6843	0	52448.2489	0
3125	568	-465.6844	0	52448.2487	0
3126	568	-465.6845	0	52448.2493	0
3127	568	-465.6846	0	52448.2488	0
3128	568	-465.6846	0	52448.2487	0
3129	568	-465.6845	0	52448.2486	0
3130	568	-465.6845	0	52448.2486	0
3131	568	-465.6844	0	52448.2486	0
3132	568	-465.6845	0	52448.2486	0
3133	568	-465.6846	0	52448.2486	0
3134	568	-465.6844	0	52448.2479	0
3135	568	-465.6843	0	52448.2477	0
3136	568	-465.6842	0	52448.2463	0
3137	568	-465.6843	0	52448.2464	0
3138	568	-465.6843	0	52448.2465	0
3139	568	-465.6843	0	52448.2465	0
3140	568	-465.6844	0	52448.2465	0
3141	568	-465.6844	0	52448.2465	0
3142	568	-465.6844	0	52448.2465	0
3143	568	-465.6844	0	52448.2465	0
3144	568	-465.6842	0	52448.2446	0
3145	568	-465.6840	0	52448.2439	0
3146	568	-465.6838	0	52448.2436	0
3147	568	-465.6839	0	52448.2449	0
3148	568	-465.6841	0	52448.2460	0
3149	568	-465.6840	0	52448.2458	0
3150	568	-465.6840	0	52448.2464	0
3151	568	-465.6840	0	52448.2466	0
3152	568	-465.6842	0	52448.2486	0
3153	568	-465.6842	0	52448.2500	0
3154	568	-465.6843	0	52448.2518	0
3155	568	-465.6843	0	52448.2532	0
3156	568	-465.6843	0	52448.2543	0
3157	568	-465.6844	0	52448.2560	0
3158	568	-465.6846	0	52448.2572	0
3159	568	-465.6847	0	52448.2576	0
3160	568	-465.6846	0	52448.2578	0
3161	568	-465.6845	0	52448.2578	0
3162	568	-465.6844	0	52448.2585	0
3163	568	-465.6844	0	52448.2587	0
3164	568	-465.6844	0	52448.2594	0
3165	568	-465.6842	0	52448.2590	0
3166	568	-465.6841	0	52448.2589	0
3167	568	-465.6840	0	52448.2588	0
3168	568	-465.6839	0	52448.2588	0
3169	568	-465.6839	0	52448.2601	0
3170	568	-465.6839	0	52448.2605	0
3171	568	-465.6839	0	52448.2607	0
3172	568	-465.6838	0	52448.2607	0
3173	568	-465.6837	0	52448.2601	0
3174	568	-465.6837	0	52448.2605	0
3175	568	-465.6837	0	52448.2607	0
3176	568	-465.6836	0	52448.2601	0
3177	568	-465.6834	0	52448.2606	0
3178	568	-465.6833	0	52448.2607	0
3179	568	-465.6835	0	52448.2614	0
3180	568	-465.6835	0	52448.2610	0
3181	568	-465.6835	0	52448.2608	0
3182	568	-465.6836	0	52448.2614	0
3183	568	-465.6835	0	52448.2610	0
3184	568	-465.6835	0	52448.2602	0
3185	568	-465.6833	0	52448.2599	0
3186	568	-465.6834	0	52448.2598	0
3187	568	-465.6832	0	52448.2598	0
3188	568	-465.6832	0	52448.2591	0
3189	568	-465.6833	0	52448.2588	0
3190	568	-465.6833	0	52448.2581	0
3191	568	-465.6832	0	52448.2578	0
3192	568	-465.6831	0	52448.2578	0
3193	568	-465.6830	0	52448.2571	0
3194	568	-465.6831	0	52448.2582	0
3195	568	-465.6831	0	52448.2586	0
3196	568	-465.6832	0	52448.2593	0
3197	568	-465.6832	0	52448.2596	0
3198	568	-465.6835	0	52448.2603	0
3199	568	-465.6837	0	52448.2605	0
3200	568	-465.6838	0	52448.2612	0
3201	568	-465.6839	0	52448.2615	0
3202	568	-465.6839	0	52448.2622	0
3203	568	-465.6839	0	52448.2625	0
3204	568	-465.6840	0	52448.2625	0
3205	568	-465.6840	0	52448.2632	0
3206	568	-465.6841	0	52448.2634	0
3207	568	-465.6842	0	52448.2635	0
3208	568	-465.6841	0	52448.2629	0
3209	568	-465.6840	0	52448.2633	0
3210	568	-465.6838	0	52448.2629	0
3211	568	-465.6838	0	52448.2633	0
3212	568	-465.6838	0	52448.2641	0
3213	568	-465.6837	0	52448.2644	0
3214	568	-465.6835	0	52448.2652	0
3215	568	-465.6834	0	52448.2649	0
3216	568	-465.6832	0	52448.2648	0
3217	568	-465.6833	0	52448.2653	0
3218	568	-465.6832	0	52448.2668	0
3219	568	-465.6833	0	52448.2673	0
3220	568	-465.6833	0	52448.2675	0
3221	568	-465.6832	0	52448.2670	0
3222	568	-465.6832	0	52448.2673	0
3223	568	-465.6833	0	52448.2675	0
3224	568	-465.6833	0	52448.2675	0
3225	568	-465.6835	0	52448.2675	0
3226	568	-465.6836	0	52448.2674	0
3227	568	-465.6836	0	52448.2674	0
3228	568	-465.6836	0	52448.2674	0
3229	568	-465.6835	0	52448.2674	0
3230	568	-465.6836	0	52448.2680	0
3231	568	-465.6835	0	52448.2689	0
3232	568	-465.6832	0	52448.2680	0
3233	568	-465.6828	0	52448.2671	0
3234	568	-465.6826	0	52448.2668	0
3235	568	-465.6822	0	52448.2655	0
3236	568	-465.6824	0	52448.2668	0
3237	568	-465.6822	0	52448.2674	0
3238	568	-465.6821	0	52448.2676	0
3239	568	-465.6821	0	52448.2677	0
3240	568	-465.6822	0	52448.2671	0
3241	568	-465.6823	0	52448.2668	0
3242	568	-465.6825	0	52448.2679	0
3243	568	-465.6826	0	52448.2677	0
3244	568	-465.6829	0	52448.2682	0
3245	568	-465.6831	0	52448.2677	0
3246	568	-465.6832	0	52448.2675	0
3247	568	-465.6834	0	52448.2680	0
3248	568	-465.6834	0	52448.2682	0
3249	568	-465.6835	0	52448.2683	0
3250	568	-465.6835	0	52448.2689	0
3251	568	-465.6837	0	52448.2691	0
3252	568	-465.6838	0	52448.2692	0
3253	568	-465.6838	0	52448.2698	0
3254	568	-465.6838	0	52448.2707	0
3255	568	-465.6837	0	52448.2710	0
3256	568	-465.6836	0	52448.2712	0
3257	568	-465.6836	0	52448.2712	0
3258	568	-465.6836	0	52448.2712	0
3259	568	-465.6836	0	52448.2706	0
3260	568	-465.6839	0	52448.2709	0
3261	568	-465.6840	0	52448.2710	0
3262	568	-465.6839	0	52448.2710	0
3263	568	-465.6840	0	52448.2710	0
3264	568	-465.6838	0	52448.2711	0
3265	568	-465.6836	0	52448.2717	0
3266	568	-465.6835	0	52448.2720	0
3267	568	-465.6835	0	52448.2727	0
3268	568	-465.6833	0	52448.2730	0
3269	568	-465.6835	0	52448.2730	0
3270	568	-465.6838	0	52448.2742	0
3271	568	-465.6840	0	52448.2752	0
3272	568	-465.6841	0	52448.2762	0
3273	568	-465.6842	0	52448.2765	0
3274	568	-465.6840	0	52448.2767	0
3275	568	-465.6839	0	52448.2774	0
3276	568	-465.6839	0	52448.2770	0
