442	57	-465.8146	0	52447.9531	0
443	57	-465.8139	0	52447.9559	0
444	57	-465.8131	0	52447.9540	0
445	57	-465.8124	0	52447.9549	0
446	57	-465.8116	0	52447.9511	0
447	57	-465.8111	0	52447.9484	0
448	57	-465.8106	0	52447.9490	0
449	57	-465.8098	0	52447.9520	0
450	57	-465.8092	0	52447.9479	0
451	57	-465.8086	0	52447.9465	0
452	57	-465.8078	0	52447.9475	0
453	57	-465.8069	0	52447.9493	0
454	57	-465.8061	0	52447.9541	0
455	57	-465.8053	0	52447.9547	0
456	57	-465.8045	0	52447.9563	0
457	57	-465.8039	0	52447.9557	0
458	57	-465.8031	0	52447.9543	0
459	57	-465.8023	0	52447.9539	0
460	57	-465.8013	0	52447.9513	0
461	57	-465.8004	0	52447.9517	0
462	57	-465.7997	0	52447.9520	0
463	57	-465.7992	0	52447.9496	0
464	57	-465.7988	0	52447.9474	0
465	57	-465.7981	0	52447.9401	0
466	57	-465.7976	0	52447.9401	0
467	57	-465.7965	0	52447.9430	0
468	57	-465.7953	0	52447.9470	0
469	57	-465.7944	0	52447.9473	0
470	57	-465.7938	0	52447.9488	0
471	57	-465.7934	0	52447.9468	0
472	57	-465.7927	0	52447.9488	0
473	57	-465.7918	0	52447.9484	0
474	57	-465.7903	0	52447.9511	0
475	57	-465.7895	0	52447.9535	0
476	57	-465.7890	0	52447.9544	0
477	57	-465.7882	0	52447.9549	0
478	57	-465.7873	0	52447.9539	0
479	57	-465.7866	0	52447.9536	0
480	57	-465.7860	0	52447.9548	0
481	57	-465.7851	0	52447.9567	0
482	57	-465.7844	0	52447.9575	0
483	57	-465.7835	0	52447.9567	0
484	57	-465.7830	0	52447.9564	0
485	57	-465.7827	0	52447.9576	0
486	57	-465.7823	0	52447.9568	0
487	57	-465.7813	0	52447.9580	0
488	57	-465.7806	0	52447.9572	0
489	57	-465.7799	0	52447.9583	0
490	57	-465.7792	0	52447.9562	0
491	57	-465.7786	0	52447.9555	0
492	57	-465.7777	0	52447.9580	0
493	57	-465.7768	0	52447.9590	0
494	57	-465.7761	0	52447.9582	0
495	57	-465.7755	0	52447.9580	0
496	57	-465.7751	0	52447.9579	0
497	57	-465.7745	0	52447.9567	0
498	57	-465.7741	0	52447.9576	0
499	57	-465.7736	0	52447.9593	0
500	57	-465.7726	0	52447.9588	0
501	57	-465.7716	0	52447.9575	0
502	57	-465.7708	0	52447.9558	0
503	57	-465.7702	0	52447.9540	0
504	57	-465.7696	0	52447.9507	0
505	57	-465.7689	0	52447.9510	0
506	57	-465.7681	0	52447.9512	0
507	57	-465.7673	0	52447.9541	0
508	57	-465.7664	0	52447.9540	0
509	57	-465.7654	0	52447.9515	0
510	57	-465.7648	0	52447.9506	0
511	57	-465.7642	0	52447.9491	0
512	57	-465.7633	0	52447.9500	0
513	57	-465.7626	0	52447.9505	0
514	57	-465.7618	0	52447.9495	0
515	57	-465.7608	0	52447.9467	0
516	57	-465.7602	0	52447.9456	0
517	57	-465.7596	0	52447.9427	0
518	57	-465.7588	0	52447.9445	0
519	57	-465.7583	0	52447.9425	0
520	57	-465.7578	0	52447.9419	0
521	57	-465.7572	0	52447.9444	0
522	57	-465.7564	0	52447.9456	0
