2144	579	-465.6382	0	52448.0539	0
2149	579	-465.6386	0	52448.0558	0
2150	579	-465.6384	0	52448.0547	0
2151	579	-465.6386	0	52448.0555	0
2152	579	-465.6385	0	52448.0558	0
2153	579	-465.6390	0	52448.0592	0
2154	579	-465.6397	0	52448.0626	0
2155	579	-465.6404	0	52448.0659	0
2156	579	-465.6404	0	52448.0661	0
2157	579	-465.6406	0	52448.0660	0
2158	579	-465.6409	0	52448.0670	0
2159	579	-465.6412	0	52448.0694	0
2160	579	-465.6412	0	52448.0704	0
2161	579	-465.6416	0	52448.0716	0
2162	579	-465.6417	0	52448.0710	0
2163	579	-465.6417	0	52448.0707	0
2168	579	-465.6426	0	52448.0779	0
2169	579	-465.6429	0	52448.0783	0
2170	579	-465.6428	0	52448.0796	0
2174	579	-465.6439	0	52448.0883	0
2175	579	-465.6440	0	52448.0891	0
2176	579	-465.6442	0	52448.0904	0
2178	579	-465.6447	0	52448.0946	0
2183	579	-465.6455	0	52448.0996	0
2184	579	-465.6458	0	52448.1019	0
2185	579	-465.6457	0	52448.1027	0
2186	579	-465.6457	0	52448.1019	0
2187	579	-465.6459	0	52448.1025	0
2188	579	-465.6458	0	52448.1028	0
2195	579	-465.6471	0	52448.1124	0
2196	579	-465.6475	0	52448.1148	0
2197	579	-465.6477	0	52448.1166	0
2198	579	-465.6480	0	52448.1190	0
2199	579	-465.6479	0	52448.1180	0
2200	579	-465.6479	0	52448.1186	0
2201	579	-465.6477	0	52448.1188	0
2202	579	-465.6478	0	52448.1197	0
2203	579	-465.6480	0	52448.1210	0
2205	579	-465.6489	0	52448.1247	0
2206	579	-465.6490	0	52448.1254	0
2207	579	-465.6490	0	52448.1265	0
2208	579	-465.6494	0	52448.1288	0
2231	579	-465.6532	0	52448.1478	0
2232	579	-465.6530	0	52448.1471	0
