2343	594	-465.8204	0	52446.9679	0
2344	594	-465.8204	0	52446.9692	0
2345	594	-465.8204	0	52446.9696	0
2346	594	-465.8205	0	52446.9697	0
2347	594	-465.8209	0	52446.9755	0
2348	594	-465.8212	0	52446.9833	0
2349	594	-465.8217	0	52446.9914	0
2350	594	-465.8219	0	52446.9886	0
2351	594	-465.8227	0	52446.9868	0
2352	594	-465.8235	0	52446.9858	0
2353	594	-465.8234	0	52446.9910	0
2354	594	-465.8239	0	52446.9980	0
2355	594	-465.8241	0	52447.0005	0
2356	594	-465.8246	0	52447.0011	0
2357	594	-465.8248	0	52447.0011	0
2358	594	-465.8253	0	52447.0008	0
2360	594	-465.8261	0	52447.0064	0
2361	594	-465.8267	0	52447.0072	0
2362	594	-465.8277	0	52447.0014	0
2363	594	-465.8289	0	52446.9986	0
2364	594	-465.8298	0	52446.9972	0
2366	594	-465.8312	0	52446.9894	0
2367	594	-465.8315	0	52446.9932	0
2369	594	-465.8330	0	52446.9939	0
2370	594	-465.8333	0	52446.9941	0
2371	594	-465.8335	0	52446.9940	0
2372	594	-465.8339	0	52446.9883	0
2374	594	-465.8347	0	52446.9922	0
2375	594	-465.8348	0	52446.9988	0
