1	6	-444.9860	-0.6139	52460.6000	0
2	6	-444.9918	-0.6139	52460.6000	0
3	6	-444.9989	-0.6139	52460.5843	0
4	6	-444.9992	-0.6139	52460.5870	0
10	6	-445.0082	-0.6139	52460.5799	0
11	6	-445.0236	-0.6139	52460.5727	0
14	6	-445.0285	-0.6139	52460.5615	0
21	6	-445.0203	-0.6139	52460.5502	0
22	6	-445.0051	-0.6139	52460.5837	0
23	6	-445.0034	-0.6139	52460.5886	0
24	6	-445.0002	-0.6139	52460.5903	0
25	6	-444.9787	-0.6139	52460.6041	0
27	6	-444.9752	-0.6139	52460.5940	0
28	6	-444.9733	-0.6139	52460.6046	0
29	6	-444.9762	-0.6139	52460.6084	0
30	6	-444.9725	-0.6139	52460.5966	0
31	6	-444.9620	-0.6139	52460.6052	0
32	6	-444.9690	-0.6139	52460.5887	0
33	6	-444.9828	-0.6139	52460.5826	0
34	6	-444.9806	-0.6139	52460.5868	0
35	6	-444.9813	-0.6139	52460.5819	0
36	6	-444.9855	-0.6139	52460.5736	0
37	6	-444.9982	-0.6139	52460.5509	0
38	6	-444.9951	-0.6139	52460.5617	0
39	6	-444.9984	-0.6139	52460.5728	0
40	6	-444.9947	-0.6139	52460.5705	0
41	6	-445.0009	-0.6139	52460.5631	0
42	6	-444.9915	-0.6139	52460.5734	0
43	6	-444.9863	-0.6139	52460.5841	0
44	6	-444.9860	-0.6139	52460.5882	0
45	6	-444.9852	-0.6139	52460.5897	0
46	6	-444.9871	-0.6139	52460.5902	0
47	6	-444.9942	-0.6139	52460.5904	0
48	6	-444.9947	-0.6139	52460.5970	0
49	6	-444.9851	-0.6139	52460.6061	0
50	6	-444.9912	-0.6139	52460.6095	0
51	6	-444.9932	-0.6139	52460.6106	0
52	6	-444.9943	-0.6139	52460.6242	0
53	6	-444.9920	-0.6139	52460.6427	0
54	6	-445.0028	-0.6139	52460.6359	0
55	6	-445.0125	-0.6139	52460.6200	0
56	6	-445.0219	-0.6139	52460.6073	0
57	6	-445.0226	-0.6139	52460.6221	0
58	6	-445.0204	-0.6139	52460.6212	0
59	6	-445.0267	-0.6139	52460.6275	0
60	6	-445.0360	-0.6139	52460.6231	0
61	6	-445.0379	-0.6139	52460.6016	0
62	6	-445.0395	-0.6139	52460.6066	0
63	6	-445.0503	-0.6139	52460.6417	0
68	6	-445.0989	-0.6139	52460.6222	0
75	6	-445.1407	-0.6139	52460.6078	0
76	6	-445.1447	-0.6139	52460.6006	0
77	6	-445.1444	-0.6139	52460.6050	0
78	6	-445.1498	-0.6139	52460.6068	0
79	6	-445.1650	-0.6139	52460.6144	0
