2601	606	-465.8895	0	52448.4819	0
2603	606	-465.8897	0	52448.4822	0
2604	606	-465.8896	0	52448.4828	0
2605	606	-465.8895	0	52448.4833	0
2606	606	-465.8899	0	52448.4824	0
2608	606	-465.8906	0	52448.4788	0
2609	606	-465.8902	0	52448.4790	0
2610	606	-465.8905	0	52448.4777	0
2611	606	-465.8909	0	52448.4767	0
2618	606	-465.8948	0	52448.4647	0
2619	606	-465.8943	0	52448.4654	0
2621	606	-465.8905	0	52448.4709	0
2622	606	-465.8892	0	52448.4741	0
2628	606	-465.8913	0	52448.4637	0
2630	606	-465.8892	0	52448.4666	0
2631	606	-465.8888	0	52448.4668	0
2632	606	-465.8886	0	52448.4656	0
2633	606	-465.8883	0	52448.4643	0
2639	606	-465.8899	0	52448.4560	0
