2636	612	-465.6817	0	52446.2447	2
2637	612	-465.6818	0	52446.2497	2
2642	612	-465.6848	0	52446.2812	2
2643	612	-465.6849	0	52446.2833	2
2644	612	-465.6846	0	52446.2952	2
2645	612	-465.6844	0	52446.2994	2
2646	612	-465.6835	0	52446.2908	2
2647	612	-465.6831	0	52446.2874	2
2648	612	-465.6786	0	52446.2224	2
2649	612	-465.6765	0	52446.1848	2
2653	612	-465.6842	0	52446.2806	2
2654	612	-465.6849	0	52446.2698	2
2655	612	-465.6854	0	52446.2873	2
2656	612	-465.6850	0	52446.2728	2
2657	612	-465.6858	0	52446.2771	2
2658	612	-465.6869	0	52446.2890	2
2659	612	-465.6862	0	52446.2840	2
2660	612	-465.6857	0	52446.2820	2
2661	612	-465.6853	0	52446.2815	2
2662	612	-465.6843	0	52446.2930	2
2663	612	-465.6844	0	52446.2971	2
2664	612	-465.6846	0	52446.2875	2
2665	612	-465.6846	0	52446.2839	2
2666	612	-465.6849	0	52446.2928	2
2667	612	-465.6840	0	52446.2867	2
2668	612	-465.6830	0	52446.2960	2
2669	612	-465.6838	0	52446.2870	2
2670	612	-465.6836	0	52446.2844	2
2671	612	-465.6834	0	52446.2835	2
2672	612	-465.6838	0	52446.2826	2
2673	612	-465.6835	0	52446.2720	2
2674	612	-465.6833	0	52446.2680	2
2676	612	-465.6837	0	52446.2787	2
2677	612	-465.6829	0	52446.2709	2
2678	612	-465.6826	0	52446.2684	2
2679	612	-465.6824	0	52446.2674	2
2680	612	-465.6815	0	52446.2568	2
2681	612	-465.6844	0	52446.2829	2
2682	612	-465.6803	0	52446.2542	2
2696	612	-465.6831	0	52446.2656	2
2697	612	-465.6818	0	52446.2563	2
2698	612	-465.6823	0	52446.2636	2
2699	612	-465.6824	0	52446.2662	2
2700	612	-465.6820	0	52446.2676	2
2701	612	-465.6819	0	52446.2681	2
2702	612	-465.6819	0	52446.2682	2
2703	612	-465.6815	0	52446.2686	2
2704	612	-465.6828	0	52446.2783	2
2705	612	-465.6832	0	52446.2819	2
2706	612	-465.6847	0	52446.2930	2
2707	612	-465.6869	0	52446.3165	2
2708	612	-465.6858	0	52446.3064	2
2709	612	-465.6835	0	52446.2824	2
2710	612	-465.6826	0	52446.2730	2
2711	612	-465.6816	0	52446.2810	2
2712	612	-465.6818	0	52446.2836	2
2713	612	-465.6822	0	52446.2730	2
2714	612	-465.6834	0	52446.2792	2
2715	612	-465.6838	0	52446.2816	2
2716	612	-465.6830	0	52446.2722	2
2717	612	-465.6837	0	52446.2788	2
2718	612	-465.6839	0	52446.2814	2
2719	612	-465.6840	0	52446.2823	2
2720	612	-465.6831	0	52446.2726	2
2721	612	-465.6842	0	52446.2785	2
2722	612	-465.6840	0	52446.2812	2
2723	612	-465.6840	0	52446.2822	2
2724	612	-465.6839	0	52446.2826	2
2725	612	-465.6834	0	52446.2832	2
2726	612	-465.6829	0	52446.2731	2
2727	612	-465.6818	0	52446.2589	2
2728	612	-465.6814	0	52446.2536	2
2729	612	-465.6817	0	52446.2624	2
2730	612	-465.6815	0	52446.2550	2
2731	612	-465.6824	0	52446.2624	2
2732	612	-465.6819	0	52446.2550	2
2733	612	-465.6827	0	52446.2624	2
2734	612	-465.6829	0	52446.2652	2
2735	612	-465.6839	0	52446.2764	2
2736	612	-465.6839	0	52446.2916	2
2737	612	-465.6833	0	52446.2762	2
2738	612	-465.6830	0	52446.2705	2
2739	612	-465.6824	0	52446.2688	2
2740	612	-465.6810	0	52446.2694	2
2741	612	-465.6818	0	52446.2681	2
2742	612	-465.6832	0	52446.2883	2
2743	612	-465.6857	0	52446.3048	2
2744	612	-465.6860	0	52446.3115	2
2745	612	-465.6860	0	52446.3141	2
2746	612	-465.6859	0	52446.3148	2
2747	612	-465.6857	0	52446.3045	2
2748	612	-465.6861	0	52446.3001	2
2750	612	-465.6861	0	52446.2989	2
2751	612	-465.6864	0	52446.3092	2
2752	612	-465.6856	0	52446.3031	2
2753	612	-465.6844	0	52446.2908	2
2754	612	-465.6839	0	52446.2859	2
2755	612	-465.6842	0	52446.2837	2
2756	612	-465.6843	0	52446.2830	2
2757	612	-465.6847	0	52446.2930	2
2758	612	-465.6848	0	52446.2969	2
2759	612	-465.6849	0	52446.2980	2
2760	612	-465.6849	0	52446.2986	2
2761	612	-465.6901	0	52446.3567	2
2762	612	-465.6904	0	52446.3691	2
2763	612	-465.6895	0	52446.3648	2
2764	612	-465.6844	0	52446.3156	2
2765	612	-465.6836	0	52446.2944	2
