2728	616	-465.6603	0	52448.0831	0
2729	616	-465.6600	0	52448.0809	0
2733	616	-465.6577	0	52448.0647	0
2734	616	-465.6585	0	52448.0669	0
2735	616	-465.6604	0	52448.0738	0
2736	616	-465.6655	0	52448.0978	0
2737	616	-465.6665	0	52448.1010	0
2738	616	-465.6658	0	52448.0969	0
2742	616	-465.6618	0	52448.0736	0
2748	616	-465.6715	0	52448.1640	0
2749	616	-465.6721	0	52448.1692	0
2750	616	-465.6725	0	52448.1717	0
2751	616	-465.6726	0	52448.1723	0
2752	616	-465.6726	0	52448.1723	0
2757	616	-465.6720	0	52448.1683	0
2758	616	-465.6719	0	52448.1690	0
2759	616	-465.6720	0	52448.1700	0
2760	616	-465.6719	0	52448.1712	0
2761	616	-465.6717	0	52448.1717	0
2762	616	-465.6715	0	52448.1718	0
2763	616	-465.6715	0	52448.1726	0
2764	616	-465.6715	0	52448.1720	0
2765	616	-465.6717	0	52448.1725	0
2766	616	-465.6723	0	52448.1742	0
2767	616	-465.6727	0	52448.1747	0
2768	616	-465.6728	0	52448.1749	0
2769	616	-465.6728	0	52448.1749	0
2770	616	-465.6727	0	52448.1741	0
2772	616	-465.6724	0	52448.1737	0
2773	616	-465.6724	0	52448.1736	0
2777	616	-465.6725	0	52448.1756	0
2778	616	-465.6727	0	52448.1749	0
2779	616	-465.6727	0	52448.1747	0
2780	616	-465.6727	0	52448.1746	0
2781	616	-465.6726	0	52448.1738	0
2782	616	-465.6723	0	52448.1735	0
2783	616	-465.6721	0	52448.1726	0
2784	616	-465.6716	0	52448.1732	0
2785	616	-465.6716	0	52448.1734	0
2786	616	-465.6716	0	52448.1735	0
2787	616	-465.6716	0	52448.1727	0
2788	616	-465.6715	0	52448.1724	0
2789	616	-465.6712	0	52448.1707	0
2790	616	-465.6715	0	52448.1716	0
2791	616	-465.6720	0	52448.1719	0
2792	616	-465.6725	0	52448.1735	0
2793	616	-465.6725	0	52448.1734	0
2794	616	-465.6724	0	52448.1725	0
2795	616	-465.6723	0	52448.1714	0
2796	616	-465.6723	0	52448.1718	0
2797	616	-465.6722	0	52448.1720	0
2798	616	-465.6722	0	52448.1729	0
2799	616	-465.6723	0	52448.1748	0
2800	616	-465.6722	0	52448.1748	0
2801	616	-465.6720	0	52448.1748	0
2802	616	-465.6718	0	52448.1748	0
2803	616	-465.6717	0	52448.1748	0
2804	616	-465.6718	0	52448.1756	0
2805	616	-465.6717	0	52448.1760	0
2808	616	-465.6714	0	52448.1741	0
2809	616	-465.6715	0	52448.1737	0
2810	616	-465.6717	0	52448.1736	0
2811	616	-465.6719	0	52448.1743	0
2812	616	-465.6720	0	52448.1745	0
2813	616	-465.6721	0	52448.1738	0
2814	616	-465.6724	0	52448.1743	0
2815	616	-465.6728	0	52448.1760	0
2816	616	-465.6726	0	52448.1759	0
2817	616	-465.6722	0	52448.1752	0
2818	616	-465.6723	0	52448.1748	0
2819	616	-465.6725	0	52448.1746	0
2820	616	-465.6723	0	52448.1746	0
2821	616	-465.6724	0	52448.1746	0
2822	616	-465.6724	0	52448.1754	0
2823	616	-465.6725	0	52448.1765	0
2824	616	-465.6724	0	52448.1769	0
2825	616	-465.6722	0	52448.1780	0
2826	616	-465.6720	0	52448.1784	0
2827	616	-465.6717	0	52448.1778	0
2828	616	-465.6715	0	52448.1768	0
2829	616	-465.6716	0	52448.1779	0
2830	616	-465.6715	0	52448.1776	0
2831	616	-465.6715	0	52448.1766	0
2832	616	-465.6715	0	52448.1771	0
2833	616	-465.6714	0	52448.1765	0
2834	616	-465.6713	0	52448.1754	0
2835	616	-465.6714	0	52448.1758	0
2836	616	-465.6715	0	52448.1768	0
2837	616	-465.6716	0	52448.1763	0
2838	616	-465.6717	0	52448.1761	0
2839	616	-465.6718	0	52448.1760	0
2840	616	-465.6718	0	52448.1751	0
2841	616	-465.6718	0	52448.1756	0
2842	616	-465.6715	0	52448.1743	0
2843	616	-465.6713	0	52448.1729	0
2844	616	-465.6714	0	52448.1733	0
2845	616	-465.6715	0	52448.1742	0
2846	616	-465.6718	0	52448.1761	0
2847	616	-465.6718	0	52448.1777	0
2848	616	-465.6715	0	52448.1776	0
2849	616	-465.6715	0	52448.1775	0
2850	616	-465.6716	0	52448.1774	0
2851	616	-465.6716	0	52448.1782	0
2852	616	-465.6716	0	52448.1785	0
2856	616	-465.6716	0	52448.1786	0
2857	616	-465.6717	0	52448.1794	0
2858	616	-465.6719	0	52448.1805	0
2860	616	-465.6720	0	52448.1819	0
2861	616	-465.6718	0	52448.1813	0
2862	616	-465.6718	0	52448.1811	0
2863	616	-465.6717	0	52448.1803	0
2864	616	-465.6717	0	52448.1815	0
2865	616	-465.6718	0	52448.1812	0
2866	616	-465.6718	0	52448.1819	0
2867	616	-465.6719	0	52448.1821	0
2868	616	-465.6719	0	52448.1822	0
2869	616	-465.6723	0	52448.1837	0
2870	616	-465.6724	0	52448.1843	0
2871	616	-465.6726	0	52448.1845	0
2872	616	-465.6725	0	52448.1853	0
2873	616	-465.6725	0	52448.1857	0
2875	616	-465.6727	0	52448.1867	0
2876	616	-465.6725	0	52448.1861	0
2882	616	-465.6724	0	52448.1881	0
2887	616	-465.6721	0	52448.1882	0
2888	616	-465.6720	0	52448.1882	0
2889	616	-465.6721	0	52448.1874	0
2890	616	-465.6719	0	52448.1863	0
2891	616	-465.6719	0	52448.1859	0
2892	616	-465.6720	0	52448.1874	0
2893	616	-465.6718	0	52448.1872	0
2894	616	-465.6718	0	52448.1879	0
2895	616	-465.6716	0	52448.1882	0
2896	616	-465.6710	0	52448.1869	0
