2915	623	-465.8219	0	52447.9702	0
2916	623	-465.8222	0	52447.9711	0
2917	623	-465.8215	0	52447.9731	0
2918	623	-465.8209	0	52447.9738	0
2919	623	-465.8207	0	52447.9712	0
2920	623	-465.8203	0	52447.9704	0
2921	623	-465.8202	0	52447.9701	0
2922	623	-465.8200	0	52447.9688	0
2923	623	-465.8191	0	52447.9672	0
2924	623	-465.8183	0	52447.9669	0
2925	623	-465.8178	0	52447.9681	0
2926	623	-465.8169	0	52447.9689	0
2927	623	-465.8156	0	52447.9721	0
2928	623	-465.8142	0	52447.9736	0
2929	623	-465.8131	0	52447.9757	0
2930	623	-465.8123	0	52447.9728	0
2931	623	-465.8113	0	52447.9719	0
2932	623	-465.8104	0	52447.9704	0
2933	623	-465.8094	0	52447.9727	0
2934	623	-465.8086	0	52447.9737	0
2935	623	-465.8081	0	52447.9742	0
2936	623	-465.8075	0	52447.9745	0
2937	623	-465.8070	0	52447.9722	0
2938	623	-465.8060	0	52447.9768	0
2939	623	-465.8051	0	52447.9812	0
2940	623	-465.8044	0	52447.9842	0
2941	623	-465.8038	0	52447.9866	0
2942	623	-465.8036	0	52447.9851	0
2943	623	-465.8031	0	52447.9858	0
2944	623	-465.8025	0	52447.9862	0
2945	623	-465.8021	0	52447.9877	0
2946	623	-465.8017	0	52447.9895	0
2947	623	-465.8012	0	52447.9927	0
2948	623	-465.8009	0	52447.9939	0
2949	623	-465.8003	0	52447.9945	0
2950	623	-465.7995	0	52447.9974	0
2951	623	-465.7985	0	52447.9986	0
2952	623	-465.7979	0	52447.9979	0
2953	623	-465.7974	0	52447.9965	0
2954	623	-465.7967	0	52447.9961	0
2955	623	-465.7961	0	52447.9961	0
2956	623	-465.7955	0	52447.9986	0
2957	623	-465.7948	0	52447.9997	0
2958	623	-465.7937	0	52447.9992	0
2959	623	-465.7928	0	52448.0003	0
2960	623	-465.7915	0	52448.0035	0
2961	623	-465.7901	0	52448.0050	0
2962	623	-465.7895	0	52448.0056	0
2963	623	-465.7889	0	52448.0034	0
2964	623	-465.7883	0	52448.0040	0
2965	623	-465.7874	0	52448.0068	0
2966	623	-465.7866	0	52448.0092	0
2967	623	-465.7857	0	52448.0115	0
2968	623	-465.7849	0	52448.0077	0
2969	623	-465.7839	0	52448.0064	0
2973	623	-465.7802	0	52448.0071	0
2974	623	-465.7790	0	52448.0098	0
2975	623	-465.7780	0	52448.0134	0
2976	623	-465.7773	0	52448.0148	0
2977	623	-465.7765	0	52448.0167	0
2978	623	-465.7760	0	52448.0174	0
2979	623	-465.7752	0	52448.0190	0
2980	623	-465.7745	0	52448.0221	0
2981	623	-465.7738	0	52448.0245	0
2982	623	-465.7735	0	52448.0254	0
2983	623	-465.7732	0	52448.0257	0
2984	623	-465.7729	0	52448.0270	0
2985	623	-465.7727	0	52448.0286	0
2986	623	-465.7727	0	52448.0303	0
2987	623	-465.7729	0	52448.0298	0
2988	623	-465.7732	0	52448.0305	0
2989	623	-465.7734	0	52448.0296	0
2990	623	-465.7733	0	52448.0293	0
2991	623	-465.7733	0	52448.0280	0
2992	623	-465.7733	0	52448.0297	0
2993	623	-465.7732	0	52448.0316	0
2994	623	-465.7728	0	52448.0347	0
2995	623	-465.7722	0	52448.0359	0
2996	623	-465.7718	0	52448.0364	0
2997	623	-465.7715	0	52448.0366	0
2998	623	-465.7712	0	52448.0367	0
2999	623	-465.7707	0	52448.0380	0
3000	623	-465.7703	0	52448.0385	0
3001	623	-465.7700	0	52448.0387	0
3002	623	-465.7698	0	52448.0422	0
3003	623	-465.7692	0	52448.0459	0
3004	623	-465.7685	0	52448.0473	0
3005	623	-465.7680	0	52448.0490	0
3006	623	-465.7679	0	52448.0485	0
3007	623	-465.7677	0	52448.0483	0
3008	623	-465.7675	0	52448.0482	0
3009	623	-465.7671	0	52448.0483	0
