467	63	-457.2317	-0.6139	52469.2320	0
468	63	-457.1379	-0.6139	52469.2081	0
469	63	-457.1594	-0.6139	52469.1088	0
470	63	-457.2444	-0.6139	52468.9919	0
471	63	-457.3174	-0.6139	52468.8635	0
472	63	-457.3632	-0.6139	52468.7509	0
473	63	-457.3135	-0.6139	52468.6764	0
474	63	-457.2565	-0.6139	52468.5671	0
475	63	-457.2300	-0.6139	52468.4189	0
476	63	-457.0653	-0.6139	52468.3361	0
477	63	-456.8701	-0.6139	52468.2677	0
478	63	-456.7378	-0.6139	52468.1990	0
479	63	-456.6861	-0.6139	52468.0987	0
480	63	-456.7101	-0.6139	52467.9607	0
481	63	-456.5643	-0.6139	52467.8824	0
482	63	-456.4565	-0.6139	52467.8223	0
483	63	-456.3463	-0.6139	52467.7191	0
484	63	-456.1787	-0.6139	52467.6113	0
485	63	-455.9876	-0.6139	52467.5203	0
486	63	-455.8030	-0.6139	52467.4489	0
487	63	-455.6644	-0.6139	52467.3917	0
488	63	-455.5545	-0.6139	52467.3020	0
489	63	-455.5224	-0.6139	52467.1865	0
490	63	-455.3911	-0.6139	52467.1499	0
491	63	-455.2286	-0.6139	52467.1004	0
492	63	-454.9879	-0.6139	52467.0002	0
493	63	-454.6964	-0.6139	52466.9059	0
494	63	-454.4686	-0.6139	52466.8535	0
495	63	-454.2835	-0.6139	52466.8103	0
496	63	-454.1686	-0.6139	52466.7246	0
497	63	-454.0201	-0.6139	52466.6423	0
498	63	-453.9812	-0.6139	52466.5813	0
499	63	-453.8660	-0.6139	52466.5413	0
500	63	-453.7645	-0.6139	52466.4829	0
501	63	-453.5534	-0.6139	52466.4042	0
502	63	-453.3252	-0.6139	52466.3443	0
503	63	-453.1588	-0.6139	52466.3048	0
504	63	-453.0006	-0.6139	52466.2594	0
505	63	-452.8708	-0.6139	52466.1852	0
506	63	-452.7746	-0.6139	52466.1066	0
507	63	-452.7082	-0.6139	52466.0733	0
508	63	-452.5850	-0.6139	52466.0500	0
509	63	-452.4908	-0.6139	52465.9906	0
510	63	-452.3062	-0.6139	52465.9174	0
511	63	-452.1413	-0.6139	52465.8591	0
512	63	-452.0190	-0.6139	52465.8197	0
513	63	-451.9085	-0.6139	52465.7740	0
514	63	-451.8190	-0.6139	52465.7193	0
515	63	-451.7909	-0.6139	52465.6476	0
516	63	-451.7568	-0.6139	52465.6232	0
517	63	-451.7071	-0.6139	52465.5964	0
518	63	-451.6162	-0.6139	52465.5419	0
519	63	-451.5019	-0.6139	52465.4769	0
520	63	-451.3956	-0.6139	52465.4280	0
521	63	-451.3145	-0.6139	52465.4052	0
522	63	-451.2946	-0.6139	52465.3721	0
523	63	-451.2875	-0.6139	52465.3085	0
524	63	-451.3393	-0.6139	52465.2464	0
525	63	-451.4034	-0.6139	52465.2120	0
526	63	-451.4318	-0.6139	52465.1810	0
527	63	-451.4061	-0.6139	52465.1381	0
528	63	-451.3855	-0.6139	52465.0839	0
529	63	-451.3564	-0.6139	52465.0457	0
530	63	-451.3326	-0.6139	52465.0331	0
531	63	-451.3433	-0.6139	52464.9970	0
532	63	-451.3879	-0.6139	52464.9319	0
533	63	-451.4582	-0.6139	52464.8825	0
534	63	-451.5169	-0.6139	52464.8459	0
535	63	-451.5364	-0.6139	52464.8206	0
536	63	-451.5121	-0.6139	52464.7730	0
537	63	-451.5003	-0.6139	52464.7168	0
538	63	-451.4841	-0.6139	52464.6910	0
539	63	-451.4731	-0.6139	52464.6763	0
540	63	-451.4779	-0.6139	52464.6459	0
541	63	-451.5082	-0.6139	52464.5827	0
542	63	-451.5565	-0.6139	52464.5272	0
543	63	-451.5921	-0.6139	52464.5081	0
544	63	-451.5929	-0.6139	52464.4960	0
545	63	-451.5520	-0.6139	52464.4465	0
546	63	-451.5238	-0.6139	52464.3893	0
547	63	-451.4918	-0.6139	52464.3563	0
548	63	-451.4689	-0.6139	52464.3455	0
549	63	-451.4473	-0.6139	52464.3230	0
550	63	-451.4716	-0.6139	52464.2694	0
551	63	-451.5158	-0.6139	52464.2308	0
552	63	-451.5434	-0.6139	52464.2112	0
553	63	-451.5508	-0.6139	52464.1920	0
554	63	-451.5080	-0.6139	52464.1596	0
555	63	-451.4861	-0.6139	52464.1087	0
556	63	-451.4562	-0.6139	52464.0912	0
557	63	-451.4308	-0.6139	52464.0727	0
558	63	-451.4061	-0.6139	52464.0471	0
559	63	-451.4241	-0.6139	52463.9920	0
560	63	-451.4677	-0.6139	52463.9528	0
561	63	-451.4964	-0.6139	52463.9394	0
562	63	-451.4995	-0.6139	52463.9225	0
563	63	-451.4746	-0.6139	52463.8974	0
564	63	-451.4599	-0.6139	52463.8626	0
565	63	-451.4270	-0.6139	52463.8508	0
566	63	-451.4270	-0.6139	52463.8343	0
567	63	-451.4318	-0.6139	52463.7893	0
568	63	-451.4536	-0.6139	52463.7468	0
569	63	-451.4848	-0.6139	52463.7188	0
570	63	-451.4972	-0.6139	52463.7095	0
571	63	-451.4862	-0.6139	52463.6872	0
572	63	-451.4516	-0.6139	52463.6534	0
573	63	-451.4335	-0.6139	52463.6218	0
574	63	-451.3933	-0.6139	52463.6045	0
575	63	-451.3852	-0.6139	52463.5924	0
576	63	-451.3884	-0.6139	52463.5492	0
577	63	-451.4118	-0.6139	52463.5073	0
578	63	-451.4340	-0.6139	52463.4794	0
579	63	-451.4307	-0.6139	52463.4634	0
580	63	-451.3972	-0.6139	52463.4453	0
581	63	-451.3727	-0.6139	52463.4062	0
582	63	-451.3520	-0.6139	52463.3861	0
583	63	-451.3274	-0.6139	52463.3796	0
584	63	-451.3119	-0.6139	52463.3517	0
585	63	-451.3261	-0.6139	52463.3222	0
586	63	-451.3476	-0.6139	52463.3055	0
587	63	-451.3503	-0.6139	52463.3002	0
588	63	-451.3258	-0.6139	52463.2726	0
589	63	-451.2955	-0.6139	52463.2432	0
590	63	-451.2722	-0.6139	52463.2265	0
591	63	-451.2407	-0.6139	52463.2145	0
592	63	-451.2266	-0.6139	52463.1910	0
593	63	-451.2127	-0.6139	52463.1499	0
594	63	-451.2369	-0.6139	52463.1154	0
595	63	-451.2424	-0.6139	52463.1099	0
596	63	-451.2342	-0.6139	52463.0956	0
597	63	-451.1970	-0.6139	52463.0712	0
598	63	-451.1591	-0.6139	52463.0363	0
599	63	-451.1142	-0.6139	52463.0175	0
600	63	-451.0834	-0.6139	52463.0114	0
601	63	-451.0673	-0.6139	52462.9967	0
602	63	-451.0645	-0.6139	52462.9522	0
603	63	-451.0737	-0.6139	52462.9230	0
604	63	-451.0874	-0.6139	52462.9130	0
605	63	-451.0804	-0.6139	52462.9102	0
606	63	-451.0558	-0.6139	52462.8967	0
607	63	-451.0408	-0.6139	52462.8658	0
608	63	-451.0196	-0.6139	52462.8550	0
609	63	-451.0120	-0.6139	52462.8451	0
610	63	-451.0066	-0.6139	52462.8157	0
611	63	-451.0292	-0.6139	52462.7920	0
612	63	-451.0620	-0.6139	52462.7840	0
613	63	-451.0792	-0.6139	52462.7818	0
614	63	-451.0858	-0.6139	52462.7617	0
615	63	-451.0888	-0.6139	52462.7282	0
616	63	-451.0837	-0.6139	52462.7097	0
617	63	-451.0821	-0.6139	52462.7102	0
618	63	-451.0959	-0.6139	52462.6978	0
619	63	-451.1262	-0.6139	52462.6672	0
620	63	-451.1573	-0.6139	52462.6498	0
621	63	-451.1775	-0.6139	52462.6439	0
622	63	-451.1810	-0.6139	52462.6358	0
623	63	-451.1795	-0.6139	52462.6068	0
624	63	-451.1911	-0.6139	52462.5766	0
625	63	-451.1826	-0.6139	52462.5725	0
626	63	-451.1840	-0.6139	52462.5585	0
627	63	-451.1859	-0.6139	52462.5473	0
628	63	-451.2050	-0.6139	52462.5170	0
629	63	-451.2186	-0.6139	52462.4998	0
630	63	-451.2189	-0.6139	52462.4940	0
631	63	-451.1994	-0.6139	52462.4859	0
632	63	-451.1851	-0.6139	52462.4502	0
633	63	-451.1681	-0.6139	52462.4441	0
634	63	-451.1583	-0.6139	52462.4359	0
635	63	-451.1499	-0.6139	52462.4202	0
636	63	-451.1479	-0.6139	52462.3949	0
637	63	-451.1550	-0.6139	52462.3728	0
638	63	-451.1580	-0.6139	52462.3585	0
639	63	-451.1511	-0.6139	52462.3538	0
640	63	-451.1374	-0.6139	52462.3262	0
641	63	-451.1160	-0.6139	52462.2965	0
642	63	-451.0953	-0.6139	52462.2860	0
643	63	-451.0827	-0.6139	52462.2828	0
644	63	-451.0813	-0.6139	52462.2690	0
645	63	-451.0902	-0.6139	52462.2445	0
646	63	-451.0977	-0.6139	52462.2359	0
647	63	-451.1042	-0.6139	52462.2201	0
648	63	-451.0930	-0.6139	52462.2081	0
649	63	-451.0679	-0.6139	52462.1976	0
650	63	-451.0613	-0.6139	52462.1675	0
651	63	-451.0481	-0.6139	52462.1636	0
652	63	-451.0511	-0.6139	52462.1561	0
653	63	-451.0601	-0.6139	52462.1473	0
654	63	-451.0834	-0.6139	52462.1179	0
655	63	-451.1047	-0.6139	52462.0942	0
656	63	-451.1131	-0.6139	52462.0859	0
657	63	-451.1113	-0.6139	52462.0701	0
658	63	-451.0973	-0.6139	52462.0450	0
659	63	-451.0732	-0.6139	52462.0229	0
660	63	-451.0489	-0.6139	52462.0218	0
661	63	-451.0491	-0.6139	52462.0154	0
662	63	-451.0338	-0.6139	52462.0004	0
663	63	-451.0414	-0.6139	52461.9686	0
664	63	-451.0480	-0.6139	52461.9574	0
665	63	-451.0480	-0.6139	52461.9538	0
666	63	-451.0343	-0.6139	52461.9530	0
667	63	-451.0082	-0.6139	52461.9334	0
668	63	-450.9861	-0.6139	52461.9266	0
669	63	-450.9528	-0.6139	52461.9112	0
670	63	-450.9294	-0.6139	52461.9127	0
671	63	-450.9213	-0.6139	52461.9137	0
672	63	-450.9271	-0.6139	52461.8878	0
673	63	-450.9365	-0.6139	52461.8720	0
674	63	-450.9351	-0.6139	52461.8731	0
675	63	-450.9233	-0.6139	52461.8741	0
676	63	-450.9014	-0.6139	52461.8615	0
677	63	-450.8944	-0.6139	52461.8239	0
678	63	-450.8716	-0.6139	52461.8103	0
679	63	-450.8433	-0.6139	52461.8188	0
680	63	-450.8529	-0.6139	52461.7960	0
681	63	-450.8724	-0.6139	52461.7747	0
682	63	-450.8777	-0.6139	52461.7605	0
683	63	-450.8696	-0.6139	52461.7623	0
684	63	-450.8612	-0.6139	52461.7502	0
685	63	-450.8385	-0.6139	52461.7329	0
686	63	-450.8144	-0.6139	52461.7335	0
687	63	-450.7954	-0.6139	52461.7342	0
688	63	-450.7866	-0.6139	52461.7349	0
689	63	-450.7965	-0.6139	52461.7155	0
690	63	-450.8058	-0.6139	52461.7020	0
691	63	-450.8148	-0.6139	52461.6973	0
692	63	-450.8108	-0.6139	52461.6893	0
693	63	-450.8076	-0.6139	52461.6667	0
694	63	-450.7948	-0.6139	52461.6520	0
695	63	-450.7827	-0.6139	52461.6535	0
696	63	-450.7929	-0.6139	52461.6479	0
697	63	-450.7968	-0.6139	52461.6329	0
698	63	-450.8052	-0.6139	52461.6210	0
699	63	-450.8173	-0.6139	52461.6169	0
700	63	-450.8121	-0.6139	52461.6091	0
701	63	-450.8006	-0.6139	52461.5933	0
702	63	-450.7901	-0.6139	52461.5744	0
703	63	-450.7812	-0.6139	52461.5611	0
704	63	-450.7697	-0.6139	52461.5565	0
705	63	-450.7640	-0.6139	52461.5486	0
706	63	-450.7576	-0.6139	52461.5395	0
707	63	-450.7638	-0.6139	52461.5298	0
708	63	-450.7584	-0.6139	52461.5331	0
709	63	-450.7465	-0.6139	52461.5348	0
710	63	-450.7293	-0.6139	52461.5157	0
711	63	-450.7112	-0.6139	52461.4956	0
712	63	-450.6711	-0.6139	52461.4885	0
713	63	-450.6615	-0.6139	52461.4862	0
714	63	-450.6497	-0.6139	52461.4791	0
715	63	-450.6546	-0.6139	52461.4635	0
716	63	-450.6617	-0.6139	52461.4513	0
717	63	-450.6617	-0.6139	52461.4472	0
718	63	-450.6527	-0.6139	52461.4460	0
719	63	-450.6269	-0.6139	52461.4392	0
720	63	-450.6094	-0.6139	52461.4237	0
721	63	-450.5927	-0.6139	52461.4182	0
722	63	-450.5981	-0.6139	52461.4165	0
723	63	-450.6023	-0.6139	52461.4030	0
724	63	-450.5991	-0.6139	52461.3915	0
725	63	-450.6204	-0.6139	52461.3742	0
726	63	-450.6242	-0.6139	52461.3748	0
727	63	-450.6165	-0.6139	52461.3621	0
728	63	-450.5969	-0.6139	52461.3378	0
729	63	-450.5751	-0.6139	52461.3224	0
730	63	-450.5552	-0.6139	52461.3170	0
731	63	-450.5476	-0.6139	52461.3153	0
732	63	-450.5446	-0.6139	52461.3152	0
733	63	-450.5492	-0.6139	52461.3088	0
734	63	-450.5531	-0.6139	52461.3135	0
735	63	-450.5478	-0.6139	52461.3155	0
736	63	-450.5343	-0.6139	52461.3099	0
737	63	-450.5212	-0.6139	52461.2880	0
738	63	-450.5041	-0.6139	52461.2735	0
739	63	-450.4826	-0.6139	52461.2749	0
740	63	-450.4584	-0.6139	52461.2824	0
741	63	-450.4630	-0.6139	52461.2655	0
742	63	-450.4789	-0.6139	52461.2528	0
743	63	-450.4873	-0.6139	52461.2484	0
744	63	-450.4830	-0.6139	52461.2470	0
745	63	-450.4695	-0.6139	52461.2401	0
746	63	-450.4534	-0.6139	52461.2180	0
747	63	-450.4308	-0.6139	52461.1901	0
748	63	-450.4124	-0.6139	52461.1864	0
749	63	-450.3924	-0.6139	52461.1986	0
750	63	-450.3950	-0.6139	52461.1970	0
751	63	-450.3957	-0.6139	52461.1768	0
752	63	-450.3941	-0.6139	52461.1761	0
753	63	-450.3793	-0.6139	52461.1696	0
754	63	-450.3606	-0.6139	52461.1541	0
755	63	-450.3332	-0.6139	52461.1420	0
756	63	-450.3138	-0.6139	52461.1245	0
757	63	-450.2930	-0.6139	52461.1379	0
758	63	-450.2907	-0.6139	52461.1236	0
759	63	-450.2888	-0.6139	52461.1251	0
760	63	-450.2979	-0.6139	52461.1194	0
761	63	-450.2979	-0.6139	52461.1242	0
762	63	-450.2848	-0.6139	52461.1196	0
763	63	-450.2698	-0.6139	52461.0981	0
764	63	-450.2543	-0.6139	52461.0837	0
765	63	-450.2444	-0.6139	52461.0851	0
766	63	-450.2296	-0.6139	52461.0924	0
767	63	-450.2260	-0.6139	52461.0890	0
768	63	-450.2281	-0.6139	52461.0747	0
769	63	-450.2487	-0.6139	52461.0628	0
770	63	-450.2464	-0.6139	52461.0653	0
771	63	-450.2417	-0.6139	52461.0598	0
772	63	-450.2302	-0.6139	52461.0448	0
773	63	-450.1999	-0.6139	52461.0393	0
774	63	-450.1761	-0.6139	52461.0309	0
775	63	-450.1695	-0.6139	52461.0214	0
776	63	-450.1655	-0.6139	52461.0180	0
777	63	-450.1695	-0.6139	52461.0104	0
778	63	-450.1710	-0.6139	52461.0078	0
779	63	-450.1708	-0.6139	52461.0138	0
780	63	-450.1465	-0.6139	52461.0162	0
781	63	-450.1274	-0.6139	52460.9973	0
782	63	-450.0997	-0.6139	52460.9905	0
783	63	-450.0769	-0.6139	52460.9882	0
784	63	-450.0693	-0.6139	52460.9875	0
785	63	-450.0624	-0.6139	52460.9742	0
786	63	-450.0666	-0.6139	52460.9628	0
787	63	-450.0658	-0.6139	52460.9654	0
788	63	-450.0606	-0.6139	52460.9667	0
789	63	-450.0470	-0.6139	52460.9540	0
790	63	-450.0297	-0.6139	52460.9362	0
791	63	-450.0022	-0.6139	52460.9297	0
792	63	-449.9690	-0.6139	52460.9275	0
793	63	-449.9570	-0.6139	52460.9204	0
794	63	-449.9590	-0.6139	52460.9113	0
795	63	-449.9749	-0.6139	52460.9015	0
796	63	-449.9744	-0.6139	52460.8981	0
797	63	-449.9441	-0.6139	52460.8971	0
798	63	-449.9237	-0.6139	52460.8837	0
799	63	-449.9003	-0.6139	52460.8723	0
800	63	-449.8683	-0.6139	52460.8617	0
801	63	-449.8359	-0.6139	52460.8645	0
802	63	-449.8217	-0.6139	52460.8659	0
803	63	-449.8216	-0.6139	52460.8601	0
804	63	-449.8138	-0.6139	52460.8581	0
805	63	-449.7933	-0.6139	52460.8509	0
806	63	-449.7712	-0.6139	52460.8418	0
807	63	-449.7379	-0.6139	52460.8254	0
808	63	-449.7014	-0.6139	52460.8194	0
809	63	-449.6634	-0.6139	52460.8240	0
810	63	-449.6536	-0.6139	52460.8194	0
811	63	-449.6428	-0.6139	52460.8047	0
812	63	-449.6303	-0.6139	52460.7994	0
813	63	-449.6077	-0.6139	52460.7976	0
814	63	-449.5801	-0.6139	52460.7906	0
815	63	-449.5453	-0.6139	52460.7881	0
816	63	-449.5087	-0.6139	52460.7808	0
817	63	-449.4745	-0.6139	52460.7850	0
818	63	-449.4478	-0.6139	52460.7868	0
819	63	-449.4447	-0.6139	52460.7743	0
820	63	-449.4383	-0.6139	52460.7632	0
821	63	-449.4265	-0.6139	52460.7592	0
822	63	-449.4176	-0.6139	52460.7579	0
823	63	-449.3995	-0.6139	52460.7510	0
824	63	-449.3830	-0.6139	52460.7353	0
825	63	-449.3632	-0.6139	52460.7296	0
826	63	-449.3459	-0.6139	52460.7278	0
827	63	-449.3418	-0.6139	52460.7207	0
828	63	-449.3586	-0.6139	52460.7050	0
829	63	-449.3706	-0.6139	52460.6993	0
830	63	-449.3746	-0.6139	52460.7041	0
831	63	-449.3721	-0.6139	52460.6995	0
832	63	-449.3590	-0.6139	52460.6914	0
833	63	-449.3446	-0.6139	52460.6819	0
834	63	-449.3284	-0.6139	52460.6852	0
835	63	-449.3261	-0.6139	52460.6866	0
836	63	-449.3321	-0.6139	52460.6808	0
837	63	-449.3464	-0.6139	52460.6721	0
838	63	-449.3548	-0.6139	52460.6690	0
839	63	-449.3573	-0.6139	52460.6747	0
840	63	-449.3554	-0.6139	52460.6703	0
841	63	-449.3485	-0.6139	52460.6622	0
842	63	-449.3434	-0.6139	52460.6593	0
843	63	-449.3346	-0.6139	52460.6650	0
844	63	-449.3397	-0.6139	52460.6607	0
845	63	-449.3475	-0.6139	52460.6526	0
846	63	-449.3668	-0.6139	52460.6430	0
847	63	-449.3654	-0.6139	52460.6461	0
848	63	-449.3507	-0.6139	52460.6541	0
849	63	-449.3332	-0.6139	52460.6506	0
850	63	-449.3175	-0.6139	52460.6561	0
851	63	-449.3140	-0.6139	52460.6582	0
852	63	-449.3155	-0.6139	52460.6590	0
853	63	-449.3274	-0.6139	52460.6461	0
854	63	-449.3420	-0.6139	52460.6347	0
855	63	-449.3445	-0.6139	52460.6305	0
856	63	-449.3440	-0.6139	52460.6290	0
857	63	-449.3318	-0.6139	52460.6220	0
858	63	-449.3100	-0.6139	52460.6195	0
859	63	-449.3018	-0.6139	52460.6187	0
860	63	-449.2999	-0.6139	52460.6185	0
861	63	-449.3037	-0.6139	52460.6119	0
862	63	-449.3159	-0.6139	52460.5963	0
863	63	-449.3213	-0.6139	52460.5971	0
864	63	-449.3229	-0.6139	52460.5977	0
865	63	-449.3199	-0.6139	52460.5914	0
866	63	-449.3155	-0.6139	52460.5759	0
867	63	-449.3093	-0.6139	52460.5702	0
868	63	-449.3070	-0.6139	52460.5749	0
869	63	-449.3079	-0.6139	52460.5703	0
870	63	-449.3269	-0.6139	52460.5621	0
871	63	-449.3476	-0.6139	52460.5591	0
872	63	-449.3527	-0.6139	52460.5582	0
873	63	-449.3541	-0.6139	52460.5514	0
874	63	-449.3462	-0.6139	52460.5424	0
875	63	-449.3434	-0.6139	52460.5325	0
876	63	-449.3458	-0.6139	52460.5357	0
877	63	-449.3506	-0.6139	52460.5304	0
878	63	-449.3583	-0.6139	52460.5153	0
879	63	-449.3696	-0.6139	52460.5032	0
880	63	-449.3689	-0.6139	52460.5055	0
881	63	-449.3697	-0.6139	52460.5067	0
882	63	-449.3679	-0.6139	52460.4940	0
883	63	-449.3693	-0.6139	52460.4828	0
884	63	-449.3639	-0.6139	52460.4788	0
885	63	-449.3622	-0.6139	52460.4776	0
886	63	-449.3542	-0.6139	52460.4839	0
887	63	-449.3675	-0.6139	52460.4732	0
888	63	-449.3735	-0.6139	52460.4694	0
889	63	-449.3713	-0.6139	52460.4748	0
890	63	-449.3591	-0.6139	52460.4704	0
891	63	-449.3426	-0.6139	52460.4622	0
892	63	-449.3258	-0.6139	52460.4527	0
893	63	-449.3203	-0.6139	52460.4559	0
894	63	-449.3137	-0.6139	52460.4507	0
895	63	-449.3197	-0.6139	52460.4356	0
896	63	-449.3334	-0.6139	52460.4301	0
897	63	-449.3324	-0.6139	52460.4348	0
898	63	-449.3254	-0.6139	52460.4369	0
899	63	-449.3203	-0.6139	52460.4245	0
900	63	-449.3085	-0.6139	52460.4068	0
901	63	-449.2965	-0.6139	52460.4068	0
902	63	-449.2907	-0.6139	52460.4071	0
903	63	-449.2887	-0.6139	52460.3942	0
904	63	-449.2976	-0.6139	52460.3829	0
905	63	-449.2912	-0.6139	52460.3788	0
906	63	-449.2849	-0.6139	52460.3842	0
907	63	-449.2773	-0.6139	52460.3798	0
908	63	-449.2661	-0.6139	52460.3717	0
909	63	-449.2494	-0.6139	52460.3688	0
910	63	-449.2269	-0.6139	52460.3746	0
911	63	-449.2275	-0.6139	52460.3703	0
912	63	-449.2273	-0.6139	52460.3622	0
913	63	-449.2219	-0.6139	52460.3527	0
914	63	-449.2131	-0.6139	52460.3560	0
915	63	-449.1964	-0.6139	52460.3573	0
916	63	-449.1821	-0.6139	52460.3381	0
917	63	-449.1646	-0.6139	52460.3244	0
918	63	-449.1422	-0.6139	52460.3260	0
919	63	-449.1250	-0.6139	52460.3269	0
920	63	-449.1230	-0.6139	52460.3208	0
921	63	-449.1200	-0.6139	52460.3120	0
922	63	-449.1118	-0.6139	52460.3089	0
923	63	-449.1043	-0.6139	52460.3080	0
924	63	-449.1013	-0.6139	52460.3012	0
925	63	-449.0789	-0.6139	52460.2922	0
926	63	-449.0578	-0.6139	52460.2823	0
927	63	-449.0370	-0.6139	52460.2855	0
928	63	-449.0354	-0.6139	52460.2802	0
929	63	-449.0418	-0.6139	52460.2719	0
930	63	-449.0553	-0.6139	52460.2689	0
931	63	-449.0572	-0.6139	52460.2679	0
932	63	-449.0618	-0.6139	52460.2611	0
933	63	-449.0580	-0.6139	52460.2588	0
934	63	-449.0483	-0.6139	52460.2581	0
935	63	-449.0422	-0.6139	52460.2580	0
936	63	-449.0379	-0.6139	52460.2581	0
937	63	-449.0435	-0.6139	52460.2450	0
938	63	-449.0563	-0.6139	52460.2336	0
939	63	-449.0563	-0.6139	52460.2360	0
940	63	-449.0633	-0.6139	52460.2372	0
941	63	-449.0469	-0.6139	52460.2378	0
942	63	-449.0411	-0.6139	52460.2315	0
943	63	-449.0280	-0.6139	52460.2293	0
944	63	-449.0280	-0.6139	52460.2153	0
945	63	-449.0207	-0.6139	52460.2168	0
946	63	-449.0272	-0.6139	52460.2110	0
947	63	-449.0228	-0.6139	52460.2089	0
948	63	-449.0118	-0.6139	52460.2083	0
949	63	-449.0029	-0.6139	52460.2016	0
950	63	-448.9885	-0.6139	52460.1926	0
951	63	-448.9834	-0.6139	52460.1827	0
952	63	-448.9538	-0.6139	52460.1923	0
953	63	-448.9412	-0.6139	52460.1896	0
954	63	-448.9386	-0.6139	52460.1755	0
955	63	-448.9356	-0.6139	52460.1637	0
956	63	-448.9257	-0.6139	52460.1660	0
957	63	-448.9151	-0.6139	52460.1671	0
958	63	-448.9021	-0.6139	52460.1677	0
959	63	-448.8916	-0.6139	52460.1548	0
960	63	-448.8765	-0.6139	52460.1501	0
961	63	-448.8553	-0.6139	52460.1485	0
962	63	-448.8605	-0.6139	52460.1414	0
963	63	-448.8616	-0.6139	52460.1389	0
964	63	-448.8511	-0.6139	52460.1447	0
965	63	-448.8409	-0.6139	52460.1472	0
966	63	-448.8274	-0.6139	52460.1482	0
967	63	-448.8098	-0.6139	52460.1420	0
968	63	-448.7970	-0.6139	52460.1331	0
969	63	-448.7798	-0.6139	52460.1233	0
970	63	-448.7740	-0.6139	52460.1197	0
971	63	-448.7728	-0.6139	52460.1119	0
972	63	-448.7691	-0.6139	52460.1025	0
973	63	-448.7602	-0.6139	52460.0992	0
974	63	-448.7431	-0.6139	52460.1113	0
975	63	-448.7257	-0.6139	52460.1095	0
976	63	-448.7060	-0.6139	52460.0956	0
977	63	-448.6816	-0.6139	52460.0905	0
978	63	-448.6565	-0.6139	52460.1020	0
979	63	-448.6504	-0.6139	52460.0999	0
980	63	-448.6493	-0.6139	52460.0925	0
981	63	-448.6447	-0.6139	52460.0832	0
982	63	-448.6278	-0.6139	52460.0864	0
983	63	-448.6199	-0.6139	52460.0746	0
984	63	-448.6094	-0.6139	52460.0637	0
985	63	-448.5928	-0.6139	52460.0596	0
986	63	-448.5701	-0.6139	52460.0649	0
987	63	-448.5617	-0.6139	52460.0671	0
988	63	-448.5591	-0.6139	52460.0680	0
989	63	-448.5610	-0.6139	52460.0619	0
990	63	-448.5666	-0.6139	52460.0596	0
991	63	-448.5658	-0.6139	52460.0655	0
992	63	-448.5584	-0.6139	52460.0612	0
993	63	-448.5562	-0.6139	52460.0531	0
994	63	-448.5510	-0.6139	52460.0501	0
995	63	-448.5489	-0.6139	52460.0491	0
996	63	-448.5490	-0.6139	52460.0488	0
997	63	-448.5474	-0.6139	52460.0488	0
998	63	-448.5530	-0.6139	52460.0489	0
999	63	-448.5542	-0.6139	52460.0490	0
1000	63	-448.5520	-0.6139	52460.0557	0
1001	63	-448.5385	-0.6139	52460.0450	0
1002	63	-448.5289	-0.6139	52460.0344	0
1003	63	-448.5251	-0.6139	52460.0306	0
1004	63	-448.5174	-0.6139	52460.0357	0
1005	63	-448.5153	-0.6139	52460.0379	0
1006	63	-448.5187	-0.6139	52460.0321	0
1007	63	-448.5231	-0.6139	52460.0300	0
1008	63	-448.5233	-0.6139	52460.0293	0
1009	63	-448.5167	-0.6139	52460.0291	0
1010	63	-448.5138	-0.6139	52460.0225	0
1011	63	-448.5067	-0.6139	52460.0201	0
1012	63	-448.5042	-0.6139	52460.0192	0
1013	63	-448.4957	-0.6139	52460.0256	0
1014	63	-448.4991	-0.6139	52460.0281	0
1015	63	-448.4985	-0.6139	52460.0225	0
1016	63	-448.5000	-0.6139	52460.0270	0
1017	63	-448.5003	-0.6139	52460.0222	0
1018	63	-448.4880	-0.6139	52460.0270	0
1019	63	-448.4775	-0.6139	52460.0221	0
1020	63	-448.4709	-0.6139	52460.0204	0
1021	63	-448.4665	-0.6139	52460.0198	0
1022	63	-448.4589	-0.6139	52460.0196	0
1023	63	-448.4523	-0.6139	52460.0129	0
1024	63	-448.4471	-0.6139	52460.0104	0
1025	63	-448.4387	-0.6139	52460.0096	0
1026	63	-448.4268	-0.6139	52460.0093	0
1027	63	-448.4183	-0.6139	52460.0093	0
1028	63	-448.4007	-0.6139	52460.0093	0
1029	63	-448.3929	-0.6139	52460.0094	0
1030	63	-448.3872	-0.6139	52460.0095	0
1031	63	-448.3832	-0.6139	52460.0029	0
1032	63	-448.3749	-0.6139	52460.0005	0
1033	63	-448.3644	-0.6139	52460.0063	0
1034	63	-448.3418	-0.6139	52460.0018	0
1035	63	-448.3249	-0.6139	52460.0002	0
1036	63	-448.3161	-0.6139	52459.9930	0
1037	63	-448.3037	-0.6139	52459.9969	0
1038	63	-448.2990	-0.6139	52459.9985	0
1039	63	-448.2906	-0.6139	52459.9992	0
1040	63	-448.2809	-0.6139	52459.9995	0
1041	63	-448.2686	-0.6139	52459.9996	0
1042	63	-448.2611	-0.6139	52460.0063	0
1043	63	-448.2526	-0.6139	52460.0089	0
1044	63	-448.2433	-0.6139	52460.0098	0
1045	63	-448.2337	-0.6139	52460.0035	0
1046	63	-448.2249	-0.6139	52460.0077	0
1047	63	-448.2226	-0.6139	52460.0093	0
1048	63	-448.2195	-0.6139	52460.0099	0
1049	63	-448.2212	-0.6139	52460.0035	0
1050	63	-448.2164	-0.6139	52460.0077	0
1051	63	-448.2166	-0.6139	52460.0093	0
1052	63	-448.2013	-0.6139	52460.0033	0
1053	63	-448.1969	-0.6139	52459.9944	0
1054	63	-448.1870	-0.6139	52459.9976	0
1055	63	-448.1857	-0.6139	52459.9989	0
1056	63	-448.1766	-0.6139	52459.9994	0
1057	63	-448.1813	-0.6139	52459.9930	0
1058	63	-448.1748	-0.6139	52459.9972	0
1059	63	-448.1648	-0.6139	52460.0055	0
1060	63	-448.1589	-0.6139	52460.0087	0
1061	63	-448.1539	-0.6139	52460.0031	0
1062	63	-448.1475	-0.6139	52460.0011	0
1063	63	-448.1519	-0.6139	52460.0003	0
1064	63	-448.1471	-0.6139	52460.0000	0
1065	63	-448.1444	-0.6139	52459.9999	0
1066	63	-448.1384	-0.6139	52459.9933	0
1067	63	-448.1301	-0.6139	52459.9908	0
1068	63	-448.1188	-0.6139	52459.9965	0
1069	63	-448.1108	-0.6139	52459.9655	0
1070	63	-448.0987	-0.6139	52459.9735	0
1071	63	-448.0993	-0.6139	52459.9637	0
1072	63	-448.0991	-0.6139	52459.9667	0
1073	63	-448.0940	-0.6139	52459.9680	0
1074	63	-448.0890	-0.6139	52459.9685	0
1075	63	-448.0809	-0.6139	52459.9689	0
1076	63	-448.0778	-0.6139	52459.9690	0
1077	63	-448.0767	-0.6139	52459.9692	0
1078	63	-448.0856	-0.6139	52459.9098	0
1079	63	-448.0854	-0.6139	52459.8944	0
1080	63	-448.0858	-0.6139	52459.8821	0
1081	63	-448.0808	-0.6139	52459.8841	0
1082	63	-448.0692	-0.6139	52459.9181	0
1083	63	-448.0650	-0.6139	52459.9315	0
1084	63	-448.0637	-0.6139	52459.9299	0
1085	63	-448.0659	-0.6139	52459.8961	0
1086	63	-448.0662	-0.6139	52459.8835	0
1087	63	-448.0674	-0.6139	52459.8924	0
1088	63	-448.0581	-0.6139	52459.8827	0
1089	63	-448.0520	-0.6139	52459.8857	0
1090	63	-448.0464	-0.6139	52459.8871	0
1091	63	-448.0480	-0.6139	52459.8878	0
1092	63	-448.0407	-0.6139	52459.9014	0
1093	63	-448.0401	-0.6139	52459.9068	0
1094	63	-448.0439	-0.6139	52459.8888	0
1095	63	-448.0456	-0.6139	52459.8756	0
1096	63	-448.0370	-0.6139	52459.8904	0
1097	63	-448.0318	-0.6139	52459.9030	0
1098	63	-448.0500	-0.6139	52459.8605	0
1099	63	-448.0597	-0.6139	52459.8389	0
1100	63	-448.0438	-0.6139	52459.8694	0
1101	63	-448.0395	-0.6139	52459.8755	0
1102	63	-448.0400	-0.6139	52459.8778	0
1103	63	-448.0378	-0.6139	52459.8853	0
1104	63	-448.0370	-0.6139	52459.8816	0
1105	63	-448.0412	-0.6139	52459.8868	0
1106	63	-448.0507	-0.6139	52459.8822	0
1107	63	-448.0505	-0.6139	52459.8871	0
1108	63	-448.0487	-0.6139	52459.8957	0
1109	63	-448.0573	-0.6139	52459.8922	0
1110	63	-448.0669	-0.6139	52459.8709	0
1111	63	-448.0742	-0.6139	52459.8500	0
1112	63	-448.0668	-0.6139	52459.8550	0
1113	63	-448.0645	-0.6139	52459.8638	0
1114	63	-448.0621	-0.6139	52459.8739	0
1115	63	-448.0574	-0.6139	52459.8844	0
1116	63	-448.0584	-0.6139	52459.8884	0
1117	63	-448.0612	-0.6139	52459.8831	0
1118	63	-448.0634	-0.6139	52459.8745	0
1119	63	-448.0661	-0.6139	52459.8646	0
1120	63	-448.0726	-0.6139	52459.8610	0
1121	63	-448.0796	-0.6139	52459.8465	0
1122	63	-448.0903	-0.6139	52459.8280	0
1123	63	-448.0898	-0.6139	52459.8276	0
1124	63	-448.0837	-0.6139	52459.8276	0
1125	63	-448.0853	-0.6139	52459.8278	0
1126	63	-448.0895	-0.6139	52459.8281	0
1127	63	-448.1015	-0.6139	52459.8150	0
1128	63	-448.1052	-0.6139	52459.8102	0
1129	63	-448.0947	-0.6139	52459.8152	0
1130	63	-448.1014	-0.6139	52459.8106	0
1131	63	-448.0987	-0.6139	52459.8156	0
1132	63	-448.0856	-0.6139	52459.7977	0
1133	63	-448.0771	-0.6139	52459.7978	0
1134	63	-448.0746	-0.6139	52459.7980	0
1135	63	-448.0708	-0.6139	52459.7916	0
1136	63	-448.0684	-0.6139	52459.7893	0
1137	63	-448.0707	-0.6139	52459.7886	0
1138	63	-448.0682	-0.6139	52459.7951	0
1139	63	-448.0662	-0.6139	52459.8044	0
1140	63	-448.0782	-0.6139	52459.7945	0
1141	63	-448.0754	-0.6139	52459.7909	0
1142	63	-448.0640	-0.6139	52459.7896	0
1143	63	-448.0601	-0.6139	52459.7826	0
1144	63	-448.0556	-0.6139	52459.7734	0
1145	63	-448.0672	-0.6139	52459.7700	0
1146	63	-448.0715	-0.6139	52459.7689	0
1147	63	-448.0727	-0.6139	52459.7686	0
1148	63	-448.0685	-0.6139	52459.7686	0
1149	63	-448.0445	-0.6139	52459.7820	0
1150	63	-448.0369	-0.6139	52459.7872	0
1151	63	-448.0307	-0.6139	52459.7891	0
1152	63	-448.0230	-0.6139	52459.7964	0
1153	63	-448.0238	-0.6139	52459.7992	0
1154	63	-448.0253	-0.6139	52459.8002	0
1155	63	-448.0248	-0.6139	52459.8005	0
1156	63	-448.0169	-0.6139	52459.8005	0
1157	63	-448.0100	-0.6139	52459.8005	0
1158	63	-447.9996	-0.6139	52459.7938	0
1159	63	-447.9947	-0.6139	52459.7912	0
1160	63	-447.9862	-0.6139	52459.7903	0
1161	63	-447.9827	-0.6139	52459.7900	0
1162	63	-447.9869	-0.6139	52459.7899	0
1163	63	-447.9842	-0.6139	52459.7832	0
1164	63	-447.9828	-0.6139	52459.7807	0
1165	63	-447.9820	-0.6139	52459.7798	0
1166	63	-447.9726	-0.6139	52459.7795	0
1167	63	-447.9699	-0.6139	52459.7795	0
1168	63	-447.9706	-0.6139	52459.7729	0
1169	63	-447.9671	-0.6139	52459.7704	0
1170	63	-447.9658	-0.6139	52459.7696	0
1171	63	-447.9619	-0.6139	52459.7627	0
1172	63	-447.9620	-0.6139	52459.7537	0
1173	63	-447.9596	-0.6139	52459.7503	0
1174	63	-447.9554	-0.6139	52459.7557	0
1175	63	-447.9478	-0.6139	52459.7512	0
1176	63	-447.9384	-0.6139	52459.7496	0
1177	63	-447.9394	-0.6139	52459.7425	0
1178	63	-447.9318	-0.6139	52459.7464	0
1179	63	-447.9284	-0.6139	52459.7481	0
1180	63	-447.9250	-0.6139	52459.7488	0
1181	63	-447.9230	-0.6139	52459.7425	0
1182	63	-447.9162	-0.6139	52459.7402	0
1183	63	-447.9129	-0.6139	52459.7460	0
1184	63	-447.9123	-0.6139	52459.7417	0
1185	63	-447.9145	-0.6139	52459.7334	0
1186	63	-447.9088	-0.6139	52459.7304	0
1187	63	-447.9066	-0.6139	52459.7294	0
1188	63	-447.9038	-0.6139	52459.7290	0
1189	63	-447.9029	-0.6139	52459.7224	0
1190	63	-447.9050	-0.6139	52459.7200	0
1191	63	-447.9005	-0.6139	52459.7257	0
1192	63	-447.8978	-0.6139	52459.7280	0
1193	63	-447.8893	-0.6139	52459.7223	0
1194	63	-447.8890	-0.6139	52459.7135	0
1195	63	-447.8893	-0.6139	52459.7103	0
1196	63	-447.8876	-0.6139	52459.7092	0
1197	63	-447.8876	-0.6139	52459.7089	0
1198	63	-447.8903	-0.6139	52459.7023	0
1199	63	-447.8972	-0.6139	52459.6999	0
1200	63	-447.8995	-0.6139	52459.6991	0
1201	63	-447.8966	-0.6139	52459.6922	0
1202	63	-447.8913	-0.6139	52459.6963	0
1203	63	-447.8897	-0.6139	52459.6914	0
1204	63	-447.8874	-0.6139	52459.6963	0
1205	63	-447.8871	-0.6139	52459.6982	0
1206	63	-447.8853	-0.6139	52459.6923	0
1207	63	-447.8876	-0.6139	52459.6835	0
1208	63	-447.8936	-0.6139	52459.6803	0
1209	63	-447.8953	-0.6139	52459.6792	0
1210	63	-447.8874	-0.6139	52459.6855	0
1211	63	-447.8868	-0.6139	52459.6747	0
1212	63	-447.8809	-0.6139	52459.6707	0
1213	63	-447.8848	-0.6139	52459.6693	0
1214	63	-447.8863	-0.6139	52459.6689	0
1215	63	-447.8889	-0.6139	52459.6622	0
1216	63	-447.8897	-0.6139	52459.6598	0
1217	63	-447.8876	-0.6139	52459.6590	0
1218	63	-447.8836	-0.6139	52459.6588	0
1219	63	-447.8782	-0.6139	52459.6522	0
1220	63	-447.8763	-0.6139	52459.6498	0
1221	63	-447.8734	-0.6139	52459.6556	0
1222	63	-447.8717	-0.6139	52459.6579	0
1223	63	-447.8707	-0.6139	52459.6589	0
1224	63	-447.8701	-0.6139	52459.6526	0
1225	63	-447.8732	-0.6139	52459.6570	0
1226	63	-447.8681	-0.6139	52459.6587	0
1227	63	-447.8641	-0.6139	52459.6593	0
1228	63	-447.8615	-0.6139	52459.6529	0
1229	63	-447.8599	-0.6139	52459.6440	0
1230	63	-447.8580	-0.6139	52459.6472	0
1231	63	-447.8546	-0.6139	52459.6486	0
1232	63	-447.8558	-0.6139	52459.6425	0
1233	63	-447.8640	-0.6139	52459.6336	0
1234	63	-447.8642	-0.6139	52459.6304	0
1235	63	-447.8648	-0.6139	52459.6359	0
1236	63	-447.8662	-0.6139	52459.6314	0
1237	63	-447.8605	-0.6139	52459.6232	0
1238	63	-447.8603	-0.6139	52459.6136	0
1239	63	-447.8589	-0.6139	52459.6101	0
1240	63	-447.8578	-0.6139	52459.6088	0
1241	63	-447.8574	-0.6139	52459.6019	0
1242	63	-447.8592	-0.6139	52459.5928	0
1243	63	-447.8585	-0.6139	52459.5895	0
1244	63	-447.8644	-0.6139	52459.5951	0
1245	63	-447.8588	-0.6139	52459.5973	0
1246	63	-447.8605	-0.6139	52459.5983	0
1247	63	-447.8597	-0.6139	52459.5921	0
1248	63	-447.8598	-0.6139	52459.5965	0
1249	63	-447.8668	-0.6139	52459.5982	0
1250	63	-447.8776	-0.6139	52459.5923	0
1251	63	-447.8833	-0.6139	52459.5901	0
1252	63	-447.8872	-0.6139	52459.5959	0
1253	63	-447.8930	-0.6139	52459.6049	0
1254	63	-447.8982	-0.6139	52459.6016	0
1255	63	-447.9071	-0.6139	52459.5938	0
1256	63	-447.9137	-0.6139	52459.5909	0
1257	63	-447.9125	-0.6139	52459.5964	0
1258	63	-447.9194	-0.6139	52459.5986	0
1259	63	-447.9360	-0.6139	52459.5994	0
1260	63	-447.9552	-0.6139	52459.5997	0
1261	63	-447.9612	-0.6139	52459.6065	0
1262	63	-447.9783	-0.6139	52459.6024	0
1263	63	-447.9880	-0.6139	52459.6008	0
1264	63	-447.9981	-0.6139	52459.5936	0
1265	63	-448.0142	-0.6139	52459.5909	0
1266	63	-448.0284	-0.6139	52459.5834	0
1267	63	-448.0397	-0.6139	52459.5806	0
1268	63	-448.0490	-0.6139	52459.5730	0
1269	63	-448.0515	-0.6139	52459.5702	0
1270	63	-448.0557	-0.6139	52459.5758	0
1271	63	-448.0597	-0.6139	52459.5714	0
1272	63	-448.0716	-0.6139	52459.5632	0
1273	63	-448.1086	-0.6139	52459.5472	0
1274	63	-448.1262	-0.6139	52459.5411	0
1275	63	-448.1291	-0.6139	52459.5389	0
1276	63	-448.1342	-0.6139	52459.5382	0
1277	63	-448.1537	-0.6139	52459.5381	0
1278	63	-448.1631	-0.6139	52459.5645	0
1279	63	-448.1806	-0.6139	52459.5614	0
1280	63	-448.1865	-0.6139	52459.5669	0
1281	63	-448.1943	-0.6139	52459.5823	0
1282	63	-448.1943	-0.6139	52459.5881	0
1283	63	-448.2038	-0.6139	52459.5969	0
1284	63	-448.2299	-0.6139	52459.6000	0
1285	63	-448.2486	-0.6139	52459.6010	0
1286	63	-448.2615	-0.6139	52459.6080	0
1287	63	-448.2721	-0.6139	52459.6038	0
1288	63	-448.2867	-0.6139	52459.6087	0
1289	63	-448.2936	-0.6139	52459.6038	0
1290	63	-448.2970	-0.6139	52459.6085	0
1291	63	-448.3050	-0.6139	52459.6102	0
1292	63	-448.3143	-0.6139	52459.6108	0
1293	63	-448.3220	-0.6139	52459.6109	0
1294	63	-448.3327	-0.6139	52459.6042	0
1295	63	-448.3369	-0.6139	52459.6016	0
1296	63	-448.3382	-0.6139	52459.6007	0
1297	63	-448.3450	-0.6139	52459.6003	0
1298	63	-448.3506	-0.6139	52459.5869	0
1299	63	-448.3616	-0.6139	52459.5885	0
1300	63	-448.3657	-0.6139	52459.5891	0
1301	63	-448.3736	-0.6139	52459.5894	0
1302	63	-448.3866	-0.6139	52459.5830	0
1303	63	-448.3904	-0.6139	52459.5871	0
1304	63	-448.3947	-0.6139	52459.5954	0
1305	63	-448.3956	-0.6139	52459.5985	0
1306	63	-448.3975	-0.6139	52459.5863	0
1307	63	-448.4019	-0.6139	52459.5884	0
1308	63	-448.4062	-0.6139	52459.5893	0
1309	63	-448.4032	-0.6139	52459.5962	0
1310	63	-448.4124	-0.6139	52459.5922	0
1311	63	-448.4130	-0.6139	52459.5907	0
1312	63	-448.4183	-0.6139	52459.5901	0
1313	63	-448.4194	-0.6139	52459.5899	0
1314	63	-448.4190	-0.6139	52459.5899	0
1315	63	-448.4159	-0.6139	52459.5899	0
1316	63	-448.4084	-0.6139	52459.5832	0
1317	63	-448.4067	-0.6139	52459.5807	0
1318	63	-448.4123	-0.6139	52459.5865	0
1319	63	-448.4145	-0.6139	52459.5887	0
1320	63	-448.4209	-0.6139	52459.5895	0
1321	63	-448.4250	-0.6139	52459.5832	0
1322	63	-448.4258	-0.6139	52459.5809	0
1323	63	-448.4235	-0.6139	52459.5800	0
1324	63	-448.4221	-0.6139	52459.5797	0
1325	63	-448.4192	-0.6139	52459.5863	0
1326	63	-448.4190	-0.6139	52459.5888	0
1327	63	-448.4250	-0.6139	52459.5897	0
1328	63	-448.4292	-0.6139	52459.5834	0
1329	63	-448.4238	-0.6139	52459.5744	0
1330	63	-448.4158	-0.6139	52459.5776	0
1331	63	-448.4100	-0.6139	52459.5789	0
1332	63	-448.4098	-0.6139	52459.5728	0
1333	63	-448.4095	-0.6139	52459.5705	0
1334	63	-448.4092	-0.6139	52459.5697	0
1335	63	-448.4053	-0.6139	52459.5629	0
1336	63	-448.4031	-0.6139	52459.5603	0
1337	63	-448.4008	-0.6139	52459.5594	0
1338	63	-448.4003	-0.6139	52459.5592	0
1339	63	-448.3918	-0.6139	52459.5592	0
1340	63	-448.3891	-0.6139	52459.5526	0
1341	63	-448.3819	-0.6139	52459.5435	0
1342	63	-448.3854	-0.6139	52459.5402	0
1343	63	-448.3841	-0.6139	52459.5391	0
1344	63	-448.3812	-0.6139	52459.5388	0
1345	63	-448.3806	-0.6139	52459.5388	0
1346	63	-448.3807	-0.6139	52459.5322	0
1347	63	-448.3779	-0.6139	52459.5298	0
1348	63	-448.3711	-0.6139	52459.5291	0
1349	63	-448.3713	-0.6139	52459.5222	0
1350	63	-448.3717	-0.6139	52459.5198	0
1351	63	-448.3676	-0.6139	52459.5189	0
1352	63	-448.3661	-0.6139	52459.5187	0
1353	63	-448.3678	-0.6139	52459.5122	0
1354	63	-448.3673	-0.6139	52459.5098	0
1355	63	-448.3588	-0.6139	52459.5090	0
1356	63	-448.3568	-0.6139	52459.5088	0
1357	63	-448.3457	-0.6139	52459.5088	0
1358	63	-448.3373	-0.6139	52459.4956	0
1359	63	-448.3308	-0.6139	52459.4908	0
1360	63	-448.3258	-0.6139	52459.4891	0
1361	63	-448.3241	-0.6139	52459.4952	0
1362	63	-448.3215	-0.6139	52459.4976	0
1363	63	-448.3209	-0.6139	52459.4986	0
1364	63	-448.3211	-0.6139	52459.4924	0
1365	63	-448.3139	-0.6139	52459.5034	0
1366	63	-448.3058	-0.6139	52459.5077	0
1367	63	-448.3083	-0.6139	52459.5025	0
1368	63	-448.3073	-0.6139	52459.5073	0
1369	63	-448.3088	-0.6139	52459.5091	0
1370	63	-448.3058	-0.6139	52459.5032	0
1371	63	-448.3081	-0.6139	52459.5010	0
1372	63	-448.3089	-0.6139	52459.5067	0
1373	63	-448.3090	-0.6139	52459.5089	0
1374	63	-448.3022	-0.6139	52459.5031	0
1375	63	-448.2995	-0.6139	52459.4943	0
1376	63	-448.2962	-0.6139	52459.4976	0
1377	63	-448.2973	-0.6139	52459.4989	0
1378	63	-448.2932	-0.6139	52459.4995	0
1379	63	-448.2920	-0.6139	52459.4997	0
1380	63	-448.2928	-0.6139	52459.4998	0
1381	63	-448.2964	-0.6139	52459.4998	0
1382	63	-448.2976	-0.6139	52459.4999	0
1383	63	-448.3002	-0.6139	52459.4932	0
1384	63	-448.2964	-0.6139	52459.4974	0
1385	63	-448.2960	-0.6139	52459.4990	0
1386	63	-448.2930	-0.6139	52459.4996	0
1387	63	-448.2928	-0.6139	52459.4932	0
1388	63	-448.3014	-0.6139	52459.4908	0
1389	63	-448.3047	-0.6139	52459.4899	0
1390	63	-448.3014	-0.6139	52459.4962	0
1391	63	-448.3028	-0.6139	52459.4920	0
1392	63	-448.3035	-0.6139	52459.4905	0
1393	63	-448.3048	-0.6139	52459.4833	0
1394	63	-448.3069	-0.6139	52459.4806	0
1395	63	-448.3168	-0.6139	52459.4731	0
1396	63	-448.3263	-0.6139	52459.4637	0
1397	63	-448.3240	-0.6139	52459.4602	0
1398	63	-448.3289	-0.6139	52459.4590	0
1399	63	-448.3338	-0.6139	52459.4587	0
1400	63	-448.3350	-0.6139	52459.4520	0
1401	63	-448.3348	-0.6139	52459.4430	0
1402	63	-448.3339	-0.6139	52459.4464	0
1403	63	-448.3423	-0.6139	52459.4478	0
1404	63	-448.3477	-0.6139	52459.4418	0
1405	63	-448.3518	-0.6139	52459.4331	0
1406	63	-448.3561	-0.6139	52459.4299	0
1407	63	-448.3580	-0.6139	52459.4288	0
1408	63	-448.3585	-0.6139	52459.4285	0
1409	63	-448.3665	-0.6139	52459.4219	0
1410	63	-448.3673	-0.6139	52459.4261	0
1411	63	-448.3652	-0.6139	52459.4344	0
1412	63	-448.3645	-0.6139	52459.4377	0
1413	63	-448.3643	-0.6139	52459.4323	0
1414	63	-448.3643	-0.6139	52459.4170	0
1415	63	-448.3667	-0.6139	52459.4047	0
1416	63	-448.3675	-0.6139	52459.4003	0
1417	63	-448.3677	-0.6139	52459.3987	0
1418	63	-448.3699	-0.6139	52459.3917	0
1419	63	-448.3704	-0.6139	52459.3957	0
1420	63	-448.3703	-0.6139	52459.3974	0
1421	63	-448.3710	-0.6139	52459.3982	0
1422	63	-448.3738	-0.6139	52459.3920	0
1423	63	-448.3726	-0.6139	52459.3897	0
1424	63	-448.3724	-0.6139	52459.3890	0
1425	63	-448.3693	-0.6139	52459.4020	0
1426	63	-448.3680	-0.6139	52459.4070	0
1427	63	-448.3741	-0.6139	52459.4089	0
1428	63	-448.3763	-0.6139	52459.4097	0
1429	63	-448.3747	-0.6139	52459.4099	0
1430	63	-448.3743	-0.6139	52459.4100	0
1431	63	-448.3708	-0.6139	52459.4034	0
1432	63	-448.3722	-0.6139	52459.3943	0
1433	63	-448.3674	-0.6139	52459.4040	0
1434	63	-448.3680	-0.6139	52459.4012	0
1435	63	-448.3714	-0.6139	52459.4002	0
1436	63	-448.3732	-0.6139	52459.3998	0
1437	63	-448.3740	-0.6139	52459.4064	0
1438	63	-448.3744	-0.6139	52459.4088	0
1439	63	-448.3689	-0.6139	52459.4098	0
1440	63	-448.3675	-0.6139	52459.4035	0
1441	63	-448.3675	-0.6139	52459.4011	0
1442	63	-448.3680	-0.6139	52459.3936	0
1443	63	-448.3743	-0.6139	52459.3908	0
1444	63	-448.3742	-0.6139	52459.3964	0
1445	63	-448.3743	-0.6139	52459.3986	0
1446	63	-448.3768	-0.6139	52459.3994	0
1447	63	-448.3720	-0.6139	52459.3931	0
1448	63	-448.3720	-0.6139	52459.3776	0
1449	63	-448.3693	-0.6139	52459.3718	0
1452	63	-448.3582	-0.6139	52459.3774	0
1453	63	-448.3543	-0.6139	52459.3856	0
1454	63	-448.3512	-0.6139	52459.3885	0
1455	63	-448.3475	-0.6139	52459.3895	0
1456	63	-448.3395	-0.6139	52459.3899	0
1457	63	-448.3389	-0.6139	52459.3834	0
1458	63	-448.3329	-0.6139	52459.3875	0
1459	63	-448.3318	-0.6139	52459.3825	0
1460	63	-448.3248	-0.6139	52459.3740	0
1461	63	-448.3185	-0.6139	52459.3643	0
1462	63	-448.3085	-0.6139	52459.3737	0
1463	63	-448.3025	-0.6139	52459.3776	0
1464	63	-448.3031	-0.6139	52459.3858	0
1465	63	-448.2968	-0.6139	52459.3821	0
1466	63	-448.2946	-0.6139	52459.3807	0
1467	63	-448.2940	-0.6139	52459.3802	0
1468	63	-448.2939	-0.6139	52459.3800	0
1469	63	-448.2884	-0.6139	52459.3733	0
1470	63	-448.2870	-0.6139	52459.3774	0
1471	63	-448.2861	-0.6139	52459.3856	0
1472	63	-448.2838	-0.6139	52459.3887	0
1473	63	-448.2748	-0.6139	52459.3899	0
1474	63	-448.2693	-0.6139	52459.3968	0
1475	63	-448.2655	-0.6139	52459.3995	0
1476	63	-448.2639	-0.6139	52459.3937	0
1477	63	-448.2611	-0.6139	52459.3982	0
1478	63	-448.2596	-0.6139	52459.3931	0
1479	63	-448.2571	-0.6139	52459.3912	0
1480	63	-448.2558	-0.6139	52459.3772	0
1481	63	-448.2554	-0.6139	52459.3786	0
1482	63	-448.2511	-0.6139	52459.3792	0
1483	63	-448.2446	-0.6139	52459.3860	0
1484	63	-448.2348	-0.6139	52459.3954	0
1485	63	-448.2218	-0.6139	52459.4055	0
1486	63	-448.2128	-0.6139	52459.4025	0
1487	63	-448.2061	-0.6139	52459.3947	0
1488	63	-448.2038	-0.6139	52459.3917	0
1489	63	-448.2079	-0.6139	52459.3972	0
1490	63	-448.2006	-0.6139	52459.4058	0
1491	63	-448.2003	-0.6139	52459.4024	0
1492	63	-448.1920	-0.6139	52459.4011	0
1493	63	-448.1850	-0.6139	52459.3940	0
1494	63	-448.1827	-0.6139	52459.3781	0
1504	63	-448.1277	-0.6139	52459.4084	0
