1	638	-465.8094	0	52448.2483	0
2	638	-465.8098	0	52448.2482	0
3	638	-465.8100	0	52448.2482	0
4	638	-465.8102	0	52448.2481	0
5	638	-465.8102	0	52448.2507	0
6	638	-465.8100	0	52448.2534	0
7	638	-465.8101	0	52448.2555	0
8	638	-465.8104	0	52448.2567	0
9	638	-465.8109	0	52448.2558	0
10	638	-465.8115	0	52448.2559	0
11	638	-465.8120	0	52448.2581	0
12	638	-465.8122	0	52448.2606	0
13	638	-465.8124	0	52448.2614	0
14	638	-465.8127	0	52448.2611	0
15	638	-465.8129	0	52448.2614	0
16	638	-465.8129	0	52448.2637	0
17	638	-465.8128	0	52448.2657	0
18	638	-465.8128	0	52448.2680	0
19	638	-465.8131	0	52448.2682	0
20	638	-465.8136	0	52448.2681	0
21	638	-465.8139	0	52448.2697	0
22	638	-465.8144	0	52448.2712	0
23	638	-465.8148	0	52448.2738	0
24	638	-465.8149	0	52448.2742	0
25	638	-465.8153	0	52448.2747	0
26	638	-465.8155	0	52448.2759	0
27	638	-465.8155	0	52448.2790	0
28	638	-465.8154	0	52448.2817	0
29	638	-465.8156	0	52448.2826	0
30	638	-465.8160	0	52448.2823	0
31	638	-465.8166	0	52448.2815	0
32	638	-465.8169	0	52448.2832	0
33	638	-465.8172	0	52448.2858	0
34	638	-465.8174	0	52448.2872	0
35	638	-465.8178	0	52448.2876	0
36	638	-465.8179	0	52448.2882	0
37	638	-465.8181	0	52448.2904	0
38	638	-465.8179	0	52448.2932	0
39	638	-465.8178	0	52448.2962	0
40	638	-465.8180	0	52448.2972	0
41	638	-465.8183	0	52448.2980	0
42	638	-465.8186	0	52448.2987	0
43	638	-465.8189	0	52448.3003	0
44	638	-465.8189	0	52448.3023	0
45	638	-465.8191	0	52448.3030	0
46	638	-465.8192	0	52448.3042	0
47	638	-465.8193	0	52448.3050	0
48	638	-465.8190	0	52448.3077	0
49	638	-465.8190	0	52448.3101	0
50	638	-465.8188	0	52448.3119	0
51	638	-465.8190	0	52448.3129	0
52	638	-465.8194	0	52448.3109	0
53	638	-465.8197	0	52448.3128	0
54	638	-465.8201	0	52448.3139	0
55	638	-465.8201	0	52448.3166	0
56	638	-465.8201	0	52448.3176	0
57	638	-465.8201	0	52448.3192	0
58	638	-465.8202	0	52448.3207	0
59	638	-465.8200	0	52448.3235	0
60	638	-465.8197	0	52448.3259	0
61	638	-465.8197	0	52448.3263	0
62	638	-465.8200	0	52448.3263	0
63	638	-465.8202	0	52448.3267	0
64	638	-465.8203	0	52448.3290	0
65	638	-465.8203	0	52448.3312	0
66	638	-465.8201	0	52448.3320	0
67	638	-465.8202	0	52448.3335	0
68	638	-465.8201	0	52448.3340	0
69	638	-465.8198	0	52448.3368	0
70	638	-465.8194	0	52448.3396	0
71	638	-465.8193	0	52448.3419	0
72	638	-465.8193	0	52448.3422	0
73	638	-465.8196	0	52448.3418	0
74	638	-465.8198	0	52448.3429	0
75	638	-465.8199	0	52448.3444	0
76	638	-465.8199	0	52448.3467	0
77	638	-465.8199	0	52448.3478	0
78	638	-465.8201	0	52448.3482	0
79	638	-465.8202	0	52448.3487	0
80	638	-465.8200	0	52448.3514	0
81	638	-465.8199	0	52448.3543	0
82	638	-465.8200	0	52448.3554	0
83	638	-465.8203	0	52448.3384	0
84	638	-465.8211	0	52448.3503	0
85	638	-465.8215	0	52448.3536	0
86	638	-465.8216	0	52448.3565	0
87	638	-465.8216	0	52448.3595	0
88	638	-465.8217	0	52448.3602	0
89	638	-465.8220	0	52448.3607	0
90	638	-465.8218	0	52448.3617	0
91	638	-465.8215	0	52448.3640	0
92	638	-465.8212	0	52448.3664	0
93	638	-465.8213	0	52448.3668	0
94	638	-465.8214	0	52448.3669	0
95	638	-465.8217	0	52448.3672	0
96	638	-465.8219	0	52448.3688	0
97	638	-465.8218	0	52448.3701	0
98	638	-465.8216	0	52448.3725	0
99	638	-465.8216	0	52448.3733	0
100	638	-465.8217	0	52448.3736	0
101	638	-465.8216	0	52448.3740	0
102	638	-465.8213	0	52448.3757	0
103	638	-465.8210	0	52448.3781	0
104	638	-465.8210	0	52448.3783	0
105	638	-465.8213	0	52448.3779	0
106	638	-465.8215	0	52448.3784	0
107	638	-465.8215	0	52448.3800	0
108	638	-465.8216	0	52448.3820	0
109	638	-465.8216	0	52448.3835	0
110	638	-465.8215	0	52448.3836	0
111	638	-465.8215	0	52448.3844	0
112	638	-465.8215	0	52448.3860	0
113	638	-465.8211	0	52448.3881	0
114	638	-465.8210	0	52448.3899	0
115	638	-465.8210	0	52448.3902	0
116	638	-465.8211	0	52448.3902	0
117	638	-465.8214	0	52448.3905	0
118	638	-465.8217	0	52448.3919	0
119	638	-465.8217	0	52448.3949	0
120	638	-465.8217	0	52448.3959	0
121	638	-465.8220	0	52448.3959	0
122	638	-465.8220	0	52448.3976	0
123	638	-465.8218	0	52448.4006	0
124	638	-465.8215	0	52448.4030	0
125	638	-465.8214	0	52448.4043	0
126	638	-465.8218	0	52448.4042	0
127	638	-465.8222	0	52448.4045	0
128	638	-465.8224	0	52448.4062	0
129	638	-465.8227	0	52448.4077	0
130	638	-465.8229	0	52448.4105	0
131	638	-465.8232	0	52448.4111	0
132	638	-465.8236	0	52448.4112	0
133	638	-465.8237	0	52448.4132	0
134	638	-465.8235	0	52448.4158	0
135	638	-465.8233	0	52448.4183	0
136	638	-465.8236	0	52448.4201	0
137	638	-465.8242	0	52448.4194	0
138	638	-465.8245	0	52448.4200	0
139	638	-465.8250	0	52448.4210	0
140	638	-465.8252	0	52448.4232	0
141	638	-465.8254	0	52448.4245	0
142	638	-465.8258	0	52448.4252	0
143	638	-465.8263	0	52448.4260	0
144	638	-465.8260	0	52448.4293	0
145	638	-465.8258	0	52448.4326	0
146	638	-465.8259	0	52448.4349	0
147	638	-465.8261	0	52448.4357	0
148	638	-465.8263	0	52448.4356	0
149	638	-465.8270	0	52448.4352	0
150	638	-465.8272	0	52448.4358	0
151	638	-465.8273	0	52448.4380	0
152	638	-465.8276	0	52448.4390	0
153	638	-465.8277	0	52448.4400	0
154	638	-465.8275	0	52448.4417	0
155	638	-465.8273	0	52448.4440	0
156	638	-465.8269	0	52448.4463	0
157	638	-465.8270	0	52448.4479	0
158	638	-465.8271	0	52448.4485	0
159	638	-465.8272	0	52448.4494	0
160	638	-465.8273	0	52448.4511	0
161	638	-465.8274	0	52448.4527	0
162	638	-465.8275	0	52448.4538	0
163	638	-465.8277	0	52448.4544	0
164	638	-465.8276	0	52448.4554	0
165	638	-465.8274	0	52448.4574	0
166	638	-465.8273	0	52448.4596	0
167	638	-465.8271	0	52448.4618	0
168	638	-465.8270	0	52448.4631	0
169	638	-465.8271	0	52448.4629	0
170	638	-465.8272	0	52448.4639	0
171	638	-465.8271	0	52448.4652	0
172	638	-465.8270	0	52448.4670	0
173	638	-465.8270	0	52448.4686	0
174	638	-465.8272	0	52448.4691	0
175	638	-465.8273	0	52448.4690	0
176	638	-465.8272	0	52448.4722	0
177	638	-465.8267	0	52448.4744	0
178	638	-465.8265	0	52448.4756	0
179	638	-465.8266	0	52448.4760	0
180	638	-465.8268	0	52448.4768	0
181	638	-465.8268	0	52448.4783	0
182	638	-465.8267	0	52448.4805	0
183	638	-465.8267	0	52448.4829	0
184	638	-465.8267	0	52448.4840	0
185	638	-465.8265	0	52448.4853	0
186	638	-465.8263	0	52448.4863	0
187	638	-465.8262	0	52448.4877	0
188	638	-465.8259	0	52448.4901	0
189	638	-465.8258	0	52448.4914	0
190	638	-465.8258	0	52448.4914	0
191	638	-465.8261	0	52448.4919	0
192	638	-465.8260	0	52448.4932	0
193	638	-465.8261	0	52448.4952	0
194	638	-465.8261	0	52448.4975	0
195	638	-465.8263	0	52448.4985	0
196	638	-465.8266	0	52448.4990	0
197	638	-465.8266	0	52448.5009	0
198	638	-465.8264	0	52448.5026	0
199	638	-465.8260	0	52448.5056	0
200	638	-465.8260	0	52448.5069	0
201	638	-465.8262	0	52448.5073	0
202	638	-465.8263	0	52448.5082	0
203	638	-465.8264	0	52448.5095	0
204	638	-465.8264	0	52448.5114	0
205	638	-465.8263	0	52448.5125	0
206	638	-465.8263	0	52448.5136	0
207	638	-465.8262	0	52448.5144	0
208	638	-465.8260	0	52448.5159	0
209	638	-465.8259	0	52448.5176	0
210	638	-465.8256	0	52448.5194	0
211	638	-465.8254	0	52448.5203	0
212	638	-465.8253	0	52448.5208	0
213	638	-465.8252	0	52448.5226	0
214	638	-465.8252	0	52448.5244	0
215	638	-465.8251	0	52448.5264	0
216	638	-465.8250	0	52448.5280	0
217	638	-465.8250	0	52448.5288	0
218	638	-465.8249	0	52448.5285	0
219	638	-465.8246	0	52448.5302	0
220	638	-465.8241	0	52448.5327	0
221	638	-465.8238	0	52448.5347	0
222	638	-465.8238	0	52448.5350	0
223	638	-465.8239	0	52448.5355	0
224	638	-465.8240	0	52448.5370	0
225	638	-465.8238	0	52448.5390	0
226	638	-465.8236	0	52448.5406	0
227	638	-465.8237	0	52448.5418	0
228	638	-465.8236	0	52448.5422	0
229	638	-465.8234	0	52448.5425	0
230	638	-465.8231	0	52448.5445	0
231	638	-465.8227	0	52448.5468	0
232	638	-465.8224	0	52448.5480	0
233	638	-465.8225	0	52448.5483	0
234	638	-465.8225	0	52448.5490	0
235	638	-465.8225	0	52448.5508	0
236	638	-465.8224	0	52448.5526	0
237	638	-465.8223	0	52448.5549	0
238	638	-465.8221	0	52448.5557	0
239	638	-465.8221	0	52448.5558	0
240	638	-465.8218	0	52448.5573	0
241	638	-465.8216	0	52448.5592	0
242	638	-465.8213	0	52448.5612	0
243	638	-465.8212	0	52448.5619	0
244	638	-465.8211	0	52448.5624	0
245	638	-465.8212	0	52448.5630	0
246	638	-465.8212	0	52448.5655	0
247	638	-465.8212	0	52448.5677	0
248	638	-465.8213	0	52448.5689	0
249	638	-465.8213	0	52448.5696	0
250	638	-465.8212	0	52448.5703	0
251	638	-465.8209	0	52448.5719	0
252	638	-465.8205	0	52448.5738	0
253	638	-465.8202	0	52448.5757	0
254	638	-465.8200	0	52448.5767	0
255	638	-465.8201	0	52448.5772	0
256	638	-465.8203	0	52448.5781	0
257	638	-465.8204	0	52448.5794	0
258	638	-465.8203	0	52448.5810	0
259	638	-465.8203	0	52448.5822	0
260	638	-465.8202	0	52448.5829	0
261	638	-465.8201	0	52448.5834	0
262	638	-465.8198	0	52448.5855	0
263	638	-465.8194	0	52448.5875	0
264	638	-465.8190	0	52448.5888	0
265	638	-465.8188	0	52448.5895	0
266	638	-465.8189	0	52448.5896	0
267	638	-465.8189	0	52448.5909	0
268	638	-465.8188	0	52448.5924	0
269	638	-465.8188	0	52448.5945	0
270	638	-465.8185	0	52448.5961	0
271	638	-465.8182	0	52448.5972	0
272	638	-465.8180	0	52448.5980	0
273	638	-465.8179	0	52448.6001	0
274	638	-465.8177	0	52448.6023	0
275	638	-465.8175	0	52448.6037	0
276	638	-465.8176	0	52448.6042	0
277	638	-465.8180	0	52448.6041	0
278	638	-465.8182	0	52448.6053	0
279	638	-465.8184	0	52448.6068	0
280	638	-465.8184	0	52448.6085	0
281	638	-465.8184	0	52448.6092	0
282	638	-465.8185	0	52448.6098	0
283	638	-465.8183	0	52448.6120	0
284	638	-465.8179	0	52448.6142	0
285	638	-465.8175	0	52448.6165	0
286	638	-465.8174	0	52448.6178	0
287	638	-465.8177	0	52448.6182	0
288	638	-465.8180	0	52448.6192	0
289	638	-465.8184	0	52448.6204	0
290	638	-465.8186	0	52448.6221	0
291	638	-465.8187	0	52448.6239	0
292	638	-465.8190	0	52448.6245	0
293	638	-465.8191	0	52448.6252	0
294	638	-465.8189	0	52448.6271	0
295	638	-465.8188	0	52448.6288	0
296	638	-465.8185	0	52448.6308	0
297	638	-465.8188	0	52448.6320	0
298	638	-465.8195	0	52448.6313	0
299	638	-465.8201	0	52448.6326	0
300	638	-465.8205	0	52448.6343	0
301	638	-465.8206	0	52448.6369	0
302	638	-465.8207	0	52448.6385	0
303	638	-465.8208	0	52448.6391	0
304	638	-465.8210	0	52448.6395	0
305	638	-465.8209	0	52448.6416	0
306	638	-465.8208	0	52448.6437	0
307	638	-465.8206	0	52448.6458	0
308	638	-465.8211	0	52448.6466	0
309	638	-465.8218	0	52448.6466	0
310	638	-465.8222	0	52448.6479	0
311	638	-465.8223	0	52448.6494	0
312	638	-465.8223	0	52448.6516	0
313	638	-465.8224	0	52448.6526	0
314	638	-465.8224	0	52448.6533	0
315	638	-465.8224	0	52448.6545	0
316	638	-465.8220	0	52448.6567	0
317	638	-465.8216	0	52448.6587	0
318	638	-465.8216	0	52448.6603	0
319	638	-465.8221	0	52448.6607	0
320	638	-465.8229	0	52448.6606	0
321	638	-465.8231	0	52448.6625	0
322	638	-465.8231	0	52448.6644	0
323	638	-465.8231	0	52448.6664	0
324	638	-465.8233	0	52448.6673	0
325	638	-465.8233	0	52448.6678	0
326	638	-465.8230	0	52448.6690	0
327	638	-465.8229	0	52448.6700	0
328	638	-465.8230	0	52448.6706	0
329	638	-465.8234	0	52448.6711	0
330	638	-465.8240	0	52448.6715	0
331	638	-465.8246	0	52448.6720	0
332	638	-465.8250	0	52448.6725	0
333	638	-465.8253	0	52448.6732	0
334	638	-465.8255	0	52448.6739	0
335	638	-465.8257	0	52448.6743	0
336	638	-465.8259	0	52448.6746	0
337	638	-465.8258	0	52448.6751	0
338	638	-465.8256	0	52448.6760	0
339	638	-465.8256	0	52448.6768	0
340	638	-465.8261	0	52448.6773	0
341	638	-465.8269	0	52448.6776	0
342	638	-465.8277	0	52448.6780	0
343	638	-465.8281	0	52448.6787	0
344	638	-465.8281	0	52448.6799	0
345	638	-465.8283	0	52448.6807	0
346	638	-465.8285	0	52448.6812	0
347	638	-465.8282	0	52448.6820	0
348	638	-465.8278	0	52448.6831	0
349	638	-465.8279	0	52448.6837	0
350	638	-465.8275	0	52448.6845	0
351	638	-465.8288	0	52448.6848	0
352	638	-465.8301	0	52448.6849	0
353	638	-465.8307	0	52448.6854	0
354	638	-465.8309	0	52448.6863	0
355	638	-465.8307	0	52448.6874	0
356	638	-465.8310	0	52448.6881	0
357	638	-465.8318	0	52448.6884	0
358	638	-465.8319	0	52448.6891	0
359	638	-465.8327	0	52448.6897	0
