1	639	-465.6992	0	52447.8962	0
2	639	-465.6997	0	52447.8979	0
3	639	-465.7000	0	52447.8964	0
4	639	-465.7003	0	52447.8958	0
5	639	-465.7006	0	52447.8955	0
6	639	-465.7009	0	52447.8969	0
7	639	-465.7012	0	52447.8958	0
8	639	-465.7013	0	52447.8939	0
9	639	-465.7016	0	52447.8946	0
10	639	-465.7018	0	52447.8948	0
11	639	-465.7017	0	52447.8950	0
12	639	-465.7015	0	52447.8922	0
13	639	-465.7014	0	52447.8912	0
14	639	-465.7011	0	52447.8880	0
15	639	-465.7010	0	52447.8868	0
16	639	-465.7011	0	52447.8878	0
17	639	-465.7011	0	52447.8882	0
18	639	-465.7014	0	52447.8898	0
19	639	-465.7015	0	52447.8889	0
20	639	-465.7019	0	52447.8899	0
21	639	-465.7023	0	52447.8916	0
22	639	-465.7027	0	52447.8907	0
23	639	-465.7030	0	52447.8903	0
24	639	-465.7034	0	52447.8901	0
25	639	-465.7037	0	52447.8899	0
26	639	-465.7040	0	52447.8897	0
27	639	-465.7040	0	52447.8883	0
28	639	-465.7042	0	52447.8892	0
29	639	-465.7042	0	52447.8895	0
30	639	-465.7042	0	52447.8882	0
31	639	-465.7042	0	52447.8876	0
32	639	-465.7042	0	52447.8860	0
33	639	-465.7044	0	52447.8883	0
34	639	-465.7044	0	52447.8876	0
35	639	-465.7043	0	52447.8875	0
36	639	-465.7044	0	52447.8888	0
37	639	-465.7044	0	52447.8893	0
38	639	-465.7044	0	52447.8896	0
39	639	-465.7044	0	52447.8896	0
40	639	-465.7045	0	52447.8896	0
41	639	-465.7046	0	52447.8910	0
42	639	-465.7046	0	52447.8915	0
43	639	-465.7046	0	52447.8917	0
44	639	-465.7046	0	52447.8918	0
45	639	-465.7044	0	52447.8919	0
46	639	-465.7044	0	52447.8920	0
47	639	-465.7043	0	52447.8919	0
48	639	-465.7044	0	52447.8933	0
49	639	-465.7044	0	52447.8939	0
50	639	-465.7045	0	52447.8955	0
51	639	-465.7046	0	52447.8960	0
52	639	-465.7046	0	52447.8963	0
53	639	-465.7045	0	52447.8963	0
54	639	-465.7045	0	52447.8963	0
55	639	-465.7045	0	52447.8963	0
56	639	-465.7045	0	52447.8963	0
57	639	-465.7045	0	52447.8963	0
58	639	-465.7045	0	52447.8977	0
59	639	-465.7046	0	52447.8996	0
60	639	-465.7045	0	52447.8989	0
61	639	-465.7047	0	52447.9000	0
62	639	-465.7047	0	52447.9004	0
63	639	-465.7047	0	52447.9005	0
64	639	-465.7047	0	52447.9020	0
65	639	-465.7045	0	52447.9026	0
66	639	-465.7044	0	52447.9028	0
67	639	-465.7042	0	52447.9030	0
68	639	-465.7041	0	52447.9030	0
69	639	-465.7039	0	52447.9031	0
70	639	-465.7039	0	52447.9044	0
71	639	-465.7037	0	52447.9050	0
72	639	-465.7033	0	52447.9040	0
73	639	-465.7030	0	52447.9036	0
74	639	-465.7027	0	52447.9036	0
75	639	-465.7024	0	52447.9036	0
76	639	-465.7021	0	52447.9037	0
77	639	-465.7020	0	52447.9037	0
78	639	-465.7017	0	52447.9024	0
79	639	-465.7016	0	52447.9019	0
80	639	-465.7013	0	52447.9018	0
81	639	-465.7012	0	52447.9018	0
82	639	-465.7008	0	52447.9019	0
83	639	-465.7006	0	52447.9034	0
84	639	-465.7001	0	52447.9042	0
85	639	-465.6999	0	52447.9030	0
86	639	-465.6993	0	52447.9014	0
87	639	-465.6988	0	52447.8995	0
88	639	-465.6986	0	52447.9003	0
89	639	-465.6981	0	52447.9007	0
90	639	-465.6977	0	52447.9038	0
91	639	-465.6973	0	52447.9051	0
92	639	-465.6970	0	52447.9056	0
93	639	-465.6967	0	52447.9045	0
94	639	-465.6962	0	52447.9014	0
95	639	-465.6957	0	52447.8989	0
96	639	-465.6956	0	52447.8980	0
97	639	-465.6951	0	52447.8978	0
98	639	-465.6951	0	52447.8991	0
99	639	-465.6948	0	52447.8983	0
100	639	-465.6943	0	52447.8968	0
101	639	-465.6940	0	52447.8948	0
102	639	-465.6939	0	52447.8941	0
103	639	-465.6938	0	52447.8938	0
104	639	-465.6937	0	52447.8924	0
105	639	-465.6934	0	52447.8905	0
106	639	-465.6930	0	52447.8856	0
107	639	-465.6926	0	52447.8838	0
108	639	-465.6925	0	52447.8847	0
109	639	-465.6922	0	52447.8852	0
110	639	-465.6919	0	52447.8840	0
111	639	-465.6914	0	52447.8808	0
112	639	-465.6909	0	52447.8783	0
113	639	-465.6905	0	52447.8760	0
114	639	-465.6901	0	52447.8753	0
115	639	-465.6898	0	52447.8736	0
116	639	-465.6895	0	52447.8716	0
117	639	-465.6893	0	52447.8710	0
118	639	-465.6892	0	52447.8693	0
119	639	-465.6890	0	52447.8688	0
120	639	-465.6890	0	52447.8686	0
121	639	-465.6888	0	52447.8671	0
122	639	-465.6891	0	52447.8680	0
123	639	-465.6895	0	52447.8683	0
124	639	-465.6898	0	52447.8668	0
125	639	-465.6901	0	52447.8662	0
126	639	-465.6906	0	52447.8674	0
127	639	-465.6910	0	52447.8678	0
128	639	-465.6911	0	52447.8664	0
129	639	-465.6911	0	52447.8644	0
130	639	-465.6910	0	52447.8637	0
131	639	-465.6911	0	52447.8619	0
135	639	-465.6908	0	52447.8592	0
136	639	-465.6907	0	52447.8590	0
137	639	-465.6906	0	52447.8590	0
138	639	-465.6906	0	52447.8590	0
140	639	-465.6910	0	52447.8570	0
141	639	-465.6912	0	52447.8598	0
142	639	-465.6915	0	52447.8622	0
143	639	-465.6918	0	52447.8646	0
144	639	-465.6921	0	52447.8654	0
145	639	-465.6922	0	52447.8657	0
146	639	-465.6923	0	52447.8642	0
147	639	-465.6925	0	52447.8651	0
148	639	-465.6925	0	52447.8654	0
149	639	-465.6925	0	52447.8656	0
150	639	-465.6925	0	52447.8656	0
151	639	-465.6925	0	52447.8671	0
152	639	-465.6925	0	52447.8677	0
153	639	-465.6926	0	52447.8679	0
154	639	-465.6926	0	52447.8664	0
155	639	-465.6924	0	52447.8659	0
156	639	-465.6925	0	52447.8656	0
157	639	-465.6925	0	52447.8655	0
158	639	-465.6926	0	52447.8670	0
159	639	-465.6927	0	52447.8675	0
160	639	-465.6927	0	52447.8677	0
161	639	-465.6929	0	52447.8677	0
162	639	-465.6929	0	52447.8661	0
163	639	-465.6929	0	52447.8656	0
164	639	-465.6928	0	52447.8639	0
165	639	-465.6929	0	52447.8647	0
166	639	-465.6926	0	52447.8637	0
167	639	-465.6926	0	52447.8647	0
168	639	-465.6926	0	52447.8651	0
169	639	-465.6925	0	52447.8638	0
170	639	-465.6926	0	52447.8663	0
171	639	-465.6925	0	52447.8658	0
172	639	-465.6927	0	52447.8686	0
173	639	-465.6926	0	52447.8681	0
174	639	-465.6927	0	52447.8694	0
175	639	-465.6926	0	52447.8669	0
176	639	-465.6926	0	52447.8675	0
177	639	-465.6927	0	52447.8691	0
178	639	-465.6930	0	52447.8712	0
179	639	-465.6929	0	52447.8705	0
180	639	-465.6928	0	52447.8702	0
181	639	-465.6930	0	52447.8701	0
182	639	-465.6930	0	52447.8700	0
183	639	-465.6930	0	52447.8684	0
184	639	-465.6930	0	52447.8678	0
185	639	-465.6928	0	52447.8677	0
186	639	-465.6929	0	52447.8691	0
187	639	-465.6931	0	52447.8696	0
188	639	-465.6931	0	52447.8697	0
189	639	-465.6932	0	52447.8698	0
190	639	-465.6931	0	52447.8698	0
191	639	-465.6933	0	52447.8713	0
192	639	-465.6934	0	52447.8733	0
193	639	-465.6934	0	52447.8756	0
194	639	-465.6933	0	52447.8749	0
195	639	-465.6932	0	52447.8747	0
196	639	-465.6932	0	52447.8746	0
197	639	-465.6933	0	52447.8760	0
198	639	-465.6933	0	52447.8750	0
199	639	-465.6934	0	52447.8761	0
200	639	-465.6933	0	52447.8750	0
201	639	-465.6934	0	52447.8760	0
202	639	-465.6934	0	52447.8764	0
203	639	-465.6934	0	52447.8751	0
204	639	-465.6934	0	52447.8746	0
205	639	-465.6934	0	52447.8743	0
206	639	-465.6935	0	52447.8743	0
207	639	-465.6937	0	52447.8741	0
208	639	-465.6936	0	52447.8742	0
209	639	-465.6937	0	52447.8771	0
210	639	-465.6938	0	52447.8782	0
211	639	-465.6938	0	52447.8786	0
212	639	-465.6939	0	52447.8802	0
213	639	-465.6939	0	52447.8808	0
214	639	-465.6939	0	52447.8810	0
215	639	-465.6940	0	52447.8824	0
216	639	-465.6943	0	52447.8829	0
217	639	-465.6944	0	52447.8830	0
218	639	-465.6944	0	52447.8816	0
219	639	-465.6944	0	52447.8810	0
220	639	-465.6944	0	52447.8808	0
221	639	-465.6944	0	52447.8807	0
222	639	-465.6947	0	52447.8821	0
223	639	-465.6947	0	52447.8825	0
224	639	-465.6948	0	52447.8827	0
225	639	-465.6946	0	52447.8813	0
226	639	-465.6946	0	52447.8808	0
227	639	-465.6948	0	52447.8820	0
228	639	-465.6948	0	52447.8825	0
229	639	-465.6949	0	52447.8826	0
230	639	-465.6949	0	52447.8827	0
231	639	-465.6949	0	52447.8827	0
232	639	-465.6948	0	52447.8813	0
233	639	-465.6947	0	52447.8807	0
234	639	-465.6949	0	52447.8804	0
235	639	-465.6950	0	52447.8803	0
236	639	-465.6950	0	52447.8803	0
237	639	-465.6950	0	52447.8803	0
238	639	-465.6950	0	52447.8803	0
239	639	-465.6950	0	52447.8803	0
240	639	-465.6949	0	52447.8788	0
241	639	-465.6947	0	52447.8784	0
242	639	-465.6949	0	52447.8796	0
243	639	-465.6949	0	52447.8800	0
244	639	-465.6947	0	52447.8803	0
245	639	-465.6948	0	52447.8818	0
246	639	-465.6949	0	52447.8824	0
247	639	-465.6949	0	52447.8826	0
248	639	-465.6949	0	52447.8812	0
249	639	-465.6949	0	52447.8821	0
250	639	-465.6948	0	52447.8811	0
251	639	-465.6948	0	52447.8791	0
252	639	-465.6949	0	52447.8798	0
253	639	-465.6949	0	52447.8801	0
254	639	-465.6949	0	52447.8802	0
255	639	-465.6949	0	52447.8788	0
256	639	-465.6952	0	52447.8811	0
257	639	-465.6952	0	52447.8820	0
258	639	-465.6953	0	52447.8824	0
259	639	-465.6953	0	52447.8825	0
260	639	-465.6951	0	52447.8811	0
261	639	-465.6951	0	52447.8791	0
262	639	-465.6951	0	52447.8798	0
263	639	-465.6950	0	52447.8786	0
264	639	-465.6950	0	52447.8782	0
265	639	-465.6950	0	52447.8780	0
266	639	-465.6950	0	52447.8779	0
267	639	-465.6950	0	52447.8779	0
268	639	-465.6949	0	52447.8765	0
269	639	-465.6949	0	52447.8760	0
270	639	-465.6948	0	52447.8758	0
271	639	-465.6948	0	52447.8742	0
272	639	-465.6946	0	52447.8737	0
273	639	-465.6945	0	52447.8736	0
274	639	-465.6944	0	52447.8735	0
275	639	-465.6944	0	52447.8736	0
276	639	-465.6945	0	52447.8736	0
277	639	-465.6945	0	52447.8721	0
278	639	-465.6943	0	52447.8716	0
279	639	-465.6945	0	52447.8728	0
280	639	-465.6945	0	52447.8719	0
281	639	-465.6945	0	52447.8714	0
282	639	-465.6945	0	52447.8713	0
283	639	-465.6947	0	52447.8712	0
284	639	-465.6946	0	52447.8713	0
285	639	-465.6945	0	52447.8713	0
286	639	-465.6945	0	52447.8713	0
287	639	-465.6944	0	52447.8699	0
288	639	-465.6944	0	52447.8693	0
289	639	-465.6942	0	52447.8677	0
290	639	-465.6941	0	52447.8671	0
291	639	-465.6940	0	52447.8669	0
292	639	-465.6940	0	52447.8669	0
293	639	-465.6940	0	52447.8669	0
294	639	-465.6938	0	52447.8670	0
295	639	-465.6936	0	52447.8671	0
296	639	-465.6936	0	52447.8671	0
297	639	-465.6936	0	52447.8671	0
298	639	-465.6935	0	52447.8672	0
299	639	-465.6935	0	52447.8672	0
300	639	-465.6935	0	52447.8672	0
301	639	-465.6935	0	52447.8672	0
302	639	-465.6935	0	52447.8687	0
303	639	-465.6936	0	52447.8693	0
304	639	-465.6936	0	52447.8680	0
305	639	-465.6935	0	52447.8675	0
306	639	-465.6935	0	52447.8673	0
307	639	-465.6935	0	52447.8673	0
308	639	-465.6936	0	52447.8687	0
309	639	-465.6936	0	52447.8678	0
310	639	-465.6936	0	52447.8674	0
311	639	-465.6936	0	52447.8673	0
312	639	-465.6936	0	52447.8688	0
313	639	-465.6937	0	52447.8693	0
314	639	-465.6937	0	52447.8695	0
315	639	-465.6937	0	52447.8696	0
316	639	-465.6937	0	52447.8696	0
317	639	-465.6939	0	52447.8695	0
318	639	-465.6939	0	52447.8680	0
319	639	-465.6939	0	52447.8674	0
320	639	-465.6937	0	52447.8672	0
321	639	-465.6937	0	52447.8657	0
322	639	-465.6935	0	52447.8652	0
323	639	-465.6934	0	52447.8650	0
324	639	-465.6934	0	52447.8649	0
325	639	-465.6933	0	52447.8634	0
326	639	-465.6933	0	52447.8628	0
327	639	-465.6933	0	52447.8642	0
328	639	-465.6932	0	52447.8632	0
329	639	-465.6932	0	52447.8628	0
330	639	-465.6932	0	52447.8627	0
331	639	-465.6932	0	52447.8627	0
332	639	-465.6932	0	52447.8627	0
333	639	-465.6932	0	52447.8627	0
334	639	-465.6931	0	52447.8627	0
335	639	-465.6931	0	52447.8627	0
336	639	-465.6931	0	52447.8627	0
337	639	-465.6931	0	52447.8627	0
338	639	-465.6931	0	52447.8628	0
339	639	-465.6931	0	52447.8628	0
340	639	-465.6929	0	52447.8629	0
341	639	-465.6930	0	52447.8628	0
342	639	-465.6929	0	52447.8614	0
343	639	-465.6928	0	52447.8624	0
344	639	-465.6928	0	52447.8627	0
345	639	-465.6928	0	52447.8629	0
346	639	-465.6928	0	52447.8644	0
347	639	-465.6926	0	52447.8621	0
348	639	-465.6926	0	52447.8611	0
349	639	-465.6924	0	52447.8609	0
350	639	-465.6923	0	52447.8593	0
351	639	-465.6923	0	52447.8602	0
352	639	-465.6922	0	52447.8590	0
353	639	-465.6921	0	52447.8571	0
354	639	-465.6920	0	52447.8564	0
355	639	-465.6919	0	52447.8546	0
356	639	-465.6919	0	52447.8540	0
357	639	-465.6921	0	52447.8552	0
358	639	-465.6921	0	52447.8557	0
359	639	-465.6921	0	52447.8575	0
360	639	-465.6922	0	52447.8582	0
361	639	-465.6922	0	52447.8584	0
362	639	-465.6922	0	52447.8585	0
363	639	-465.6922	0	52447.8586	0
364	639	-465.6922	0	52447.8585	0
365	639	-465.6924	0	52447.8585	0
366	639	-465.6925	0	52447.8631	0
367	639	-465.6925	0	52447.8648	0
368	639	-465.6926	0	52447.8654	0
369	639	-465.6924	0	52447.8641	0
370	639	-465.6925	0	52447.8651	0
371	639	-465.6926	0	52447.8655	0
372	639	-465.6924	0	52447.8641	0
373	639	-465.6925	0	52447.8650	0
374	639	-465.6926	0	52447.8654	0
375	639	-465.6926	0	52447.8655	0
376	639	-465.6926	0	52447.8655	0
377	639	-465.6925	0	52447.8640	0
378	639	-465.6924	0	52447.8635	0
379	639	-465.6927	0	52447.8647	0
380	639	-465.6926	0	52447.8652	0
381	639	-465.6926	0	52447.8654	0
382	639	-465.6924	0	52447.8640	0
383	639	-465.6925	0	52447.8649	0
384	639	-465.6924	0	52447.8638	0
385	639	-465.6925	0	52447.8633	0
386	639	-465.6924	0	52447.8632	0
387	639	-465.6924	0	52447.8616	0
388	639	-465.6923	0	52447.8610	0
389	639	-465.6924	0	52447.8608	0
390	639	-465.6924	0	52447.8623	0
391	639	-465.6926	0	52447.8627	0
392	639	-465.6928	0	52447.8629	0
393	639	-465.6929	0	52447.8629	0
394	639	-465.6929	0	52447.8629	0
395	639	-465.6929	0	52447.8629	0
396	639	-465.6929	0	52447.8629	0
397	639	-465.6929	0	52447.8629	0
398	639	-465.6929	0	52447.8630	0
399	639	-465.6929	0	52447.8630	0
400	639	-465.6928	0	52447.8630	0
401	639	-465.6928	0	52447.8630	0
402	639	-465.6926	0	52447.8600	0
403	639	-465.6926	0	52447.8604	0
404	639	-465.6927	0	52447.8620	0
405	639	-465.6928	0	52447.8626	0
406	639	-465.6928	0	52447.8629	0
407	639	-465.6928	0	52447.8630	0
408	639	-465.6928	0	52447.8630	0
409	639	-465.6928	0	52447.8630	0
410	639	-465.6928	0	52447.8630	0
411	639	-465.6928	0	52447.8630	0
412	639	-465.6928	0	52447.8630	0
413	639	-465.6928	0	52447.8630	0
414	639	-465.6928	0	52447.8645	0
415	639	-465.6928	0	52447.8651	0
416	639	-465.6928	0	52447.8653	0
417	639	-465.6928	0	52447.8654	0
418	639	-465.6926	0	52447.8655	0
419	639	-465.6925	0	52447.8640	0
420	639	-465.6925	0	52447.8650	0
421	639	-465.6925	0	52447.8653	0
422	639	-465.6927	0	52447.8669	0
423	639	-465.6928	0	52447.8690	0
424	639	-465.6928	0	52447.8697	0
425	639	-465.6926	0	52447.8686	0
426	639	-465.6926	0	52447.8696	0
427	639	-465.6926	0	52447.8700	0
428	639	-465.6927	0	52447.8701	0
429	639	-465.6927	0	52447.8701	0
430	639	-465.6927	0	52447.8701	0
431	639	-465.6928	0	52447.8716	0
432	639	-465.6928	0	52447.8706	0
433	639	-465.6930	0	52447.8732	0
434	639	-465.6929	0	52447.8727	0
435	639	-465.6929	0	52447.8740	0
436	639	-465.6929	0	52447.8745	0
437	639	-465.6930	0	52447.8761	0
438	639	-465.6930	0	52447.8752	0
439	639	-465.6932	0	52447.8732	0
440	639	-465.6932	0	52447.8725	0
441	639	-465.6931	0	52447.8723	0
442	639	-465.6932	0	52447.8721	0
443	639	-465.6932	0	52447.8706	0
444	639	-465.6932	0	52447.8715	0
445	639	-465.6932	0	52447.8718	0
446	639	-465.6932	0	52447.8720	0
447	639	-465.6932	0	52447.8720	0
448	639	-465.6932	0	52447.8720	0
449	639	-465.6931	0	52447.8720	0
450	639	-465.6931	0	52447.8721	0
451	639	-465.6931	0	52447.8706	0
452	639	-465.6931	0	52447.8700	0
453	639	-465.6929	0	52447.8684	0
454	639	-465.6928	0	52447.8677	0
455	639	-465.6928	0	52447.8675	0
456	639	-465.6928	0	52447.8690	0
457	639	-465.6930	0	52447.8694	0
458	639	-465.6931	0	52447.8696	0
459	639	-465.6932	0	52447.8712	0
460	639	-465.6933	0	52447.8717	0
461	639	-465.6934	0	52447.8719	0
462	639	-465.6933	0	52447.8705	0
463	639	-465.6933	0	52447.8700	0
464	639	-465.6934	0	52447.8712	0
465	639	-465.6933	0	52447.8702	0
466	639	-465.6935	0	52447.8713	0
467	639	-465.6933	0	52447.8688	0
468	639	-465.6935	0	52447.8707	0
469	639	-465.6935	0	52447.8715	0
470	639	-465.6936	0	52447.8718	0
471	639	-465.6936	0	52447.8704	0
472	639	-465.6935	0	52447.8699	0
473	639	-465.6935	0	52447.8697	0
474	639	-465.6936	0	52447.8696	0
475	639	-465.6934	0	52447.8696	0
476	639	-465.6933	0	52447.8681	0
477	639	-465.6933	0	52447.8676	0
478	639	-465.6935	0	52447.8703	0
479	639	-465.6934	0	52447.8699	0
480	639	-465.6933	0	52447.8698	0
481	639	-465.6933	0	52447.8697	0
482	639	-465.6933	0	52447.8697	0
483	639	-465.6932	0	52447.8682	0
484	639	-465.6932	0	52447.8676	0
485	639	-465.6932	0	52447.8674	0
486	639	-465.6932	0	52447.8674	0
487	639	-465.6931	0	52447.8658	0
488	639	-465.6933	0	52447.8682	0
489	639	-465.6932	0	52447.8677	0
490	639	-465.6932	0	52447.8690	0
491	639	-465.6932	0	52447.8695	0
492	639	-465.6932	0	52447.8697	0
493	639	-465.6932	0	52447.8682	0
494	639	-465.6933	0	52447.8692	0
495	639	-465.6933	0	52447.8695	0
496	639	-465.6932	0	52447.8682	0
497	639	-465.6933	0	52447.8691	0
498	639	-465.6934	0	52447.8710	0
499	639	-465.6933	0	52447.8687	0
500	639	-465.6934	0	52447.8693	0
501	639	-465.6932	0	52447.8681	0
502	639	-465.6933	0	52447.8691	0
503	639	-465.6934	0	52447.8695	0
504	639	-465.6934	0	52447.8696	0
505	639	-465.6931	0	52447.8698	0
506	639	-465.6930	0	52447.8698	0
507	639	-465.6930	0	52447.8698	0
508	639	-465.6930	0	52447.8699	0
509	639	-465.6932	0	52447.8697	0
510	639	-465.6933	0	52447.8697	0
511	639	-465.6933	0	52447.8697	0
512	639	-465.6934	0	52447.8697	0
513	639	-465.6935	0	52447.8711	0
514	639	-465.6936	0	52447.8701	0
515	639	-465.6937	0	52447.8698	0
516	639	-465.6936	0	52447.8681	0
517	639	-465.6937	0	52447.8690	0
518	639	-465.6937	0	52447.8693	0
519	639	-465.6937	0	52447.8694	0
520	639	-465.6937	0	52447.8680	0
521	639	-465.6937	0	52447.8674	0
522	639	-465.6939	0	52447.8687	0
523	639	-465.6940	0	52447.8691	0
524	639	-465.6940	0	52447.8693	0
525	639	-465.6940	0	52447.8694	0
526	639	-465.6940	0	52447.8694	0
527	639	-465.6940	0	52447.8694	0
528	639	-465.6939	0	52447.8694	0
529	639	-465.6937	0	52447.8680	0
530	639	-465.6936	0	52447.8660	0
531	639	-465.6935	0	52447.8667	0
532	639	-465.6934	0	52447.8671	0
533	639	-465.6931	0	52447.8658	0
534	639	-465.6930	0	52447.8653	0
535	639	-465.6930	0	52447.8651	0
536	639	-465.6930	0	52447.8636	0
537	639	-465.6930	0	52447.8630	0
538	639	-465.6928	0	52447.8628	0
539	639	-465.6928	0	52447.8628	0
540	639	-465.6928	0	52447.8613	0
541	639	-465.6927	0	52447.8607	0
542	639	-465.6927	0	52447.8605	0
543	639	-465.6927	0	52447.8605	0
544	639	-465.6927	0	52447.8605	0
545	639	-465.6925	0	52447.8606	0
546	639	-465.6925	0	52447.8591	0
547	639	-465.6925	0	52447.8585	0
548	639	-465.6926	0	52447.8567	0
549	639	-465.6928	0	52447.8575	0
550	639	-465.6928	0	52447.8548	0
551	639	-465.6929	0	52447.8537	0
552	639	-465.6932	0	52447.8500	0
553	639	-465.6933	0	52447.8487	0
554	639	-465.6934	0	52447.8482	0
555	639	-465.6936	0	52447.8480	0
556	639	-465.6937	0	52447.8496	0
557	639	-465.6939	0	52447.8501	0
558	639	-465.6940	0	52447.8503	0
559	639	-465.6943	0	52447.8503	0
560	639	-465.6945	0	52447.8534	0
561	639	-465.6945	0	52447.8530	0
562	639	-465.6945	0	52447.8529	0
563	639	-465.6944	0	52447.8529	0
564	639	-465.6944	0	52447.8528	0
565	639	-465.6944	0	52447.8529	0
566	639	-465.6946	0	52447.8544	0
567	639	-465.6947	0	52447.8549	0
568	639	-465.6944	0	52447.8552	0
569	639	-465.6944	0	52447.8553	0
570	639	-465.6943	0	52447.8554	0
571	639	-465.6943	0	52447.8554	0
572	639	-465.6943	0	52447.8554	0
573	639	-465.6943	0	52447.8554	0
574	639	-465.6943	0	52447.8554	0
575	639	-465.6945	0	52447.8569	0
576	639	-465.6945	0	52447.8589	0
577	639	-465.6946	0	52447.8597	0
578	639	-465.6946	0	52447.8599	0
579	639	-465.6947	0	52447.8600	0
580	639	-465.6947	0	52447.8600	0
581	639	-465.6947	0	52447.8600	0
582	639	-465.6947	0	52447.8600	0
583	639	-465.6947	0	52447.8599	0
584	639	-465.6949	0	52447.8599	0
585	639	-465.6948	0	52447.8599	0
586	639	-465.6950	0	52447.8613	0
587	639	-465.6951	0	52447.8619	0
588	639	-465.6951	0	52447.8621	0
589	639	-465.6951	0	52447.8636	0
590	639	-465.6951	0	52447.8642	0
591	639	-465.6951	0	52447.8644	0
592	639	-465.6952	0	52447.8660	0
593	639	-465.6952	0	52447.8666	0
594	639	-465.6954	0	52447.8667	0
595	639	-465.6955	0	52447.8667	0
596	639	-465.6958	0	52447.8681	0
597	639	-465.6958	0	52447.8686	0
598	639	-465.6960	0	52447.8702	0
599	639	-465.6961	0	52447.8708	0
600	639	-465.6959	0	52447.8711	0
601	639	-465.6962	0	52447.8740	0
602	639	-465.6961	0	52447.8737	0
603	639	-465.6961	0	52447.8735	0
604	639	-465.6963	0	52447.8734	0
605	639	-465.6960	0	52447.8719	0
606	639	-465.6958	0	52447.8713	0
607	639	-465.6958	0	52447.8712	0
608	639	-465.6959	0	52447.8725	0
609	639	-465.6958	0	52447.8716	0
610	639	-465.6959	0	52447.8726	0
611	639	-465.6959	0	52447.8731	0
612	639	-465.6958	0	52447.8718	0
613	639	-465.6957	0	52447.8713	0
614	639	-465.6956	0	52447.8696	0
615	639	-465.6956	0	52447.8705	0
616	639	-465.6953	0	52447.8694	0
