1	640	-465.6813	0	52448.2682	0
2	640	-465.6815	0	52448.2689	0
3	640	-465.6814	0	52448.2691	0
4	640	-465.6813	0	52448.2685	0
5	640	-465.6815	0	52448.2689	0
6	640	-465.6812	0	52448.2685	0
7	640	-465.6811	0	52448.2683	0
8	640	-465.6811	0	52448.2689	0
9	640	-465.6811	0	52448.2691	0
10	640	-465.6813	0	52448.2691	0
11	640	-465.6813	0	52448.2691	0
12	640	-465.6814	0	52448.2697	0
13	640	-465.6816	0	52448.2693	0
14	640	-465.6815	0	52448.2692	0
15	640	-465.6813	0	52448.2697	0
16	640	-465.6811	0	52448.2694	0
17	640	-465.6809	0	52448.2693	0
18	640	-465.6808	0	52448.2693	0
19	640	-465.6807	0	52448.2687	0
20	640	-465.6807	0	52448.2696	0
21	640	-465.6807	0	52448.2700	0
22	640	-465.6807	0	52448.2701	0
23	640	-465.6811	0	52448.2712	0
24	640	-465.6812	0	52448.2716	0
25	640	-465.6815	0	52448.2728	0
26	640	-465.6817	0	52448.2738	0
27	640	-465.6818	0	52448.2741	0
28	640	-465.6820	0	52448.2742	0
29	640	-465.6820	0	52448.2737	0
30	640	-465.6820	0	52448.2735	0
31	640	-465.6820	0	52448.2745	0
32	640	-465.6820	0	52448.2749	0
33	640	-465.6820	0	52448.2750	0
34	640	-465.6820	0	52448.2762	0
35	640	-465.6819	0	52448.2767	0
36	640	-465.6818	0	52448.2762	0
37	640	-465.6818	0	52448.2761	0
38	640	-465.6818	0	52448.2760	0
39	640	-465.6819	0	52448.2759	0
40	640	-465.6819	0	52448.2765	0
41	640	-465.6819	0	52448.2767	0
42	640	-465.6819	0	52448.2767	0
43	640	-465.6819	0	52448.2773	0
44	640	-465.6818	0	52448.2776	0
45	640	-465.6819	0	52448.2776	0
46	640	-465.6819	0	52448.2782	0
47	640	-465.6821	0	52448.2778	0
48	640	-465.6821	0	52448.2776	0
49	640	-465.6821	0	52448.2770	0
50	640	-465.6821	0	52448.2773	0
51	640	-465.6821	0	52448.2775	0
52	640	-465.6823	0	52448.2780	0
53	640	-465.6823	0	52448.2777	0
54	640	-465.6823	0	52448.2775	0
55	640	-465.6823	0	52448.2775	0
56	640	-465.6824	0	52448.2774	0
57	640	-465.6823	0	52448.2774	0
58	640	-465.6821	0	52448.2769	0
59	640	-465.6823	0	52448.2767	0
60	640	-465.6824	0	52448.2771	0
61	640	-465.6824	0	52448.2773	0
62	640	-465.6823	0	52448.2768	0
63	640	-465.6825	0	52448.2771	0
64	640	-465.6827	0	52448.2783	0
65	640	-465.6825	0	52448.2789	0
66	640	-465.6825	0	52448.2796	0
67	640	-465.6825	0	52448.2793	0
68	640	-465.6826	0	52448.2797	0
69	640	-465.6825	0	52448.2794	0
70	640	-465.6826	0	52448.2792	0
71	640	-465.6826	0	52448.2791	0
72	640	-465.6823	0	52448.2791	0
73	640	-465.6824	0	52448.2791	0
74	640	-465.6825	0	52448.2796	0
75	640	-465.6826	0	52448.2809	0
76	640	-465.6827	0	52448.2819	0
77	640	-465.6828	0	52448.2823	0
78	640	-465.6826	0	52448.2819	0
79	640	-465.6826	0	52448.2817	0
80	640	-465.6826	0	52448.2811	0
81	640	-465.6827	0	52448.2814	0
82	640	-465.6828	0	52448.2815	0
83	640	-465.6829	0	52448.2809	0
84	640	-465.6828	0	52448.2808	0
85	640	-465.6828	0	52448.2801	0
86	640	-465.6830	0	52448.2799	0
87	640	-465.6830	0	52448.2798	0
88	640	-465.6827	0	52448.2787	0
89	640	-465.6827	0	52448.2777	0
90	640	-465.6828	0	52448.2784	0
91	640	-465.6829	0	52448.2787	0
92	640	-465.6827	0	52448.2777	0
93	640	-465.6828	0	52448.2779	0
94	640	-465.6825	0	52448.2775	0
95	640	-465.6823	0	52448.2774	0
96	640	-465.6821	0	52448.2768	0
97	640	-465.6818	0	52448.2756	0
98	640	-465.6817	0	52448.2745	0
99	640	-465.6817	0	52448.2741	0
100	640	-465.6819	0	52448.2734	0
101	640	-465.6821	0	52448.2725	0
102	640	-465.6821	0	52448.2722	0
103	640	-465.6823	0	52448.2715	0
104	640	-465.6822	0	52448.2707	0
105	640	-465.6821	0	52448.2699	0
106	640	-465.6820	0	52448.2691	0
107	640	-465.6820	0	52448.2682	0
108	640	-465.6819	0	52448.2673	0
109	640	-465.6818	0	52448.2670	0
110	640	-465.6818	0	52448.2664	0
111	640	-465.6818	0	52448.2656	0
112	640	-465.6817	0	52448.2636	0
113	640	-465.6811	0	52448.2618	0
114	640	-465.6808	0	52448.2606	0
115	640	-465.6805	0	52448.2597	0
116	640	-465.6807	0	52448.2587	0
117	640	-465.6809	0	52448.2583	0
118	640	-465.6810	0	52448.2576	0
119	640	-465.6810	0	52448.2568	0
120	640	-465.6810	0	52448.2559	0
121	640	-465.6809	0	52448.2550	0
122	640	-465.6811	0	52448.2553	0
123	640	-465.6811	0	52448.2548	0
124	640	-465.6809	0	52448.2547	0
125	640	-465.6808	0	52448.2547	0
126	640	-465.6805	0	52448.2548	0
127	640	-465.6803	0	52448.2549	0
128	640	-465.6804	0	52448.2543	0
129	640	-465.6802	0	52448.2530	0
130	640	-465.6802	0	52448.2525	0
131	640	-465.6802	0	52448.2523	0
132	640	-465.6803	0	52448.2522	0
133	640	-465.6802	0	52448.2522	0
134	640	-465.6803	0	52448.2528	0
135	640	-465.6804	0	52448.2537	0
136	640	-465.6803	0	52448.2540	0
137	640	-465.6802	0	52448.2548	0
138	640	-465.6803	0	52448.2556	0
139	640	-465.6806	0	52448.2565	0
140	640	-465.6810	0	52448.2579	0
141	640	-465.6814	0	52448.2595	0
142	640	-465.6818	0	52448.2601	0
143	640	-465.6820	0	52448.2608	0
144	640	-465.6825	0	52448.2622	0
145	640	-465.6827	0	52448.2638	0
146	640	-465.6829	0	52448.2661	0
147	640	-465.6831	0	52448.2669	0
148	640	-465.6828	0	52448.2667	0
149	640	-465.6826	0	52448.2666	0
150	640	-465.6827	0	52448.2676	0
151	640	-465.6829	0	52448.2703	0
152	640	-465.6831	0	52448.2718	0
153	640	-465.6831	0	52448.2723	0
154	640	-465.6831	0	52448.2719	0
155	640	-465.6830	0	52448.2729	0
156	640	-465.6828	0	52448.2733	0
157	640	-465.6827	0	52448.2751	0
158	640	-465.6824	0	52448.2764	0
159	640	-465.6821	0	52448.2769	0
160	640	-465.6817	0	52448.2765	0
161	640	-465.6818	0	52448.2774	0
162	640	-465.6819	0	52448.2788	0
163	640	-465.6819	0	52448.2799	0
164	640	-465.6819	0	52448.2814	0
165	640	-465.6818	0	52448.2825	0
166	640	-465.6816	0	52448.2818	0
167	640	-465.6816	0	52448.2820	0
168	640	-465.6817	0	52448.2826	0
169	640	-465.6817	0	52448.2817	0
170	640	-465.6815	0	52448.2820	0
171	640	-465.6815	0	52448.2826	0
172	640	-465.6815	0	52448.2833	0
173	640	-465.6815	0	52448.2836	0
174	640	-465.6817	0	52448.2842	0
175	640	-465.6817	0	52448.2833	0
176	640	-465.6816	0	52448.2824	0
177	640	-465.6815	0	52448.2826	0
178	640	-465.6816	0	52448.2833	0
179	640	-465.6816	0	52448.2835	0
180	640	-465.6816	0	52448.2835	0
181	640	-465.6816	0	52448.2830	0
182	640	-465.6817	0	52448.2839	0
183	640	-465.6816	0	52448.2837	0
184	640	-465.6818	0	52448.2841	0
185	640	-465.6819	0	52448.2848	0
186	640	-465.6821	0	52448.2850	0
187	640	-465.6824	0	52448.2855	0
188	640	-465.6823	0	52448.2858	0
189	640	-465.6824	0	52448.2864	0
190	640	-465.6824	0	52448.2866	0
191	640	-465.6824	0	52448.2872	0
192	640	-465.6825	0	52448.2879	0
193	640	-465.6825	0	52448.2882	0
194	640	-465.6826	0	52448.2894	0
195	640	-465.6824	0	52448.2898	0
196	640	-465.6822	0	52448.2900	0
197	640	-465.6822	0	52448.2901	0
198	640	-465.6820	0	52448.2901	0
199	640	-465.6819	0	52448.2901	0
200	640	-465.6818	0	52448.2901	0
201	640	-465.6820	0	52448.2911	0
202	640	-465.6821	0	52448.2920	0
203	640	-465.6821	0	52448.2929	0
204	640	-465.6821	0	52448.2932	0
205	640	-465.6821	0	52448.2933	0
206	640	-465.6822	0	52448.2933	0
207	640	-465.6822	0	52448.2933	0
208	640	-465.6825	0	52448.2942	0
209	640	-465.6826	0	52448.2951	0
210	640	-465.6827	0	52448.2949	0
211	640	-465.6827	0	52448.2953	0
212	640	-465.6825	0	52448.2955	0
213	640	-465.6826	0	52448.2961	0
214	640	-465.6827	0	52448.2968	0
215	640	-465.6827	0	52448.2970	0
216	640	-465.6825	0	52448.2967	0
217	640	-465.6825	0	52448.2970	0
218	640	-465.6823	0	52448.2977	0
219	640	-465.6822	0	52448.2974	0
220	640	-465.6821	0	52448.2978	0
221	640	-465.6822	0	52448.2980	0
222	640	-465.6821	0	52448.2985	0
223	640	-465.6821	0	52448.2987	0
224	640	-465.6822	0	52448.2983	0
225	640	-465.6823	0	52448.2986	0
226	640	-465.6823	0	52448.2992	0
227	640	-465.6823	0	52448.2994	0
228	640	-465.6825	0	52448.3000	0
229	640	-465.6825	0	52448.3007	0
230	640	-465.6826	0	52448.3010	0
231	640	-465.6825	0	52448.3011	0
232	640	-465.6823	0	52448.3006	0
233	640	-465.6826	0	52448.3019	0
234	640	-465.6827	0	52448.3024	0
235	640	-465.6828	0	52448.3025	0
236	640	-465.6826	0	52448.3031	0
237	640	-465.6826	0	52448.3033	0
238	640	-465.6827	0	52448.3039	0
239	640	-465.6827	0	52448.3041	0
240	640	-465.6827	0	52448.3046	0
241	640	-465.6828	0	52448.3054	0
242	640	-465.6830	0	52448.3060	0
243	640	-465.6830	0	52448.3063	0
244	640	-465.6831	0	52448.3074	0
245	640	-465.6832	0	52448.3083	0
246	640	-465.6832	0	52448.3086	0
247	640	-465.6834	0	52448.3086	0
248	640	-465.6834	0	52448.3087	0
249	640	-465.6833	0	52448.3087	0
250	640	-465.6833	0	52448.3087	0
251	640	-465.6833	0	52448.3081	0
252	640	-465.6831	0	52448.3090	0
253	640	-465.6830	0	52448.3093	0
254	640	-465.6829	0	52448.3094	0
255	640	-465.6829	0	52448.3104	0
256	640	-465.6829	0	52448.3108	0
257	640	-465.6828	0	52448.3110	0
258	640	-465.6829	0	52448.3110	0
259	640	-465.6829	0	52448.3115	0
260	640	-465.6829	0	52448.3117	0
261	640	-465.6832	0	52448.3126	0
262	640	-465.6832	0	52448.3125	0
263	640	-465.6831	0	52448.3125	0
264	640	-465.6830	0	52448.3125	0
265	640	-465.6828	0	52448.3130	0
266	640	-465.6828	0	52448.3132	0
267	640	-465.6827	0	52448.3138	0
268	640	-465.6826	0	52448.3135	0
269	640	-465.6825	0	52448.3134	0
270	640	-465.6825	0	52448.3138	0
271	640	-465.6825	0	52448.3135	0
272	640	-465.6825	0	52448.3134	0
273	640	-465.6825	0	52448.3133	0
274	640	-465.6824	0	52448.3128	0
275	640	-465.6825	0	52448.3136	0
276	640	-465.6825	0	52448.3144	0
277	640	-465.6826	0	52448.3151	0
278	640	-465.6825	0	52448.3150	0
279	640	-465.6825	0	52448.3154	0
280	640	-465.6825	0	52448.3150	0
281	640	-465.6825	0	52448.3149	0
282	640	-465.6826	0	52448.3153	0
283	640	-465.6825	0	52448.3149	0
284	640	-465.6825	0	52448.3148	0
285	640	-465.6823	0	52448.3148	0
286	640	-465.6822	0	52448.3148	0
287	640	-465.6820	0	52448.3149	0
288	640	-465.6820	0	52448.3149	0
289	640	-465.6821	0	52448.3158	0
290	640	-465.6821	0	52448.3162	0
291	640	-465.6819	0	52448.3168	0
292	640	-465.6820	0	52448.3180	0
293	640	-465.6819	0	52448.3185	0
294	640	-465.6821	0	52448.3186	0
295	640	-465.6820	0	52448.3187	0
296	640	-465.6821	0	52448.3196	0
297	640	-465.6822	0	52448.3200	0
298	640	-465.6821	0	52448.3211	0
299	640	-465.6820	0	52448.3220	0
300	640	-465.6817	0	52448.3228	0
301	640	-465.6817	0	52448.3236	0
302	640	-465.6816	0	52448.3244	0
303	640	-465.6816	0	52448.3251	0
304	640	-465.6817	0	52448.3258	0
305	640	-465.6816	0	52448.3266	0
306	640	-465.6816	0	52448.3268	0
307	640	-465.6817	0	52448.3264	0
308	640	-465.6818	0	52448.3272	0
309	640	-465.6818	0	52448.3279	0
310	640	-465.6818	0	52448.3282	0
311	640	-465.6818	0	52448.3282	0
312	640	-465.6818	0	52448.3278	0
313	640	-465.6817	0	52448.3276	0
314	640	-465.6817	0	52448.3280	0
315	640	-465.6817	0	52448.3281	0
316	640	-465.6817	0	52448.3277	0
317	640	-465.6817	0	52448.3271	0
318	640	-465.6818	0	52448.3268	0
319	640	-465.6816	0	52448.3262	0
320	640	-465.6816	0	52448.3260	0
321	640	-465.6815	0	52448.3269	0
322	640	-465.6816	0	52448.3277	0
323	640	-465.6814	0	52448.3280	0
324	640	-465.6814	0	52448.3277	0
325	640	-465.6815	0	52448.3280	0
326	640	-465.6815	0	52448.3281	0
327	640	-465.6816	0	52448.3286	0
328	640	-465.6816	0	52448.3288	0
329	640	-465.6814	0	52448.3284	0
330	640	-465.6816	0	52448.3292	0
331	640	-465.6815	0	52448.3295	0
332	640	-465.6814	0	52448.3296	0
333	640	-465.6815	0	52448.3301	0
334	640	-465.6814	0	52448.3303	0
335	640	-465.6813	0	52448.3308	0
336	640	-465.6813	0	52448.3310	0
337	640	-465.6813	0	52448.3316	0
338	640	-465.6813	0	52448.3322	0
339	640	-465.6813	0	52448.3329	0
340	640	-465.6813	0	52448.3336	0
341	640	-465.6813	0	52448.3343	0
342	640	-465.6814	0	52448.3350	0
343	640	-465.6814	0	52448.3353	0
344	640	-465.6815	0	52448.3358	0
345	640	-465.6815	0	52448.3355	0
346	640	-465.6813	0	52448.3350	0
347	640	-465.6812	0	52448.3348	0
348	640	-465.6812	0	52448.3342	0
349	640	-465.6811	0	52448.3340	0
350	640	-465.6809	0	52448.3340	0
351	640	-465.6810	0	52448.3344	0
352	640	-465.6811	0	52448.3350	0
353	640	-465.6810	0	52448.3348	0
354	640	-465.6808	0	52448.3347	0
355	640	-465.6806	0	52448.3352	0
356	640	-465.6806	0	52448.3363	0
357	640	-465.6805	0	52448.3372	0
358	640	-465.6805	0	52448.3384	0
359	640	-465.6807	0	52448.3392	0
360	640	-465.6807	0	52448.3400	0
361	640	-465.6806	0	52448.3403	0
362	640	-465.6806	0	52448.3404	0
363	640	-465.6807	0	52448.3404	0
364	640	-465.6809	0	52448.3403	0
365	640	-465.6809	0	52448.3408	0
366	640	-465.6809	0	52448.3409	0
367	640	-465.6809	0	52448.3414	0
368	640	-465.6809	0	52448.3416	0
369	640	-465.6809	0	52448.3421	0
370	640	-465.6809	0	52448.3427	0
371	640	-465.6806	0	52448.3430	0
372	640	-465.6806	0	52448.3431	0
373	640	-465.6804	0	52448.3431	0
374	640	-465.6802	0	52448.3436	0
375	640	-465.6801	0	52448.3438	0
376	640	-465.6802	0	52448.3443	0
377	640	-465.6801	0	52448.3440	0
378	640	-465.6801	0	52448.3444	0
379	640	-465.6799	0	52448.3445	0
380	640	-465.6799	0	52448.3441	0
381	640	-465.6799	0	52448.3444	0
382	640	-465.6801	0	52448.3431	0
383	640	-465.6802	0	52448.3422	0
384	640	-465.6806	0	52448.3431	0
385	640	-465.6807	0	52448.3430	0
386	640	-465.6810	0	52448.3429	0
387	640	-465.6815	0	52448.3432	0
388	640	-465.6818	0	52448.3433	0
389	640	-465.6821	0	52448.3428	0
390	640	-465.6821	0	52448.3426	0
391	640	-465.6822	0	52448.3426	0
392	640	-465.6823	0	52448.3421	0
393	640	-465.6823	0	52448.3419	0
394	640	-465.6824	0	52448.3423	0
395	640	-465.6824	0	52448.3420	0
396	640	-465.6823	0	52448.3414	0
397	640	-465.6822	0	52448.3412	0
398	640	-465.6821	0	52448.3412	0
399	640	-465.6820	0	52448.3412	0
400	640	-465.6820	0	52448.3412	0
401	640	-465.6821	0	52448.3416	0
402	640	-465.6819	0	52448.3418	0
403	640	-465.6816	0	52448.3415	0
404	640	-465.6818	0	52448.3422	0
405	640	-465.6819	0	52448.3420	0
406	640	-465.6820	0	52448.3424	0
407	640	-465.6823	0	52448.3425	0
408	640	-465.6826	0	52448.3420	0
409	640	-465.6828	0	52448.3418	0
410	640	-465.6828	0	52448.3413	0
411	640	-465.6829	0	52448.3411	0
412	640	-465.6831	0	52448.3419	0
413	640	-465.6832	0	52448.3422	0
414	640	-465.6834	0	52448.3422	0
415	640	-465.6834	0	52448.3418	0
416	640	-465.6833	0	52448.3417	0
417	640	-465.6832	0	52448.3417	0
418	640	-465.6832	0	52448.3416	0
419	640	-465.6832	0	52448.3412	0
420	640	-465.6831	0	52448.3406	0
421	640	-465.6830	0	52448.3404	0
422	640	-465.6830	0	52448.3398	0
423	640	-465.6829	0	52448.3388	0
424	640	-465.6827	0	52448.3370	0
425	640	-465.6825	0	52448.3359	0
426	640	-465.6825	0	52448.3360	0
427	640	-465.6826	0	52448.3360	0
428	640	-465.6828	0	52448.3355	0
429	640	-465.6828	0	52448.3345	0
430	640	-465.6828	0	52448.3336	0
431	640	-465.6828	0	52448.3328	0
432	640	-465.6830	0	52448.3325	0
433	640	-465.6831	0	52448.3324	0
434	640	-465.6833	0	52448.3328	0
435	640	-465.6832	0	52448.3321	0
436	640	-465.6832	0	52448.3309	0
437	640	-465.6832	0	52448.3305	0
438	640	-465.6832	0	52448.3294	0
439	640	-465.6830	0	52448.3281	0
440	640	-465.6832	0	52448.3281	0
441	640	-465.6833	0	52448.3276	0
442	640	-465.6835	0	52448.3260	0
443	640	-465.6836	0	52448.3244	0
444	640	-465.6839	0	52448.3243	0
445	640	-465.6842	0	52448.3237	0
446	640	-465.6844	0	52448.3235	0
447	640	-465.6845	0	52448.3235	0
448	640	-465.6845	0	52448.3225	0
449	640	-465.6846	0	52448.3217	0
450	640	-465.6845	0	52448.3204	0
451	640	-465.6847	0	52448.3195	0
452	640	-465.6847	0	52448.3196	0
453	640	-465.6847	0	52448.3192	0
454	640	-465.6847	0	52448.3181	0
455	640	-465.6848	0	52448.3172	0
456	640	-465.6848	0	52448.3159	0
457	640	-465.6846	0	52448.3155	0
458	640	-465.6845	0	52448.3154	0
459	640	-465.6843	0	52448.3144	0
460	640	-465.6844	0	52448.3145	0
461	640	-465.6842	0	52448.3127	0
462	640	-465.6837	0	52448.3106	0
463	640	-465.6836	0	52448.3098	0
464	640	-465.6837	0	52448.3101	0
465	640	-465.6838	0	52448.3101	0
466	640	-465.6839	0	52448.3097	0
467	640	-465.6839	0	52448.3080	0
468	640	-465.6839	0	52448.3070	0
469	640	-465.6839	0	52448.3061	0
470	640	-465.6839	0	52448.3057	0
471	640	-465.6839	0	52448.3052	0
472	640	-465.6839	0	52448.3039	0
473	640	-465.6837	0	52448.3020	0
474	640	-465.6835	0	52448.2998	0
475	640	-465.6835	0	52448.2990	0
476	640	-465.6833	0	52448.2982	0
477	640	-465.6833	0	52448.2974	0
478	640	-465.6834	0	52448.2967	0
479	640	-465.6833	0	52448.2948	0
480	640	-465.6832	0	52448.2937	0
481	640	-465.6831	0	52448.2922	0
482	640	-465.6832	0	52448.2922	0
483	640	-465.6831	0	52448.2923	0
484	640	-465.6831	0	52448.2918	0
485	640	-465.6828	0	52448.2896	0
486	640	-465.6828	0	52448.2882	0
487	640	-465.6829	0	52448.2878	0
488	640	-465.6831	0	52448.2881	0
489	640	-465.6832	0	52448.2882	0
490	640	-465.6834	0	52448.2872	0
491	640	-465.6834	0	52448.2853	0
492	640	-465.6832	0	52448.2840	0
493	640	-465.6832	0	52448.2836	0
494	640	-465.6833	0	52448.2840	0
495	640	-465.6832	0	52448.2837	0
496	640	-465.6830	0	52448.2825	0
497	640	-465.6825	0	52448.2806	0
498	640	-465.6822	0	52448.2788	0
499	640	-465.6820	0	52448.2782	0
500	640	-465.6820	0	52448.2779	0
501	640	-465.6821	0	52448.2779	0
502	640	-465.6821	0	52448.2768	0
503	640	-465.6819	0	52448.2747	0
504	640	-465.6818	0	52448.2735	0
505	640	-465.6817	0	52448.2725	0
506	640	-465.6817	0	52448.2721	0
507	640	-465.6817	0	52448.2720	0
508	640	-465.6815	0	52448.2709	0
509	640	-465.6813	0	52448.2689	0
510	640	-465.6812	0	52448.2681	0
511	640	-465.6810	0	52448.2668	0
512	640	-465.6810	0	52448.2669	0
513	640	-465.6810	0	52448.2669	0
514	640	-465.6813	0	52448.2669	0
515	640	-465.6813	0	52448.2652	0
516	640	-465.6814	0	52448.2634	0
517	640	-465.6815	0	52448.2622	0
518	640	-465.6816	0	52448.2617	0
519	640	-465.6817	0	52448.2616	0
520	640	-465.6816	0	52448.2604	0
521	640	-465.6814	0	52448.2589	0
522	640	-465.6814	0	52448.2571	0
523	640	-465.6815	0	52448.2559	0
524	640	-465.6815	0	52448.2548	0
525	640	-465.6817	0	52448.2544	0
526	640	-465.6818	0	52448.2543	0
527	640	-465.6819	0	52448.2531	0
528	640	-465.6821	0	52448.2514	0
529	640	-465.6823	0	52448.2502	0
530	640	-465.6825	0	52448.2503	0
531	640	-465.6824	0	52448.2498	0
532	640	-465.6824	0	52448.2497	0
533	640	-465.6822	0	52448.2479	0
534	640	-465.6819	0	52448.2448	0
535	640	-465.6819	0	52448.2437	0
536	640	-465.6817	0	52448.2427	0
537	640	-465.6815	0	52448.2418	0
538	640	-465.6816	0	52448.2408	0
539	640	-465.6815	0	52448.2380	0
540	640	-465.6813	0	52448.2364	0
541	640	-465.6813	0	52448.2352	0
542	640	-465.6816	0	52448.2353	0
543	640	-465.6817	0	52448.2355	0
544	640	-465.6817	0	52448.2343	0
545	640	-465.6818	0	52448.2319	0
546	640	-465.6820	0	52448.2297	0
547	640	-465.6822	0	52448.2289	0
548	640	-465.6823	0	52448.2293	0
549	640	-465.6826	0	52448.2294	0
550	640	-465.6826	0	52448.2276	0
551	640	-465.6825	0	52448.2256	0
552	640	-465.6825	0	52448.2236	0
553	640	-465.6825	0	52448.2229	0
554	640	-465.6826	0	52448.2226	0
555	640	-465.6825	0	52448.2220	0
556	640	-465.6822	0	52448.2205	0
557	640	-465.6819	0	52448.2180	0
558	640	-465.6820	0	52448.2185	0
559	640	-465.6820	0	52448.2180	0
560	640	-465.6821	0	52448.2178	0
561	640	-465.6824	0	52448.2177	0
562	640	-465.6824	0	52448.2164	0
563	640	-465.6826	0	52448.2152	0
564	640	-465.6826	0	52448.2141	0
565	640	-465.6828	0	52448.2144	0
566	640	-465.6827	0	52448.2146	0
567	640	-465.6827	0	52448.2146	0
568	640	-465.6825	0	52448.2134	0
569	640	-465.6824	0	52448.2116	0
570	640	-465.6822	0	52448.2103	0
571	640	-465.6821	0	52448.2098	0
572	640	-465.6821	0	52448.2097	0
573	640	-465.6821	0	52448.2097	0
574	640	-465.6822	0	52448.2090	0
575	640	-465.6823	0	52448.2081	0
576	640	-465.6821	0	52448.2078	0
577	640	-465.6822	0	52448.2077	0
578	640	-465.6822	0	52448.2076	0
579	640	-465.6821	0	52448.2070	0
580	640	-465.6819	0	52448.2054	0
581	640	-465.6819	0	52448.2042	0
582	640	-465.6820	0	52448.2030	0
583	640	-465.6819	0	52448.2019	0
584	640	-465.6820	0	52448.2022	0
585	640	-465.6821	0	52448.2023	0
586	640	-465.6822	0	52448.2017	0
587	640	-465.6821	0	52448.1993	0
588	640	-465.6821	0	52448.1985	0
589	640	-465.6820	0	52448.1975	0
590	640	-465.6820	0	52448.1979	0
591	640	-465.6822	0	52448.1980	0
592	640	-465.6820	0	52448.1974	0
593	640	-465.6817	0	52448.1937	0
594	640	-465.6817	0	52448.1930	0
595	640	-465.6819	0	52448.1921	0
596	640	-465.6819	0	52448.1924	0
597	640	-465.6821	0	52448.1926	0
598	640	-465.6823	0	52448.1933	0
599	640	-465.6825	0	52448.1929	0
600	640	-465.6826	0	52448.1920	0
601	640	-465.6826	0	52448.1917	0
602	640	-465.6827	0	52448.1902	0
603	640	-465.6827	0	52448.1896	0
604	640	-465.6827	0	52448.1901	0
605	640	-465.6827	0	52448.1896	0
606	640	-465.6829	0	52448.1901	0
607	640	-465.6826	0	52448.1890	0
608	640	-465.6824	0	52448.1878	0
609	640	-465.6825	0	52448.1874	0
610	640	-465.6825	0	52448.1865	0
611	640	-465.6826	0	52448.1877	0
612	640	-465.6827	0	52448.1873	0
613	640	-465.6830	0	52448.1872	0
614	640	-465.6830	0	52448.1857	0
615	640	-465.6830	0	52448.1844	0
616	640	-465.6830	0	52448.1832	0
617	640	-465.6831	0	52448.1827	0
618	640	-465.6832	0	52448.1833	0
619	640	-465.6834	0	52448.1835	0
620	640	-465.6833	0	52448.1821	0
621	640	-465.6831	0	52448.1809	0
622	640	-465.6831	0	52448.1805	0
623	640	-465.6832	0	52448.1803	0
624	640	-465.6831	0	52448.1788	0
625	640	-465.6832	0	52448.1790	0
626	640	-465.6833	0	52448.1768	0
627	640	-465.6831	0	52448.1745	0
628	640	-465.6832	0	52448.1744	0
629	640	-465.6832	0	52448.1737	0
630	640	-465.6833	0	52448.1734	0
631	640	-465.6834	0	52448.1740	0
632	640	-465.6832	0	52448.1729	0
633	640	-465.6830	0	52448.1702	0
634	640	-465.6830	0	52448.1692	0
635	640	-465.6830	0	52448.1689	0
636	640	-465.6831	0	52448.1695	0
637	640	-465.6831	0	52448.1683	0
638	640	-465.6834	0	52448.1685	0
639	640	-465.6834	0	52448.1679	0
640	640	-465.6832	0	52448.1669	0
641	640	-465.6833	0	52448.1666	0
642	640	-465.6834	0	52448.1657	0
643	640	-465.6836	0	52448.1661	0
644	640	-465.6836	0	52448.1655	0
645	640	-465.6834	0	52448.1638	0
646	640	-465.6833	0	52448.1624	0
647	640	-465.6834	0	52448.1619	0
648	640	-465.6834	0	52448.1609	0
649	640	-465.6838	0	52448.1605	0
650	640	-465.6840	0	52448.1595	0
651	640	-465.6842	0	52448.1575	0
652	640	-465.6842	0	52448.1561	0
653	640	-465.6844	0	52448.1555	0
654	640	-465.6847	0	52448.1552	0
655	640	-465.6846	0	52448.1552	0
656	640	-465.6848	0	52448.1544	0
657	640	-465.6846	0	52448.1526	0
658	640	-465.6845	0	52448.1503	0
659	640	-465.6845	0	52448.1495	0
660	640	-465.6846	0	52448.1500	0
661	640	-465.6847	0	52448.1494	0
662	640	-465.6849	0	52448.1483	0
663	640	-465.6850	0	52448.1463	0
664	640	-465.6849	0	52448.1448	0
665	640	-465.6848	0	52448.1435	0
666	640	-465.6846	0	52448.1423	0
667	640	-465.6846	0	52448.1418	0
668	640	-465.6845	0	52448.1409	0
669	640	-465.6844	0	52448.1398	0
670	640	-465.6842	0	52448.1386	0
671	640	-465.6841	0	52448.1374	0
672	640	-465.6839	0	52448.1370	0
673	640	-465.6839	0	52448.1361	0
674	640	-465.6838	0	52448.1349	0
675	640	-465.6838	0	52448.1337	0
676	640	-465.6838	0	52448.1307	0
677	640	-465.6837	0	52448.1288	0
678	640	-465.6839	0	52448.1280	0
679	640	-465.6839	0	52448.1278	0
680	640	-465.6839	0	52448.1278	0
681	640	-465.6838	0	52448.1270	0
682	640	-465.6838	0	52448.1259	0
683	640	-465.6837	0	52448.1238	0
684	640	-465.6835	0	52448.1222	0
685	640	-465.6838	0	52448.1216	0
686	640	-465.6835	0	52448.1206	0
687	640	-465.6833	0	52448.1194	0
688	640	-465.6834	0	52448.1190	0
689	640	-465.6834	0	52448.1180	0
690	640	-465.6834	0	52448.1177	0
691	640	-465.6835	0	52448.1167	0
692	640	-465.6836	0	52448.1154	0
693	640	-465.6836	0	52448.1141	0
694	640	-465.6833	0	52448.1138	0
695	640	-465.6832	0	52448.1137	0
696	640	-465.6834	0	52448.1136	0
697	640	-465.6834	0	52448.1136	0
698	640	-465.6835	0	52448.1128	0
699	640	-465.6835	0	52448.1125	0
700	640	-465.6834	0	52448.1115	0
701	640	-465.6833	0	52448.1112	0
702	640	-465.6829	0	52448.1094	0
703	640	-465.6829	0	52448.1087	0
704	640	-465.6828	0	52448.1085	0
705	640	-465.6829	0	52448.1093	0
706	640	-465.6830	0	52448.1097	0
707	640	-465.6832	0	52448.1098	0
708	640	-465.6834	0	52448.1098	0
709	640	-465.6835	0	52448.1089	0
710	640	-465.6836	0	52448.1076	0
711	640	-465.6837	0	52448.1072	0
712	640	-465.6839	0	52448.1078	0
713	640	-465.6839	0	52448.1072	0
714	640	-465.6840	0	52448.1070	0
715	640	-465.6840	0	52448.1060	0
716	640	-465.6839	0	52448.1048	0
717	640	-465.6839	0	52448.1043	0
718	640	-465.6839	0	52448.1051	0
719	640	-465.6839	0	52448.1045	0
720	640	-465.6839	0	52448.1042	0
721	640	-465.6841	0	52448.1032	0
722	640	-465.6845	0	52448.1027	0
723	640	-465.6847	0	52448.1034	0
724	640	-465.6847	0	52448.1038	0
725	640	-465.6847	0	52448.1030	0
726	640	-465.6848	0	52448.1008	0
727	640	-465.6848	0	52448.1010	0
728	640	-465.6846	0	52448.1011	0
729	640	-465.6846	0	52448.1011	0
730	640	-465.6845	0	52448.1003	0
731	640	-465.6844	0	52448.1018	0
732	640	-465.6846	0	52448.1024	0
733	640	-465.6844	0	52448.1017	0
734	640	-465.6845	0	52448.1024	0
735	640	-465.6847	0	52448.1016	0
736	640	-465.6849	0	52448.1013	0
737	640	-465.6848	0	52448.1003	0
738	640	-465.6849	0	52448.1009	0
739	640	-465.6849	0	52448.1010	0
740	640	-465.6849	0	52448.1011	0
741	640	-465.6851	0	52448.1011	0
742	640	-465.6850	0	52448.1002	0
743	640	-465.6848	0	52448.0990	0
744	640	-465.6848	0	52448.0968	0
745	640	-465.6847	0	52448.0950	0
746	640	-465.6849	0	52448.0933	0
747	640	-465.6849	0	52448.0946	0
748	640	-465.6849	0	52448.0942	0
749	640	-465.6848	0	52448.0931	0
750	640	-465.6849	0	52448.0927	0
751	640	-465.6850	0	52448.0917	0
752	640	-465.6850	0	52448.0913	0
753	640	-465.6849	0	52448.0902	0
754	640	-465.6851	0	52448.0917	0
755	640	-465.6850	0	52448.0904	0
756	640	-465.6849	0	52448.0900	0
757	640	-465.6849	0	52448.0889	0
758	640	-465.6847	0	52448.0876	0
759	640	-465.6846	0	52448.0871	0
760	640	-465.6844	0	52448.0861	0
761	640	-465.6844	0	52448.0857	0
762	640	-465.6845	0	52448.0865	0
763	640	-465.6847	0	52448.0878	0
764	640	-465.6849	0	52448.0882	0
765	640	-465.6851	0	52448.0873	0
766	640	-465.6852	0	52448.0871	0
767	640	-465.6852	0	52448.0870	0
768	640	-465.6851	0	52448.0870	0
769	640	-465.6852	0	52448.0869	0
770	640	-465.6854	0	52448.0869	0
771	640	-465.6856	0	52448.0868	0
772	640	-465.6857	0	52448.0858	0
773	640	-465.6858	0	52448.0855	0
774	640	-465.6856	0	52448.0844	0
775	640	-465.6857	0	52448.0830	0
776	640	-465.6860	0	52448.0834	0
777	640	-465.6860	0	52448.0836	0
778	640	-465.6861	0	52448.0837	0
779	640	-465.6859	0	52448.0818	0
780	640	-465.6860	0	52448.0801	0
781	640	-465.6862	0	52448.0795	0
782	640	-465.6862	0	52448.0792	0
783	640	-465.6861	0	52448.0783	0
784	640	-465.6860	0	52448.0770	0
785	640	-465.6860	0	52448.0765	0
786	640	-465.6856	0	52448.0735	0
787	640	-465.6857	0	52448.0734	0
788	640	-465.6854	0	52448.0725	0
789	640	-465.6852	0	52448.0712	0
790	640	-465.6853	0	52448.0706	0
791	640	-465.6855	0	52448.0724	0
792	640	-465.6855	0	52448.0722	0
793	640	-465.6854	0	52448.0711	0
794	640	-465.6853	0	52448.0698	0
795	640	-465.6854	0	52448.0693	0
796	640	-465.6854	0	52448.0681	0
797	640	-465.6854	0	52448.0677	0
798	640	-465.6853	0	52448.0676	0
799	640	-465.6851	0	52448.0677	0
800	640	-465.6850	0	52448.0677	0
801	640	-465.6847	0	52448.0668	0
802	640	-465.6846	0	52448.0675	0
803	640	-465.6845	0	52448.0668	0
804	640	-465.6842	0	52448.0667	0
805	640	-465.6841	0	52448.0656	0
806	640	-465.6840	0	52448.0663	0
807	640	-465.6838	0	52448.0666	0
808	640	-465.6840	0	52448.0676	0
809	640	-465.6840	0	52448.0681	0
810	640	-465.6841	0	52448.0692	0
811	640	-465.6841	0	52448.0696	0
812	640	-465.6843	0	52448.0707	0
813	640	-465.6841	0	52448.0712	0
814	640	-465.6842	0	52448.0713	0
815	640	-465.6839	0	52448.0715	0
816	640	-465.6839	0	52448.0695	0
817	640	-465.6839	0	52448.0688	0
818	640	-465.6838	0	52448.0705	0
819	640	-465.6837	0	52448.0692	0
820	640	-465.6837	0	52448.0687	0
821	640	-465.6837	0	52448.0685	0
822	640	-465.6837	0	52448.0684	0
823	640	-465.6837	0	52448.0674	0
824	640	-465.6838	0	52448.0690	0
825	640	-465.6839	0	52448.0705	0
826	640	-465.6839	0	52448.0712	0
827	640	-465.6839	0	52448.0714	0
828	640	-465.6837	0	52448.0705	0
829	640	-465.6838	0	52448.0712	0
830	640	-465.6838	0	52448.0714	0
831	640	-465.6838	0	52448.0715	0
832	640	-465.6838	0	52448.0715	0
833	640	-465.6838	0	52448.0725	0
834	640	-465.6838	0	52448.0719	0
835	640	-465.6836	0	52448.0707	0
836	640	-465.6835	0	52448.0693	0
837	640	-465.6835	0	52448.0717	0
838	640	-465.6835	0	52448.0726	0
839	640	-465.6833	0	52448.0711	0
840	640	-465.6832	0	52448.0704	0
841	640	-465.6832	0	52448.0692	0
842	640	-465.6833	0	52448.0697	0
843	640	-465.6830	0	52448.0690	0
844	640	-465.6830	0	52448.0688	0
845	640	-465.6829	0	52448.0677	0
846	640	-465.6829	0	52448.0683	0
847	640	-465.6829	0	52448.0685	0
848	640	-465.6830	0	52448.0686	0
849	640	-465.6828	0	52448.0687	0
850	640	-465.6829	0	52448.0697	0
851	640	-465.6831	0	52448.0690	0
852	640	-465.6829	0	52448.0678	0
853	640	-465.6829	0	52448.0664	0
854	640	-465.6830	0	52448.0668	0
855	640	-465.6830	0	52448.0670	0
856	640	-465.6830	0	52448.0671	0
857	640	-465.6831	0	52448.0681	0
858	640	-465.6831	0	52448.0685	0
859	640	-465.6830	0	52448.0687	0
860	640	-465.6831	0	52448.0686	0
861	640	-465.6831	0	52448.0677	0
862	640	-465.6831	0	52448.0663	0
863	640	-465.6830	0	52448.0658	0
864	640	-465.6827	0	52448.0648	0
865	640	-465.6826	0	52448.0644	0
866	640	-465.6827	0	52448.0652	0
867	640	-465.6829	0	52448.0675	0
868	640	-465.6829	0	52448.0683	0
869	640	-465.6827	0	52448.0677	0
870	640	-465.6825	0	52448.0676	0
871	640	-465.6824	0	52448.0675	0
872	640	-465.6822	0	52448.0665	0
873	640	-465.6821	0	52448.0672	0
874	640	-465.6820	0	52448.0674	0
875	640	-465.6819	0	52448.0675	0
876	640	-465.6819	0	52448.0676	0
877	640	-465.6819	0	52448.0676	0
878	640	-465.6820	0	52448.0676	0
879	640	-465.6821	0	52448.0685	0
880	640	-465.6821	0	52448.0679	0
881	640	-465.6820	0	52448.0677	0
882	640	-465.6820	0	52448.0676	0
883	640	-465.6821	0	52448.0685	0
884	640	-465.6821	0	52448.0689	0
885	640	-465.6821	0	52448.0690	0
886	640	-465.6822	0	52448.0691	0
887	640	-465.6823	0	52448.0700	0
888	640	-465.6822	0	52448.0694	0
889	640	-465.6822	0	52448.0692	0
890	640	-465.6824	0	52448.0710	0
891	640	-465.6825	0	52448.0717	0
892	640	-465.6825	0	52448.0719	0
893	640	-465.6825	0	52448.0720	0
894	640	-465.6825	0	52448.0710	0
895	640	-465.6825	0	52448.0707	0
896	640	-465.6823	0	52448.0676	0
897	640	-465.6822	0	52448.0665	0
901	640	-465.6821	0	52448.0646	0
902	640	-465.6821	0	52448.0645	0
903	640	-465.6821	0	52448.0644	0
904	640	-465.6820	0	52448.0644	0
905	640	-465.6820	0	52448.0634	0
906	640	-465.6820	0	52448.0641	0
907	640	-465.6821	0	52448.0643	0
908	640	-465.6822	0	52448.0653	0
909	640	-465.6822	0	52448.0648	0
910	640	-465.6820	0	52448.0646	0
911	640	-465.6820	0	52448.0645	0
912	640	-465.6817	0	52448.0646	0
913	640	-465.6815	0	52448.0647	0
914	640	-465.6814	0	52448.0657	0
915	640	-465.6814	0	52448.0661	0
916	640	-465.6813	0	52448.0673	0
917	640	-465.6814	0	52448.0677	0
918	640	-465.6815	0	52448.0678	0
919	640	-465.6815	0	52448.0688	0
920	640	-465.6819	0	52448.0701	0
921	640	-465.6819	0	52448.0696	0
922	640	-465.6820	0	52448.0713	0
923	640	-465.6819	0	52448.0710	0
924	640	-465.6817	0	52448.0710	0
925	640	-465.6817	0	52448.0719	0
926	640	-465.6817	0	52448.0712	0
927	640	-465.6818	0	52448.0719	0
928	640	-465.6818	0	52448.0732	0
929	640	-465.6816	0	52448.0727	0
930	640	-465.6816	0	52448.0725	0
931	640	-465.6816	0	52448.0724	0
932	640	-465.6814	0	52448.0724	0
933	640	-465.6814	0	52448.0734	0
934	640	-465.6814	0	52448.0727	0
935	640	-465.6812	0	52448.0726	0
936	640	-465.6812	0	52448.0725	0
937	640	-465.6813	0	52448.0724	0
938	640	-465.6814	0	52448.0723	0
939	640	-465.6814	0	52448.0723	0
940	640	-465.6813	0	52448.0723	0
941	640	-465.6813	0	52448.0723	0
942	640	-465.6811	0	52448.0714	0
943	640	-465.6810	0	52448.0701	0
944	640	-465.6810	0	52448.0696	0
945	640	-465.6810	0	52448.0704	0
946	640	-465.6808	0	52448.0688	0
947	640	-465.6806	0	52448.0682	0
948	640	-465.6806	0	52448.0680	0
949	640	-465.6806	0	52448.0680	0
950	640	-465.6806	0	52448.0689	0
951	640	-465.6804	0	52448.0684	0
952	640	-465.6802	0	52448.0682	0
953	640	-465.6801	0	52448.0672	0
954	640	-465.6799	0	52448.0668	0
955	640	-465.6797	0	52448.0658	0
956	640	-465.6798	0	52448.0653	0
957	640	-465.6796	0	52448.0643	0
958	640	-465.6797	0	52448.0638	0
959	640	-465.6798	0	52448.0646	0
960	640	-465.6798	0	52448.0640	0
961	640	-465.6798	0	52448.0638	0
962	640	-465.6798	0	52448.0637	0
963	640	-465.6798	0	52448.0637	0
964	640	-465.6798	0	52448.0647	0
965	640	-465.6798	0	52448.0650	0
966	640	-465.6797	0	52448.0632	0
967	640	-465.6798	0	52448.0635	0
968	640	-465.6798	0	52448.0636	0
969	640	-465.6797	0	52448.0627	0
970	640	-465.6797	0	52448.0624	0
971	640	-465.6797	0	52448.0622	0
972	640	-465.6796	0	52448.0612	0
973	640	-465.6796	0	52448.0609	0
974	640	-465.6796	0	52448.0617	0
975	640	-465.6796	0	52448.0621	0
976	640	-465.6796	0	52448.0622	0
977	640	-465.6795	0	52448.0613	0
978	640	-465.6796	0	52448.0619	0
979	640	-465.6797	0	52448.0621	0
980	640	-465.6798	0	52448.0632	0
981	640	-465.6800	0	52448.0646	0
982	640	-465.6800	0	52448.0641	0
983	640	-465.6800	0	52448.0649	0
984	640	-465.6802	0	52448.0661	0
985	640	-465.6804	0	52448.0665	0
986	640	-465.6805	0	52448.0667	0
987	640	-465.6806	0	52448.0667	0
988	640	-465.6807	0	52448.0667	0
989	640	-465.6808	0	52448.0666	0
990	640	-465.6808	0	52448.0666	0
991	640	-465.6812	0	52448.0684	0
992	640	-465.6814	0	52448.0691	0
993	640	-465.6817	0	52448.0703	0
994	640	-465.6816	0	52448.0717	0
995	640	-465.6818	0	52448.0722	0
996	640	-465.6820	0	52448.0723	0
997	640	-465.6821	0	52448.0713	0
998	640	-465.6825	0	52448.0718	0
999	640	-465.6829	0	52448.0718	0
1000	640	-465.6832	0	52448.0718	0
1001	640	-465.6836	0	52448.0727	0
1002	640	-465.6841	0	52448.0748	0
1003	640	-465.6845	0	52448.0755	0
1004	640	-465.6847	0	52448.0748	0
1005	640	-465.6849	0	52448.0735	0
1006	640	-465.6852	0	52448.0728	0
1007	640	-465.6854	0	52448.0726	0
1008	640	-465.6858	0	52448.0743	0
1009	640	-465.6861	0	52448.0749	0
1010	640	-465.6863	0	52448.0751	0
1011	640	-465.6865	0	52448.0761	0
1012	640	-465.6866	0	52448.0764	0
1013	640	-465.6867	0	52448.0784	0
1014	640	-465.6868	0	52448.0782	0
1015	640	-465.6868	0	52448.0781	0
1016	640	-465.6867	0	52448.0771	0
1017	640	-465.6867	0	52448.0767	0
1018	640	-465.6864	0	52448.0747	0
1019	640	-465.6863	0	52448.0739	0
1020	640	-465.6862	0	52448.0717	0
