33	643	-472.3906	0	52463.4536	0
34	643	-472.5514	0	52463.3660	0
35	643	-472.6783	0	52463.2739	0
36	643	-472.7701	0	52463.1983	0
37	643	-472.7865	0	52463.1540	0
38	643	-472.7841	0	52463.1213	0
39	643	-472.7404	0	52463.0965	0
40	643	-472.7504	0	52463.0434	0
41	643	-472.7418	0	52462.9826	0
42	643	-472.7288	0	52462.9362	0
43	643	-472.7095	0	52462.8904	0
44	643	-472.6834	0	52462.8570	0
45	643	-472.6630	0	52462.8217	0
46	643	-472.6511	0	52462.7788	0
47	643	-472.6587	0	52462.7248	0
48	643	-472.6585	0	52462.6679	0
49	643	-472.6445	0	52462.6167	0
50	643	-472.6152	0	52462.5689	0
51	643	-472.5510	0	52462.5440	0
52	643	-472.4791	0	52462.5277	0
53	643	-472.4122	0	52462.5013	0
54	643	-472.3555	0	52462.4573	0
55	643	-472.3173	0	52462.3915	0
56	643	-472.2929	0	52462.3226	0
57	643	-472.2497	0	52462.2743	0
58	643	-472.2004	0	52462.2535	0
59	643	-472.1687	0	52462.2155	0
60	643	-472.1444	0	52462.1706	0
61	643	-472.1478	0	52462.1001	0
62	643	-472.1421	0	52462.0280	0
63	643	-472.1208	0	52461.9763	0
64	643	-472.0949	0	52461.9258	0
65	643	-472.0545	0	52461.8905	0
66	643	-471.9885	0	52461.8702	0
67	643	-471.9360	0	52461.8257	0
68	643	-471.8805	0	52461.7794	0
69	643	-471.8483	0	52461.7158	0
70	643	-471.8141	0	52461.6600	0
71	643	-471.7725	0	52461.6152	0
72	643	-471.7321	0	52461.5951	0
73	643	-471.6903	0	52461.5707	0
74	643	-471.6772	0	52461.5061	0
75	643	-471.6677	0	52461.4405	0
76	643	-471.6456	0	52461.3831	0
77	643	-471.6009	0	52461.3304	0
78	643	-471.5121	0	52461.3119	0
79	643	-471.4714	0	52461.3003	0
80	643	-471.4485	0	52461.2620	0
81	643	-471.4229	0	52461.1850	0
82	643	-471.3854	0	52461.1158	0
83	643	-471.3473	0	52461.0118	0
84	643	-471.3046	0	52460.9614	0
85	643	-471.2701	0	52460.9086	0
86	643	-471.2441	0	52460.8160	0
87	643	-471.2373	0	52460.6745	0
88	643	-471.2321	0	52460.4978	0
89	643	-471.2254	0	52460.3381	0
90	643	-471.2019	0	52460.2506	0
91	643	-471.1508	0	52460.2016	0
92	643	-471.1314	0	52460.1537	0
93	643	-471.1152	0	52460.0669	0
94	643	-471.1005	0	52459.9309	0
95	643	-471.0852	0	52459.6990	0
96	643	-471.0741	0	52459.5635	0
97	643	-471.0684	0	52459.5089	0
98	643	-471.0557	0	52459.4588	0
99	643	-471.0567	0	52459.3745	0
100	643	-471.0741	0	52459.2485	0
101	643	-471.0908	0	52459.0444	0
102	643	-471.1025	0	52458.8889	0
103	643	-471.0870	0	52458.8014	0
104	643	-471.0650	0	52458.7567	0
105	643	-471.0705	0	52458.7153	0
106	643	-471.0656	0	52458.5946	0
107	643	-471.0732	0	52458.4495	0
108	643	-471.0770	0	52458.2571	0
109	643	-471.0782	0	52458.1219	0
110	643	-471.0881	0	52458.0653	0
111	643	-471.0894	0	52458.0007	0
112	643	-471.1087	0	52457.9301	0
113	643	-471.1475	0	52457.7966	0
114	643	-471.1870	0	52457.5994	0
115	643	-471.2086	0	52457.4476	0
116	643	-471.2172	0	52457.3648	0
117	643	-471.2214	0	52457.3283	0
118	643	-471.2140	0	52457.2692	0
119	643	-471.2197	0	52457.1274	0
120	643	-471.2170	0	52456.9116	0
121	643	-471.2224	0	52456.7491	0
122	643	-471.2193	0	52456.6510	0
123	643	-471.2175	0	52456.6088	0
124	643	-471.2188	0	52456.5541	0
125	643	-471.2368	0	52456.4499	0
126	643	-471.2585	0	52456.3371	0
127	643	-471.2759	0	52456.1437	0
128	643	-471.2715	0	52456.0095	0
129	643	-471.2642	0	52455.9426	0
130	643	-471.2397	0	52455.9022	0
131	643	-471.2354	0	52455.8348	0
132	643	-471.2261	0	52455.7235	0
133	643	-471.2135	0	52455.5380	0
134	643	-471.1826	0	52455.3939	0
135	643	-471.1579	0	52455.2992	0
136	643	-471.1475	0	52455.2331	0
137	643	-471.1332	0	52455.2261	0
138	643	-471.1319	0	52455.1445	0
139	643	-471.1394	0	52455.0215	0
140	643	-471.1445	0	52454.8104	0
141	643	-471.1375	0	52454.6621	0
142	643	-471.1197	0	52454.5885	0
143	643	-471.0776	0	52454.5329	0
144	643	-471.0516	0	52454.4809	0
145	643	-471.0445	0	52454.3656	0
147	643	-471.0080	0	52454.0179	0
148	643	-471.0029	0	52453.8852	0
149	643	-470.9984	0	52453.8150	0
150	643	-470.9953	0	52453.7419	0
151	643	-471.0003	0	52453.6274	0
152	643	-471.0114	0	52453.4294	0
153	643	-471.0308	0	52453.2770	0
154	643	-471.0331	0	52453.1175	0
155	643	-471.0245	0	52453.0094	0
156	643	-471.0171	0	52452.9615	0
157	643	-471.0034	0	52452.8814	0
158	643	-471.0000	0	52452.7733	0
159	643	-470.9894	0	52452.5572	0
160	643	-470.9863	0	52452.4238	0
161	643	-470.9829	0	52452.3226	0
162	643	-470.9759	0	52452.2905	0
163	643	-470.9836	0	52452.2102	0
164	643	-470.9993	0	52452.1114	0
165	643	-471.0254	0	52451.9162	0
166	643	-471.0233	0	52451.7458	0
167	643	-471.0206	0	52451.6422	0
168	643	-470.9875	0	52451.5827	0
169	643	-470.9559	0	52451.5831	0
170	643	-470.9326	0	52451.4998	0
172	643	-470.9025	0	52451.0540	0
173	643	-470.8780	0	52450.9212	0
174	643	-470.8524	0	52450.8323	0
175	643	-470.8375	0	52450.7896	0
176	643	-470.8291	0	52450.7318	0
177	643	-470.8308	0	52450.6357	0
178	643	-470.8400	0	52450.3964	0
179	643	-470.8395	0	52450.2626	0
180	643	-470.8394	0	52450.1197	0
181	643	-470.8190	0	52450.0093	0
182	643	-470.7998	0	52449.9914	0
183	643	-470.7794	0	52449.9422	0
184	643	-470.7800	0	52449.8608	0
185	643	-470.7620	0	52449.6561	0
186	643	-470.7459	0	52449.5159	0
187	643	-470.7369	0	52449.4690	0
188	643	-470.7229	0	52449.4238	0
189	643	-470.7070	0	52449.3450	0
190	643	-470.7163	0	52449.2147	0
191	643	-470.7252	0	52449.0485	0
192	643	-470.7340	0	52448.9194	0
193	643	-470.7212	0	52448.8080	0
194	643	-470.7008	0	52448.7910	0
195	643	-470.6856	0	52448.7549	0
196	643	-470.6711	0	52448.6941	0
198	643	-470.6387	0	52448.3757	0
199	643	-470.6204	0	52448.2058	0
200	643	-470.6020	0	52448.1681	0
201	643	-470.5827	0	52448.1603	0
202	643	-470.5692	0	52448.0900	0
203	643	-470.5787	0	52447.9738	0
204	643	-470.6020	0	52447.8208	0
205	643	-470.5996	0	52447.6199	0
206	643	-470.5977	0	52447.4352	0
207	643	-470.5723	0	52447.3552	0
208	643	-470.5538	0	52447.3317	0
209	643	-470.5323	0	52447.3110	0
210	643	-470.5229	0	52447.1932	0
211	643	-470.5102	0	52446.9805	0
212	643	-470.5051	0	52446.8264	0
213	643	-470.4894	0	52446.7757	0
214	643	-470.4795	0	52446.7224	0
215	643	-470.4763	0	52446.6479	0
216	643	-470.4791	0	52446.5645	0
217	643	-470.5020	0	52446.4538	0
218	643	-470.5237	0	52446.3742	0
219	643	-470.5306	0	52446.1688	0
220	643	-470.5211	0	52446.0755	0
221	643	-470.4972	0	52445.9672	0
222	643	-470.4766	0	52445.9328	0
224	643	-470.4661	0	52445.4529	0
225	643	-470.4608	0	52445.2480	0
226	643	-470.4519	0	52445.2019	0
227	643	-470.4476	0	52445.1681	0
228	643	-470.4436	0	52445.0762	0
229	643	-470.4656	0	52444.9350	0
230	643	-470.4772	0	52444.7348	0
231	643	-470.4634	0	52444.7103	0
232	643	-470.4491	0	52444.6642	0
233	643	-470.4204	0	52444.6122	0
234	643	-470.3956	0	52444.4681	0
235	643	-470.3763	0	52444.1965	0
236	643	-470.3635	0	52443.8956	0
237	643	-470.3525	0	52443.6507	0
238	643	-470.3395	0	52443.5905	0
239	643	-470.3278	0	52443.5754	0
240	643	-470.3160	0	52443.6232	0
241	643	-470.3303	0	52443.5739	0
242	643	-470.3477	0	52443.3263	0
243	643	-470.3677	0	52443.2342	0
244	643	-470.3818	0	52443.2033	0
245	643	-470.3706	0	52443.1986	0
246	643	-470.3651	0	52443.1313	0
247	643	-470.3499	0	52443.0414	0
248	643	-470.3598	0	52442.7941	0
249	643	-470.3596	0	52442.6818	0
250	643	-470.3699	0	52442.5697	0
251	643	-470.3674	0	52442.4356	0
252	643	-470.3666	0	52442.3897	0
253	643	-470.3668	0	52442.3521	0
254	643	-470.3945	0	52442.2395	0
255	643	-470.4285	0	52442.0981	0
256	643	-470.4284	0	52441.9280	0
257	643	-470.4313	0	52441.7160	0
258	643	-470.4151	0	52441.6694	0
259	643	-470.4036	0	52441.5816	0
260	643	-470.3981	0	52441.4265	0
261	643	-470.3881	0	52441.2713	0
262	643	-470.3885	0	52441.1910	0
263	643	-470.3964	0	52441.0342	0
264	643	-470.3898	0	52440.9034	0
265	643	-470.3866	0	52440.8865	0
266	643	-470.4098	0	52440.7747	0
267	643	-470.4440	0	52440.6532	0
268	643	-470.4725	0	52440.4498	0
269	643	-470.4851	0	52440.2159	0
270	643	-470.4686	0	52440.0553	0
271	643	-470.4658	0	52440.0542	0
272	643	-470.4475	0	52439.9801	0
273	643	-470.4503	0	52439.8462	0
274	643	-470.4457	0	52439.6913	0
275	643	-470.4351	0	52439.5010	0
276	643	-470.4295	0	52439.4618	0
277	643	-470.4277	0	52439.4243	0
278	643	-470.4321	0	52439.3865	0
279	643	-470.4582	0	52439.2315	0
280	643	-470.4860	0	52439.0323	0
281	643	-470.5263	0	52438.8704	0
282	643	-470.5410	0	52438.7283	0
283	643	-470.5469	0	52438.6503	0
284	643	-470.5448	0	52438.5980	0
285	643	-470.5326	0	52438.5270	0
286	643	-470.5355	0	52438.3868	0
287	643	-470.5406	0	52438.2499	0
288	643	-470.5349	0	52438.0866	0
289	643	-470.5492	0	52438.0262	0
290	643	-470.5554	0	52438.0077	0
291	643	-470.5581	0	52437.9166	0
292	643	-470.5850	0	52437.7609	0
293	643	-470.6191	0	52437.6417	0
294	643	-470.6512	0	52437.4155	0
295	643	-470.6691	0	52437.3024	0
296	643	-470.6730	0	52437.2042	0
297	643	-470.6740	0	52437.1405	0
298	643	-470.6698	0	52436.9991	0
299	643	-470.6790	0	52436.7615	0
300	643	-470.6710	0	52436.6159	0
301	643	-470.6717	0	52436.5342	0
302	643	-470.6908	0	52436.4415	0
303	643	-470.7297	0	52436.4059	0
304	643	-470.7602	0	52436.3921	0
305	643	-470.7811	0	52436.2636	0
306	643	-470.8150	0	52436.0211	0
307	643	-470.8312	0	52435.8685	0
308	643	-470.8313	0	52435.7838	0
309	643	-470.8172	0	52435.7274	0
310	643	-470.7952	0	52435.6481	0
311	643	-470.8084	0	52435.6188	0
312	643	-470.7842	0	52435.3891	0
313	643	-470.7519	0	52435.2436	0
314	643	-470.7368	0	52435.1607	0
315	643	-470.7298	0	52435.1337	0
316	643	-470.7258	0	52435.0959	0
317	643	-470.7681	0	52434.8734	0
318	643	-470.7941	0	52434.5890	0
319	643	-470.8088	0	52434.3810	0
320	643	-470.8114	0	52434.2387	0
321	643	-470.8112	0	52434.1917	0
322	643	-470.8107	0	52434.1440	0
323	643	-470.8024	0	52434.0985	0
324	643	-470.8144	0	52433.9079	0
325	643	-470.8129	0	52433.7364	0
326	643	-470.8187	0	52433.6038	0
327	643	-470.8203	0	52433.5241	0
328	643	-470.8317	0	52433.4961	0
329	643	-470.8565	0	52433.4505	0
330	643	-470.8910	0	52433.2531	0
331	643	-470.9308	0	52432.9964	0
332	643	-470.9448	0	52432.8675	0
333	643	-470.9614	0	52432.7848	0
334	643	-470.9745	0	52432.7211	0
335	643	-470.9679	0	52432.7780	0
336	643	-470.9559	0	52432.7683	0
337	643	-470.9449	0	52432.7710	0
338	643	-470.9479	0	52432.5524	0
339	643	-470.9510	0	52432.3619	0
340	643	-470.9408	0	52432.1840	0
341	643	-470.9274	0	52432.1228	0
342	643	-470.9217	0	52432.1044	0
343	643	-470.9314	0	52431.9856	0
344	643	-470.9440	0	52431.7914	0
345	643	-470.9561	0	52431.4537	0
346	643	-470.9568	0	52431.2521	0
347	643	-470.9446	0	52431.1458	0
348	643	-470.9280	0	52431.1537	0
349	643	-470.9100	0	52431.0854	0
350	643	-470.8809	0	52430.9131	0
351	643	-470.8774	0	52430.6129	0
352	643	-470.8640	0	52430.5078	0
353	643	-470.8468	0	52430.5174	0
354	643	-470.8165	0	52430.5308	0
355	643	-470.8075	0	52430.5403	0
356	643	-470.7886	0	52430.4717	0
357	643	-470.8040	0	52430.2450	0
358	643	-470.8061	0	52430.0426	0
359	643	-470.8002	0	52429.8483	0
360	643	-470.7915	0	52429.6591	0
361	643	-470.7484	0	52429.6011	0
362	643	-470.7366	0	52429.5843	0
365	643	-470.6475	0	52429.3791	0
366	643	-470.6163	0	52429.2820	0
367	643	-470.5827	0	52429.2553	0
368	643	-470.5677	0	52429.2088	0
369	643	-470.5515	0	52429.1977	0
370	643	-470.5565	0	52429.0262	0
371	643	-470.5677	0	52428.6683	0
372	643	-470.5553	0	52428.5810	0
373	643	-470.5367	0	52428.4716	0
374	643	-470.5184	0	52428.3517	0
375	643	-470.5018	0	52428.3134	0
376	643	-470.4775	0	52428.2650	0
377	643	-470.4519	0	52428.2111	0
378	643	-470.4386	0	52428.0655	0
379	643	-470.4206	0	52427.9308	0
380	643	-470.4085	0	52427.8416	0
381	643	-470.4077	0	52427.8113	0
382	643	-470.4114	0	52427.8033	0
383	643	-470.4474	0	52427.6188	0
384	643	-470.4885	0	52427.0999	0
385	643	-470.5083	0	52426.8574	0
386	643	-470.5161	0	52426.7273	0
387	643	-470.5018	0	52426.6887	0
388	643	-470.4872	0	52426.8214	0
389	643	-470.4739	0	52426.8314	0
390	643	-470.4918	0	52426.5597	0
391	643	-470.4978	0	52426.3216	0
392	643	-470.4976	0	52426.2840	0
393	643	-470.5089	0	52426.2246	0
394	643	-470.5081	0	52426.3010	0
395	643	-470.5177	0	52426.2861	0
396	643	-470.5696	0	52426.1783	0
397	643	-470.5942	0	52425.7678	0
398	643	-470.6138	0	52425.6100	0
399	643	-470.6273	0	52425.5065	0
400	643	-470.6137	0	52425.5719	0
401	643	-470.6090	0	52425.6007	0
402	643	-470.6198	0	52425.4226	0
403	643	-470.6481	0	52425.0642	0
404	643	-470.6561	0	52424.8830	0
405	643	-470.6520	0	52424.7741	0
406	643	-470.6523	0	52424.7865	0
407	643	-470.6760	0	52424.7904	0
408	643	-470.7251	0	52424.6877	0
409	643	-470.7806	0	52424.3492	0
410	643	-470.7924	0	52424.2757	0
411	643	-470.7974	0	52424.2039	0
412	643	-470.8114	0	52424.2283	0
413	643	-470.8179	0	52424.2401	0
414	643	-470.8144	0	52424.1004	0
415	643	-470.8374	0	52423.7944	0
416	643	-470.8421	0	52423.5310	0
417	643	-470.8657	0	52423.4822	0
418	643	-470.8699	0	52423.5205	0
419	643	-470.8846	0	52423.4853	0
420	643	-470.9257	0	52423.3653	0
421	643	-470.9724	0	52422.9561	0
422	643	-471.0007	0	52422.9586	0
423	643	-471.0123	0	52422.9627	0
424	643	-471.0251	0	52422.9159	0
425	643	-471.0331	0	52423.0037	0
426	643	-471.0413	0	52422.9361	0
427	643	-471.0403	0	52422.8106	0
428	643	-471.0536	0	52422.6598	0
429	643	-471.0560	0	52422.6574	0
430	643	-471.0561	0	52422.5558	0
431	643	-471.0552	0	52422.5209	0
432	643	-471.0540	0	52422.4068	0
433	643	-471.0817	0	52422.2001	0
434	643	-471.1170	0	52421.9594	0
435	643	-471.1112	0	52421.9294	0
436	643	-471.1080	0	52421.8704	0
437	643	-471.1070	0	52421.8514	0
438	643	-471.0914	0	52421.7978	0
439	643	-471.0841	0	52421.5669	0
440	643	-471.0836	0	52421.2098	0
441	643	-471.0696	0	52421.3031	0
442	643	-471.0570	0	52421.1796	0
443	643	-471.0284	0	52421.2515	0
444	643	-471.0164	0	52421.2290	0
445	643	-471.0171	0	52421.2224	0
446	643	-471.0222	0	52420.7832	0
447	643	-471.0208	0	52420.6191	0
448	643	-471.0151	0	52420.4505	0
449	643	-470.9875	0	52420.2854	0
450	643	-470.9527	0	52420.2367	0
451	643	-470.9268	0	52420.2262	0
452	643	-470.9173	0	52420.0560	0
453	643	-470.9154	0	52419.7677	0
454	643	-470.9019	0	52419.6677	0
455	643	-470.8872	0	52419.7519	0
456	643	-470.8691	0	52419.7345	0
457	643	-470.8631	0	52419.6757	0
458	643	-470.8911	0	52419.4748	0
459	643	-470.9300	0	52419.1641	0
460	643	-470.9229	0	52419.1149	0
461	643	-470.9209	0	52419.0410	0
462	643	-470.9154	0	52419.0793	0
463	643	-470.9122	0	52419.0980	0
464	643	-470.8973	0	52419.0537	0
465	643	-470.9072	0	52418.8599	0
466	643	-470.9165	0	52418.6712	0
467	643	-470.9145	0	52418.4856	0
468	643	-470.9008	0	52418.4236	0
469	643	-470.9003	0	52418.4629	0
470	643	-470.9023	0	52418.4805	0
471	643	-470.9332	0	52418.2443	0
472	643	-470.9677	0	52417.9706	0
473	643	-470.9771	0	52417.8117	0
474	643	-470.9832	0	52417.7551	0
475	643	-470.9727	0	52417.7420	0
476	643	-470.9740	0	52417.8618	0
477	643	-470.9479	0	52417.9179	0
478	643	-470.9461	0	52417.7578	0
479	643	-470.9356	0	52417.5798	0
480	643	-470.9370	0	52417.3921	0
481	643	-470.9439	0	52417.2604	0
482	643	-470.9201	0	52417.1614	0
483	643	-470.9016	0	52417.0678	0
484	643	-470.9065	0	52416.9702	0
485	643	-470.9295	0	52416.7444	0
486	643	-470.9447	0	52416.4718	0
487	643	-470.9388	0	52416.4417	0
488	643	-470.9099	0	52416.4413	0
489	643	-470.8863	0	52416.3863	0
490	643	-470.8562	0	52416.5036	0
491	643	-470.8259	0	52416.4286	0
492	643	-470.8016	0	52416.3452	0
493	643	-470.7806	0	52416.0642	0
494	643	-470.7768	0	52416.0237	0
495	643	-470.7638	0	52416.0165	0
496	643	-470.7618	0	52416.0165	0
497	643	-470.7637	0	52416.0175	0
498	643	-470.7749	0	52415.8278	0
499	643	-470.7973	0	52415.5572	0
500	643	-470.7967	0	52415.3978	0
501	643	-470.7858	0	52415.4099	0
502	643	-470.7745	0	52415.1569	0
503	643	-470.7574	0	52415.1371	0
504	643	-470.7374	0	52415.1361	0
505	643	-470.7436	0	52415.0710	0
506	643	-470.7387	0	52414.9845	0
507	643	-470.7321	0	52414.9583	0
508	643	-470.7118	0	52414.7584	0
509	643	-470.7040	0	52414.7521	0
510	643	-470.7023	0	52414.7536	0
511	643	-470.7144	0	52414.6872	0
512	643	-470.7294	0	52414.5285	0
513	643	-470.7584	0	52414.4647	0
514	643	-470.7744	0	52414.3082	0
515	643	-470.7774	0	52414.1845	0
516	643	-470.7672	0	52414.1455	0
517	643	-470.7468	0	52414.1399	0
518	643	-470.7217	0	52413.9422	0
519	643	-470.7201	0	52413.8684	0
520	643	-470.7115	0	52413.7787	0
521	643	-470.7050	0	52413.8173	0
522	643	-470.6940	0	52413.5641	0
523	643	-470.6841	0	52413.2646	0
524	643	-470.6858	0	52413.2938	0
525	643	-470.7084	0	52413.1622	0
526	643	-470.7241	0	52413.0463	0
527	643	-470.7371	0	52412.8651	0
528	643	-470.7401	0	52412.8002	0
529	643	-470.7101	0	52412.6493	0
530	643	-470.6832	0	52412.6016	0
531	643	-470.6581	0	52412.5928	0
532	643	-470.6251	0	52412.5994	0
533	643	-470.5911	0	52412.5411	0
534	643	-470.5838	0	52412.3090	0
535	643	-470.5611	0	52412.0880	0
536	643	-470.5467	0	52411.8647	0
537	643	-470.5435	0	52411.7855	0
538	643	-470.5434	0	52411.6860	0
539	643	-470.5538	0	52411.5064	0
540	643	-470.5910	0	52411.2850	0
541	643	-470.6040	0	52411.2089	0
542	643	-470.6148	0	52411.0366	0
543	643	-470.6162	0	52410.8293	0
544	643	-470.6016	0	52410.6856	0
545	643	-470.5853	0	52410.7146	0
546	643	-470.5883	0	52410.6541	0
547	643	-470.5955	0	52410.4839	0
548	643	-470.6057	0	52410.4238	0
549	643	-470.5938	0	52410.4841	0
550	643	-470.5986	0	52410.2843	0
551	643	-470.6145	0	52410.1332	0
552	643	-470.6201	0	52410.0786	0
553	643	-470.6330	0	52409.9090	0
554	643	-470.6732	0	52409.6088	0
555	643	-470.6885	0	52409.4993	0
556	643	-470.7083	0	52409.4594	0
557	643	-470.7144	0	52409.3728	0
558	643	-470.7019	0	52409.3487	0
559	643	-470.6860	0	52409.4246	0
560	643	-470.6747	0	52409.3045	0
561	643	-470.6788	0	52409.2595	0
562	643	-470.6693	0	52409.0948	0
563	643	-470.6663	0	52409.0356	0
564	643	-470.6518	0	52409.0213	0
565	643	-470.6549	0	52408.8600	0
566	643	-470.6498	0	52408.9623	0
567	643	-470.6665	0	52409.0752	0
568	643	-470.6970	0	52408.9572	0
569	643	-470.7199	0	52408.7567	0
570	643	-470.7389	0	52408.5993	0
571	643	-470.7295	0	52408.3911	0
572	643	-470.7174	0	52408.3969	0
573	643	-470.6976	0	52408.4879	0
574	643	-470.6845	0	52408.4454	0
575	643	-470.6627	0	52408.2793	0
576	643	-470.6418	0	52408.3047	0
577	643	-470.6454	0	52408.1532	0
578	643	-470.6390	0	52408.1002	0
579	643	-470.6396	0	52408.1633	0
580	643	-470.6415	0	52408.1091	0
581	643	-470.6789	0	52407.9982	0
582	643	-470.6782	0	52407.9630	0
583	643	-470.6853	0	52407.7904	0
584	643	-470.6732	0	52407.7326	0
585	643	-470.6663	0	52407.6339	0
586	643	-470.6329	0	52407.6883	0
587	643	-470.6186	0	52407.7119	0
588	643	-470.6051	0	52407.5670	0
589	643	-470.5839	0	52407.6784	0
590	643	-470.5838	0	52407.5589	0
591	643	-470.5697	0	52407.4398	0
592	643	-470.5658	0	52407.3975	0
593	643	-470.5648	0	52407.3831	0
594	643	-470.5910	0	52407.2081	0
595	643	-470.6203	0	52406.8903	0
596	643	-470.6310	0	52406.7746	0
597	643	-470.6101	0	52406.7426	0
598	643	-470.5921	0	52406.8192	0
599	643	-470.5855	0	52406.7684	0
600	643	-470.5749	0	52406.6733	0
601	643	-470.5804	0	52406.5531	0
602	643	-470.5919	0	52406.5092	0
603	643	-470.5854	0	52406.6610	0
604	643	-470.5803	0	52406.5594	0
605	643	-470.5803	0	52406.5219	0
606	643	-470.6394	0	52406.1559	0
607	643	-470.6587	0	52406.0225	0
608	643	-470.6775	0	52405.7185	0
609	643	-470.6845	0	52405.5218	0
610	643	-470.6882	0	52405.4505	0
611	643	-470.6783	0	52405.6032	0
612	643	-470.6566	0	52405.6715	0
613	643	-470.6485	0	52405.7829	0
614	643	-470.6362	0	52405.5773	0
615	643	-470.6147	0	52405.5926	0
616	643	-470.6143	0	52405.2560	0
617	643	-470.6133	0	52404.8731	0
618	643	-470.6026	0	52404.9100	0
619	643	-470.6061	0	52404.7491	0
620	643	-470.6157	0	52404.5164	0
621	643	-470.6179	0	52404.3453	0
622	643	-470.6129	0	52404.1125	0
623	643	-470.5947	0	52404.1226	0
624	643	-470.5615	0	52404.3162	0
625	643	-470.5375	0	52404.0463	0
626	643	-470.5228	0	52404.1274	0
627	643	-470.4932	0	52404.0807	0
628	643	-470.4335	0	52403.9947	0
629	643	-470.4103	0	52403.8764	0
630	643	-470.3850	0	52403.7516	0
631	643	-470.3679	0	52403.8012	0
632	643	-470.3892	0	52403.7254	0
633	643	-470.3938	0	52403.5198	0
634	643	-470.3911	0	52403.4475	0
635	643	-470.3995	0	52403.2424	0
636	643	-470.3820	0	52403.1730	0
637	643	-470.3413	0	52403.0739	0
638	643	-470.4969	0	52401.2088	0
639	643	-470.4226	0	52402.2405	0
640	643	-470.5630	0	52400.6916	0
641	643	-470.6095	0	52399.9405	0
642	643	-470.6386	0	52399.7354	0
643	643	-470.6343	0	52399.6735	0
644	643	-470.6510	0	52399.5617	0
645	643	-470.6839	0	52399.4237	0
646	643	-470.6679	0	52399.6782	0
647	643	-470.6518	0	52399.7942	0
648	643	-470.6460	0	52399.8474	0
649	643	-470.6728	0	52399.5705	0
650	643	-470.6677	0	52399.2814	0
651	643	-470.6803	0	52399.2739	0
652	643	-470.6252	0	52399.7931	0
653	643	-470.4850	0	52400.9118	0
654	643	-470.4007	0	52401.4449	0
655	643	-470.3674	0	52401.5302	0
656	643	-470.3532	0	52401.3643	0
657	643	-470.3469	0	52401.1041	0
658	643	-470.3458	0	52401.0083	0
659	643	-470.3617	0	52400.8702	0
660	643	-470.3805	0	52400.7165	0
661	643	-470.4009	0	52400.5600	0
662	643	-470.3930	0	52400.3130	0
663	643	-470.3928	0	52400.1231	0
664	643	-470.3956	0	52400.2529	0
665	643	-470.3810	0	52400.2099	0
666	643	-470.3687	0	52400.1993	0
667	643	-470.3731	0	52399.9010	0
668	643	-470.3598	0	52399.7948	0
669	643	-470.3524	0	52399.5641	0
670	643	-470.3513	0	52399.4772	0
671	643	-470.3610	0	52399.1486	0
672	643	-470.3872	0	52399.2212	0
673	643	-470.4034	0	52398.9501	0
674	643	-470.4182	0	52398.5457	0
675	643	-470.4203	0	52398.2981	0
676	643	-470.4100	0	52397.9069	0
677	643	-470.3868	0	52397.7732	0
678	643	-470.3598	0	52397.8406	0
679	643	-470.3247	0	52397.7791	0
680	643	-470.3026	0	52397.5569	0
681	643	-470.2900	0	52397.2757	0
682	643	-470.2807	0	52397.1766	0
683	643	-470.2780	0	52397.1424	0
684	643	-470.2843	0	52396.9271	0
685	643	-470.2859	0	52396.8493	0
686	643	-470.2854	0	52396.8277	0
687	643	-470.2940	0	52396.6129	0
688	643	-470.2957	0	52396.4307	0
689	643	-470.3070	0	52396.2559	0
690	643	-470.3096	0	52396.0904	0
691	643	-470.2938	0	52396.0399	0
692	643	-470.2880	0	52395.9207	0
693	643	-470.2793	0	52395.7735	0
694	643	-470.2867	0	52395.5052	0
695	643	-470.3014	0	52395.2969	0
696	643	-470.3074	0	52395.2214	0
697	643	-470.3100	0	52395.2013	0
698	643	-470.3104	0	52395.0887	0
699	643	-470.3388	0	52394.9336	0
700	643	-470.3617	0	52394.7657	0
701	643	-470.3693	0	52394.5981	0
702	643	-470.3722	0	52394.5406	0
703	643	-470.3725	0	52394.4108	0
704	643	-470.3741	0	52394.4792	0
705	643	-470.3717	0	52394.5115	0
706	643	-470.3597	0	52394.3106	0
707	643	-470.3382	0	52394.3556	0
708	643	-470.3427	0	52394.1478	0
709	643	-470.3430	0	52394.0756	0
710	643	-470.3281	0	52394.0562	0
711	643	-470.3414	0	52394.0456	0
712	643	-470.3559	0	52393.8195	0
713	643	-470.3748	0	52393.6181	0
714	643	-470.3825	0	52393.5448	0
715	643	-470.3857	0	52393.5208	0
716	643	-470.3671	0	52393.5264	0
717	643	-470.3455	0	52393.5362	0
718	643	-470.3107	0	52393.6650	0
719	643	-470.2950	0	52393.6059	0
720	643	-470.2795	0	52393.4747	0
721	643	-470.2444	0	52393.5517	0
722	643	-470.2294	0	52393.5834	0
723	643	-470.2150	0	52393.7142	0
724	643	-470.2394	0	52393.6385	0
725	643	-470.2650	0	52393.6064	0
726	643	-470.2842	0	52393.2523	0
727	643	-470.2635	0	52393.2442	0
728	643	-470.2862	0	52393.1174	0
729	643	-470.2661	0	52393.1985	0
730	643	-470.2405	0	52393.2360	0
731	643	-470.2287	0	52393.1385	0
732	643	-470.2173	0	52393.1085	0
733	643	-470.1945	0	52392.9892	0
734	643	-470.1877	0	52392.9475	0
735	643	-470.1811	0	52392.9339	0
736	643	-470.1760	0	52392.8160	0
737	643	-470.1722	0	52392.6585	0
738	643	-470.1844	0	52392.4810	0
739	643	-470.2191	0	52392.4074	0
740	643	-470.2324	0	52392.2642	0
741	643	-470.2201	0	52392.2228	0
742	643	-470.2133	0	52392.0920	0
743	643	-470.2083	0	52392.0489	0
744	643	-470.1773	0	52392.1602	0
745	643	-470.1603	0	52392.0934	0
746	643	-470.1365	0	52392.0756	0
747	643	-470.1280	0	52391.9548	0
748	643	-470.1103	0	52391.9183	0
749	643	-470.0970	0	52391.6712	0
750	643	-470.0958	0	52391.5818	0
751	643	-470.0828	0	52391.5531	0
752	643	-470.0604	0	52391.5552	0
753	643	-470.0485	0	52391.4401	0
754	643	-470.0067	0	52391.4150	0
755	643	-469.9863	0	52391.2896	0
756	643	-469.9301	0	52391.3831	0
757	643	-469.9047	0	52391.4236	0
758	643	-469.8653	0	52391.5714	0
759	643	-469.8323	0	52391.6339	0
760	643	-469.7814	0	52391.6760	0
761	643	-469.7238	0	52391.7036	0
762	643	-469.6841	0	52391.7226	0
763	643	-469.6346	0	52391.7452	0
764	643	-469.5974	0	52391.7604	0
765	643	-469.5675	0	52391.8911	0
766	643	-469.5519	0	52391.8240	0
767	643	-469.5461	0	52391.7994	0
768	643	-469.5442	0	52391.7867	0
769	643	-469.5433	0	52391.7847	0
770	643	-469.5428	0	52391.9032	0
771	643	-469.5432	0	52391.9447	0
772	643	-469.5228	0	52391.9700	0
773	643	-469.5147	0	52391.9800	0
774	643	-469.5117	0	52391.9803	0
775	643	-469.4966	0	52392.1040	0
776	643	-469.4926	0	52392.1504	0
777	643	-469.4918	0	52392.1668	0
778	643	-469.4890	0	52392.1697	0
779	643	-469.4802	0	52392.0588	0
780	643	-469.4769	0	52392.0154	0
781	643	-469.4754	0	52391.9972	0
782	643	-469.4750	0	52391.9930	0
783	643	-469.4747	0	52391.9917	0
784	643	-469.4745	0	52391.9888	0
785	643	-469.4745	0	52391.9889	0
786	643	-469.4745	0	52391.9887	0
787	643	-469.4796	0	52392.1037	0
788	643	-469.4772	0	52392.0318	0
789	643	-469.4764	0	52392.0037	0
790	643	-469.4759	0	52391.9930	0
791	643	-469.4756	0	52391.9925	0
792	643	-469.4753	0	52391.9910	0
793	643	-469.4751	0	52391.9905	0
794	643	-469.4751	0	52391.9902	0
795	643	-469.4748	0	52391.9903	0
796	643	-469.4941	0	52392.1001	0
797	643	-469.4992	0	52392.1420	0
798	643	-469.4969	0	52392.0424	0
799	643	-469.4969	0	52392.1208	0
800	643	-469.4950	0	52392.1507	0
801	643	-469.4928	0	52392.1621	0
802	643	-469.4906	0	52392.1664	0
803	643	-469.4884	0	52392.1681	0
804	643	-469.4762	0	52392.2890	0
805	643	-469.4711	0	52392.3345	0
806	643	-469.4687	0	52392.3506	0
807	643	-469.4674	0	52392.3557	0
808	643	-469.4667	0	52392.3576	0
809	643	-469.4681	0	52392.4730	0
810	643	-469.4678	0	52392.5167	0
811	643	-469.4671	0	52392.5298	0
812	643	-469.4660	0	52392.5360	0
813	643	-469.4650	0	52392.5381	0
814	643	-469.4639	0	52392.5353	0
815	643	-469.4651	0	52392.6503	0
816	643	-469.4624	0	52392.5792	0
817	643	-469.4593	0	52392.4360	0
818	643	-469.4775	0	52392.4873	0
819	643	-469.4804	0	52392.3934	0
820	643	-469.4821	0	52392.4741	0
821	643	-469.4790	0	52392.3900	0
822	643	-469.4771	0	52392.3583	0
823	643	-469.4754	0	52392.3472	0
824	643	-469.4758	0	52392.4595	0
825	643	-469.4746	0	52392.5023	0
826	643	-469.4581	0	52392.6365	0
827	643	-469.4498	0	52392.5738	0
828	643	-469.4471	0	52392.5489	0
829	643	-469.4468	0	52392.5388	0
830	643	-469.4470	0	52392.5347	0
831	643	-469.4544	0	52392.7613	0
832	643	-469.4530	0	52392.7330	0
833	643	-469.4505	0	52392.6064	0
834	643	-469.4501	0	52392.5572	0
835	643	-469.4518	0	52392.6538	0
836	643	-469.4506	0	52392.5752	0
837	643	-469.4405	0	52392.6637	0
838	643	-469.4472	0	52392.5789	0
839	643	-469.4405	0	52392.6640	0
840	643	-469.4385	0	52392.6966	0
841	643	-469.4384	0	52392.7087	0
842	643	-469.4389	0	52392.7116	0
843	643	-469.4476	0	52392.4797	0
844	643	-469.4398	0	52392.3945	0
845	643	-469.4403	0	52392.4771	0
846	643	-469.4333	0	52392.7441	0
847	643	-469.4874	0	52393.2832	0
848	643	-469.4939	0	52393.1475	0
849	643	-469.4659	0	52392.8758	0
853	643	-469.4773	0	52392.8808	0
854	643	-469.4710	0	52392.6410	0
855	643	-469.4802	0	52392.5568	0
856	643	-469.4816	0	52392.5252	0
857	643	-469.4804	0	52392.5156	0
858	643	-469.4516	0	52392.6360	0
859	643	-469.4562	0	52392.5613	0
860	643	-469.4508	0	52392.4210	0
861	643	-469.4417	0	52392.6011	0
862	643	-469.4491	0	52392.5514	0
863	643	-469.4500	0	52392.4194	0
864	643	-469.4508	0	52392.3682	0
865	643	-469.4349	0	52392.3539	0
866	643	-469.4411	0	52392.2319	0
867	643	-469.4618	0	52392.1786	0
868	643	-469.4612	0	52392.3956	0
869	643	-469.4409	0	52392.4862	0
870	643	-469.4305	0	52392.4039	0
871	643	-469.4270	0	52392.3755	0
872	643	-469.4262	0	52392.3631	0
873	643	-469.4092	0	52392.3636	0
874	643	-469.4037	0	52392.4836	0
875	643	-469.3823	0	52392.4190	0
876	643	-469.3757	0	52392.3937	0
877	643	-469.3721	0	52392.3846	0
878	643	-469.3608	0	52392.5010	0
879	643	-469.3569	0	52392.5453	0
880	643	-469.3666	0	52392.4418	0
881	643	-469.3725	0	52392.5165	0
882	643	-469.3615	0	52392.5517	0
883	643	-469.3602	0	52392.6792	0
884	643	-469.3701	0	52392.6070	0
885	643	-469.3732	0	52392.5759	0
886	643	-469.3636	0	52392.6861	0
887	643	-469.3598	0	52392.7272	0
888	643	-469.3563	0	52392.6266	0
889	643	-469.3579	0	52392.7038	0
890	643	-469.3558	0	52392.7336	0
891	643	-469.3533	0	52392.7443	0
892	643	-469.3533	0	52392.8634	0
893	643	-469.3516	0	52392.9052	0
894	643	-469.3324	0	52392.9288	0
895	643	-469.3253	0	52392.9371	0
896	643	-469.3226	0	52392.9396	0
897	643	-469.3193	0	52392.8225	0
898	643	-469.3184	0	52392.8942	0
899	643	-469.3141	0	52392.8076	0
900	643	-469.3217	0	52392.6560	0
901	643	-469.3064	0	52392.6049	0
902	643	-469.3207	0	52392.5795	0
903	643	-469.3142	0	52392.5753	0
904	643	-469.3258	0	52392.5668	0
905	643	-469.3150	0	52392.5697	0
906	643	-469.3056	0	52392.5742	0
907	643	-469.3194	0	52392.5714	0
908	643	-469.3234	0	52392.5688	0
909	643	-469.2944	0	52392.5813	0
910	643	-469.2845	0	52392.7040	0
911	643	-469.2800	0	52392.7493	0
912	643	-469.2609	0	52392.7718	0
913	643	-469.2670	0	52392.7756	0
914	643	-469.2593	0	52392.8943	0
915	643	-469.2399	0	52392.9460	0
916	643	-469.2346	0	52392.9641	0
917	643	-469.2414	0	52392.8513	0
918	643	-469.2437	0	52392.8088	0
919	643	-469.2343	0	52392.9079	0
920	643	-469.2310	0	52392.9470	0
921	643	-469.2228	0	52392.8482	0
922	643	-469.2114	0	52392.9285	0
923	643	-469.2254	0	52392.9524	0
924	643	-469.2140	0	52392.9661	0
925	643	-469.2108	0	52392.9733	0
926	643	-469.2257	0	52392.8510	0
927	643	-469.2147	0	52392.8145	0
928	643	-469.2149	0	52392.9105	0
929	643	-469.2161	0	52392.9477	0
930	643	-469.2174	0	52392.9616	0
931	643	-469.2188	0	52392.9665	0
932	643	-469.2202	0	52392.9679	0
933	643	-469.2314	0	52392.8495	0
934	643	-469.2258	0	52392.9232	0
935	643	-469.2244	0	52392.9482	0
936	643	-469.2313	0	52392.8412	0
937	643	-469.2352	0	52392.9169	0
938	643	-469.2320	0	52392.8301	0
939	643	-469.2267	0	52392.6868	0
940	643	-469.2243	0	52392.6311	0
941	643	-469.2255	0	52392.7266	0
942	643	-469.2246	0	52392.7629	0
943	643	-469.2210	0	52392.6622	0
944	643	-469.2194	0	52392.6272	0
945	643	-469.2284	0	52392.4938	0
946	643	-469.2309	0	52392.4432	0
947	643	-469.2311	0	52392.4257	0
948	643	-469.2281	0	52392.3050	0
949	643	-469.2267	0	52392.2630	0
950	643	-469.2233	0	52392.2484	0
951	643	-469.2204	0	52392.2438	0
952	643	-469.2180	0	52392.2465	0
953	643	-469.2158	0	52392.2469	0
954	643	-469.1937	0	52392.2589	0
955	643	-469.1943	0	52392.1425	0
956	643	-469.1930	0	52392.0987	0
957	643	-469.1984	0	52392.2018	0
958	643	-469.2081	0	52392.1211	0
959	643	-469.2070	0	52391.9737	0
960	643	-469.2044	0	52391.9233	0
961	643	-469.1953	0	52392.0241	0
962	643	-469.1828	0	52392.1850	0
963	643	-469.1791	0	52392.2453	0
964	643	-469.1787	0	52392.2700	0
965	643	-469.1894	0	52392.1539	0
966	643	-469.2011	0	52391.8762	0
967	643	-469.1961	0	52391.8914	0
968	643	-469.1798	0	52392.0207	0
969	643	-469.1928	0	52392.0642	0
970	643	-469.1708	0	52391.8570	0
971	643	-469.1381	0	52391.6672	0
972	643	-469.1964	0	52390.7382	0
973	643	-469.2815	0	52389.4197	0
974	643	-469.2762	0	52389.7358	0
975	643	-469.2441	0	52390.4915	0
976	643	-469.4114	0	52388.9929	0
977	643	-469.4539	0	52388.4585	0
978	643	-469.3241	0	52390.1128	0
979	643	-469.2457	0	52390.9392	0
980	643	-469.1872	0	52391.7316	0
981	643	-469.1690	0	52392.0118	0
982	643	-469.1647	0	52392.2277	0
983	643	-469.1579	0	52392.1868	0
984	643	-469.1515	0	52392.1703	0
985	643	-469.1401	0	52392.2804	0
986	643	-469.1184	0	52392.3251	0
987	643	-469.1096	0	52392.2216	0
988	643	-469.1083	0	52392.1759	0
989	643	-469.1369	0	52392.1499	0
990	643	-469.1236	0	52392.3803	0
991	643	-469.1193	0	52392.4646	0
992	643	-469.1184	0	52392.4925	0
993	643	-469.1329	0	52392.4964	0
994	643	-469.1244	0	52392.6183	0
995	643	-469.1213	0	52392.6609	0
996	643	-469.1206	0	52392.6746	0
997	643	-469.1106	0	52392.7965	0
998	643	-469.1106	0	52392.9542	0
999	643	-469.1298	0	52393.1206	0
1000	643	-469.1259	0	52393.2970	0
1001	643	-469.1325	0	52393.2431	0
1002	643	-469.1267	0	52393.3379	0
1003	643	-469.1275	0	52393.4824	0
1004	643	-469.1372	0	52393.4164	0
1005	643	-469.1401	0	52393.3899	0
1006	643	-469.1408	0	52393.3780	0
1007	643	-469.1309	0	52393.4880	0
1008	643	-469.1273	0	52393.5265	0
1009	643	-469.1523	0	52393.4150	0
1010	643	-469.1533	0	52393.4890	0
1011	643	-469.1537	0	52393.5138	0
1012	643	-469.1635	0	52393.4058	0
1013	643	-469.1717	0	52393.3622	0
1014	643	-469.1791	0	52393.4563	0
1015	643	-469.1767	0	52393.3798	0
1016	643	-469.1803	0	52393.4626	0
1017	643	-469.1965	0	52393.3721	0
1018	643	-469.2017	0	52393.3383	0
1019	643	-469.2029	0	52393.3263	0
1020	643	-469.2122	0	52393.2019	0
1021	643	-469.2145	0	52393.1564	0
1022	643	-469.2118	0	52393.0277	0
1023	643	-469.2103	0	52392.9802	0
1024	643	-469.2192	0	52392.8415	0
1025	643	-469.2119	0	52392.9105	0
1026	643	-469.2087	0	52392.9383	0
1027	643	-469.2366	0	52392.8269	0
1028	643	-469.2466	0	52392.7824	0
1029	643	-469.2471	0	52392.6538	0
1030	643	-469.2471	0	52392.6083	0
1031	643	-469.2467	0	52392.5906	0
1032	643	-469.2436	0	52392.5868	0
1033	643	-469.2435	0	52392.5887	0
1034	643	-469.2408	0	52392.5894	0
1035	643	-469.2380	0	52392.5942	0
1036	643	-469.2336	0	52392.4801	0
1037	643	-469.2310	0	52392.4375	0
1038	643	-469.2316	0	52392.5417	0
1039	643	-469.2404	0	52392.4609	0
1040	643	-469.2251	0	52392.4372	0
1041	643	-469.2342	0	52392.3079	0
1042	643	-469.2370	0	52392.2598	0
1043	643	-469.2202	0	52392.2523	0
1044	643	-469.2122	0	52392.1331	0
1045	643	-469.2130	0	52392.2043	0
1046	643	-469.2138	0	52392.2345	0
1047	643	-469.2147	0	52392.2446	0
1048	643	-469.2157	0	52392.2518	0
1049	643	-469.2166	0	52392.2530	0
1050	643	-469.2324	0	52392.1308	0
1051	643	-469.2376	0	52392.0883	0
1052	643	-469.2515	0	52391.9504	0
1053	643	-469.2479	0	52392.0188	0
1054	643	-469.2450	0	52391.9293	0
1055	643	-469.2473	0	52392.0165	0
1056	643	-469.2491	0	52392.0473	0
1057	643	-469.2502	0	52392.0602	0
1058	643	-469.2512	0	52392.0639	0
1059	643	-469.2523	0	52392.0690	0
1060	643	-469.2532	0	52392.0696	0
1061	643	-469.2537	0	52392.0701	0
1062	643	-469.2543	0	52392.0703	0
1063	643	-469.2549	0	52392.0704	0
1064	643	-469.2578	0	52392.1867	0
1065	643	-469.2565	0	52392.1148	0
1066	643	-469.2562	0	52392.0870	0
1067	643	-469.2487	0	52392.3127	0
1068	643	-469.2463	0	52392.3979	0
1069	643	-469.2456	0	52392.4285	0
1070	643	-469.2486	0	52392.4376	0
1071	643	-469.2515	0	52392.4400	0
1072	643	-469.2614	0	52392.5522	0
1073	643	-469.2657	0	52392.5947	0
1074	643	-469.2846	0	52392.6000	0
1075	643	-469.2904	0	52392.6031	0
1076	643	-469.2939	0	52392.7163	0
1077	643	-469.2934	0	52392.7600	0
1078	643	-469.2916	0	52392.7771	0
1079	643	-469.2920	0	52392.8947	0
1080	643	-469.2805	0	52393.0559	0
1081	643	-469.2753	0	52393.1176	0
1082	643	-469.2723	0	52393.1360	0
1083	643	-469.2703	0	52393.1431	0
1084	643	-469.2687	0	52393.1456	0
1085	643	-469.2647	0	52393.1429	0
1086	643	-469.2638	0	52393.1429	0
1087	643	-469.2633	0	52393.1395	0
1088	643	-469.2605	0	52393.0259	0
1089	643	-469.2522	0	52392.8677	0
1090	643	-469.2429	0	52393.0376	0
1091	643	-469.2452	0	52392.8732	0
1092	643	-469.2504	0	52392.9239	0
1093	643	-469.2500	0	52392.9443	0
1094	643	-469.2489	0	52392.9506	0
1095	643	-469.2457	0	52392.8391	0
1096	643	-469.2440	0	52392.7975	0
1097	643	-469.2430	0	52392.7819	0
1098	643	-469.2423	0	52392.7762	0
1099	643	-469.2248	0	52392.7841	0
1100	643	-469.2197	0	52392.7853	0
1101	643	-469.2074	0	52392.7893	0
1102	643	-469.1997	0	52392.7910	0
1103	643	-469.1993	0	52392.7931	0
1104	643	-469.2038	0	52392.9065	0
1105	643	-469.2068	0	52392.9496	0
1106	643	-469.2070	0	52392.9649	0
1107	643	-469.2044	0	52392.8576	0
1108	643	-469.2036	0	52392.8161	0
1109	643	-469.2038	0	52392.8001	0
1110	643	-469.2010	0	52392.7953	0
1111	643	-469.1990	0	52392.7939	0
1112	643	-469.1945	0	52392.6793	0
1113	643	-469.1879	0	52392.8721	0
1114	643	-469.1913	0	52392.7084	0
1115	643	-469.1865	0	52392.6498	0
1116	643	-469.1878	0	52392.6294	0
1117	643	-469.2037	0	52392.6135	0
1118	643	-469.1912	0	52392.6157	0
1119	643	-469.3138	0	52391.9910	0
1120	643	-469.3183	0	52391.7672	0
1121	643	-469.3256	0	52391.6833	0
1122	643	-469.3756	0	52391.4034	0
1123	643	-469.3542	0	52391.4320	0
1124	643	-469.3692	0	52391.0817	0
1125	643	-469.3222	0	52391.0942	0
1126	643	-469.3013	0	52390.9822	0
1127	643	-469.2621	0	52390.9575	0
1128	643	-469.2333	0	52390.9575	0
1129	643	-469.2085	0	52390.9662	0
1130	643	-469.1815	0	52390.7390	0
1131	643	-469.1947	0	52390.2839	0
1132	643	-469.0422	0	52391.0266	0
1133	643	-468.9369	0	52391.3236	0
1134	643	-468.8515	0	52391.4545	0
1135	643	-468.7693	0	52391.6441	0
1136	643	-468.6968	0	52391.7273	0
1137	643	-468.6416	0	52391.6509	0
1138	643	-468.6022	0	52391.7476	0
1139	643	-468.5275	0	52391.6889	0
1140	643	-468.4516	0	52391.5623	0
1141	643	-468.3833	0	52391.5338	0
1142	643	-468.3427	0	52391.4061	0
1143	643	-468.3108	0	52391.4864	0
1144	643	-468.2473	0	52391.6559	0
1145	643	-468.1913	0	52391.6127	0
1146	643	-468.1246	0	52391.4975	0
1147	643	-468.0876	0	52391.3368	0
1148	643	-468.0439	0	52391.0499	0
1149	643	-468.0082	0	52390.9493	0
1150	643	-467.9792	0	52391.0429	0
1151	643	-467.9482	0	52391.0871	0
1152	643	-467.8707	0	52391.2510	0
1153	643	-467.8193	0	52391.3234	0
1154	643	-467.7784	0	52391.2374	0
1155	643	-467.7306	0	52391.3408	0
1156	643	-467.6578	0	52391.4003	0
1157	643	-467.6260	0	52391.0669	0
1158	643	-467.5719	0	52391.0766	0
1159	643	-467.5340	0	52390.8479	0
1160	643	-467.4891	0	52390.6522	0
1161	643	-467.4381	0	52390.7164	0
1162	643	-467.4116	0	52390.6223	0
1163	643	-467.3612	0	52390.6062	0
1164	643	-467.3192	0	52390.6122	0
1165	643	-467.2562	0	52390.5137	0
1166	643	-467.1946	0	52390.4926	0
1167	643	-467.1441	0	52390.3749	0
1168	643	-467.0974	0	52389.9717	0
1169	643	-467.0740	0	52389.9515	0
1170	643	-467.0439	0	52389.9570	0
1171	643	-467.0457	0	52389.9558	0
1172	643	-467.0251	0	52389.9661	0
1173	643	-467.0045	0	52389.9782	0
1174	643	-466.9768	0	52389.9968	0
1175	643	-466.9672	0	52390.0039	0
1176	643	-466.9711	0	52389.8797	0
1177	643	-466.9710	0	52390.0838	0
1178	643	-466.9738	0	52390.1625	0
1179	643	-466.9935	0	52390.1870	0
1180	643	-467.0008	0	52390.1938	0
1181	643	-467.0032	0	52390.2010	0
1182	643	-467.0038	0	52390.2009	0
1183	643	-467.0007	0	52390.2058	0
1184	643	-467.0007	0	52390.2056	0
1185	643	-466.9976	0	52390.2067	0
1186	643	-466.9979	0	52390.2064	0
1187	643	-466.9979	0	52390.2063	0
1188	643	-466.9979	0	52390.2062	0
1189	643	-466.9979	0	52390.2061	0
1190	643	-466.9881	0	52390.3361	0
1191	643	-466.9688	0	52390.3900	0
1192	643	-466.9572	0	52390.5328	0
1193	643	-466.9657	0	52390.7023	0
1194	643	-466.9674	0	52390.7668	0
1195	643	-466.9731	0	52390.9091	0
1196	643	-466.9693	0	52390.8426	0
1197	643	-466.9622	0	52390.6930	0
1198	643	-466.9480	0	52390.7620	0
1199	643	-466.9508	0	52390.6625	0
1200	643	-466.9499	0	52390.6239	0
1201	643	-466.9313	0	52390.6163	0
1202	643	-466.9451	0	52390.6049	0
1203	643	-466.9582	0	52390.4776	0
1204	643	-466.9578	0	52390.3066	0
1205	643	-466.9480	0	52390.1251	0
1206	643	-466.9643	0	52390.2919	0
1207	643	-466.9718	0	52390.3576	0
1208	643	-466.9759	0	52390.3826	0
1209	643	-466.9786	0	52390.3938	0
1210	643	-466.9859	0	52390.5169	0
1211	643	-466.9837	0	52390.4452	0
1212	643	-467.0007	0	52390.4086	0
1213	643	-467.0094	0	52390.3935	0
1214	643	-467.0134	0	52390.3872	0
1215	643	-467.0210	0	52390.5084	0
1216	643	-467.0137	0	52390.6784	0
1217	643	-466.9928	0	52390.7488	0
1218	643	-467.0030	0	52390.7665	0
1219	643	-467.0057	0	52390.7721	0
1220	643	-466.9938	0	52390.7783	0
1221	643	-466.9947	0	52390.8996	0
1222	643	-466.9950	0	52390.9443	0
1223	643	-466.9949	0	52390.9606	0
1224	643	-466.9949	0	52390.9631	0
1225	643	-467.0064	0	52390.8387	0
1226	643	-467.0180	0	52390.9115	0
1227	643	-467.0224	0	52390.9356	0
1228	643	-467.0238	0	52390.9430	0
1229	643	-467.0311	0	52390.8238	0
1230	643	-467.0387	0	52390.8975	0
1231	643	-467.0404	0	52390.9236	0
1232	643	-467.0427	0	52390.9348	0
1233	643	-467.0369	0	52391.0585	0
1234	643	-467.0532	0	52391.0997	0
1235	643	-467.0586	0	52391.1135	0
1236	643	-467.0601	0	52391.1172	0
1237	643	-467.0601	0	52391.1182	0
1238	643	-467.0594	0	52391.1209	0
1239	643	-467.0589	0	52391.1169	0
1240	643	-467.0582	0	52391.1169	0
1241	643	-467.0604	0	52391.1158	0
1242	643	-467.0595	0	52391.1160	0
1243	643	-467.0789	0	52391.1085	0
1244	643	-467.0856	0	52391.1021	0
1245	643	-467.0877	0	52391.1012	0
1246	643	-467.0880	0	52391.1010	0
1247	643	-467.0810	0	52391.2239	0
1248	643	-467.0955	0	52391.2640	0
1249	643	-467.0996	0	52391.2786	0
1250	643	-467.0998	0	52391.2838	0
1251	643	-467.0986	0	52391.2828	0
1252	643	-467.0971	0	52391.2834	0
1253	643	-467.0956	0	52391.2844	0
1254	643	-467.0944	0	52391.2855	0
1255	643	-467.0959	0	52391.2819	0
1256	643	-467.0971	0	52391.2821	0
1257	643	-467.0986	0	52391.2820	0
1258	643	-467.0996	0	52391.2785	0
1259	643	-467.1079	0	52391.1556	0
1260	643	-467.1110	0	52391.1088	0
1261	643	-467.1120	0	52391.0925	0
1262	643	-467.1124	0	52391.0837	0
1263	643	-467.1046	0	52390.9641	0
1264	643	-467.1005	0	52390.9201	0
1265	643	-467.1032	0	52391.0234	0
1266	643	-467.1029	0	52391.0663	0
1267	643	-467.1015	0	52391.0815	0
1268	643	-467.0949	0	52390.9685	0
1269	643	-467.0919	0	52390.9254	0
1270	643	-467.0973	0	52390.7861	0
1271	643	-467.0987	0	52390.7369	0
1272	643	-467.0863	0	52390.7236	0
1273	643	-467.0899	0	52390.8386	0
1274	643	-467.1018	0	52390.7554	0
1275	643	-467.1048	0	52390.7250	0
1276	643	-467.1049	0	52390.7182	0
1277	643	-467.1085	0	52390.8343	0
1278	643	-467.1084	0	52390.8790	0
1279	643	-467.1095	0	52390.8958	0
1280	643	-467.1172	0	52390.7781	0
1281	643	-467.1098	0	52390.8589	0
1282	643	-467.1154	0	52390.7661	0
1283	643	-467.1176	0	52390.7301	0
1284	643	-467.1180	0	52390.7168	0
1285	643	-467.1351	0	52390.7070	0
1286	643	-467.1229	0	52390.7090	0
1287	643	-467.1180	0	52390.7107	0
1288	643	-467.1162	0	52390.7145	0
1289	643	-467.1156	0	52390.7140	0
1290	643	-467.1153	0	52390.7135	0
1291	643	-467.1152	0	52390.7166	0
1292	643	-467.1153	0	52390.7161	0
1293	643	-467.1173	0	52390.4710	0
1294	643	-467.1113	0	52390.5062	0
1295	643	-467.1162	0	52390.3915	0
1296	643	-467.1160	0	52390.5980	0
1297	643	-467.1159	0	52390.6752	0
1298	643	-467.1160	0	52390.7049	0
1299	643	-467.1159	0	52390.7173	0
1300	643	-467.1158	0	52390.7213	0
1301	643	-467.1329	0	52390.7146	0
1302	643	-467.1378	0	52390.7126	0
1303	643	-467.1428	0	52390.8320	0
1304	643	-467.1314	0	52390.8825	0
1305	643	-467.1264	0	52390.9006	0
1306	643	-467.1134	0	52390.7900	0
1307	643	-467.1089	0	52390.7464	0
1308	643	-467.1078	0	52390.7309	0
1309	643	-467.1147	0	52390.6006	0
1310	643	-467.1104	0	52390.6761	0
1311	643	-467.1093	0	52390.7031	0
1312	643	-467.1092	0	52390.7142	0
1313	643	-467.1047	0	52390.5971	0
1314	643	-467.1011	0	52390.5544	0
1315	643	-467.0988	0	52390.5416	0
1316	643	-467.0973	0	52390.5363	0
1317	643	-467.0964	0	52390.5351	0
1318	643	-467.0904	0	52390.4148	0
1319	643	-467.0883	0	52390.3699	0
1320	643	-467.0933	0	52390.3506	0
1321	643	-467.0754	0	52390.6009	0
1322	643	-467.1223	0	52390.6746	0
1328	643	-467.1692	0	52391.5589	0
1329	643	-467.1118	0	52390.6560	0
1330	643	-467.0790	0	52390.0917	0
1331	643	-467.0762	0	52390.1322	0
1332	643	-467.0638	0	52390.0292	0
1333	643	-467.0629	0	52389.9902	0
1334	643	-467.0643	0	52389.9760	0
1335	643	-467.0634	0	52389.9741	0
1336	643	-467.0579	0	52389.8521	0
1337	643	-467.0595	0	52389.8059	0
1338	643	-467.0672	0	52389.9143	0
1339	643	-467.0540	0	52389.9601	0
1340	643	-467.0517	0	52389.9802	0
1341	643	-467.0532	0	52389.9853	0
1342	643	-467.0734	0	52389.9832	0
1343	643	-467.0611	0	52389.9886	0
1344	643	-467.0571	0	52389.9902	0
1345	643	-467.0607	0	52390.1158	0
1346	643	-467.0570	0	52390.0405	0
1347	643	-467.0557	0	52390.0111	0
1348	643	-467.0558	0	52389.9996	0
1349	643	-467.0561	0	52389.9988	0
1350	643	-467.0564	0	52389.9970	0
1351	643	-467.0567	0	52389.9962	0
1352	643	-467.0571	0	52389.9959	0
1353	643	-467.0574	0	52389.9956	0
1354	643	-467.0577	0	52389.9955	0
1355	643	-467.0580	0	52389.9953	0
1356	643	-467.0583	0	52389.9952	0
1357	643	-467.0586	0	52389.9989	0
1358	643	-467.0586	0	52389.9989	0
1359	643	-467.0589	0	52389.9987	0
1360	643	-467.0640	0	52390.1202	0
1361	643	-467.0658	0	52390.1658	0
1362	643	-467.0657	0	52390.1829	0
1363	643	-467.0585	0	52390.3143	0
1364	643	-467.0803	0	52390.2279	0
1365	643	-467.0843	0	52390.4449	0
1366	643	-467.0822	0	52390.4044	0
1367	643	-467.0817	0	52390.3877	0
1368	643	-467.0869	0	52390.4998	0
1369	643	-467.0887	0	52390.5428	0
1370	643	-467.0892	0	52390.5538	0
1371	643	-467.0892	0	52390.5591	0
1372	643	-467.0889	0	52390.5607	0
1373	643	-467.0858	0	52390.5621	0
1374	643	-467.0831	0	52390.5592	0
1375	643	-467.0803	0	52390.5598	0
1376	643	-467.0779	0	52390.5603	0
1377	643	-467.0758	0	52390.5607	0
1378	643	-467.0770	0	52390.5562	0
1379	643	-467.0575	0	52390.5634	0
1380	643	-467.0508	0	52390.5657	0
1381	643	-467.0489	0	52390.5661	0
1382	643	-467.0657	0	52390.5594	0
1383	643	-467.0490	0	52390.4434	0
1384	643	-467.0435	0	52390.3990	0
1385	643	-467.0424	0	52390.3825	0
1386	643	-467.0480	0	52390.4936	0
1387	643	-467.0504	0	52390.5369	0
1388	643	-467.0466	0	52390.4329	0
1389	643	-467.0509	0	52390.5139	0
1390	643	-467.0479	0	52390.4240	0
1391	643	-467.0473	0	52390.3895	0
1392	643	-467.0477	0	52390.3767	0
1393	643	-467.0464	0	52390.6172	0
1394	643	-467.0637	0	52390.7015	0
1395	643	-467.0743	0	52390.8522	0
1396	643	-467.0718	0	52390.7890	0
1397	643	-467.0696	0	52390.7647	0
1398	643	-467.0681	0	52390.7545	0
1399	643	-467.0666	0	52390.7513	0
1400	643	-467.0484	0	52390.7535	0
1401	643	-467.0593	0	52390.7491	0
1402	643	-467.0459	0	52390.7544	0
1403	643	-467.0417	0	52390.7526	0
1404	643	-467.0340	0	52390.8770	0
1405	643	-467.0498	0	52390.9171	0
1406	643	-467.0606	0	52391.0511	0
1407	643	-467.0635	0	52391.1008	0
1408	643	-467.0640	0	52391.1159	0
1409	643	-467.0664	0	52391.1208	0
1410	643	-467.0679	0	52391.1224	0
1411	643	-467.0694	0	52391.1189	0
1412	643	-467.0706	0	52391.1187	0
1413	643	-467.0889	0	52391.1080	0
1414	643	-467.0777	0	52391.1123	0
1415	643	-467.0740	0	52391.1137	0
1416	643	-467.0704	0	52391.1113	0
1417	643	-467.0629	0	52390.9933	0
1418	643	-467.0647	0	52391.0683	0
1419	643	-467.0645	0	52391.0970	0
1420	643	-467.0559	0	52390.9867	0
1421	643	-467.0338	0	52390.9535	0
1422	643	-467.0254	0	52390.9416	0
1423	643	-467.0291	0	52390.8142	0
1424	643	-467.0303	0	52390.7659	0
1425	643	-467.0234	0	52390.8736	0
1426	643	-467.0107	0	52390.7951	0
1427	643	-467.0069	0	52390.7686	0
1428	643	-467.0067	0	52390.7582	0
1429	643	-467.0027	0	52390.6348	0
1430	643	-467.0095	0	52390.4621	0
1431	643	-467.0100	0	52390.3985	0
1432	643	-466.9976	0	52390.3809	0
1433	643	-466.9930	0	52390.3791	0
1434	643	-466.9887	0	52390.3781	0
1435	643	-466.9940	0	52390.4992	0
1436	643	-466.9958	0	52390.5486	0
1437	643	-466.9983	0	52390.3196	0
1438	643	-466.9944	0	52390.4835	0
1439	643	-467.0454	0	52391.0118	0
1440	643	-467.0778	0	52391.7959	0
1441	643	-467.0622	0	52391.9815	0
1442	643	-467.0364	0	52391.9412	0
1443	643	-467.0125	0	52391.8067	0
1444	643	-466.9515	0	52391.5325	0
1445	643	-467.0532	0	52391.3767	0
1446	643	-467.0402	0	52391.0954	0
1447	643	-467.0451	0	52390.8624	0
1448	643	-467.0232	0	52390.7843	0
1449	643	-467.0021	0	52390.5168	0
1450	643	-466.9750	0	52390.4245	0
1451	643	-466.9652	0	52390.3923	0
1452	643	-466.9671	0	52390.5038	0
1453	643	-466.9744	0	52390.4228	0
1454	643	-466.9621	0	52390.3986	0
1455	643	-466.9771	0	52390.3841	0
1456	643	-466.9835	0	52390.3800	0
1457	643	-466.9796	0	52390.5038	0
1458	643	-466.9793	0	52390.5516	0
1459	643	-466.9853	0	52390.6923	0
1460	643	-466.9827	0	52390.6229	0
1461	643	-466.9806	0	52390.8436	0
1462	643	-466.9757	0	52390.8045	0
1463	643	-466.9843	0	52390.7865	0
1464	643	-466.9807	0	52390.6588	0
1465	643	-466.9838	0	52390.7318	0
1466	643	-466.9662	0	52390.7666	0
1467	643	-466.9601	0	52390.7762	0
1468	643	-466.9753	0	52390.7755	0
1469	643	-466.9798	0	52390.7754	0
1470	643	-466.9634	0	52390.7820	0
1471	643	-466.9576	0	52390.7840	0
1472	643	-466.9609	0	52390.7822	0
1473	643	-466.9573	0	52390.7815	0
1474	643	-466.9564	0	52390.7836	0
1475	643	-466.9495	0	52390.9071	0
1476	643	-466.9601	0	52390.9468	0
1477	643	-466.9636	0	52390.9634	0
1478	643	-466.9648	0	52390.9694	0
1479	643	-466.9651	0	52390.9682	0
1480	643	-466.9582	0	52391.0911	0
1481	643	-466.9508	0	52391.0187	0
1482	643	-466.9489	0	52390.9895	0
1483	643	-466.9490	0	52390.9773	0
1484	643	-466.9499	0	52390.9727	0
1485	643	-466.9682	0	52390.9633	0
1486	643	-466.9687	0	52390.8413	0
1487	643	-466.9715	0	52390.7949	0
1488	643	-466.9741	0	52390.7743	0
1489	643	-466.9759	0	52390.7688	0
1490	643	-466.9857	0	52390.8860	0
1491	643	-467.0085	0	52390.9233	0
1492	643	-467.0172	0	52390.9341	0
1493	643	-467.0205	0	52390.9396	0
1494	643	-467.0272	0	52391.0606	0
1495	643	-467.0220	0	52391.2297	0
1496	643	-467.0200	0	52391.2930	0
1497	643	-467.0192	0	52391.3151	0
1498	643	-467.0140	0	52391.2035	0
1499	643	-467.0125	0	52391.1570	0
1500	643	-467.0124	0	52391.1400	0
1501	643	-467.0182	0	52391.2529	0
1502	643	-467.0203	0	52391.2957	0
1503	643	-467.0211	0	52391.3083	0
1504	643	-467.0213	0	52391.3144	0
1505	643	-467.0040	0	52391.3232	0
1506	643	-467.0110	0	52391.1973	0
1507	643	-467.0141	0	52391.1507	0
1508	643	-467.0154	0	52391.1335	0
1509	643	-467.0164	0	52391.1274	0
1510	643	-467.0222	0	52391.2406	0
1511	643	-466.9970	0	52391.4154	0
1512	643	-466.9950	0	52391.3590	0
1513	643	-466.9940	0	52391.3358	0
1514	643	-466.9931	0	52391.3273	0
1515	643	-466.9928	0	52391.3247	0
1516	643	-466.9874	0	52391.2043	0
1517	643	-466.9838	0	52391.4007	0
1518	643	-466.9830	0	52391.4715	0
1519	643	-466.9883	0	52391.6161	0
1520	643	-466.9955	0	52391.7860	0
1521	643	-466.9803	0	52391.8563	0
1522	643	-466.9753	0	52391.8806	0
1523	643	-466.9528	0	52392.1333	0
1524	643	-466.9282	0	52392.2303	0
1525	643	-466.9143	0	52392.3852	0
1526	643	-466.9171	0	52392.5560	0
1527	643	-466.8881	0	52392.6259	0
1528	643	-466.8572	0	52392.6576	0
1529	643	-466.8244	0	52392.5552	0
1530	643	-466.7956	0	52392.5225	0
1531	643	-466.7625	0	52392.3979	0
1532	643	-466.7466	0	52392.3492	0
1533	643	-466.7170	0	52392.2207	0
1534	643	-466.7069	0	52391.9351	0
1535	643	-466.6971	0	52391.8299	0
1536	643	-466.6961	0	52391.7882	0
1537	643	-466.6940	0	52391.7753	0
1538	643	-466.6931	0	52391.7733	0
1539	643	-466.6895	0	52391.7749	0
1540	643	-466.6803	0	52391.6602	0
1541	643	-466.6689	0	52391.7417	0
1542	643	-466.6645	0	52391.7752	0
1543	643	-466.6686	0	52391.9033	0
1544	643	-466.6690	0	52391.9544	0
1545	643	-466.6686	0	52391.9725	0
1546	643	-466.6735	0	52392.0982	0
1547	643	-466.6739	0	52392.1447	0
1548	643	-466.6730	0	52392.1622	0
1549	643	-466.6717	0	52392.1686	0
1550	643	-466.6761	0	52392.2864	0
1551	643	-466.6704	0	52392.2121	0
1552	643	-466.6675	0	52392.1843	0
1553	643	-466.6687	0	52392.1724	0
1554	643	-466.6700	0	52392.1672	0
1555	643	-466.6685	0	52392.1657	0
1556	643	-466.6673	0	52392.1651	0
1557	643	-466.6896	0	52392.0379	0
1558	643	-466.6952	0	52391.9901	0
1559	643	-466.7032	0	52392.0890	0
1560	643	-466.6928	0	52392.1333	0
1561	643	-466.6886	0	52392.1485	0
1562	643	-466.6868	0	52392.1540	0
1563	643	-466.6862	0	52392.1583	0
1564	643	-466.6859	0	52392.1582	0
1565	643	-466.6911	0	52392.2731	0
1566	643	-466.6756	0	52392.3229	0
1567	643	-466.6708	0	52392.3410	0
1568	643	-466.6699	0	52392.3469	0
1569	643	-466.6705	0	52392.3483	0
1570	643	-466.6713	0	52392.3481	0
1571	643	-466.6722	0	52392.3474	0
1572	643	-466.6649	0	52392.2318	0
1573	643	-466.6447	0	52392.1907	0
1574	643	-466.6553	0	52392.1699	0
1575	643	-466.6316	0	52392.5291	0
1576	643	-466.6361	0	52392.4224	0
1579	643	-466.7066	0	52391.2776	0
1580	643	-466.7271	0	52391.0922	0
1581	643	-466.7442	0	52391.3836	0
1582	643	-466.8203	0	52390.9879	0
1583	643	-466.7165	0	52391.8582	0
1584	643	-466.6570	0	52392.1936	0
1585	643	-466.6102	0	52392.2057	0
1586	643	-466.6028	0	52392.0852	0
1587	643	-466.5988	0	52392.0388	0
1588	643	-466.5973	0	52392.0212	0
1589	643	-466.5968	0	52392.0160	0
1590	643	-466.5965	0	52392.0121	0
1591	643	-466.5853	0	52392.1337	0
1592	643	-466.5871	0	52391.9425	0
1593	643	-466.5945	0	52391.9833	0
1594	643	-466.6080	0	52391.8776	0
1595	643	-466.6187	0	52391.7143	0
1596	643	-466.6210	0	52391.6547	0
1597	643	-466.6090	0	52391.7587	0
1598	643	-466.6212	0	52391.7895	0
1599	643	-466.6067	0	52391.8102	0
1600	643	-466.6181	0	52391.8125	0
1601	643	-466.6149	0	52391.6968	0
1602	643	-466.6155	0	52391.7751	0
1603	643	-466.6165	0	52391.5641	0
1604	643	-466.6129	0	52391.4852	0
1605	643	-466.5915	0	52391.4644	0
1606	643	-466.5828	0	52391.4579	0
1607	643	-466.5788	0	52391.4595	0
1608	643	-466.5795	0	52391.4591	0
1609	643	-466.5753	0	52391.3402	0
1610	643	-466.5751	0	52391.2981	0
1611	643	-466.5797	0	52391.1594	0
1612	643	-466.5835	0	52391.1095	0
1613	643	-466.5826	0	52391.0918	0
1614	643	-466.5814	0	52391.0867	0
1615	643	-466.5839	0	52390.8452	0
1616	643	-466.6028	0	52390.7463	0
1617	643	-466.6028	0	52390.8383	0
1618	643	-466.6088	0	52390.7498	0
1619	643	-466.6102	0	52390.7189	0
1620	643	-466.6045	0	52390.5877	0
1621	643	-466.6022	0	52390.5426	0
1622	643	-466.6010	0	52390.5276	0
1623	643	-466.6069	0	52390.3978	0
1624	643	-466.6086	0	52390.3524	0
1625	643	-466.6086	0	52390.3358	0
1626	643	-466.6080	0	52390.3347	0
1627	643	-466.6074	0	52390.3332	0
1628	643	-466.6010	0	52390.2169	0
1629	643	-466.6018	0	52390.1699	0
1630	643	-466.6037	0	52390.1557	0
1631	643	-466.6290	0	52390.2671	0
1632	643	-466.6323	0	52390.1873	0
1633	643	-466.6159	0	52390.1675	0
1634	643	-466.6167	0	52390.2797	0
1635	643	-466.6230	0	52390.3237	0
1636	643	-466.6314	0	52390.4595	0
1637	643	-466.6340	0	52390.5134	0
1638	643	-466.6348	0	52390.5312	0
1639	643	-466.6345	0	52390.5381	0
1640	643	-466.6342	0	52390.5395	0
1641	643	-466.6395	0	52390.6605	0
1642	643	-466.6352	0	52390.5867	0
1643	643	-466.6332	0	52390.5584	0
1644	643	-466.6323	0	52390.5477	0
1645	643	-466.6383	0	52390.4155	0
1646	643	-466.6400	0	52390.3667	0
1647	643	-466.6172	0	52390.2359	0
1648	643	-466.6271	0	52390.1799	0
1649	643	-466.6309	0	52390.1594	0
1650	643	-466.6321	0	52390.1533	0
1651	643	-466.6095	0	52390.0364	0
1652	643	-466.6262	0	52390.1070	0
1653	643	-466.6330	0	52389.8901	0
1654	643	-466.6354	0	52389.8065	0
1655	643	-466.6359	0	52389.7770	0
1656	643	-466.6301	0	52389.6451	0
1657	643	-466.6342	0	52389.7223	0
1658	643	-466.6362	0	52389.5020	0
1659	643	-466.6368	0	52389.4185	0
1660	643	-466.6369	0	52389.3925	0
1661	643	-466.6432	0	52389.2549	0
1662	643	-466.6391	0	52389.0835	0
1663	643	-466.6430	0	52389.1437	0
1664	643	-466.6383	0	52389.0480	0
1665	643	-466.6189	0	52389.0169	0
1666	643	-466.6197	0	52388.8811	0
1667	643	-466.6208	0	52388.8311	0
1668	643	-466.6221	0	52388.8156	0
1669	643	-466.6059	0	52388.8158	0
1670	643	-466.6019	0	52388.8188	0
1671	643	-466.6028	0	52388.8223	0
1672	643	-466.6077	0	52388.9504	0
1673	643	-466.5917	0	52389.0075	0
1674	643	-466.5985	0	52388.8994	0
1675	643	-466.6015	0	52388.8556	0
1676	643	-466.6024	0	52388.8427	0
1677	643	-466.6031	0	52388.8399	0
1678	643	-466.6034	0	52388.8372	0
1679	643	-466.6037	0	52388.8399	0
1680	643	-466.6095	0	52388.9639	0
1681	643	-466.6026	0	52388.8878	0
1682	643	-466.6011	0	52388.8615	0
1683	643	-466.6012	0	52388.8498	0
1684	643	-466.6012	0	52388.8453	0
1685	643	-466.6015	0	52388.8435	0
1686	643	-466.5949	0	52388.9758	0
1687	643	-466.6001	0	52388.8919	0
1688	643	-466.5955	0	52388.9926	0
1689	643	-466.6010	0	52388.9010	0
1690	643	-466.5964	0	52388.9947	0
1691	643	-466.6019	0	52388.9008	0
1692	643	-466.6039	0	52388.8658	0
1693	643	-466.6049	0	52388.8518	0
1694	643	-466.6049	0	52388.8490	0
1695	643	-466.6284	0	52388.9643	0
1696	643	-466.6119	0	52388.8927	0
1697	643	-466.5996	0	52388.7400	0
1698	643	-466.6024	0	52388.5486	0
1699	643	-466.6035	0	52388.4811	0
1700	643	-466.6042	0	52388.4558	0
1701	643	-466.5868	0	52388.4547	0
1702	643	-466.5790	0	52388.4552	0
1703	643	-466.5759	0	52388.4569	0
1704	643	-466.5718	0	52388.4624	0
1705	643	-466.5512	0	52388.4705	0
1706	643	-466.5369	0	52388.6074	0
1707	643	-466.5324	0	52388.6574	0
1708	643	-466.5315	0	52388.6749	0
1709	643	-466.5321	0	52388.6841	0
1710	643	-466.5327	0	52388.6861	0
1711	643	-466.5464	0	52388.6814	0
1712	643	-466.5448	0	52388.5547	0
1713	643	-466.5443	0	52388.5077	0
1714	643	-466.5440	0	52388.4910	0
1715	643	-466.5440	0	52388.4849	0
1716	643	-466.5437	0	52388.4801	0
1717	643	-466.5444	0	52388.2230	0
1718	643	-466.5446	0	52388.1290	0
1719	643	-466.5415	0	52388.0948	0
1720	643	-466.5391	0	52388.0838	0
1721	643	-466.5394	0	52388.0795	0
1722	643	-466.5369	0	52388.0842	0
1723	643	-466.5265	0	52387.9593	0
1724	643	-466.5210	0	52387.9160	0
1725	643	-466.5125	0	52387.7726	0
1726	643	-466.5189	0	52387.8451	0
1727	643	-466.5226	0	52387.8758	0
1728	643	-466.5251	0	52387.8865	0
1729	643	-466.5339	0	52387.7611	0
1730	643	-466.5490	0	52387.5810	0
1731	643	-466.5542	0	52387.5118	0
1732	643	-466.5555	0	52387.4909	0
1733	643	-466.5493	0	52387.3536	0
1734	643	-466.5472	0	52387.3066	0
1735	643	-466.5463	0	52387.2918	0
1736	643	-466.5460	0	52387.2852	0
1737	643	-466.5396	0	52387.1581	0
1738	643	-466.5448	0	52386.9754	0
1739	643	-466.5706	0	52387.0327	0
1740	643	-466.5781	0	52387.0557	0
1741	643	-466.5819	0	52387.0694	0
1742	643	-466.5768	0	52386.9442	0
1743	643	-466.5754	0	52386.9015	0
1744	643	-466.5748	0	52386.8841	0
1745	643	-466.5748	0	52386.8817	0
1746	643	-466.5751	0	52386.8794	0
1747	643	-466.5754	0	52386.8828	0
1748	643	-466.5789	0	52386.8814	0
1749	643	-466.5817	0	52386.8845	0
1750	643	-466.5906	0	52387.0133	0
1751	643	-466.5886	0	52386.9365	0
1752	643	-466.5893	0	52386.9047	0
1753	643	-466.5968	0	52387.0219	0
1754	643	-466.6002	0	52387.0656	0
1755	643	-466.6020	0	52387.0816	0
1756	643	-466.5970	0	52386.9618	0
1757	643	-466.5959	0	52386.9140	0
1758	643	-466.5966	0	52386.8957	0
1759	643	-466.6007	0	52386.8874	0
1760	643	-466.6265	0	52386.7430	0
1761	643	-466.6343	0	52386.6888	0
1762	643	-466.6356	0	52386.6705	0
1763	643	-466.6316	0	52386.5338	0
1764	643	-466.6308	0	52386.4858	0
1765	643	-466.6465	0	52386.4614	0
1766	643	-466.6434	0	52386.3225	0
1767	643	-466.6408	0	52386.2710	0
1768	643	-466.6197	0	52386.2647	0
1769	643	-466.6121	0	52386.2617	0
1770	643	-466.6218	0	52386.5281	0
1771	643	-466.6275	0	52386.6255	0
1772	643	-466.6243	0	52386.5321	0
1773	643	-466.6304	0	52386.6259	0
1774	643	-466.6272	0	52386.5305	0
1775	643	-466.6270	0	52386.4971	0
1776	643	-466.6342	0	52386.6131	0
1777	643	-466.6519	0	52386.6505	0
1778	643	-466.6556	0	52386.6654	0
1779	643	-466.6294	0	52386.8139	0
1780	643	-466.6372	0	52386.8623	0
1781	643	-466.6203	0	52386.8869	0
1782	643	-466.6140	0	52386.8988	0
1783	643	-466.6115	0	52386.8975	0
1784	643	-466.6077	0	52386.8984	0
1785	643	-466.6045	0	52386.8997	0
1786	643	-466.6019	0	52386.9009	0
1787	643	-466.6026	0	52386.9009	0
1788	643	-466.6028	0	52387.1602	0
1789	643	-466.5999	0	52387.2609	0
1790	643	-466.5800	0	52387.3048	0
1791	643	-466.5906	0	52387.3126	0
1792	643	-466.5758	0	52387.3187	0
1793	643	-466.5888	0	52387.3136	0
1794	643	-466.5925	0	52387.3122	0
1795	643	-466.5749	0	52387.3154	0
1796	643	-466.5692	0	52387.3178	0
1797	643	-466.5676	0	52387.3145	0
1798	643	-466.5676	0	52387.3146	0
1799	643	-466.5714	0	52387.3132	0
1800	643	-466.5718	0	52387.3091	0
1801	643	-466.5724	0	52387.3089	0
1802	643	-466.5730	0	52387.3087	0
1803	643	-466.5667	0	52387.4418	0
1804	643	-466.5653	0	52387.4879	0
1805	643	-466.5715	0	52387.6339	0
1806	643	-466.5563	0	52387.6944	0
1807	643	-466.5662	0	52387.9696	0
1808	643	-466.5682	0	52388.0725	0
1809	643	-466.5706	0	52388.1050	0
1810	643	-466.5687	0	52388.1181	0
1811	643	-466.5490	0	52388.1261	0
1812	643	-466.5596	0	52388.1218	0
1813	643	-466.5652	0	52388.1156	0
1814	643	-466.5649	0	52388.1156	0
1815	643	-466.5459	0	52388.1191	0
1816	643	-466.5393	0	52388.1177	0
1817	643	-466.5371	0	52388.1185	0
1818	643	-466.5340	0	52388.1157	0
1819	643	-466.5315	0	52388.1166	0
1820	643	-466.5121	0	52388.1242	0
1821	643	-466.4992	0	52387.9964	0
1822	643	-466.4749	0	52387.9571	0
1823	643	-466.4428	0	52388.0806	0
1824	643	-466.4133	0	52388.1353	0
1825	643	-466.3813	0	52388.2916	0
1826	643	-466.3473	0	52388.4866	0
1827	643	-466.3161	0	52388.5681	0
1828	643	-466.2875	0	52388.5997	0
1829	643	-466.2444	0	52388.3666	0
1830	643	-466.2285	0	52388.0181	0
1831	643	-466.1976	0	52387.7688	0
1834	643	-466.0537	0	52387.6801	0
1835	643	-466.0029	0	52387.8213	0
1836	643	-465.9519	0	52387.7547	0
1837	643	-465.9030	0	52387.6118	0
1838	643	-465.8365	0	52387.4501	0
1839	643	-465.8129	0	52387.5242	0
1840	643	-465.7549	0	52387.4423	0
1841	643	-465.6801	0	52387.1743	0
1842	643	-465.5839	0	52386.8372	0
