97	649	-465.7959	0	52447.2647	0
98	649	-465.7958	0	52447.2614	0
99	649	-465.7957	0	52447.2560	0
100	649	-465.7959	0	52447.2499	0
101	649	-465.7963	0	52447.2439	0
102	649	-465.7965	0	52447.2458	0
103	649	-465.7966	0	52447.2467	0
104	649	-465.7970	0	52447.2469	0
105	649	-465.7971	0	52447.2471	0
106	649	-465.7976	0	52447.2356	0
107	649	-465.7981	0	52447.2311	0
108	649	-465.7981	0	52447.2336	0
109	649	-465.7981	0	52447.2384	0
110	649	-465.7986	0	52447.2285	0
111	649	-465.7994	0	52447.2206	0
112	649	-465.7994	0	52447.2217	0
113	649	-465.7995	0	52447.2260	0
114	649	-465.7998	0	52447.2237	0
115	649	-465.8001	0	52447.2190	0
116	649	-465.8008	0	52447.2130	0
117	649	-465.8013	0	52447.2067	0
118	649	-465.8012	0	52447.2085	0
119	649	-465.8012	0	52447.2132	0
120	649	-465.8015	0	52447.2110	0
121	649	-465.8015	0	52447.2102	0
122	649	-465.8018	0	52447.2098	0
123	649	-465.8017	0	52447.2138	0
124	649	-465.8014	0	52447.2193	0
125	649	-465.8014	0	52447.2290	0
126	649	-465.8014	0	52447.2327	0
127	649	-465.8017	0	52447.2300	0
128	649	-465.8016	0	52447.2329	0
129	649	-465.8018	0	52447.2338	0
130	649	-465.8016	0	52447.2343	0
131	649	-465.8018	0	52447.2305	0
132	649	-465.8019	0	52447.2328	0
133	649	-465.8018	0	52447.2299	0
134	649	-465.8016	0	52447.2365	0
135	649	-465.8013	0	52447.2429	0
136	649	-465.8009	0	52447.2528	0
137	649	-465.8010	0	52447.2525	0
138	649	-465.8011	0	52447.2525	0
139	649	-465.8011	0	52447.2523	0
140	649	-465.8009	0	52447.2560	0
141	649	-465.8008	0	52447.2573	0
142	649	-465.8009	0	52447.2614	0
143	649	-465.8009	0	52447.2592	0
144	649	-465.8012	0	52447.2618	0
145	649	-465.8011	0	52447.2664	0
146	649	-465.8009	0	52447.2719	0
147	649	-465.8012	0	52447.2772	0
148	649	-465.8015	0	52447.2753	0
149	649	-465.8019	0	52447.2708	0
150	649	-465.8021	0	52447.2690	0
151	649	-465.8024	0	52447.2680	0
152	649	-465.8026	0	52447.2712	0
153	649	-465.8027	0	52447.2724	0
154	649	-465.8033	0	52447.2688	0
155	649	-465.8032	0	52447.2712	0
156	649	-465.8031	0	52447.2793	0
157	649	-465.8036	0	52447.2783	0
158	649	-465.8040	0	52447.2743	0
159	649	-465.8042	0	52447.2726	0
160	649	-465.8049	0	52447.2680	0
161	649	-465.8051	0	52447.2662	0
162	649	-465.8052	0	52447.2655	0
163	649	-465.8051	0	52447.2726	0
164	649	-465.8053	0	52447.2715	0
165	649	-465.8054	0	52447.2675	0
166	649	-465.8054	0	52447.2659	0
167	649	-465.8052	0	52447.2726	0
168	649	-465.8052	0	52447.2788	0
169	649	-465.8052	0	52447.2810	0
170	649	-465.8055	0	52447.2781	0
171	649	-465.8056	0	52447.2769	0
172	649	-465.8056	0	52447.2765	0
173	649	-465.8054	0	52447.2835	0
174	649	-465.8054	0	52447.2861	0
175	649	-465.8051	0	52447.2873	0
176	649	-465.8052	0	52447.2840	0
177	649	-465.8050	0	52447.2898	0
178	649	-465.8047	0	52447.2957	0
179	649	-465.8044	0	52447.3015	0
180	649	-465.8045	0	52447.3034	0
181	649	-465.8048	0	52447.2971	0
182	649	-465.8048	0	52447.2945	0
183	649	-465.8046	0	52447.3005	0
184	649	-465.8040	0	52447.3067	0
185	649	-465.8037	0	52447.3089	0
186	649	-465.8034	0	52447.3133	0
187	649	-465.8036	0	52447.3147	0
188	649	-465.8034	0	52447.3187	0
189	649	-465.8031	0	52447.3270	0
190	649	-465.8030	0	52447.3300	0
191	649	-465.8029	0	52447.3311	0
192	649	-465.8028	0	52447.3314	0
193	649	-465.8026	0	52447.3349	0
194	649	-465.8026	0	52447.3394	0
195	649	-465.8026	0	52447.3410	0
196	649	-465.8026	0	52447.3415	0
197	649	-465.8023	0	52447.3418	0
198	649	-465.8026	0	52447.3448	0
199	649	-465.8024	0	52447.3493	0
200	649	-465.8024	0	52447.3509	0
201	649	-465.8027	0	52447.3513	0
202	649	-465.8027	0	52447.3514	0
203	649	-465.8028	0	52447.3513	0
204	649	-465.8026	0	52447.3546	0
205	649	-465.8026	0	52447.3590	0
206	649	-465.8026	0	52447.3605	0
207	649	-465.8026	0	52447.3610	0
208	649	-465.8027	0	52447.3643	0
209	649	-465.8026	0	52447.3687	0
210	649	-465.8025	0	52447.3704	0
211	649	-465.8025	0	52447.3741	0
212	649	-465.8025	0	52447.3785	0
213	649	-465.8025	0	52447.3801	0
214	649	-465.8025	0	52447.3806	0
215	649	-465.8023	0	52447.3871	0
216	649	-465.8018	0	52447.3958	0
217	649	-465.8016	0	52447.3990	0
218	649	-465.8018	0	52447.3969	0
219	649	-465.8016	0	52447.3962	0
220	649	-465.8015	0	52447.3958	0
221	649	-465.8011	0	52447.4050	0
222	649	-465.8009	0	52447.4084	0
223	649	-465.8008	0	52447.4095	0
224	649	-465.8007	0	52447.4069	0
225	649	-465.8007	0	52447.4058	0
226	649	-465.8007	0	52447.4053	0
227	649	-465.8007	0	52447.4051	0
228	649	-465.8007	0	52447.4049	0
229	649	-465.8007	0	52447.4048	0
230	649	-465.8007	0	52447.4047	0
231	649	-465.8001	0	52447.4081	0
232	649	-465.7997	0	52447.4154	0
233	649	-465.7996	0	52447.4180	0
234	649	-465.7995	0	52447.4160	0
235	649	-465.7996	0	52447.4182	0
236	649	-465.7995	0	52447.4159	0
237	649	-465.7994	0	52447.4151	0
238	649	-465.7995	0	52447.4177	0
239	649	-465.7992	0	52447.4188	0
240	649	-465.7991	0	52447.4192	0
241	649	-465.7990	0	52447.4194	0
242	649	-465.7988	0	52447.4224	0
243	649	-465.7987	0	52447.4265	0
244	649	-465.7986	0	52447.4250	0
245	649	-465.7987	0	52447.4274	0
246	649	-465.7988	0	52447.4312	0
247	649	-465.7988	0	52447.4325	0
248	649	-465.7989	0	52447.4359	0
249	649	-465.7989	0	52447.4371	0
250	649	-465.7991	0	52447.4344	0
251	649	-465.7991	0	52447.4334	0
252	649	-465.7989	0	52447.4331	0
253	649	-465.7986	0	52447.4360	0
254	649	-465.7986	0	52447.4400	0
255	649	-465.7988	0	52447.4383	0
256	649	-465.7992	0	52447.4375	0
257	649	-465.7993	0	52447.4371	0
258	649	-465.7992	0	52447.4429	0
259	649	-465.7991	0	52447.4450	0
260	649	-465.7993	0	52447.4400	0
261	649	-465.7993	0	52447.4379	0
262	649	-465.7994	0	52447.4401	0
263	649	-465.7992	0	52447.4438	0
264	649	-465.7990	0	52447.4424	0
265	649	-465.7990	0	52447.4419	0
266	649	-465.7992	0	52447.4385	0
267	649	-465.7993	0	52447.4401	0
268	649	-465.7995	0	52447.4435	0
269	649	-465.7993	0	52447.4479	0
270	649	-465.7995	0	52447.4465	0
271	649	-465.7995	0	52447.4459	0
272	649	-465.7995	0	52447.4457	0
273	649	-465.7993	0	52447.4486	0
274	649	-465.7993	0	52447.4497	0
275	649	-465.7992	0	52447.4500	0
276	649	-465.7994	0	52447.4471	0
277	649	-465.7995	0	52447.4460	0
278	649	-465.7994	0	52447.4485	0
279	649	-465.7996	0	52447.4493	0
280	649	-465.7994	0	52447.4497	0
281	649	-465.7995	0	52447.4527	0
282	649	-465.7994	0	52447.4510	0
283	649	-465.7995	0	52447.4531	0
284	649	-465.7993	0	52447.4568	0
285	649	-465.7993	0	52447.4582	0
286	649	-465.7995	0	52447.4585	0
287	649	-465.7996	0	52447.4586	0
288	649	-465.7994	0	52447.4588	0
289	649	-465.7994	0	52447.4615	0
290	649	-465.7993	0	52447.4598	0
291	649	-465.7990	0	52447.4621	0
292	649	-465.7991	0	52447.4571	0
293	649	-465.7989	0	52447.4610	0
294	649	-465.7986	0	52447.4654	0
295	649	-465.7983	0	52447.4672	0
296	649	-465.7984	0	52447.4676	0
297	649	-465.7987	0	52447.4649	0
298	649	-465.7985	0	52447.4640	0
299	649	-465.7983	0	52447.4692	0
300	649	-465.7983	0	52447.4739	0
301	649	-465.7984	0	52447.4757	0
302	649	-465.7983	0	52447.4735	0
303	649	-465.7986	0	52447.4697	0
304	649	-465.7984	0	52447.4712	0
305	649	-465.7982	0	52447.4774	0
306	649	-465.7979	0	52447.4825	0
307	649	-465.7978	0	52447.4844	0
308	649	-465.7980	0	52447.4821	0
309	649	-465.7979	0	52447.4841	0
310	649	-465.7973	0	52447.4878	0
311	649	-465.7972	0	52447.4891	0
312	649	-465.7971	0	52447.4896	0
313	649	-465.7970	0	52447.4870	0
314	649	-465.7967	0	52447.4861	0
315	649	-465.7965	0	52447.4912	0
316	649	-465.7964	0	52447.4932	0
317	649	-465.7963	0	52447.4938	0
318	649	-465.7963	0	52447.4941	0
319	649	-465.7964	0	52447.4914	0
320	649	-465.7962	0	52447.4905	0
321	649	-465.7960	0	52447.4955	0
322	649	-465.7959	0	52447.4974	0
323	649	-465.7957	0	52447.4955	0
324	649	-465.7957	0	52447.4947	0
325	649	-465.7954	0	52447.4946	0
326	649	-465.7953	0	52447.4945	0
327	649	-465.7953	0	52447.4971	0
328	649	-465.7953	0	52447.4980	0
329	649	-465.7955	0	52447.4956	0
330	649	-465.7956	0	52447.4947	0
331	649	-465.7954	0	52447.4970	0
332	649	-465.7951	0	52447.4981	0
333	649	-465.7950	0	52447.4985	0
334	649	-465.7950	0	52447.4986	0
335	649	-465.7950	0	52447.4986	0
336	649	-465.7947	0	52447.4988	0
337	649	-465.7947	0	52447.5014	0
338	649	-465.7947	0	52447.5051	0
339	649	-465.7949	0	52447.5037	0
340	649	-465.7950	0	52447.5031	0
341	649	-465.7951	0	52447.5054	0
342	649	-465.7949	0	52447.5090	0
343	649	-465.7947	0	52447.5157	0
344	649	-465.7946	0	52447.5156	0
345	649	-465.7945	0	52447.5155	0
346	649	-465.7945	0	52447.5155	0
347	649	-465.7945	0	52447.5154	0
348	649	-465.7943	0	52447.5180	0
349	649	-465.7945	0	52447.5188	0
350	649	-465.7948	0	52447.5163	0
351	649	-465.7949	0	52447.5153	0
352	649	-465.7949	0	52447.5150	0
353	649	-465.7948	0	52447.5175	0
354	649	-465.7948	0	52447.5210	0
355	649	-465.7948	0	52447.5224	0
356	649	-465.7948	0	52447.5227	0
357	649	-465.7946	0	52447.5256	0
358	649	-465.7944	0	52447.5318	0
359	649	-465.7944	0	52447.5341	0
360	649	-465.7946	0	52447.5322	0
361	649	-465.7950	0	52447.5338	0
362	649	-465.7950	0	52447.5370	0
363	649	-465.7949	0	52447.5382	0
364	649	-465.7947	0	52447.5412	0
365	649	-465.7945	0	52447.5398	0
366	649	-465.7941	0	52447.5393	0
367	649	-465.7941	0	52447.5416	0
368	649	-465.7939	0	52447.5451	0
369	649	-465.7938	0	52447.5463	0
370	649	-465.7938	0	52447.5492	0
371	649	-465.7938	0	52447.5478	0
372	649	-465.7938	0	52447.5496	0
373	649	-465.7939	0	52447.5527	0
374	649	-465.7939	0	52447.5538	0
375	649	-465.7939	0	52447.5542	0
376	649	-465.7941	0	52447.5517	0
377	649	-465.7942	0	52447.5532	0
378	649	-465.7940	0	52447.5539	0
379	649	-465.7940	0	52447.5565	0
380	649	-465.7941	0	52447.5599	0
381	649	-465.7943	0	52447.5586	0
382	649	-465.7943	0	52447.5580	0
383	649	-465.7944	0	52447.5626	0
384	649	-465.7945	0	52447.5643	0
385	649	-465.7945	0	52447.5649	0
386	649	-465.7945	0	52447.5675	0
387	649	-465.7946	0	52447.5684	0
388	649	-465.7946	0	52447.5711	0
389	649	-465.7944	0	52447.5745	0
390	649	-465.7942	0	52447.5782	0
391	649	-465.7945	0	52447.5770	0
392	649	-465.7949	0	52447.5763	0
393	649	-465.7948	0	52447.5785	0
394	649	-465.7949	0	52447.5816	0
395	649	-465.7949	0	52447.5828	0
396	649	-465.7949	0	52447.5854	0
397	649	-465.7953	0	52447.5791	0
398	649	-465.7953	0	52447.5814	0
399	649	-465.7952	0	52447.5871	0
400	649	-465.7955	0	52447.5890	0
401	649	-465.7958	0	52447.5895	0
402	649	-465.7960	0	52447.5897	0
403	649	-465.7963	0	52447.5895	0
404	649	-465.7963	0	52447.5942	0
405	649	-465.7963	0	52447.5959	0
406	649	-465.7964	0	52447.5964	0
407	649	-465.7964	0	52447.5966	0
408	649	-465.7964	0	52447.5966	0
409	649	-465.7962	0	52447.5989	0
410	649	-465.7963	0	52447.6021	0
411	649	-465.7962	0	52447.6078	0
412	649	-465.7966	0	52447.6074	0
413	649	-465.7968	0	52447.6072	0
414	649	-465.7969	0	52447.6092	0
415	649	-465.7968	0	52447.6123	0
416	649	-465.7968	0	52447.6156	0
417	649	-465.7968	0	52447.6168	0
418	649	-465.7969	0	52447.6194	0
419	649	-465.7973	0	52447.6224	0
420	649	-465.7974	0	52447.6234	0
421	649	-465.7975	0	52447.6259	0
422	649	-465.7975	0	52447.6268	0
423	649	-465.7976	0	52447.6270	0
424	649	-465.7976	0	52447.6292	0
425	649	-465.7977	0	52447.6321	0
426	649	-465.7978	0	52447.6353	0
427	649	-465.7979	0	52447.6364	0
428	649	-465.7979	0	52447.6368	0
429	649	-465.7980	0	52447.6390	0
430	649	-465.7979	0	52447.6420	0
431	649	-465.7982	0	52447.6450	0
432	649	-465.7986	0	52447.6480	0
433	649	-465.7988	0	52447.6492	0
434	649	-465.7991	0	52447.6494	0
435	649	-465.7994	0	52447.6514	0
436	649	-465.7996	0	52447.6563	0
437	649	-465.7997	0	52447.6580	0
438	649	-465.7999	0	52447.6564	0
439	649	-465.8003	0	52447.6576	0
440	649	-465.8003	0	52447.6623	0
441	649	-465.8002	0	52447.6682	0
442	649	-465.8003	0	52447.6682	0
443	649	-465.8006	0	52447.6659	0
444	649	-465.8007	0	52447.6670	0
445	649	-465.8009	0	52447.6694	0
446	649	-465.8011	0	52447.6743	0
447	649	-465.8011	0	52447.6760	0
448	649	-465.8011	0	52447.6767	0
449	649	-465.8010	0	52447.6769	0
450	649	-465.8011	0	52447.6788	0
451	649	-465.8010	0	52447.6837	0
452	649	-465.8009	0	52447.6854	0
453	649	-465.8011	0	52447.6838	0
454	649	-465.8015	0	52447.6850	0
455	649	-465.8017	0	52447.6874	0
456	649	-465.8017	0	52447.6923	0
457	649	-465.8021	0	52447.6919	0
458	649	-465.8023	0	52447.6916	0
459	649	-465.8025	0	52447.6914	0
460	649	-465.8027	0	52447.6951	0
461	649	-465.8028	0	52447.6984	0
462	649	-465.8030	0	52447.7016	0
463	649	-465.8032	0	52447.7006	0
464	649	-465.8035	0	52447.7020	0
465	649	-465.8037	0	52447.7063	0
466	649	-465.8039	0	52447.7098	0
467	649	-465.8039	0	52447.7110	0
468	649	-465.8040	0	52447.7133	0
469	649	-465.8044	0	52447.7120	0
470	649	-465.8046	0	52447.7152	0
471	649	-465.8045	0	52447.7184	0
472	649	-465.8046	0	52447.7213	0
473	649	-465.8048	0	52447.7223	0
474	649	-465.8054	0	52447.7223	0
475	649	-465.8058	0	52447.7240	0
476	649	-465.8058	0	52447.7265	0
477	649	-465.8061	0	52447.7273	0
478	649	-465.8062	0	52447.7275	0
479	649	-465.8064	0	52447.7256	0
480	649	-465.8065	0	52447.7248	0
481	649	-465.8066	0	52447.7282	0
482	649	-465.8063	0	52447.7333	0
483	649	-465.8064	0	52447.7350	0
484	649	-465.8067	0	52447.7337	0
485	649	-465.8068	0	52447.7350	0
486	649	-465.8069	0	52447.7372	0
487	649	-465.8068	0	52447.7417	0
488	649	-465.8066	0	52447.7470	0
489	649	-465.8067	0	52447.7453	0
490	649	-465.8068	0	52447.7464	0
491	649	-465.8066	0	52447.7486	0
492	649	-465.8064	0	52447.7512	0
493	649	-465.8063	0	52447.7521	0
494	649	-465.8066	0	52447.7523	0
495	649	-465.8067	0	52447.7541	0
496	649	-465.8067	0	52447.7547	0
497	649	-465.8064	0	52447.7603	0
498	649	-465.8063	0	52447.7641	0
499	649	-465.8065	0	52447.7636	0
500	649	-465.8066	0	52447.7634	0
501	649	-465.8064	0	52447.7651	0
502	649	-465.8064	0	52447.7674	0
503	649	-465.8063	0	52447.7682	0
504	649	-465.8063	0	52447.7684	0
505	649	-465.8060	0	52447.7686	0
506	649	-465.8060	0	52447.7686	0
507	649	-465.8056	0	52447.7722	0
508	649	-465.8054	0	52447.7752	0
509	649	-465.8052	0	52447.7764	0
510	649	-465.8051	0	52447.7768	0
511	649	-465.8051	0	52447.7785	0
512	649	-465.8049	0	52447.7810	0
513	649	-465.8047	0	52447.7836	0
514	649	-465.8048	0	52447.7827	0
515	649	-465.8048	0	52447.7823	0
516	649	-465.8049	0	52447.7839	0
517	649	-465.8047	0	52447.7878	0
518	649	-465.8047	0	52447.7893	0
519	649	-465.8047	0	52447.7897	0
520	649	-465.8044	0	52447.7900	0
521	649	-465.8045	0	52447.7882	0
522	649	-465.8044	0	52447.7910	0
523	649	-465.8042	0	52447.7953	0
524	649	-465.8041	0	52447.7986	0
525	649	-465.8043	0	52447.7964	0
526	649	-465.8047	0	52447.7937	0
527	649	-465.8047	0	52447.7944	0
528	649	-465.8045	0	52447.7979	0
529	649	-465.8044	0	52447.8026	0
530	649	-465.8043	0	52447.8043	0
531	649	-465.8043	0	52447.8033	0
532	649	-465.8043	0	52447.8029	0
533	649	-465.8043	0	52447.8026	0
534	649	-465.8040	0	52447.8059	0
535	649	-465.8039	0	52447.8087	0
536	649	-465.8038	0	52447.8081	0
537	649	-465.8039	0	52447.8061	0
538	649	-465.8039	0	52447.8087	0
539	649	-465.8037	0	52447.8129	0
540	649	-465.8037	0	52447.8144	0
541	649	-465.8034	0	52447.8134	0
542	649	-465.8035	0	52447.8130	0
543	649	-465.8035	0	52447.8127	0
544	649	-465.8033	0	52447.8127	0
545	649	-465.8031	0	52447.8160	0
546	649	-465.8033	0	52447.8186	0
547	649	-465.8035	0	52447.8179	0
548	649	-465.8036	0	52447.8176	0
549	649	-465.8034	0	52447.8191	0
550	649	-465.8032	0	52447.8213	0
551	649	-465.8031	0	52447.8206	0
552	649	-465.8032	0	52447.8186	0
553	649	-465.8030	0	52447.8179	0
554	649	-465.8029	0	52447.8192	0
555	649	-465.8025	0	52447.8262	0
556	649	-465.8024	0	52447.8287	0
557	649	-465.8027	0	52447.8264	0
558	649	-465.8028	0	52447.8270	0
559	649	-465.8025	0	52447.8290	0
560	649	-465.8022	0	52447.8313	0
561	649	-465.8020	0	52447.8352	0
562	649	-465.8021	0	52447.8351	0
563	649	-465.8022	0	52447.8365	0
564	649	-465.8023	0	52447.8385	0
565	649	-465.8020	0	52447.8423	0
566	649	-465.8021	0	52447.8437	0
567	649	-465.8024	0	52447.8441	0
568	649	-465.8027	0	52447.8456	0
569	649	-465.8027	0	52447.8491	0
570	649	-465.8027	0	52447.8504	0
571	649	-465.8026	0	52447.8538	0
572	649	-465.8028	0	52447.8550	0
573	649	-465.8028	0	52447.8554	0
574	649	-465.8027	0	52447.8584	0
575	649	-465.8026	0	52447.8625	0
576	649	-465.8030	0	52447.8652	0
577	649	-465.8032	0	52447.8676	0
578	649	-465.8035	0	52447.8684	0
579	649	-465.8033	0	52447.8716	0
580	649	-465.8033	0	52447.8756	0
581	649	-465.8032	0	52447.8798	0
582	649	-465.8034	0	52447.8799	0
583	649	-465.8034	0	52447.8798	0
584	649	-465.8033	0	52447.8826	0
585	649	-465.8030	0	52447.8878	0
586	649	-465.8029	0	52447.8897	0
587	649	-465.8031	0	52447.8889	0
588	649	-465.8032	0	52447.8898	0
589	649	-465.8031	0	52447.8916	0
590	649	-465.8032	0	52447.8962	0
591	649	-465.8031	0	52447.9007	0
592	649	-465.8030	0	52447.9023	0
593	649	-465.8029	0	52447.9029	0
594	649	-465.8027	0	52447.9044	0
595	649	-465.8025	0	52447.9077	0
596	649	-465.8023	0	52447.9128	0
597	649	-465.8022	0	52447.9147	0
598	649	-465.8023	0	52447.9140	0
599	649	-465.8022	0	52447.9136	0
600	649	-465.8021	0	52447.9148	0
601	649	-465.8017	0	52447.9180	0
602	649	-465.8015	0	52447.9191	0
603	649	-465.8015	0	52447.9181	0
604	649	-465.8016	0	52447.9176	0
605	649	-465.8018	0	52447.9212	0
606	649	-465.8017	0	52447.9265	0
607	649	-465.8020	0	52447.9270	0
608	649	-465.8023	0	52447.9271	0
609	649	-465.8026	0	52447.9257	0
610	649	-465.8028	0	52447.9276	0
611	649	-465.8028	0	52447.9322	0
612	649	-465.8027	0	52447.9351	0
613	649	-465.8028	0	52447.9349	0
614	649	-465.8028	0	52447.9360	0
615	649	-465.8027	0	52447.9377	0
616	649	-465.8024	0	52447.9421	0
617	649	-465.8026	0	52447.9448	0
618	649	-465.8026	0	52447.9446	0
619	649	-465.8030	0	52447.9442	0
620	649	-465.8032	0	52447.9465	0
621	649	-465.8033	0	52447.9498	0
622	649	-465.8032	0	52447.9522	0
623	649	-465.8029	0	52447.9532	0
624	649	-465.8030	0	52447.9522	0
625	649	-465.8030	0	52447.9530	0
626	649	-465.8027	0	52447.9557	0
627	649	-465.8029	0	52447.9591	0
628	649	-465.8030	0	52447.9602	0
629	649	-465.8033	0	52447.9593	0
630	649	-465.8035	0	52447.9625	0
631	649	-465.8037	0	52447.9660	0
632	649	-465.8038	0	52447.9684	0
633	649	-465.8041	0	52447.9703	0
634	649	-465.8043	0	52447.9674	0
635	649	-465.8046	0	52447.9685	0
636	649	-465.8046	0	52447.9712	0
637	649	-465.8047	0	52447.9745	0
638	649	-465.8053	0	52447.9802	0
639	649	-465.8058	0	52447.9729	0
654	649	-465.8100	0	52448.0007	0
655	649	-465.8104	0	52448.0001	0
656	649	-465.8105	0	52448.0032	0
657	649	-465.8105	0	52448.0065	0
658	649	-465.8109	0	52448.0097	0
659	649	-465.8112	0	52448.0087	0
660	649	-465.8114	0	52448.0070	0
661	649	-465.8114	0	52448.0075	0
662	649	-465.8112	0	52448.0141	0
663	649	-465.8111	0	52448.0176	0
664	649	-465.8111	0	52448.0167	0
665	649	-465.8112	0	52448.0152	0
666	649	-465.8113	0	52448.0146	0
667	649	-465.8111	0	52448.0165	0
668	649	-465.8110	0	52448.0204	0
669	649	-465.8110	0	52448.0207	0
670	649	-465.8114	0	52448.0195	0
671	649	-465.8115	0	52448.0191	0
672	649	-465.8112	0	52448.0221	0
673	649	-465.8108	0	52448.0254	0
674	649	-465.8106	0	52448.0246	0
675	649	-465.8106	0	52448.0231	0
676	649	-465.8106	0	52448.0225	0
677	649	-465.8107	0	52448.0243	0
678	649	-465.8106	0	52448.0271	0
679	649	-465.8107	0	52448.0281	0
680	649	-465.8109	0	52448.0263	0
681	649	-465.8112	0	52448.0265	0
682	649	-465.8110	0	52448.0298	0
683	649	-465.8106	0	52448.0342	0
684	649	-465.8104	0	52448.0348	0
685	649	-465.8103	0	52448.0340	0
686	649	-465.8102	0	52448.0326	0
687	649	-465.8099	0	52448.0332	0
688	649	-465.8097	0	52448.0385	0
689	649	-465.8096	0	52448.0414	0
690	649	-465.8096	0	52448.0414	0
691	649	-465.8096	0	52448.0404	0
692	649	-465.8095	0	52448.0410	0
693	649	-465.8094	0	52448.0433	0
694	649	-465.8091	0	52448.0471	0
695	649	-465.8089	0	52448.0486	0
696	649	-465.8087	0	52448.0491	0
697	649	-465.8085	0	52448.0522	0
698	649	-465.8079	0	52448.0554	0
699	649	-465.8078	0	52448.0595	0
700	649	-465.8077	0	52448.0590	0
701	649	-465.8075	0	52448.0579	0
702	649	-465.8072	0	52448.0613	0
703	649	-465.8067	0	52448.0655	0
704	649	-465.8064	0	52448.0690	0
705	649	-465.8063	0	52448.0693	0
706	649	-465.8063	0	52448.0693	0
707	649	-465.8064	0	52448.0710	0
708	649	-465.8059	0	52448.0728	0
709	649	-465.8056	0	52448.0753	0
710	649	-465.8058	0	52448.0779	0
711	649	-465.8058	0	52448.0788	0
712	649	-465.8057	0	52448.0792	0
713	649	-465.8055	0	52448.0811	0
714	649	-465.8053	0	52448.0855	0
715	649	-465.8052	0	52448.0879	0
716	649	-465.8051	0	52448.0888	0
717	649	-465.8052	0	52448.0890	0
718	649	-465.8048	0	52448.0918	0
719	649	-465.8046	0	52448.0964	0
720	649	-465.8045	0	52448.0998	0
721	649	-465.8045	0	52448.1010	0
722	649	-465.8045	0	52448.1005	0
723	649	-465.8045	0	52448.1028	0
724	649	-465.8040	0	52448.1081	0
725	649	-465.8037	0	52448.1117	0
726	649	-465.8037	0	52448.1121	0
727	649	-465.8038	0	52448.1122	0
728	649	-465.8035	0	52448.1139	0
729	649	-465.8032	0	52448.1179	0
730	649	-465.8033	0	52448.1218	0
731	649	-465.8034	0	52448.1215	0
732	649	-465.8034	0	52448.1213	0
733	649	-465.8033	0	52448.1228	0
734	649	-465.8032	0	52448.1266	0
735	649	-465.8030	0	52448.1297	0
736	649	-465.8030	0	52448.1307	0
737	649	-465.8029	0	52448.1311	0
738	649	-465.8030	0	52448.1327	0
739	649	-465.8030	0	52448.1340	0
740	649	-465.8029	0	52448.1385	0
741	649	-465.8030	0	52448.1384	0
742	649	-465.8031	0	52448.1392	0
743	649	-465.8032	0	52448.1409	0
744	649	-465.8032	0	52448.1439	0
745	649	-465.8029	0	52448.1458	0
746	649	-465.8028	0	52448.1472	0
747	649	-465.8029	0	52448.1476	0
748	649	-465.8030	0	52448.1485	0
749	649	-465.8028	0	52448.1488	0
750	649	-465.8027	0	52448.1520	0
751	649	-465.8027	0	52448.1554	0
752	649	-465.8028	0	52448.1550	0
753	649	-465.8027	0	52448.1556	0
754	649	-465.8023	0	52448.1589	0
755	649	-465.8020	0	52448.1617	0
756	649	-465.8016	0	52448.1642	0
757	649	-465.8013	0	52448.1651	0
758	649	-465.8011	0	52448.1661	0
759	649	-465.8009	0	52448.1680	0
760	649	-465.8003	0	52448.1717	0
761	649	-465.7999	0	52448.1745	0
762	649	-465.7998	0	52448.1755	0
763	649	-465.7997	0	52448.1743	0
764	649	-465.7995	0	52448.1768	0
765	649	-465.7991	0	52448.1792	0
766	649	-465.7988	0	52448.1829	0
767	649	-465.7988	0	52448.1842	0
768	649	-465.7988	0	52448.1853	0
769	649	-465.7987	0	52448.1877	0
770	649	-465.7985	0	52448.1893	0
771	649	-465.7983	0	52448.1920	0
772	649	-465.7987	0	52448.1928	0
773	649	-465.7988	0	52448.1930	0
774	649	-465.7991	0	52448.1943	0
775	649	-465.7991	0	52448.1968	0
776	649	-465.7990	0	52448.2004	0
777	649	-465.7990	0	52448.2024	0
778	649	-465.7992	0	52448.2016	0
779	649	-465.7992	0	52448.2020	0
780	649	-465.7991	0	52448.2034	0
781	649	-465.7991	0	52448.2052	0
782	649	-465.7993	0	52448.2071	0
783	649	-465.7994	0	52448.2064	0
784	649	-465.7997	0	52448.2080	0
785	649	-465.7997	0	52448.2118	0
786	649	-465.7996	0	52448.2139	0
787	649	-465.7996	0	52448.2152	0
788	649	-465.7997	0	52448.2156	0
789	649	-465.7998	0	52448.2157	0
790	649	-465.7998	0	52448.2176	0
791	649	-465.7998	0	52448.2202	0
792	649	-465.7997	0	52448.2243	0
793	649	-465.7997	0	52448.2245	0
794	649	-465.7997	0	52448.2251	0
795	649	-465.7994	0	52448.2272	0
796	649	-465.7990	0	52448.2311	0
797	649	-465.7986	0	52448.2357	0
798	649	-465.7985	0	52448.2373	0
799	649	-465.7985	0	52448.2371	0
800	649	-465.7986	0	52448.2370	0
801	649	-465.7984	0	52448.2400	0
802	649	-465.7985	0	52448.2439	0
803	649	-465.7986	0	52448.2465	0
804	649	-465.7989	0	52448.2467	0
805	649	-465.7992	0	52448.2467	0
806	649	-465.7993	0	52448.2495	0
807	649	-465.7992	0	52448.2528	0
808	649	-465.7993	0	52448.2546	0
809	649	-465.7997	0	52448.2545	0
810	649	-465.7998	0	52448.2549	0
811	649	-465.7998	0	52448.2562	0
812	649	-465.7999	0	52448.2594	0
813	649	-465.8003	0	52448.2605	0
814	649	-465.8009	0	52448.2601	0
815	649	-465.8014	0	52448.2610	0
816	649	-465.8017	0	52448.2629	0
817	649	-465.8019	0	52448.2657	0
818	649	-465.8023	0	52448.2667	0
819	649	-465.8027	0	52448.2663	0
820	649	-465.8030	0	52448.2672	0
821	649	-465.8036	0	52448.2690	0
822	649	-465.8038	0	52448.2723	0
823	649	-465.8041	0	52448.2756	0
824	649	-465.8046	0	52448.2777	0
825	649	-465.8053	0	52448.2773	0
826	649	-465.8059	0	52448.2769	0
827	649	-465.8060	0	52448.2805	0
828	649	-465.8064	0	52448.2832	0
829	649	-465.8066	0	52448.2862	0
830	649	-465.8070	0	52448.2872	0
831	649	-465.8075	0	52448.2874	0
832	649	-465.8077	0	52448.2900	0
833	649	-465.8077	0	52448.2944	0
834	649	-465.8081	0	52448.2964	0
835	649	-465.8084	0	52448.2970	0
836	649	-465.8088	0	52448.2971	0
837	649	-465.8092	0	52448.3000	0
839	649	-465.8094	0	52448.3070	0
840	649	-465.8096	0	52448.3068	0
841	649	-465.8105	0	52448.3041	0
842	649	-465.8110	0	52448.3054	0
843	649	-465.8107	0	52448.3093	0
844	649	-465.8109	0	52448.3111	0
845	649	-465.8110	0	52448.3117	0
846	649	-465.8112	0	52448.3132	0
847	649	-465.8111	0	52448.3170	0
848	649	-465.8109	0	52448.3202	0
849	649	-465.8109	0	52448.3227	0
850	649	-465.8111	0	52448.3231	0
851	649	-465.8114	0	52448.3231	0
852	649	-465.8111	0	52448.3259	0
853	649	-465.8108	0	52448.3304	0
854	649	-465.8110	0	52448.3311	0
855	649	-465.8115	0	52448.3303	0
856	649	-465.8117	0	52448.3308	0
857	649	-465.8119	0	52448.3344	0
858	649	-465.8117	0	52448.3366	0
859	649	-465.8117	0	52448.3374	0
860	649	-465.8116	0	52448.3363	0
861	649	-465.8115	0	52448.3350	0
862	649	-465.8116	0	52448.3344	0
863	649	-465.8115	0	52448.3381	0
864	649	-465.8117	0	52448.3411	0
865	649	-465.8118	0	52448.3426	0
866	649	-465.8121	0	52448.3452	0
867	649	-465.8121	0	52448.3489	0
868	649	-465.8117	0	52448.3532	0
869	649	-465.8115	0	52448.3560	0
870	649	-465.8116	0	52448.3566	0
871	649	-465.8116	0	52448.3567	0
872	649	-465.8114	0	52448.3588	0
873	649	-465.8112	0	52448.3618	0
874	649	-465.8112	0	52448.3645	0
875	649	-465.8114	0	52448.3654	0
876	649	-465.8115	0	52448.3656	0
877	649	-465.8116	0	52448.3676	0
878	649	-465.8115	0	52448.3713	0
879	649	-465.8115	0	52448.3742	0
880	649	-465.8114	0	52448.3756	0
881	649	-465.8115	0	52448.3756	0
882	649	-465.8116	0	52448.3763	0
883	649	-465.8114	0	52448.3791	0
884	649	-465.8112	0	52448.3827	0
885	649	-465.8114	0	52448.3847	0
886	649	-465.8117	0	52448.3857	0
887	649	-465.8120	0	52448.3877	0
888	649	-465.8120	0	52448.3909	0
889	649	-465.8121	0	52448.3934	0
890	649	-465.8120	0	52448.3947	0
891	649	-465.8122	0	52448.3943	0
892	649	-465.8123	0	52448.3948	0
893	649	-465.8118	0	52448.3978	0
894	649	-465.8118	0	52448.4009	0
895	649	-465.8118	0	52448.4026	0
896	649	-465.8119	0	52448.4029	0
897	649	-465.8121	0	52448.4039	0
898	649	-465.8120	0	52448.4059	0
899	649	-465.8116	0	52448.4102	0
900	649	-465.8115	0	52448.4134	0
901	649	-465.8120	0	52448.4132	0
902	649	-465.8121	0	52448.4146	0
903	649	-465.8122	0	52448.4173	0
904	649	-465.8121	0	52448.4205	0
905	649	-465.8124	0	52448.4215	0
906	649	-465.8126	0	52448.4218	0
907	649	-465.8127	0	52448.4225	0
908	649	-465.8128	0	52448.4257	0
909	649	-465.8127	0	52448.4281	0
910	649	-465.8125	0	52448.4293	0
911	649	-465.8126	0	52448.4293	0
912	649	-465.8128	0	52448.4293	0
913	649	-465.8129	0	52448.4310	0
914	649	-465.8126	0	52448.4340	0
915	649	-465.8126	0	52448.4354	0
916	649	-465.8129	0	52448.4364	0
917	649	-465.8131	0	52448.4387	0
918	649	-465.8131	0	52448.4420	0
919	649	-465.8129	0	52448.4458	0
920	649	-465.8129	0	52448.4483	0
921	649	-465.8131	0	52448.4489	0
922	649	-465.8134	0	52448.4489	0
923	649	-465.8134	0	52448.4509	0
924	649	-465.8132	0	52448.4534	0
925	649	-465.8131	0	52448.4568	0
926	649	-465.8133	0	52448.4582	0
927	649	-465.8135	0	52448.4589	0
928	649	-465.8138	0	52448.4604	0
929	649	-465.8137	0	52448.4637	0
930	649	-465.8133	0	52448.4665	0
931	649	-465.8133	0	52448.4678	0
932	649	-465.8135	0	52448.4676	0
933	649	-465.8137	0	52448.4693	0
934	649	-465.8134	0	52448.4731	0
935	649	-465.8131	0	52448.4762	0
936	649	-465.8133	0	52448.4775	0
937	649	-465.8137	0	52448.4771	0
938	649	-465.8140	0	52448.4791	0
939	649	-465.8140	0	52448.4819	0
940	649	-465.8140	0	52448.4839	0
941	649	-465.8142	0	52448.4852	0
942	649	-465.8143	0	52448.4849	0
943	649	-465.8147	0	52448.4861	0
944	649	-465.8145	0	52448.4893	0
945	649	-465.8146	0	52448.4918	0
946	649	-465.8147	0	52448.4931	0
947	649	-465.8151	0	52448.4928	0
948	649	-465.8154	0	52448.4933	0
949	649	-465.8151	0	52448.4957	0
950	649	-465.8150	0	52448.5005	0
951	649	-465.8149	0	52448.5025	0
952	649	-465.8150	0	52448.5027	0
953	649	-465.8150	0	52448.5029	0
954	649	-465.8148	0	52448.5059	0
955	649	-465.8147	0	52448.5087	0
956	649	-465.8148	0	52448.5105	0
957	649	-465.8148	0	52448.5113	0
958	649	-465.8149	0	52448.5113	0
959	649	-465.8147	0	52448.5150	0
960	649	-465.8145	0	52448.5187	0
961	649	-465.8143	0	52448.5214	0
962	649	-465.8142	0	52448.5219	0
963	649	-465.8144	0	52448.5219	0
964	649	-465.8143	0	52448.5237	0
965	649	-465.8140	0	52448.5270	0
966	649	-465.8140	0	52448.5297	0
967	649	-465.8140	0	52448.5299	0
968	649	-465.8141	0	52448.5301	0
969	649	-465.8143	0	52448.5321	0
970	649	-465.8141	0	52448.5356	0
971	649	-465.8139	0	52448.5381	0
972	649	-465.8140	0	52448.5395	0
973	649	-465.8141	0	52448.5396	0
974	649	-465.8140	0	52448.5410	0
975	649	-465.8138	0	52448.5435	0
976	649	-465.8139	0	52448.5456	0
977	649	-465.8141	0	52448.5470	0
978	649	-465.8143	0	52448.5473	0
979	649	-465.8143	0	52448.5493	0
980	649	-465.8141	0	52448.5530	0
981	649	-465.8139	0	52448.5558	0
982	649	-465.8136	0	52448.5572	0
983	649	-465.8136	0	52448.5578	0
984	649	-465.8134	0	52448.5588	0
985	649	-465.8131	0	52448.5619	0
986	649	-465.8130	0	52448.5647	0
987	649	-465.8133	0	52448.5655	0
988	649	-465.8135	0	52448.5665	0
989	649	-465.8135	0	52448.5683	0
990	649	-465.8134	0	52448.5717	0
991	649	-465.8134	0	52448.5745	0
992	649	-465.8135	0	52448.5761	0
993	649	-465.8136	0	52448.5768	0
994	649	-465.8136	0	52448.5781	0
995	649	-465.8135	0	52448.5817	0
996	649	-465.8133	0	52448.5848	0
997	649	-465.8135	0	52448.5860	0
998	649	-465.8138	0	52448.5863	0
999	649	-465.8142	0	52448.5881	0
1000	649	-465.8142	0	52448.5913	0
1001	649	-465.8143	0	52448.5940	0
1002	649	-465.8143	0	52448.5959	0
1003	649	-465.8144	0	52448.5968	0
1004	649	-465.8145	0	52448.5973	0
1005	649	-465.8144	0	52448.5997	0
1006	649	-465.8144	0	52448.6025	0
1007	649	-465.8142	0	52448.6055	0
1008	649	-465.8147	0	52448.6061	0
1009	649	-465.8152	0	52448.6068	0
1010	649	-465.8156	0	52448.6093	0
1011	649	-465.8156	0	52448.6121	0
1012	649	-465.8157	0	52448.6137	0
1013	649	-465.8158	0	52448.6148	0
1014	649	-465.8160	0	52448.6154	0
1015	649	-465.8159	0	52448.6176	0
1016	649	-465.8159	0	52448.6199	0
1017	649	-465.8158	0	52448.6224	0
1018	649	-465.8159	0	52448.6237	0
1019	649	-465.8160	0	52448.6245	0
1020	649	-465.8162	0	52448.6265	0
1021	649	-465.8162	0	52448.6286	0
1022	649	-465.8160	0	52448.6313	0
1023	649	-465.8161	0	52448.6325	0
1024	649	-465.8162	0	52448.6331	0
1025	649	-465.8163	0	52448.6345	0
1026	649	-465.8163	0	52448.6372	0
1027	649	-465.8164	0	52448.6398	0
1028	649	-465.8165	0	52448.6414	0
1029	649	-465.8168	0	52448.6426	0
1030	649	-465.8170	0	52448.6437	0
1031	649	-465.8169	0	52448.6466	0
1032	649	-465.8169	0	52448.6490	0
1033	649	-465.8169	0	52448.6503	0
1034	649	-465.8171	0	52448.6510	0
1035	649	-465.8170	0	52448.6521	0
1036	649	-465.8167	0	52448.6549	0
1037	649	-465.8164	0	52448.6580	0
1038	649	-465.8166	0	52448.6594	0
1039	649	-465.8169	0	52448.6601	0
1040	649	-465.8171	0	52448.6613	0
1041	649	-465.8172	0	52448.6643	0
1042	649	-465.8171	0	52448.6666	0
1043	649	-465.8170	0	52448.6678	0
1044	649	-465.8170	0	52448.6685	0
1045	649	-465.8169	0	52448.6692	0
1046	649	-465.8166	0	52448.6705	0
1047	649	-465.8166	0	52448.6715	0
1048	649	-465.8168	0	52448.6722	0
1049	649	-465.8170	0	52448.6727	0
1050	649	-465.8171	0	52448.6734	0
1051	649	-465.8170	0	52448.6747	0
1052	649	-465.8169	0	52448.6758	0
1053	649	-465.8168	0	52448.6768	0
1054	649	-465.8170	0	52448.6773	0
1055	649	-465.8171	0	52448.6777	0
1056	649	-465.8170	0	52448.6789	0
1057	649	-465.8168	0	52448.6804	0
1058	649	-465.8170	0	52448.6812	0
1059	649	-465.8173	0	52448.6818	0
1060	649	-465.8175	0	52448.6826	0
1061	649	-465.8177	0	52448.6836	0
1062	649	-465.8173	0	52448.6851	0
1063	649	-465.8172	0	52448.6860	0
1064	649	-465.8176	0	52448.6863	0
1065	649	-465.8176	0	52448.6870	0
1066	649	-465.8175	0	52448.6882	0
1067	649	-465.8174	0	52448.6898	0
