560	71	-465.7281	0	52447.9317	0
561	71	-465.7278	0	52447.9388	0
562	71	-465.7271	0	52447.9444	0
563	71	-465.7264	0	52447.9461	0
564	71	-465.7257	0	52447.9438	0
565	71	-465.7252	0	52447.9428	0
566	71	-465.7247	0	52447.9410	0
567	71	-465.7239	0	52447.9405	0
568	71	-465.7232	0	52447.9431	0
569	71	-465.7223	0	52447.9442	0
570	71	-465.7215	0	52447.9433	0
571	71	-465.7207	0	52447.9417	0
572	71	-465.7201	0	52447.9384	0
573	71	-465.7198	0	52447.9385	0
574	71	-465.7185	0	52447.9361	0
575	71	-465.7178	0	52447.9366	0
576	71	-465.7169	0	52447.9343	0
581	71	-465.7129	0	52447.9262	0
582	71	-465.7124	0	52447.9286	0
583	71	-465.7117	0	52447.9308	0
584	71	-465.7107	0	52447.9304	0
585	71	-465.7099	0	52447.9277	0
586	71	-465.7094	0	52447.9253	0
587	71	-465.7087	0	52447.9245	0
588	71	-465.7076	0	52447.9216	0
589	71	-465.7068	0	52447.9207	0
590	71	-465.7060	0	52447.9205	0
591	71	-465.7053	0	52447.9206	0
594	71	-465.7030	0	52447.9228	0
595	71	-465.7022	0	52447.9204	0
596	71	-465.7017	0	52447.9226	0
597	71	-465.7012	0	52447.9264	0
598	71	-465.7004	0	52447.9279	0
599	71	-465.6999	0	52447.9271	0
600	71	-465.6997	0	52447.9310	0
601	71	-465.6990	0	52447.9313	0
602	71	-465.6978	0	52447.9274	0
603	71	-465.6973	0	52447.9301	0
604	71	-465.6964	0	52447.9313	0
605	71	-465.6959	0	52447.9332	0
606	71	-465.6954	0	52447.9339	0
607	71	-465.6949	0	52447.9329	0
608	71	-465.6939	0	52447.9299	0
609	71	-465.6933	0	52447.9316	0
610	71	-465.6927	0	52447.9323	0
611	71	-465.6919	0	52447.9327	0
612	71	-465.6916	0	52447.9343	0
613	71	-465.6914	0	52447.9348	0
614	71	-465.6909	0	52447.9352	0
615	71	-465.6901	0	52447.9341	0
616	71	-465.6894	0	52447.9337	0
617	71	-465.6889	0	52447.9322	0
618	71	-465.6882	0	52447.9332	0
619	71	-465.6877	0	52447.9336	0
620	71	-465.6875	0	52447.9338	0
621	71	-465.6890	0	52447.9404	0
622	71	-465.6884	0	52447.9390	0
623	71	-465.6879	0	52447.9345	0
624	71	-465.6871	0	52447.9356	0
625	71	-465.6865	0	52447.9374	0
626	71	-465.6855	0	52447.9383	0
627	71	-465.6847	0	52447.9359	0
628	71	-465.6838	0	52447.9352	0
630	71	-465.6826	0	52447.9385	0
631	71	-465.6833	0	52447.9406	0
