850	714	-465.6953	0	52447.8833	0
851	714	-465.6951	0	52447.8809	0
852	714	-465.6947	0	52447.8803	0
853	714	-465.6943	0	52447.8752	0
854	714	-465.6941	0	52447.8720	0
855	714	-465.6941	0	52447.8710	0
856	714	-465.6941	0	52447.8707	0
857	714	-465.6943	0	52447.8722	0
858	714	-465.6944	0	52447.8728	0
859	714	-465.6946	0	52447.8761	0
860	714	-465.6945	0	52447.8744	0
861	714	-465.6944	0	52447.8738	0
862	714	-465.6943	0	52447.8736	0
863	714	-465.6942	0	52447.8721	0
864	714	-465.6942	0	52447.8731	0
865	714	-465.6942	0	52447.8735	0
866	714	-465.6942	0	52447.8736	0
867	714	-465.6941	0	52447.8722	0
868	714	-465.6943	0	52447.8746	0
869	714	-465.6944	0	52447.8770	0
870	714	-465.6942	0	52447.8765	0
871	714	-465.6942	0	52447.8778	0
872	714	-465.6942	0	52447.8783	0
873	714	-465.6941	0	52447.8800	0
874	714	-465.6941	0	52447.8806	0
875	714	-465.6941	0	52447.8823	0
876	714	-465.6942	0	52447.8829	0
877	714	-465.6942	0	52447.8831	0
878	714	-465.6942	0	52447.8831	0
879	714	-465.6940	0	52447.8832	0
880	714	-465.6939	0	52447.8832	0
881	714	-465.6939	0	52447.8832	0
882	714	-465.6939	0	52447.8832	0
883	714	-465.6939	0	52447.8832	0
884	714	-465.6941	0	52447.8831	0
885	714	-465.6942	0	52447.8830	0
886	714	-465.6942	0	52447.8845	0
887	714	-465.6942	0	52447.8850	0
888	714	-465.6942	0	52447.8837	0
889	714	-465.6942	0	52447.8832	0
890	714	-465.6942	0	52447.8831	0
891	714	-465.6941	0	52447.8830	0
892	714	-465.6943	0	52447.8844	0
893	714	-465.6943	0	52447.8849	0
894	714	-465.6943	0	52447.8851	0
895	714	-465.6943	0	52447.8851	0
896	714	-465.6941	0	52447.8838	0
897	714	-465.6940	0	52447.8833	0
898	714	-465.6936	0	52447.8818	0
899	714	-465.6935	0	52447.8827	0
900	714	-465.6934	0	52447.8830	0
901	714	-465.6934	0	52447.8831	0
902	714	-465.6934	0	52447.8832	0
903	714	-465.6935	0	52447.8832	0
904	714	-465.6933	0	52447.8818	0
905	714	-465.6934	0	52447.8827	0
906	714	-465.6934	0	52447.8830	0
907	714	-465.6933	0	52447.8817	0
908	714	-465.6932	0	52447.8813	0
909	714	-465.6929	0	52447.8812	0
910	714	-465.6929	0	52447.8812	0
911	714	-465.6928	0	52447.8812	0
912	714	-465.6928	0	52447.8797	0
913	714	-465.6925	0	52447.8792	0
914	714	-465.6924	0	52447.8806	0
915	714	-465.6922	0	52447.8767	0
916	714	-465.6924	0	52447.8811	0
922	714	-465.6930	0	52447.8894	0
924	714	-465.6928	0	52447.8872	0
925	714	-465.6925	0	52447.8838	0
926	714	-465.6924	0	52447.8811	0
927	714	-465.6923	0	52447.8831	0
928	714	-465.6923	0	52447.8852	0
929	714	-465.6921	0	52447.8861	0
930	714	-465.6918	0	52447.8850	0
931	714	-465.6917	0	52447.8846	0
932	714	-465.6919	0	52447.8872	0
933	714	-465.6918	0	52447.8868	0
934	714	-465.6919	0	52447.8880	0
935	714	-465.6920	0	52447.8884	0
936	714	-465.6919	0	52447.8871	0
937	714	-465.6919	0	52447.8881	0
938	714	-465.6919	0	52447.8884	0
939	714	-465.6919	0	52447.8885	0
940	714	-465.6919	0	52447.8885	0
941	714	-465.6919	0	52447.8871	0
942	714	-465.6917	0	52447.8851	0
943	714	-465.6914	0	52447.8844	0
944	714	-465.6914	0	52447.8842	0
945	714	-465.6913	0	52447.8841	0
946	714	-465.6913	0	52447.8826	0
947	714	-465.6912	0	52447.8806	0
948	714	-465.6910	0	52447.8784	0
949	714	-465.6909	0	52447.8776	0
950	714	-465.6907	0	52447.8774	0
951	714	-465.6906	0	52447.8774	0
952	714	-465.6904	0	52447.8745	0
953	714	-465.6905	0	52447.8748	0
954	714	-465.6902	0	52447.8721	0
955	714	-465.6901	0	52447.8711	0
956	714	-465.6900	0	52447.8693	0
957	714	-465.6900	0	52447.8686	0
958	714	-465.6900	0	52447.8684	0
959	714	-465.6901	0	52447.8683	0
960	714	-465.6901	0	52447.8684	0
961	714	-465.6902	0	52447.8699	0
962	714	-465.6902	0	52447.8690	0
963	714	-465.6902	0	52447.8686	0
964	714	-465.6902	0	52447.8700	0
965	714	-465.6903	0	52447.8706	0
966	714	-465.6901	0	52447.8693	0
967	714	-465.6901	0	52447.8689	0
968	714	-465.6901	0	52447.8687	0
969	714	-465.6901	0	52447.8671	0
970	714	-465.6901	0	52447.8665	0
971	714	-465.6901	0	52447.8678	0
972	714	-465.6899	0	52447.8654	0
973	714	-465.6898	0	52447.8645	0
974	714	-465.6900	0	52447.8656	0
975	714	-465.6898	0	52447.8646	0
976	714	-465.6898	0	52447.8642	0
977	714	-465.6898	0	52447.8641	0
978	714	-465.6898	0	52447.8641	0
979	714	-465.6899	0	52447.8656	0
980	714	-465.6900	0	52447.8676	0
981	714	-465.6901	0	52447.8700	0
982	714	-465.6900	0	52447.8708	0
983	714	-465.6900	0	52447.8711	0
984	714	-465.6900	0	52447.8712	0
985	714	-465.6901	0	52447.8728	0
986	714	-465.6901	0	52447.8733	0
987	714	-465.6900	0	52447.8720	0
988	714	-465.6902	0	52447.8745	0
989	714	-465.6903	0	52447.8753	0
990	714	-465.6903	0	52447.8757	0
991	714	-465.6903	0	52447.8758	0
992	714	-465.6903	0	52447.8758	0
993	714	-465.6904	0	52447.8772	0
994	714	-465.6904	0	52447.8778	0
995	714	-465.6904	0	52447.8780	0
996	714	-465.6904	0	52447.8780	0
997	714	-465.6902	0	52447.8796	0
998	714	-465.6905	0	52447.8830	0
999	714	-465.6907	0	52447.8857	0
1000	714	-465.6907	0	52447.8866	0
1001	714	-465.6909	0	52447.8869	0
1002	714	-465.6909	0	52447.8870	0
1003	714	-465.6910	0	52447.8884	0
1004	714	-465.6910	0	52447.8875	0
1005	714	-465.6912	0	52447.8885	0
1006	714	-465.6912	0	52447.8859	0
1007	714	-465.6911	0	52447.8835	0
1008	714	-465.6911	0	52447.8840	0
1009	714	-465.6913	0	52447.8841	0
1010	714	-465.6914	0	52447.8856	0
1011	714	-465.6915	0	52447.8846	0
1012	714	-465.6915	0	52447.8828	0
1013	714	-465.6916	0	52447.8836	0
1014	714	-465.6915	0	52447.8824	0
1015	714	-465.6915	0	52447.8820	0
1016	714	-465.6917	0	52447.8818	0
1017	714	-465.6918	0	52447.8832	0
1018	714	-465.6916	0	52447.8837	0
1019	714	-465.6918	0	52447.8839	0
1020	714	-465.6918	0	52447.8825	0
1021	714	-465.6918	0	52447.8819	0
1022	714	-465.6916	0	52447.8804	0
1023	714	-465.6915	0	52447.8812	0
1024	714	-465.6915	0	52447.8816	0
1026	714	-465.6917	0	52447.8815	0
1027	714	-465.6916	0	52447.8801	0
1028	714	-465.6916	0	52447.8796	0
1029	714	-465.6916	0	52447.8794	0
1030	714	-465.6916	0	52447.8794	0
1031	714	-465.6915	0	52447.8764	0
1032	714	-465.6915	0	52447.8768	0
1033	714	-465.6913	0	52447.8755	0
1034	714	-465.6910	0	52447.8737	0
1035	714	-465.6909	0	52447.8730	0
1036	714	-465.6909	0	52447.8728	0
1037	714	-465.6908	0	52447.8712	0
1038	714	-465.6908	0	52447.8706	0
1039	714	-465.6908	0	52447.8705	0
1040	714	-465.6909	0	52447.8719	0
1041	714	-465.6905	0	52447.8711	0
1042	714	-465.6905	0	52447.8708	0
1043	714	-465.6904	0	52447.8692	0
1044	714	-465.6905	0	52447.8701	0
1045	714	-465.6906	0	52447.8720	0
1046	714	-465.6905	0	52447.8727	0
1047	714	-465.6903	0	52447.8731	0
1048	714	-465.6904	0	52447.8731	0
1049	714	-465.6903	0	52447.8717	0
1050	714	-465.6904	0	52447.8696	0
1051	714	-465.6904	0	52447.8688	0
1052	714	-465.6904	0	52447.8685	0
1053	714	-465.6903	0	52447.8670	0
1054	714	-465.6902	0	52447.8649	0
1055	714	-465.6903	0	52447.8671	0
1056	714	-465.6904	0	52447.8665	0
1057	714	-465.6904	0	52447.8677	0
1058	714	-465.6904	0	52447.8682	0
1059	714	-465.6904	0	52447.8684	0
1060	714	-465.6904	0	52447.8685	0
1061	714	-465.6906	0	52447.8700	0
1062	714	-465.6905	0	52447.8691	0
1063	714	-465.6906	0	52447.8703	0
1064	714	-465.6907	0	52447.8722	0
1065	714	-465.6906	0	52447.8714	0
1066	714	-465.6908	0	52447.8726	0
1067	714	-465.6908	0	52447.8730	0
1068	714	-465.6910	0	52447.8730	0
1069	714	-465.6912	0	52447.8745	0
1070	714	-465.6914	0	52447.8735	0
1071	714	-465.6915	0	52447.8731	0
1072	714	-465.6917	0	52447.8759	0
1073	714	-465.6920	0	52447.8768	0
1074	714	-465.6921	0	52447.8786	0
1075	714	-465.6923	0	52447.8792	0
1076	714	-465.6922	0	52447.8795	0
1077	714	-465.6923	0	52447.8795	0
1078	714	-465.6923	0	52447.8810	0
1079	714	-465.6925	0	52447.8815	0
1080	714	-465.6925	0	52447.8816	0
1081	714	-465.6925	0	52447.8817	0
1082	714	-465.6925	0	52447.8817	0
1083	714	-465.6924	0	52447.8802	0
1084	714	-465.6924	0	52447.8796	0
1085	714	-465.6924	0	52447.8809	0
1086	714	-465.6922	0	52447.8814	0
1087	714	-465.6920	0	52447.8802	0
1088	714	-465.6920	0	52447.8797	0
1089	714	-465.6920	0	52447.8795	0
1090	714	-465.6920	0	52447.8809	0
1091	714	-465.6921	0	52447.8814	0
1092	714	-465.6922	0	52447.8845	0
1093	714	-465.6922	0	52447.8857	0
1094	714	-465.6923	0	52447.8846	0
1095	714	-465.6923	0	52447.8841	0
1096	714	-465.6923	0	52447.8840	0
1097	714	-465.6923	0	52447.8824	0
1098	714	-465.6921	0	52447.8834	0
1099	714	-465.6920	0	52447.8838	0
1100	714	-465.6917	0	52447.8810	0
1101	714	-465.6912	0	52447.8772	0
1102	714	-465.6910	0	52447.8787	0
1103	714	-465.6908	0	52447.8779	0
1104	714	-465.6906	0	52447.8776	0
1105	714	-465.6901	0	52447.8778	0
1106	714	-465.6899	0	52447.8793	0
1107	714	-465.6895	0	52447.8815	0
1108	714	-465.6894	0	52447.8824	0
1109	714	-465.6890	0	52447.8813	0
1110	714	-465.6885	0	52447.8811	0
1111	714	-465.6881	0	52447.8781	0
1112	714	-465.6879	0	52447.8770	0
1113	714	-465.6877	0	52447.8751	0
1114	714	-465.6877	0	52447.8744	0
1115	714	-465.6878	0	52447.8756	0
1116	714	-465.6876	0	52447.8762	0
1117	714	-465.6874	0	52447.8750	0
1118	714	-465.6873	0	52447.8746	0
1119	714	-465.6873	0	52447.8744	0
1120	714	-465.6872	0	52447.8744	0
1121	714	-465.6871	0	52447.8730	0
1122	714	-465.6870	0	52447.8724	0
1123	714	-465.6870	0	52447.8722	0
1124	714	-465.6869	0	52447.8723	0
1125	714	-465.6868	0	52447.8723	0
1126	714	-465.6868	0	52447.8723	0
1127	714	-465.6868	0	52447.8723	0
1128	714	-465.6868	0	52447.8723	0
1129	714	-465.6868	0	52447.8723	0
1130	714	-465.6870	0	52447.8708	0
1131	714	-465.6872	0	52447.8701	0
1162	714	-465.6929	0	52447.9073	0
1172	714	-465.6961	0	52447.9190	0
1173	714	-465.6962	0	52447.9177	0
1174	714	-465.6961	0	52447.9188	0
1175	714	-465.6960	0	52447.9178	0
1176	714	-465.6958	0	52447.9175	0
1177	714	-465.6955	0	52447.9174	0
1178	714	-465.6942	0	52447.9095	0
