580	73	-465.6907	0	52447.9545	0
581	73	-465.6915	0	52447.9552	0
582	73	-465.6925	0	52447.9553	0
583	73	-465.6935	0	52447.9566	0
584	73	-465.6945	0	52447.9554	0
585	73	-465.6961	0	52447.9532	0
586	73	-465.6973	0	52447.9523	0
587	73	-465.6984	0	52447.9518	0
588	73	-465.6992	0	52447.9529	0
589	73	-465.7008	0	52447.9558	0
590	73	-465.7020	0	52447.9527	0
591	73	-465.7032	0	52447.9485	0
592	73	-465.7050	0	52447.9440	0
593	73	-465.7056	0	52447.9450	0
597	73	-465.7108	0	52447.9538	0
598	73	-465.7116	0	52447.9563	0
599	73	-465.7125	0	52447.9556	0
601	73	-465.7160	0	52447.9575	0
603	73	-465.7177	0	52447.9578	0
604	73	-465.7183	0	52447.9578	0
605	73	-465.7195	0	52447.9576	0
606	73	-465.7207	0	52447.9586	0
607	73	-465.7220	0	52447.9600	0
608	73	-465.7229	0	52447.9617	0
609	73	-465.7236	0	52447.9622	0
610	73	-465.7250	0	52447.9621	0
611	73	-465.7264	0	52447.9618	0
612	73	-465.7270	0	52447.9616	0
613	73	-465.7275	0	52447.9602	0
614	73	-465.7284	0	52447.9594	0
615	73	-465.7286	0	52447.9539	0
616	73	-465.7277	0	52447.9409	0
617	73	-465.7271	0	52447.9302	0
