595	75	-465.7239	0	52447.9677	0
596	75	-465.7230	0	52447.9634	0
597	75	-465.7217	0	52447.9637	0
598	75	-465.7197	0	52447.9628	0
599	75	-465.7181	0	52447.9628	0
600	75	-465.7159	0	52447.9632	0
602	75	-465.7143	0	52447.9554	0
603	75	-465.7132	0	52447.9567	0
604	75	-465.7120	0	52447.9601	0
605	75	-465.7110	0	52447.9642	0
606	75	-465.7101	0	52447.9633	0
607	75	-465.7088	0	52447.9566	0
608	75	-465.7077	0	52447.9542	0
609	75	-465.7062	0	52447.9576	0
610	75	-465.7052	0	52447.9591	0
611	75	-465.7044	0	52447.9584	0
612	75	-465.7030	0	52447.9546	0
613	75	-465.7016	0	52447.9519	0
614	75	-465.7005	0	52447.9512	0
615	75	-465.6992	0	52447.9538	0
616	75	-465.6980	0	52447.9550	0
617	75	-465.6972	0	52447.9542	0
618	75	-465.6959	0	52447.9515	0
619	75	-465.6948	0	52447.9507	0
620	75	-465.6934	0	52447.9493	0
