624	78	-465.8460	0	52337.3233	0
625	78	-465.8543	0	52337.3937	0
626	78	-465.8544	0	52337.4187	0
627	78	-465.8196	0	52337.4361	0
630	78	-465.8413	0	52337.4333	0
631	78	-465.8384	0	52337.4306	0
632	78	-465.8332	0	52337.4313	0
633	78	-465.8309	0	52337.4318	0
634	78	-465.7971	0	52336.7993	0
635	78	-465.7849	0	52336.5619	0
636	78	-465.7900	0	52336.1460	0
637	78	-465.7785	0	52336.3192	0
638	78	-465.7592	0	52336.7200	0
639	78	-465.7747	0	52336.8732	0
640	78	-465.7620	0	52336.6165	0
641	78	-465.7538	0	52336.5174	0
642	78	-465.7562	0	52336.1576	0
643	78	-465.7415	0	52335.7106	0
644	78	-465.7369	0	52336.1876	0
645	78	-465.7369	0	52336.3710	0
646	78	-465.7489	0	52336.7537	0
647	78	-465.7531	0	52336.9062	0
648	78	-465.7587	0	52335.9957	0
649	78	-465.7514	0	52335.9716	0
650	78	-465.7085	0	52336.3020	0
651	78	-465.6883	0	52336.4394	0
652	78	-465.6833	0	52336.4820	0
653	78	-465.6664	0	52336.1841	0
672	78	-465.6480	0	52338.4042	0
673	78	-465.6497	0	52338.4590	0
674	78	-465.6615	0	52338.7890	0
675	78	-465.6455	0	52339.5274	0
676	78	-465.6485	0	52339.4939	0
677	78	-465.6400	0	52339.1718	0
678	78	-465.6383	0	52339.0347	0
679	78	-465.6319	0	52339.2964	0
680	78	-465.6488	0	52339.6947	0
681	78	-465.6789	0	52339.8252	0
682	78	-465.6935	0	52339.8723	0
683	78	-465.7001	0	52339.8781	0
684	78	-465.7075	0	52339.8776	0
685	78	-465.7020	0	52339.5729	0
686	78	-465.7245	0	52339.4385	0
687	78	-465.7437	0	52339.6978	0
688	78	-465.7364	0	52339.4843	0
689	78	-465.7224	0	52339.7182	0
690	78	-465.7456	0	52339.7959	0
691	78	-465.7550	0	52339.8155	0
692	78	-465.7669	0	52339.5164	0
693	78	-465.7665	0	52339.7119	0
694	78	-465.7947	0	52339.7680	0
695	78	-465.8122	0	52340.3980	0
696	78	-465.8430	0	52340.9254	0
697	78	-465.8830	0	52341.1124	0
698	78	-465.8892	0	52341.4825	0
699	78	-465.8875	0	52341.6089	0
700	78	-465.8854	0	52341.6554	0
701	78	-465.8832	0	52341.6696	0
702	78	-465.8809	0	52341.6589	0
703	78	-465.8791	0	52341.6611	0
704	78	-465.8597	0	52341.3551	0
705	78	-465.8560	0	52341.8319	0
706	78	-465.8852	0	52342.0011	0
707	78	-465.9098	0	52341.7663	0
708	78	-465.9376	0	52341.9580	0
709	78	-465.9484	0	52342.0283	0
710	78	-465.9497	0	52341.4602	0
711	78	-465.9554	0	52340.9306	0
712	78	-465.9448	0	52341.0446	0
713	78	-465.9297	0	52341.3920	0
714	78	-465.9342	0	52340.6048	0
715	78	-465.9363	0	52340.3162	0
716	78	-465.9377	0	52340.2103	0
717	78	-465.9254	0	52340.4803	0
718	78	-465.9354	0	52340.8898	0
719	78	-465.9659	0	52341.0247	0
720	78	-465.9597	0	52341.0908	0
721	78	-465.9860	0	52341.0997	0
722	78	-465.9645	0	52341.1196	0
723	78	-465.9702	0	52340.8122	0
724	78	-465.9805	0	52340.9959	0
725	78	-465.9565	0	52341.0759	0
726	78	-465.9479	0	52341.1098	0
727	78	-465.9189	0	52341.1223	0
728	78	-465.9065	0	52341.1332	0
729	78	-465.8932	0	52341.4388	0
730	78	-465.9060	0	52341.8426	0
731	78	-465.9108	0	52341.9928	0
732	78	-465.9069	0	52342.0532	0
733	78	-465.9316	0	52342.0576	0
734	78	-465.9247	0	52342.3589	0
735	78	-465.9377	0	52342.7552	0
736	78	-465.9040	0	52342.6247	0
737	78	-465.9095	0	52342.8578	0
738	78	-465.9063	0	52342.9456	0
739	78	-465.9055	0	52342.9711	0
740	78	-465.9014	0	52342.9793	0
741	78	-465.8937	0	52343.2695	0
742	78	-465.8991	0	52343.6677	0
743	78	-465.9138	0	52343.5142	0
744	78	-465.9315	0	52343.7418	0
745	78	-465.9368	0	52343.8170	0
746	78	-465.9374	0	52343.8454	0
747	78	-465.9112	0	52343.8550	0
748	78	-465.9022	0	52343.8609	0
749	78	-465.9125	0	52344.1373	0
750	78	-465.9080	0	52344.2424	0
751	78	-465.9041	0	52344.2859	0
752	78	-465.8821	0	52344.3008	0
753	78	-465.8691	0	52344.2985	0
754	78	-465.8372	0	52344.3055	0
755	78	-465.8539	0	52344.8715	0
756	78	-465.8625	0	52345.0755	0
757	78	-465.8812	0	52344.8596	0
758	78	-465.8956	0	52344.4827	0
759	78	-465.8990	0	52344.3418	0
760	78	-465.8906	0	52344.5706	0
761	78	-465.8892	0	52345.2325	0
762	78	-465.8778	0	52345.1998	0
763	78	-465.8764	0	52345.7499	0
764	78	-465.8840	0	52345.6597	0
765	78	-465.8785	0	52345.9069	0
767	78	-465.8898	0	52346.3256	0
768	78	-465.9211	0	52346.3871	0
769	78	-465.9323	0	52346.4086	0
770	78	-465.9398	0	52346.4142	0
771	78	-465.9695	0	52346.4064	0
772	78	-465.9548	0	52346.4020	0
773	78	-465.9613	0	52346.6761	0
774	78	-465.9644	0	52346.7777	0
775	78	-465.9614	0	52346.8158	0
776	78	-465.9337	0	52346.8364	0
777	78	-465.9240	0	52346.8334	0
778	78	-465.9189	0	52347.3849	0
779	78	-465.9154	0	52347.5914	0
780	78	-465.9127	0	52347.6645	0
781	78	-465.9106	0	52347.6877	0
782	78	-465.9228	0	52347.9625	0
783	78	-465.9133	0	52347.7958	0
784	78	-465.9190	0	52347.9908	0
785	78	-465.8905	0	52348.0753	0
786	78	-465.8779	0	52348.0978	0
787	78	-465.8718	0	52348.1080	0
788	78	-465.8539	0	52348.3852	0
789	78	-465.8474	0	52348.4796	0
790	78	-465.8454	0	52348.5160	0
791	78	-465.8451	0	52348.5270	0
792	78	-465.8451	0	52348.5286	0
793	78	-465.8455	0	52348.5186	0
794	78	-465.8746	0	52348.5067	0
795	78	-465.8611	0	52348.5080	0
796	78	-465.8585	0	52348.5061	0
797	78	-465.8554	0	52348.5046	0
798	78	-465.8320	0	52349.0473	0
799	78	-465.8083	0	52348.9879	0
800	78	-465.8029	0	52348.9586	0
801	78	-465.7998	0	52348.9467	0
802	78	-465.7887	0	52348.6694	0
803	78	-465.7859	0	52348.5616	0
804	78	-465.7861	0	52348.5232	0
805	78	-465.7874	0	52348.5081	0
806	78	-465.7891	0	52348.5019	0
807	78	-465.7797	0	52348.2315	0
808	78	-465.7889	0	52348.3984	0
809	78	-465.7932	0	52348.4605	0
810	78	-465.7707	0	52348.4918	0
811	78	-465.7899	0	52348.4949	0
812	78	-465.8084	0	52348.7621	0
813	78	-465.8189	0	52348.8607	0
814	78	-465.8352	0	52349.1598	0
815	78	-465.8232	0	52349.2743	0
816	78	-465.8564	0	52349.5776	0
817	78	-465.8717	0	52349.6831	0
818	78	-465.8922	0	52349.4489	0
819	78	-465.9103	0	52349.6217	0
820	78	-465.9158	0	52349.6831	0
821	78	-465.8883	0	52349.7149	0
822	78	-465.8766	0	52349.7185	0
823	78	-465.8714	0	52349.7223	0
824	78	-465.8688	0	52349.7231	0
825	78	-465.8817	0	52349.9751	0
826	78	-465.9008	0	52349.8050	0
827	78	-465.9074	0	52349.7378	0
828	78	-465.9094	0	52349.7119	0
829	78	-465.9094	0	52349.6940	0
830	78	-465.9085	0	52349.6903	0
831	78	-465.8998	0	52349.9555	0
832	78	-465.8869	0	52350.0552	0
833	78	-465.8591	0	52350.6202	0
834	78	-465.8456	0	52350.8341	0
835	78	-465.8288	0	52350.6556	0
836	78	-465.8192	0	52351.1129	0
837	78	-465.8044	0	52351.5290	0
838	78	-465.7901	0	52351.9533	0
839	78	-465.8022	0	52351.8335	0
840	78	-465.8187	0	52352.0421	0
841	78	-465.8124	0	52352.3747	0
842	78	-465.8366	0	52353.5032	0
843	78	-465.8096	0	52354.1690	0
844	78	-465.8098	0	52354.6509	0
845	78	-465.7990	0	52354.5778	0
846	78	-465.7950	0	52354.5368	0
847	78	-465.7936	0	52354.5128	0
848	78	-465.8137	0	52354.9755	0
849	78	-465.8322	0	52355.8599	0
850	78	-465.8315	0	52355.9559	0
851	78	-465.8452	0	52355.7349	0
852	78	-465.8522	0	52356.1220	0
853	78	-465.8546	0	52356.2547	0
854	78	-465.8647	0	52356.5335	0
855	78	-465.8599	0	52356.8719	0
856	78	-465.8674	0	52357.2194	0
857	78	-465.8693	0	52357.3416	0
858	78	-465.8459	0	52357.3865	0
859	78	-465.8382	0	52357.3963	0
860	78	-465.8593	0	52357.3845	0
861	78	-465.8702	0	52357.3664	0
862	78	-465.8755	0	52357.3564	0
863	78	-465.8783	0	52357.3470	0
864	78	-465.8900	0	52357.5705	0
865	78	-465.8941	0	52357.6492	0
866	78	-465.8958	0	52357.6731	0
867	78	-465.8926	0	52357.6842	0
868	78	-465.8890	0	52357.6803	0
869	78	-465.8857	0	52357.6734	0
870	78	-465.8601	0	52357.6793	0
871	78	-465.8734	0	52357.6663	0
872	78	-465.8445	0	52357.4380	0
873	78	-465.8583	0	52357.3427	0
874	78	-465.8662	0	52357.2992	0
875	78	-465.8878	0	52357.2826	0
876	78	-465.8955	0	52357.2735	0
877	78	-465.8848	0	52357.5109	0
878	78	-465.8747	0	52357.8269	0
879	78	-465.8660	0	52357.4877	0
880	78	-465.8661	0	52357.3522	0
881	78	-465.8540	0	52357.0670	0
882	78	-465.8497	0	52356.9586	0
883	78	-465.8483	0	52356.9231	0
884	78	-465.8752	0	52356.9017	0
885	78	-465.8780	0	52357.1325	0
886	78	-465.8875	0	52356.9833	0
887	78	-465.9006	0	52357.1573	0
888	78	-465.8818	0	52357.2372	0
889	78	-465.8762	0	52357.2586	0
890	78	-465.8554	0	52356.8064	0
891	78	-465.8459	0	52356.6315	0
892	78	-465.8534	0	52356.8049	0
893	78	-465.8558	0	52356.8701	0
894	78	-465.8563	0	52356.8954	0
895	78	-465.8699	0	52357.1384	0
896	78	-465.8761	0	52357.2291	0
897	78	-465.8922	0	52357.0228	0
898	78	-465.8804	0	52356.9532	0
899	78	-465.8986	0	52356.9184	0
900	78	-465.8993	0	52357.1402	0
901	78	-465.9246	0	52357.2175	0
902	78	-465.9378	0	52357.2456	0
903	78	-465.9343	0	52357.0249	0
904	78	-465.9588	0	52356.9271	0
905	78	-465.9955	0	52356.8846	0
906	78	-466.0089	0	52356.8710	0
907	78	-466.0309	0	52356.6236	0
908	78	-466.0499	0	52356.7634	0
909	78	-466.0706	0	52357.0533	0
910	78	-466.0693	0	52356.9301	0
911	78	-466.0875	0	52356.6387	0
912	78	-466.1064	0	52356.7597	0
913	78	-466.1381	0	52356.8009	0
914	78	-466.1488	0	52356.8178	0
915	78	-466.1420	0	52356.5898	0
916	78	-466.1628	0	52356.9771	0
917	78	-466.1938	0	52357.1128	0
918	78	-466.2307	0	52357.1570	0
919	78	-466.2695	0	52357.1655	0
920	78	-466.2867	0	52357.1670	0
921	78	-466.3161	0	52357.1526	0
922	78	-466.3205	0	52357.3871	0
923	78	-466.3231	0	52357.4743	0
924	78	-466.3252	0	52357.5044	0
925	78	-466.3269	0	52357.5134	0
926	78	-466.3603	0	52357.2722	0
927	78	-466.3749	0	52357.1766	0
928	78	-466.3802	0	52357.1436	0
929	78	-466.4188	0	52357.3508	0
930	78	-466.4588	0	52357.4240	0
931	78	-466.4640	0	52357.2218	0
932	78	-466.4696	0	52357.1409	0
933	78	-466.4966	0	52357.1024	0
934	78	-466.5064	0	52357.0876	0
935	78	-466.5003	0	52357.3202	0
936	78	-466.5076	0	52357.1715	0
937	78	-466.5101	0	52357.1111	0
938	78	-466.5010	0	52356.8548	0
939	78	-466.5076	0	52356.9950	0
940	78	-466.5101	0	52357.5171	0
941	78	-466.5374	0	52357.7086	0
942	78	-466.5378	0	52357.5461	0
943	78	-466.5655	0	52357.4730	0
944	78	-466.5626	0	52357.6854	0
945	78	-466.5630	0	52357.7619	0
946	78	-466.5780	0	52358.0203	0
947	78	-466.5471	0	52357.8934	0
948	78	-466.5459	0	52358.0769	0
949	78	-466.5553	0	52357.9010	0
950	78	-466.5581	0	52357.8360	0
951	78	-466.5580	0	52358.2710	0
952	78	-466.5576	0	52358.4401	0
953	78	-466.5604	0	52358.5000	0
954	78	-466.5859	0	52358.5077	0
955	78	-466.5815	0	52358.2841	0
956	78	-466.6071	0	52358.1873	0
957	78	-466.6073	0	52358.3815	0
958	78	-466.6181	0	52358.6863	0
959	78	-466.6093	0	52358.5718	0
960	78	-466.6140	0	52358.7553	0
961	78	-466.6143	0	52358.8159	0
962	78	-466.6258	0	52359.0703	0
963	78	-466.6298	0	52359.1556	0
964	78	-466.6310	0	52359.1889	0
965	78	-466.6310	0	52359.1994	0
966	78	-466.6575	0	52359.1936	0
967	78	-466.6671	0	52359.1896	0
968	78	-466.6704	0	52359.1796	0
969	78	-466.6676	0	52359.1781	0
970	78	-466.6414	0	52359.1835	0
971	78	-466.6314	0	52359.1844	0
972	78	-466.6372	0	52358.9518	0
973	78	-466.6163	0	52358.8686	0
974	78	-466.6226	0	52359.0582	0
975	78	-466.6250	0	52359.1326	0
976	78	-466.6356	0	52358.9264	0
977	78	-466.6745	0	52359.0717	0
978	78	-466.6783	0	52358.9014	0
979	78	-466.6792	0	52358.8335	0
980	78	-466.6689	0	52359.0398	0
981	78	-466.6477	0	52359.3539	0
982	78	-466.6076	0	52359.2498	0
983	78	-466.6003	0	52359.4403	0
984	78	-466.5971	0	52359.5080	0
985	78	-466.5950	0	52359.5306	0
986	78	-466.5845	0	52359.7683	0
987	78	-466.5716	0	52360.0841	0
988	78	-466.5548	0	52360.4323	0
989	78	-466.5508	0	52360.5570	0
990	78	-466.5520	0	52360.5936	0
991	78	-466.5504	0	52360.6077	0
992	78	-466.5495	0	52361.0563	0
993	78	-466.5491	0	52361.2191	0
994	78	-466.5230	0	52361.2810	0
995	78	-466.5128	0	52361.2980	0
996	78	-466.4962	0	52361.5241	0
997	78	-466.4816	0	52361.3920	0
998	78	-466.4971	0	52361.7693	0
999	78	-466.4901	0	52362.1290	0
1000	78	-466.4902	0	52362.2573	0
1001	78	-466.4910	0	52362.2972	0
1002	78	-466.4888	0	52362.7452	0
1003	78	-466.4869	0	52362.9062	0
1004	78	-466.4853	0	52362.9635	0
1005	78	-466.4838	0	52362.9758	0
1006	78	-466.4565	0	52362.9825	0
1007	78	-466.4234	0	52362.9846	0
1008	78	-466.4086	0	52362.9881	0
1009	78	-466.4027	0	52362.9826	0
1010	78	-466.4222	0	52363.3987	0
1011	78	-466.4309	0	52363.5509	0
1012	78	-466.4431	0	52363.8114	0
1013	78	-466.4414	0	52364.1165	0
1014	78	-466.4736	0	52364.4329	0
1015	78	-466.4879	0	52364.5453	0
1016	78	-466.4940	0	52364.5776	0
1017	78	-466.4969	0	52365.0011	0
1018	78	-466.5037	0	52364.9437	0
1019	78	-466.4952	0	52364.7159	0
1020	78	-466.4995	0	52364.8278	0
1021	78	-466.4819	0	52364.8675	0
1022	78	-466.4839	0	52365.0893	0
1023	78	-466.4871	0	52365.5781	0
1024	78	-466.4898	0	52365.7551	0
1025	78	-466.4918	0	52365.8200	0
1026	78	-466.4846	0	52366.0398	0
1027	78	-466.5053	0	52366.5242	0
1028	78	-466.5212	0	52366.8970	0
1029	78	-466.5046	0	52367.0342	0
1030	78	-466.4990	0	52367.0788	0
1031	78	-466.4851	0	52367.2920	0
1032	78	-466.4818	0	52367.3651	0
1033	78	-466.4699	0	52367.5851	0
1034	78	-466.4745	0	52367.8612	0
1035	78	-466.4970	0	52367.9520	0
1036	78	-466.4948	0	52368.1800	0
1037	78	-466.5012	0	52368.4493	0
1038	78	-466.4808	0	52368.5557	0
1039	78	-466.4699	0	52368.9776	0
1040	78	-466.4640	0	52369.1259	0
1041	78	-466.4356	0	52369.1877	0
1042	78	-466.4032	0	52369.5880	0
1043	78	-466.3919	0	52369.7357	0
1044	78	-466.3640	0	52369.7889	0
1045	78	-466.3463	0	52369.9956	0
1046	78	-466.3328	0	52370.2597	0
1047	78	-466.3304	0	52370.3519	0
1048	78	-466.3403	0	52370.5629	0
1049	78	-466.3454	0	52371.0142	0
1050	78	-466.3486	0	52371.1782	0
1051	78	-466.3475	0	52371.5997	0
1052	78	-466.3517	0	52371.9390	0
1053	78	-466.3410	0	52372.2403	0
1054	78	-466.3451	0	52372.5269	0
1055	78	-466.3380	0	52372.8113	0
1056	78	-466.3268	0	52372.7330	0
1057	78	-466.3149	0	52372.8726	0
1058	78	-466.3207	0	52373.0962	0
1059	78	-466.3471	0	52373.5288	0
1060	78	-466.3661	0	52373.8603	0
1061	78	-466.3726	0	52373.9727	0
1062	78	-466.3669	0	52374.1891	0
1063	78	-466.3649	0	52374.2597	0
1064	78	-466.3611	0	52374.2812	0
1065	78	-466.3501	0	52374.4571	0
1066	78	-466.3534	0	52374.3395	0
1067	78	-466.3614	0	52374.4637	0
1068	78	-466.3665	0	52374.8526	0
1069	78	-466.3882	0	52374.9884	0
1070	78	-466.3977	0	52375.0333	0
1071	78	-466.4247	0	52375.0399	0
1072	78	-466.4349	0	52375.0374	0
1073	78	-466.4343	0	52375.2058	0
1074	78	-466.4561	0	52375.2596	0
1075	78	-466.4569	0	52375.4491	0
1076	78	-466.4861	0	52375.6831	0
1077	78	-466.4986	0	52375.7646	0
1078	78	-466.5345	0	52375.6085	0
1079	78	-466.5704	0	52375.8836	0
1080	78	-466.5836	0	52375.9844	0
1081	78	-466.6104	0	52376.0075	0
1082	78	-466.6462	0	52376.0113	0
1083	78	-466.6646	0	52376.0019	0
1084	78	-466.7030	0	52376.1637	0
1085	78	-466.7133	0	52376.2185	0
1086	78	-466.7102	0	52376.4060	0
1087	78	-466.7094	0	52376.4735	0
1088	78	-466.7485	0	52376.4852	0
1089	78	-466.7537	0	52376.6605	0
1090	78	-466.7636	0	52376.5465	0
1091	78	-466.7882	0	52376.8371	0
1092	78	-466.7890	0	52376.7762	0
1093	78	-466.8172	0	52376.5741	0
1094	78	-466.8281	0	52376.4950	0
1095	78	-466.8398	0	52376.2907	0
1096	78	-466.8721	0	52376.7099	0
1097	78	-466.8819	0	52376.8675	0
1098	78	-466.8838	0	52376.9293	0
1099	78	-466.8908	0	52376.7781	0
1100	78	-466.8821	0	52377.2237	0
1101	78	-466.8771	0	52377.3908	0
1102	78	-466.8668	0	52377.2849	0
1103	78	-466.8817	0	52377.2398	0
1104	78	-466.8887	0	52377.2157	0
1105	78	-466.8908	0	52377.2096	0
1106	78	-466.8996	0	52377.0309	0
1107	78	-466.9089	0	52377.1299	0
1108	78	-466.9289	0	52377.4937	0
1109	78	-466.9335	0	52377.6342	0
1110	78	-466.9128	0	52377.6896	0
1111	78	-466.9042	0	52377.7039	0
1112	78	-466.9070	0	52377.8726	0
1113	78	-466.9064	0	52377.9333	0
1114	78	-466.8906	0	52377.9602	0
1115	78	-466.8962	0	52378.1271	0
1116	78	-466.8974	0	52378.1892	0
1117	78	-466.9039	0	52378.3739	0
1118	78	-466.9047	0	52378.4363	0
1119	78	-466.9039	0	52378.4599	0
1120	78	-466.9025	0	52378.4673	0
1121	78	-466.9039	0	52378.4648	0
1122	78	-466.8828	0	52378.4662	0
1123	78	-466.8823	0	52378.6252	0
1124	78	-466.8631	0	52378.6914	0
1125	78	-466.8700	0	52378.5449	0
1126	78	-466.8656	0	52378.6492	0
1127	78	-466.8762	0	52378.5214	0
1128	78	-466.8821	0	52378.4718	0
1129	78	-466.9057	0	52378.4481	0
1130	78	-466.9214	0	52378.5974	0
1131	78	-466.9266	0	52378.6542	0
1132	78	-466.9279	0	52378.6771	0
1133	78	-466.9085	0	52378.6851	0
1134	78	-466.9021	0	52378.6889	0
1135	78	-466.8787	0	52378.6949	0
1136	78	-466.8775	0	52378.8570	0
1137	78	-466.8886	0	52379.0721	0
1138	78	-466.8920	0	52379.1536	0
1139	78	-466.8960	0	52379.1858	0
1140	78	-466.8983	0	52379.1936	0
1141	78	-466.8970	0	52379.1912	0
1142	78	-466.9055	0	52379.3489	0
1143	78	-466.8945	0	52379.4128	0
1144	78	-466.8986	0	52379.5891	0
1145	78	-466.8988	0	52379.3349	0
1146	78	-466.9047	0	52379.3957	0
1147	78	-466.8864	0	52379.4200	0
1148	78	-466.8909	0	52379.5884	0
1149	78	-466.8985	0	52379.8051	0
1150	78	-466.8888	0	52379.8914	0
1151	78	-466.9206	0	52379.9095	0
1152	78	-466.9340	0	52379.9130	0
1153	78	-466.9615	0	52379.9068	0
1154	78	-466.9655	0	52379.7477	0
1155	78	-466.9869	0	52379.6801	0
1156	78	-466.9669	0	52379.8177	0
1157	78	-466.9573	0	52379.8726	0
1158	78	-466.9535	0	52379.8878	0
1159	78	-466.9582	0	52380.0527	0
1160	78	-466.9593	0	52380.1145	0
1161	78	-466.9522	0	52379.9751	0
1162	78	-466.9574	0	52379.7637	0
1163	78	-466.9427	0	52380.0011	0
1164	78	-466.9477	0	52380.2515	0
1165	78	-466.9320	0	52380.3434	0
1166	78	-466.9363	0	52380.5327	0
1167	78	-466.9507	0	52380.7586	0
1168	78	-466.9656	0	52380.6770	0
1169	78	-466.9494	0	52380.6506	0
1170	78	-466.9402	0	52380.6414	0
1171	78	-466.9154	0	52380.9519	0
1172	78	-466.9261	0	52380.7477	0
1173	78	-466.9111	0	52380.6758	0
1174	78	-466.9027	0	52380.9611	0
1175	78	-466.8903	0	52380.9085	0
1176	78	-466.8942	0	52381.0407	0
1177	78	-466.9030	0	52381.2449	0
1178	78	-466.9143	0	52381.1634	0
1179	78	-466.9034	0	52381.1334	0
1180	78	-466.9036	0	52381.2730	0
1181	78	-466.8799	0	52381.3273	0
1182	78	-466.8696	0	52381.3476	0
1183	78	-466.8458	0	52381.3602	0
1184	78	-466.8372	0	52381.3621	0
1185	78	-466.8346	0	52381.3571	0
1186	78	-466.8339	0	52381.3561	0
1187	78	-466.8268	0	52381.5111	0
1188	78	-466.8250	0	52381.5688	0
1189	78	-466.8256	0	52381.5885	0
1190	78	-466.8334	0	52381.7422	0
1191	78	-466.8297	0	52381.6495	0
1192	78	-466.8182	0	52381.7675	0
1193	78	-466.8027	0	52381.6588	0
1194	78	-466.7975	0	52381.6170	0
1195	78	-466.7847	0	52381.7584	0
1196	78	-466.7816	0	52381.8078	0
1197	78	-466.7822	0	52381.8263	0
1198	78	-466.7729	0	52381.9854	0
1199	78	-466.7778	0	52381.8876	0
1200	78	-466.7792	0	52381.8542	0
1201	78	-466.7825	0	52381.8343	0
1202	78	-466.7920	0	52381.9801	0
1203	78	-466.7893	0	52381.8828	0
1204	78	-466.7864	0	52381.8465	0
1205	78	-466.7628	0	52381.8332	0
1206	78	-466.7420	0	52381.9856	0
1207	78	-466.7347	0	52382.0423	0
1208	78	-466.7471	0	52382.0583	0
1209	78	-466.7435	0	52382.2191	0
1210	78	-466.7604	0	52382.2747	0
1211	78	-466.7754	0	52382.4427	0
1212	78	-466.7766	0	52382.3541	0
1213	78	-466.8003	0	52382.3132	0
1214	78	-466.8040	0	52382.1439	0
1215	78	-466.7995	0	52382.2360	0
1216	78	-466.8229	0	52382.4167	0
1217	78	-466.8042	0	52382.3376	0
1218	78	-466.8128	0	52382.2999	0
1219	78	-466.8222	0	52382.4344	0
1220	78	-466.8176	0	52382.3375	0
1221	78	-466.8154	0	52382.3007	0
1222	78	-466.8062	0	52382.4355	0
1223	78	-466.8061	0	52382.4883	0
1224	78	-466.8156	0	52382.3532	0
1225	78	-466.8195	0	52382.6022	0
1226	78	-466.8218	0	52382.6971	0
1227	78	-466.8237	0	52382.7302	0
1228	78	-466.8173	0	52382.8930	0
1229	78	-466.8171	0	52382.6494	0
1230	78	-466.8254	0	52382.7091	0
1231	78	-466.8174	0	52382.8780	0
1232	78	-466.8088	0	52382.7966	0
1233	78	-466.8333	0	52382.9066	0
1234	78	-466.8486	0	52383.0920	0
1235	78	-466.8667	0	52383.3100	0
1236	78	-466.8740	0	52383.0920	0
1237	78	-466.8937	0	52383.3002	0
1238	78	-466.8989	0	52383.3788	0
1239	78	-466.8988	0	52383.4028	0
1240	78	-466.8863	0	52383.2689	0
1241	78	-466.8628	0	52383.2165	0
1242	78	-466.8551	0	52383.1975	0
1243	78	-466.8529	0	52383.1907	0
1244	78	-466.8424	0	52383.3346	0
1245	78	-466.8555	0	52383.6832	0
1246	78	-466.8619	0	52383.8121	0
1247	78	-466.8744	0	52384.0018	0
1248	78	-466.8800	0	52384.0702	0
1249	78	-466.8932	0	52384.2372	0
1250	78	-466.8981	0	52384.2976	0
1251	78	-466.8986	0	52384.6052	0
1252	78	-466.8803	0	52384.7258	0
1253	78	-466.9001	0	52384.9027	0
1254	78	-466.9094	0	52384.9669	0
1255	78	-466.9345	0	52384.9807	0
1256	78	-466.9617	0	52385.2636	0
1257	78	-466.9835	0	52385.5025	0
1258	78	-467.0126	0	52385.5840	0
1259	78	-467.0352	0	52385.7526	0
1260	78	-467.0603	0	52385.6640	0
1261	78	-467.0912	0	52385.9030	0
1262	78	-467.1033	0	52386.2701	0
1263	78	-467.1207	0	52386.2609	0
1264	78	-467.1347	0	52386.3866	0
1265	78	-467.1545	0	52386.4276	0
1266	78	-467.1812	0	52386.4329	0
1267	78	-467.2088	0	52386.7065	0
1268	78	-467.2382	0	52386.7989	0
1269	78	-467.2511	0	52386.8297	0
1270	78	-467.2832	0	52386.9689	0
1271	78	-467.2926	0	52387.2885	0
1272	78	-467.3160	0	52387.4004	0
1273	78	-467.3221	0	52387.7139	0
1274	78	-467.3353	0	52387.6869	0
1275	78	-467.3417	0	52387.6697	0
1276	78	-467.3620	0	52387.6527	0
1277	78	-467.3742	0	52387.7779	0
1278	78	-467.3950	0	52388.0871	0
1279	78	-467.4038	0	52388.2008	0
1280	78	-467.4201	0	52388.5049	0
1281	78	-467.4450	0	52388.6076	0
1282	78	-467.4468	0	52388.5099	0
1283	78	-467.4555	0	52388.5994	0
1284	78	-467.4508	0	52388.7638	0
1285	78	-467.4497	0	52388.8226	0
1286	78	-467.4498	0	52388.8363	0
1287	78	-467.4449	0	52388.7070	0
1288	78	-467.4500	0	52388.7876	0
1289	78	-467.4761	0	52388.9412	0
1290	78	-467.4754	0	52389.1316	0
1291	78	-467.4767	0	52388.9358	0
1292	78	-467.4942	0	52389.1177	0
1293	78	-467.4969	0	52389.4483	0
1294	78	-467.4990	0	52389.5682	0
1295	78	-467.5208	0	52389.6069	0
1296	78	-467.5128	0	52389.6182	0
1297	78	-467.5243	0	52389.8785	0
1298	78	-467.5362	0	52389.8407	0
1299	78	-467.5135	0	52389.9562	0
1300	78	-467.5198	0	52390.2529	0
1301	78	-467.5456	0	52390.4848	0
1302	78	-467.5399	0	52390.5714	0
1303	78	-467.5547	0	52390.5918	0
1304	78	-467.5615	0	52390.5986	0
1305	78	-467.5896	0	52390.7176	0
1306	78	-467.6024	0	52390.7585	0
1307	78	-467.6025	0	52390.6434	0
1308	78	-467.6266	0	52390.7189	0
1309	78	-467.6262	0	52390.8741	0
1310	78	-467.6313	0	52391.0556	0
1311	78	-467.6266	0	52390.9946	0
1312	78	-467.6359	0	52391.2182	0
1313	78	-467.6380	0	52391.5497	0
1314	78	-467.6556	0	52391.6663	0
1315	78	-467.6610	0	52391.7093	0
1316	78	-467.6587	0	52391.9689	0
1317	78	-467.6540	0	52391.9400	0
1318	78	-467.6587	0	52392.0455	0
1319	78	-467.6609	0	52392.0844	0
1320	78	-467.6763	0	52391.9635	0
1321	78	-467.6883	0	52392.0413	0
1322	78	-467.6901	0	52392.0671	0
1323	78	-467.6894	0	52392.0706	0
1324	78	-467.6935	0	52392.1968	0
1325	78	-467.6845	0	52392.3650	0
1326	78	-467.6903	0	52392.5433	0
1327	78	-467.7002	0	52392.7319	0
1328	78	-467.7029	0	52392.7968	0
1329	78	-467.7197	0	52392.8165	0
1330	78	-467.7035	0	52392.7045	0
1331	78	-467.7067	0	52392.7766	0
1332	78	-467.6992	0	52392.9248	0
1333	78	-467.7138	0	52392.9737	0
1334	78	-467.7162	0	52392.9897	0
1335	78	-467.6904	0	52392.8796	0
1336	78	-467.6631	0	52392.8373	0
1337	78	-467.6283	0	52392.7047	0
1338	78	-467.6219	0	52392.7731	0
1339	78	-467.6233	0	52392.5517	0
1340	78	-467.6161	0	52392.5935	0
1341	78	-467.6144	0	52392.6076	0
1342	78	-467.6235	0	52392.4874	0
1343	78	-467.6273	0	52392.4422	0
1344	78	-467.6289	0	52392.4280	0
1345	78	-467.6352	0	52392.5443	0
1346	78	-467.6262	0	52392.7100	0
1347	78	-467.6213	0	52392.7750	0
1348	78	-467.6075	0	52392.9223	0
1349	78	-467.5909	0	52392.8604	0
1350	78	-467.5674	0	52392.8384	0
1351	78	-467.5596	0	52392.8292	0
1352	78	-467.5438	0	52392.8260	0
1353	78	-467.5454	0	52392.9454	0
1354	78	-467.5529	0	52393.1096	0
1355	78	-467.5480	0	52393.0507	0
1356	78	-467.5460	0	52393.0269	0
1357	78	-467.5503	0	52393.1364	0
1358	78	-467.5620	0	52393.0542	0
1359	78	-467.5621	0	52393.0232	0
1360	78	-467.5509	0	52393.1346	0
1361	78	-467.5360	0	52393.0554	0
1362	78	-467.5100	0	52392.9080	0
1363	78	-467.5111	0	52392.9721	0
1364	78	-467.5204	0	52393.1165	0
1365	78	-467.5265	0	52393.1693	0
1366	78	-467.5394	0	52393.3053	0
1367	78	-467.5619	0	52393.3531	0
1368	78	-467.5945	0	52393.4844	0
1369	78	-467.6085	0	52393.5317	0
1370	78	-467.6057	0	52393.6703	0
1371	78	-467.6220	0	52393.7167	0
1372	78	-467.6407	0	52393.9680	0
1373	78	-467.6294	0	52394.0619	0
1374	78	-467.6354	0	52393.9756	0
1375	78	-467.6527	0	52393.9350	0
1376	78	-467.6606	0	52394.2738	0
1377	78	-467.6619	0	52394.3985	0
1378	78	-467.6801	0	52394.4385	0
1379	78	-467.6803	0	52394.3371	0
1380	78	-467.6877	0	52394.4108	0
1381	78	-467.6853	0	52394.5531	0
1382	78	-467.7087	0	52394.4813	0
1383	78	-467.7024	0	52394.4569	0
1384	78	-467.6966	0	52394.6816	0
1385	78	-467.6944	0	52394.7629	0
1386	78	-467.7045	0	52394.6695	0
1387	78	-467.7220	0	52394.8650	0
1388	78	-467.7347	0	52395.0481	0
1389	78	-467.7559	0	52395.1149	0
1390	78	-467.7782	0	52395.3598	0
1391	78	-467.7802	0	52395.3379	0
1392	78	-467.8018	0	52395.3224	0
1393	78	-467.8059	0	52395.1995	0
1394	78	-467.8249	0	52395.1442	0
1395	78	-467.8318	0	52395.1232	0
1396	78	-467.8288	0	52394.9968	0
1397	78	-467.8367	0	52394.8295	0
1398	78	-467.8117	0	52394.8897	0
1399	78	-467.8082	0	52394.7938	0
1400	78	-467.7948	0	52394.6444	0
1401	78	-467.7711	0	52394.5923	0
1402	78	-467.7619	0	52394.5726	0
1403	78	-467.7529	0	52394.4505	0
1404	78	-467.7437	0	52394.6417	0
1405	78	-467.7441	0	52394.4803	0
1406	78	-467.7432	0	52394.4208	0
1407	78	-467.7335	0	52394.5196	0
1408	78	-467.7375	0	52394.6724	0
1409	78	-467.7396	0	52394.7319	0
1410	78	-467.7461	0	52394.8673	0
1411	78	-467.7375	0	52395.0366	0
1412	78	-467.7332	0	52395.0989	0
1413	78	-467.7277	0	52395.1223	0
1414	78	-467.7224	0	52395.1328	0
1415	78	-467.7052	0	52395.1358	0
1416	78	-467.6916	0	52395.0227	0
1417	78	-467.6697	0	52394.9828	0
1418	78	-467.6528	0	52394.8519	0
1419	78	-467.6295	0	52394.8067	0
1420	78	-467.6145	0	52395.0265	0
1421	78	-467.6149	0	52395.2240	0
1422	78	-467.6221	0	52395.4092	0
1423	78	-467.6247	0	52395.4772	0
1424	78	-467.6207	0	52395.3871	0
1425	78	-467.5873	0	52395.7016	0
1426	78	-467.5741	0	52396.1634	0
1427	78	-467.5420	0	52396.2254	0
1428	78	-467.5179	0	52396.3569	0
1429	78	-467.4953	0	52396.5175	0
1430	78	-467.4651	0	52396.4694	0
1431	78	-467.4391	0	52396.4490	0
1432	78	-467.4243	0	52396.3267	0
1433	78	-467.4158	0	52396.5029	0
1434	78	-467.3968	0	52396.5706	0
1435	78	-467.3811	0	52396.7059	0
1436	78	-467.3761	0	52396.7569	0
1437	78	-467.3751	0	52396.7714	0
1438	78	-467.3754	0	52396.7726	0
1439	78	-467.3631	0	52396.8856	0
1440	78	-467.3611	0	52397.0387	0
1441	78	-467.3426	0	52397.0969	0
1442	78	-467.3170	0	52397.1204	0
1443	78	-467.2986	0	52397.0172	0
1444	78	-467.2608	0	52396.9818	0
1445	78	-467.2416	0	52396.8570	0
1446	78	-467.2128	0	52396.7003	0
1447	78	-467.1995	0	52396.6425	0
1448	78	-467.2002	0	52396.7299	0
1449	78	-467.1856	0	52396.5436	0
1450	78	-467.1661	0	52396.4752	0
1451	78	-467.1669	0	52396.5601	0
1452	78	-467.1757	0	52396.7050	0
1453	78	-467.1767	0	52396.7593	0
1454	78	-467.1771	0	52397.0019	0
1455	78	-467.1779	0	52397.0936	0
1456	78	-467.1659	0	52397.2395	0
1457	78	-467.1594	0	52397.5137	0
1458	78	-467.1414	0	52397.6167	0
1459	78	-467.1359	0	52397.6536	0
1460	78	-467.1194	0	52397.6691	0
1461	78	-467.0977	0	52397.6743	0
1462	78	-467.0891	0	52397.6728	0
1463	78	-467.0908	0	52397.4495	0
1464	78	-467.0982	0	52397.4718	0
1465	78	-467.1019	0	52397.7008	0
1466	78	-467.1203	0	52397.7813	0
1467	78	-467.1527	0	52397.9102	0
1468	78	-467.1809	0	52397.9568	0
1469	78	-467.1910	0	52397.9712	0
1470	78	-467.1866	0	52398.0831	0
1471	78	-467.1744	0	52398.2364	0
1472	78	-467.1671	0	52398.5078	0
1473	78	-467.1716	0	52398.7100	0
1474	78	-467.1760	0	52398.7833	0
1475	78	-467.1776	0	52399.0170	0
1476	78	-467.1821	0	52399.2092	0
1477	78	-467.1830	0	52399.2754	0
1478	78	-467.1907	0	52399.4003	0
1479	78	-467.2083	0	52399.6501	0
1480	78	-467.2315	0	52399.7333	0
1481	78	-467.2359	0	52399.8656	0
1482	78	-467.2547	0	52399.9085	0
1483	78	-467.2526	0	52400.0258	0
1484	78	-467.2334	0	52400.0663	0
1485	78	-467.2216	0	52400.2873	0
1486	78	-467.2182	0	52400.3662	0
1487	78	-467.2097	0	52400.4935	0
1488	78	-467.2085	0	52400.5378	0
1489	78	-467.2156	0	52400.6491	0
1490	78	-467.2247	0	52400.7896	0
1491	78	-467.2352	0	52400.9363	0
1492	78	-467.2551	0	52400.9859	0
1493	78	-467.2812	0	52400.9965	0
1494	78	-467.2988	0	52401.0938	0
1495	78	-467.3206	0	52401.1250	0
1496	78	-467.3157	0	52401.1365	0
1497	78	-467.3218	0	52401.3362	0
1498	78	-467.3219	0	52401.4091	0
1499	78	-467.3398	0	52401.4297	0
1500	78	-467.3434	0	52401.3325	0
1501	78	-467.3439	0	52401.4946	0
1502	78	-467.3671	0	52401.6472	0
1503	78	-467.3841	0	52401.7979	0
1504	78	-467.4082	0	52402.1446	0
1505	78	-467.4350	0	52402.2673	0
1506	78	-467.4666	0	52402.4040	0
1507	78	-467.4797	0	52402.4498	0
1508	78	-467.4924	0	52402.5587	0
1509	78	-467.4716	0	52402.6974	0
1510	78	-467.4684	0	52402.8420	0
1511	78	-467.4742	0	52403.0826	0
1512	78	-467.4638	0	52403.1702	0
1513	78	-467.4713	0	52403.1968	0
1514	78	-467.4587	0	52403.3954	0
1515	78	-467.4526	0	52403.4680	0
1516	78	-467.4578	0	52403.5826	0
1517	78	-467.4741	0	52403.8080	0
1518	78	-467.4867	0	52403.9800	0
1519	78	-467.4892	0	52403.9497	0
1520	78	-467.5064	0	52403.9266	0
1521	78	-467.5039	0	52404.0110	0
1522	78	-467.5121	0	52404.2251	0
1523	78	-467.5122	0	52404.3010	0
1524	78	-467.5142	0	52404.3265	0
1525	78	-467.5274	0	52404.2344	0
1526	78	-467.5473	0	52404.3796	0
1527	78	-467.5663	0	52404.6145	0
1528	78	-467.5835	0	52404.8802	0
1529	78	-467.6049	0	52404.9761	0
1530	78	-467.6208	0	52405.0956	0
1531	78	-467.6209	0	52405.0473	0
1532	78	-467.6228	0	52405.0246	0
1533	78	-467.6385	0	52405.0091	0
1534	78	-467.6384	0	52405.1826	0
1535	78	-467.6286	0	52405.3388	0
1536	78	-467.6306	0	52405.3034	0
1537	78	-467.6301	0	52405.2866	0
1538	78	-467.6307	0	52405.2777	0
1539	78	-467.6257	0	52405.4519	0
1540	78	-467.6383	0	52405.5123	0
1541	78	-467.6352	0	52405.6256	0
1542	78	-467.6379	0	52405.7538	0
1543	78	-467.6547	0	52405.7977	0
1544	78	-467.6583	0	52405.7204	0
1545	78	-467.6580	0	52405.6906	0
1546	78	-467.6481	0	52405.7666	0
1547	78	-467.6363	0	52405.8866	0
1548	78	-467.6213	0	52406.0205	0
1549	78	-467.6164	0	52406.0669	0
1550	78	-467.6240	0	52406.1715	0
1551	78	-467.6295	0	52406.2063	0
1552	78	-467.6474	0	52406.4784	0
1553	78	-467.6577	0	52406.6663	0
1554	78	-467.6609	0	52406.7334	0
1555	78	-467.6561	0	52406.8430	0
1556	78	-467.6612	0	52406.9671	0
1557	78	-467.6521	0	52407.0986	0
1558	78	-467.6259	0	52407.4078	0
1559	78	-467.6091	0	52407.6059	0
1560	78	-467.5921	0	52407.7643	0
1561	78	-467.5890	0	52407.9034	0
1562	78	-467.5708	0	52407.8711	0
1563	78	-467.5659	0	52407.8513	0
1564	78	-467.5778	0	52408.0065	0
1565	78	-467.5758	0	52408.1474	0
1566	78	-467.5739	0	52408.1965	0
1567	78	-467.5797	0	52408.2934	0
1568	78	-467.5777	0	52408.2448	0
1569	78	-467.5986	0	52408.3854	0
1570	78	-467.5875	0	52408.6044	0
1571	78	-467.5796	0	52408.6844	0
1572	78	-467.5629	0	52408.9633	0
1573	78	-467.5504	0	52409.2274	0
1574	78	-467.5335	0	52409.3264	0
1575	78	-467.5131	0	52409.2806	0
1576	78	-467.5074	0	52409.2565	0
1577	78	-467.5059	0	52409.2444	0
1578	78	-467.5067	0	52409.3165	0
1579	78	-467.5018	0	52409.5063	0
1580	78	-467.4884	0	52409.5747	0
1581	78	-467.4801	0	52409.6816	0
1582	78	-467.4708	0	52409.7982	0
1583	78	-467.4752	0	52409.9182	0
1584	78	-467.4634	0	52409.9629	0
1585	78	-467.4714	0	52409.9723	0
1586	78	-467.4590	0	52409.9765	0
1587	78	-467.4430	0	52409.9757	0
1588	78	-467.4461	0	52410.0536	0
1589	78	-467.4546	0	52410.1568	0
1590	78	-467.4510	0	52410.2765	0
1591	78	-467.4599	0	52410.4741	0
1592	78	-467.4639	0	52410.5466	0
1593	78	-467.4765	0	52410.4890	0
1594	78	-467.4974	0	52410.4612	0
1595	78	-467.5033	0	52410.6070	0
1596	78	-467.5057	0	52410.6600	0
1597	78	-467.5138	0	52410.8318	0
1598	78	-467.5213	0	52410.9725	0
1599	78	-467.5170	0	52410.9465	0
1600	78	-467.5181	0	52410.9300	0
1601	78	-467.5212	0	52411.0011	0
1602	78	-467.5383	0	52411.0218	0
1603	78	-467.5493	0	52411.1057	0
1604	78	-467.5673	0	52411.1307	0
1605	78	-467.5923	0	52411.2125	0
1606	78	-467.6133	0	52411.1616	0
1607	78	-467.6364	0	52411.1368	0
1608	78	-467.6623	0	52411.2016	0
1609	78	-467.6678	0	52411.3790	0
1610	78	-467.6915	0	52411.5936	0
1611	78	-467.7018	0	52411.7492	0
1612	78	-467.6968	0	52411.6539	0
1613	78	-467.6992	0	52411.4587	0
1614	78	-467.7073	0	52411.5374	0
1615	78	-467.7111	0	52411.5638	0
1616	78	-467.7203	0	52411.7239	0
1617	78	-467.7366	0	52411.7799	0
1618	78	-467.7423	0	52411.8005	0
1619	78	-467.7562	0	52411.9548	0
1620	78	-467.7667	0	52411.9362	0
1621	78	-467.7756	0	52411.8493	0
1622	78	-467.7626	0	52411.7405	0
1623	78	-467.7587	0	52411.6981	0
1624	78	-467.7560	0	52411.6805	0
1625	78	-467.7508	0	52411.5993	0
1626	78	-467.7398	0	52411.6454	0
1627	78	-467.7371	0	52411.5093	0
1628	78	-467.7359	0	52411.4574	0
1629	78	-467.7312	0	52411.3619	0
1630	78	-467.7299	0	52411.3263	0
1631	78	-467.7139	0	52411.3161	0
1632	78	-467.7126	0	52411.2351	0
1633	78	-467.7005	0	52411.2066	0
1634	78	-467.6955	0	52411.1966	0
1635	78	-467.6952	0	52411.2734	0
1636	78	-467.6933	0	52411.3014	0
1637	78	-467.6829	0	52411.1615	0
1638	78	-467.6795	0	52411.1864	0
1639	78	-467.6735	0	52411.1179	0
1640	78	-467.6618	0	52411.1749	0
1641	78	-467.6634	0	52411.0398	0
1642	78	-467.6614	0	52410.9894	0
1643	78	-467.6680	0	52411.0475	0
1644	78	-467.6837	0	52411.0677	0
1645	78	-467.6669	0	52410.9254	0
1646	78	-467.6717	0	52410.8691	0
1647	78	-467.6734	0	52410.8503	0
1648	78	-467.6606	0	52410.8452	0
1649	78	-467.6568	0	52410.8464	0
1650	78	-467.6735	0	52410.9212	0
1651	78	-467.6792	0	52410.9503	0
1652	78	-467.6899	0	52410.8835	0
1653	78	-467.6776	0	52410.7811	0
1654	78	-467.6768	0	52410.5863	0
1655	78	-467.6780	0	52410.5116	0
1656	78	-467.6931	0	52410.4845	0
1657	78	-467.6989	0	52410.4748	0
1658	78	-467.6969	0	52410.3955	0
1659	78	-467.6966	0	52410.3659	0
1660	78	-467.6967	0	52410.3578	0
1661	78	-467.7012	0	52410.4335	0
1662	78	-467.7026	0	52410.4649	0
1663	78	-467.7095	0	52410.5541	0
1664	78	-467.7236	0	52410.5879	0
1665	78	-467.7269	0	52410.5999	0
1666	78	-467.7155	0	52410.6065	0
1667	78	-467.7156	0	52410.6890	0
1668	78	-467.7228	0	52410.7963	0
1669	78	-467.7213	0	52410.7583	0
1670	78	-467.7245	0	52410.8207	0
1671	78	-467.7235	0	52410.7675	0
1672	78	-467.7222	0	52410.7461	0
1673	78	-467.7216	0	52410.7374	0
1674	78	-467.7215	0	52410.7343	0
1675	78	-467.6989	0	52410.8161	0
1676	78	-467.7086	0	52410.9204	0
1677	78	-467.7203	0	52410.8799	0
1678	78	-467.7094	0	52410.8668	0
1679	78	-467.7048	0	52410.8599	0
1680	78	-467.7049	0	52410.8574	0
1681	78	-467.7033	0	52411.0138	0
1682	78	-467.7137	0	52411.0693	0
1683	78	-467.7225	0	52411.0895	0
1684	78	-467.7202	0	52411.1751	0
1685	78	-467.7297	0	52411.1249	0
1686	78	-467.7286	0	52411.2618	0
1687	78	-467.7397	0	52411.3110	0
1688	78	-467.7331	0	52411.3303	0
1689	78	-467.7371	0	52411.2566	0
1690	78	-467.7605	0	52411.1454	0
1691	78	-467.7753	0	52411.0222	0
1692	78	-467.7731	0	52411.0565	0
1693	78	-467.7899	0	52410.9094	0
1694	78	-467.7958	0	52410.8531	0
1695	78	-467.8012	0	52410.9117	0
1696	78	-467.7984	0	52410.8555	0
1697	78	-467.7968	0	52410.8364	0
1698	78	-467.7958	0	52410.8292	0
1699	78	-467.8045	0	52410.7461	0
1700	78	-467.8090	0	52410.7167	0
1701	78	-467.8147	0	52410.7834	0
1702	78	-467.8232	0	52410.7288	0
1703	78	-467.8254	0	52410.7106	0
1704	78	-467.8219	0	52410.6258	0
1705	78	-467.8204	0	52410.5941	0
1706	78	-467.8234	0	52410.6606	0
1707	78	-467.8224	0	52410.6105	0
1708	78	-467.8268	0	52410.6683	0
1709	78	-467.8290	0	52410.6922	0
1710	78	-467.8305	0	52410.6998	0
1711	78	-467.8352	0	52410.7826	0
1712	78	-467.8368	0	52410.8125	0
1713	78	-467.8491	0	52410.7426	0
1714	78	-467.8543	0	52410.7175	0
1715	78	-467.8431	0	52410.7094	0
1716	78	-467.8448	0	52410.7835	0
1717	78	-467.8451	0	52410.8115	0
1718	78	-467.8484	0	52410.9019	0
1719	78	-467.8485	0	52410.9343	0
1720	78	-467.8478	0	52410.9464	0
1721	78	-467.8372	0	52411.0301	0
1722	78	-467.8369	0	52411.1383	0
1723	78	-467.8263	0	52411.1792	0
1724	78	-467.8164	0	52411.2726	0
1725	78	-467.8173	0	52411.3838	0
1726	78	-467.8220	0	52411.5002	0
1727	78	-467.8177	0	52411.4670	0
1728	78	-467.7956	0	52411.5312	0
1729	78	-467.7922	0	52411.6319	0
1730	78	-467.7913	0	52411.6665	0
1731	78	-467.7852	0	52411.7549	0
1732	78	-467.7851	0	52411.8629	0
1733	78	-467.7807	0	52411.8272	0
1734	78	-467.7715	0	52411.8885	0
1735	78	-467.7735	0	52411.9850	0
1736	78	-467.7732	0	52412.0192	0
1737	78	-467.7881	0	52412.0276	0
1738	78	-467.7849	0	52412.1064	0
1739	78	-467.7698	0	52412.1346	0
1740	78	-467.7643	0	52412.1458	0
1741	78	-467.7627	0	52412.1468	0
1742	78	-467.7624	0	52412.1454	0
1743	78	-467.7665	0	52412.2175	0
1744	78	-467.7575	0	52412.2478	0
1745	78	-467.7418	0	52412.2586	0
1746	78	-467.7417	0	52412.3354	0
1747	78	-467.7431	0	52412.3619	0
1748	78	-467.7424	0	52412.3728	0
1749	78	-467.7422	0	52412.3738	0
1750	78	-467.7420	0	52412.3728	0
1751	78	-467.7354	0	52412.4495	0
1752	78	-467.7333	0	52412.4762	0
1753	78	-467.7393	0	52412.4082	0
1754	78	-467.7377	0	52412.3079	0
1755	78	-467.7413	0	52412.3432	0
1756	78	-467.7425	0	52412.3552	0
1757	78	-467.7388	0	52412.2863	0
1758	78	-467.7379	0	52412.2587	0
1759	78	-467.7378	0	52412.2493	0
1760	78	-467.7379	0	52412.2437	0
1761	78	-467.7384	0	52412.2427	0
1762	78	-467.7541	0	52412.2397	0
1763	78	-467.7576	0	52412.3899	0
1764	78	-467.7589	0	52412.4468	0
1765	78	-467.7597	0	52412.4674	0
1766	78	-467.7600	0	52412.4745	0
1767	78	-467.7471	0	52412.4794	0
1768	78	-467.7566	0	52412.4756	0
1769	78	-467.7471	0	52412.4775	0
1770	78	-467.7512	0	52412.4020	0
1771	78	-467.7533	0	52412.3708	0
1772	78	-467.7546	0	52412.3606	0
1773	78	-467.7556	0	52412.3549	0
1774	78	-467.7564	0	52412.3536	0
1775	78	-467.7507	0	52412.4299	0
1776	78	-467.7559	0	52412.3823	0
1777	78	-467.7712	0	52412.3605	0
1778	78	-467.7760	0	52412.3525	0
1779	78	-467.7729	0	52412.2754	0
1780	78	-467.7753	0	52412.3227	0
1781	78	-467.7717	0	52412.2660	0
1782	78	-467.7738	0	52412.3194	0
1783	78	-467.7741	0	52412.3396	0
1784	78	-467.7735	0	52412.3473	0
1785	78	-467.7857	0	52412.3477	0
1786	78	-467.7887	0	52412.3480	0
1787	78	-467.7751	0	52412.3507	0
1788	78	-467.7827	0	52412.3491	0
1789	78	-467.7843	0	52412.3487	0
1790	78	-467.7834	0	52412.3487	0
1791	78	-467.7782	0	52412.2764	0
1792	78	-467.7757	0	52412.2481	0
1793	78	-467.7649	0	52412.3153	0
1794	78	-467.7610	0	52412.3407	0
1795	78	-467.7599	0	52412.3502	0
1796	78	-467.7634	0	52412.4282	0
1797	78	-467.7607	0	52412.3832	0
1798	78	-467.7601	0	52412.3656	0
1799	78	-467.7576	0	52412.3591	0
1800	78	-467.7520	0	52412.2821	0
1801	78	-467.7495	0	52412.2530	0
1802	78	-467.7351	0	52412.2448	0
1803	78	-467.7305	0	52412.2420	0
1804	78	-467.7296	0	52412.2411	0
1805	78	-467.7301	0	52412.2410	0
1806	78	-467.7196	0	52412.3188	0
1807	78	-467.7311	0	52412.3453	0
1808	78	-467.7203	0	52412.3581	0
1809	78	-467.7127	0	52412.2881	0
1810	78	-467.7167	0	52412.1849	0
1811	78	-467.7185	0	52412.1455	0
1812	78	-467.7192	0	52412.1315	0
1813	78	-467.7108	0	52412.2042	0
1814	78	-467.7095	0	52412.2315	0
1815	78	-467.6942	0	52412.2447	0
1816	78	-467.6954	0	52412.1723	0
1817	78	-467.6960	0	52412.1468	0
1818	78	-467.6962	0	52412.1364	0
1819	78	-467.6965	0	52412.1332	0
1820	78	-467.6944	0	52412.1324	0
1821	78	-467.6886	0	52412.2094	0
1822	78	-467.6869	0	52412.2383	0
1823	78	-467.6715	0	52412.2511	0
1824	78	-467.6663	0	52412.2575	0
1825	78	-467.6649	0	52412.2590	0
1826	78	-467.6688	0	52412.3336	0
1827	78	-467.6665	0	52412.2873	0
1828	78	-467.6661	0	52412.2695	0
1829	78	-467.6662	0	52412.2628	0
1830	78	-467.6668	0	52412.2581	0
1831	78	-467.6672	0	52412.2573	0
1832	78	-467.6679	0	52412.2571	0
1833	78	-467.6684	0	52412.2571	0
1834	78	-467.6689	0	52412.2572	0
1835	78	-467.6732	0	52412.3320	0
1836	78	-467.6614	0	52412.3627	0
1837	78	-467.6580	0	52412.3739	0
1838	78	-467.6536	0	52412.3031	0
1839	78	-467.6573	0	52412.3483	0
1840	78	-467.6658	0	52412.2893	0
1841	78	-467.6650	0	52412.1944	0
1842	78	-467.6633	0	52412.1559	0
1843	78	-467.6749	0	52412.1405	0
1844	78	-467.6645	0	52412.1375	0
1845	78	-467.6601	0	52412.1372	0
1846	78	-467.6427	0	52412.1421	0
1847	78	-467.6207	0	52412.1459	0
1848	78	-467.5968	0	52412.1501	0
1849	78	-467.5832	0	52412.3058	0
1850	78	-467.5700	0	52412.2899	0
1851	78	-467.5434	0	52412.3621	0
1852	78	-467.5265	0	52412.3151	0
1853	78	-467.5148	0	52412.2222	0
1854	78	-467.5086	0	52412.1887	0
1855	78	-467.5033	0	52412.0989	0
1856	78	-467.5126	0	52412.0640	0
1857	78	-467.5290	0	52412.0487	0
1858	78	-467.5408	0	52412.1188	0
1859	78	-467.5455	0	52412.1457	0
1860	78	-467.5618	0	52412.1547	0
1861	78	-467.5866	0	52412.2295	0
1862	78	-467.6100	0	52412.2547	0
1863	78	-467.6198	0	52412.2652	0
1864	78	-467.6299	0	52412.1912	0
1865	78	-467.6292	0	52412.0880	0
1866	78	-467.6291	0	52412.0491	0
1867	78	-467.6291	0	52412.0350	0
1868	78	-467.6198	0	52412.1074	0
1869	78	-467.6108	0	52412.0606	0
1870	78	-467.6053	0	52412.0427	0
1871	78	-467.5889	0	52412.0407	0
1872	78	-467.5808	0	52412.0393	0
1873	78	-467.5658	0	52411.8888	0
1874	78	-467.5603	0	52411.8338	0
1875	78	-467.5564	0	52411.8135	0
1876	78	-467.5471	0	52411.7317	0
1877	78	-467.5376	0	52411.7786	0
1878	78	-467.5305	0	52411.7242	0
1879	78	-467.5479	0	52411.6225	0
1880	78	-467.5405	0	52411.5882	0
1881	78	-467.5381	0	52411.5760	0
1882	78	-467.5315	0	52411.4977	0
1883	78	-467.5286	0	52411.4676	0
1884	78	-467.5271	0	52411.4599	0
1885	78	-467.5264	0	52411.4566	0
1886	78	-467.5257	0	52411.4581	0
1887	78	-467.5255	0	52411.4605	0
1888	78	-467.5178	0	52411.3852	0
1889	78	-467.5073	0	52411.4354	0
1890	78	-467.5031	0	52411.4578	0
1891	78	-467.5075	0	52411.3873	0
1892	78	-467.5086	0	52411.3622	0
1893	78	-467.5064	0	52411.5083	0
1894	78	-467.5073	0	52411.5631	0
1895	78	-467.5084	0	52411.5849	0
1896	78	-467.5053	0	52411.5157	0
1897	78	-467.5075	0	52411.3338	0
1898	78	-467.5070	0	52411.2666	0
1899	78	-467.5064	0	52411.2417	0
1900	78	-467.5130	0	52411.3096	0
1901	78	-467.5053	0	52411.4157	0
1902	78	-467.5024	0	52411.4558	0
1903	78	-467.5102	0	52411.3936	0
1904	78	-467.4991	0	52411.3718	0
1905	78	-467.4952	0	52411.3631	0
1906	78	-467.4943	0	52411.3602	0
1907	78	-467.4941	0	52411.3596	0
1908	78	-467.5047	0	52411.5127	0
1909	78	-467.5093	0	52411.5700	0
1910	78	-467.5115	0	52411.5914	0
1911	78	-467.5238	0	52411.7503	0
1912	78	-467.5206	0	52411.7323	0
1913	78	-467.5264	0	52411.8002	0
1914	78	-467.5279	0	52411.8252	0
1915	78	-467.5239	0	52411.9109	0
1916	78	-467.5233	0	52411.9414	0
1917	78	-467.5394	0	52411.9495	0
1918	78	-467.5350	0	52412.1807	0
1919	78	-467.5218	0	52412.2674	0
1920	78	-467.5000	0	52412.3774	0
1921	78	-467.4874	0	52412.4935	0
1922	78	-467.4746	0	52412.6109	0
1923	78	-467.4568	0	52412.6535	0
1924	78	-467.4523	0	52412.6669	0
1925	78	-467.4635	0	52412.6671	0
1926	78	-467.4649	0	52412.6656	0
1927	78	-467.4638	0	52412.6640	0
1928	78	-467.4664	0	52412.8826	0
1929	78	-467.4776	0	52413.1102	0
1930	78	-467.4859	0	52413.1189	0
1931	78	-467.4911	0	52413.1913	0
1932	78	-467.4865	0	52413.1447	0
1933	78	-467.4811	0	52413.2720	0
1934	78	-467.4605	0	52413.2475	0
1935	78	-467.4469	0	52413.3103	0
1936	78	-467.4316	0	52413.4074	0
1937	78	-467.4191	0	52413.5885	0
1938	78	-467.3819	0	52413.5870	0
1939	78	-467.3626	0	52413.5121	0
1940	78	-467.3490	0	52413.6283	0
1941	78	-467.3313	0	52413.6730	0
1942	78	-467.3283	0	52413.7596	0
1943	78	-467.3203	0	52413.8632	0
1944	78	-467.3170	0	52413.9000	0
1945	78	-467.3153	0	52413.9114	0
1946	78	-467.3124	0	52413.8409	0
1947	78	-467.3111	0	52413.9593	0
1948	78	-467.3327	0	52414.1418	0
1949	78	-467.3328	0	52414.1377	0
1950	78	-467.3229	0	52414.1342	0
1951	78	-467.3182	0	52414.2752	0
1952	78	-467.3149	0	52414.3264	0
1953	78	-467.3003	0	52414.3453	0
1954	78	-467.2897	0	52414.2089	0
1955	78	-467.2943	0	52414.2974	0
1956	78	-467.3004	0	52414.3988	0
1957	78	-467.2930	0	52414.4381	0
1958	78	-467.3101	0	52414.5187	0
1959	78	-467.3276	0	52414.6861	0
1960	78	-467.3376	0	52414.7466	0
1961	78	-467.3610	0	52414.6929	0
1962	78	-467.3678	0	52414.8126	0
1963	78	-467.3784	0	52414.7824	0
1964	78	-467.3728	0	52414.8412	0
1965	78	-467.3646	0	52414.9326	0
1966	78	-467.3618	0	52414.9659	0
1967	78	-467.3461	0	52414.9781	0
1968	78	-467.3316	0	52415.0542	0
1969	78	-467.3126	0	52415.0829	0
1970	78	-467.2920	0	52414.8843	0
1971	78	-467.2806	0	52414.9491	0
1972	78	-467.2862	0	52414.9001	0
1973	78	-467.2889	0	52414.8804	0
1974	78	-467.2909	0	52415.0819	0
1975	78	-467.2905	0	52415.1570	0
1976	78	-467.3038	0	52415.1828	0
1977	78	-467.3003	0	52415.1911	0
1978	78	-467.3121	0	52415.1913	0
1979	78	-467.3266	0	52415.2576	0
1980	78	-467.3393	0	52415.2104	0
1981	78	-467.3449	0	52415.1927	0
1982	78	-467.3519	0	52415.2519	0
1983	78	-467.3547	0	52415.2741	0
1984	78	-467.3454	0	52415.3534	0
1985	78	-467.3231	0	52415.3161	0
1986	78	-467.2959	0	52415.2337	0
1987	78	-467.2675	0	52415.1362	0
1988	78	-467.2432	0	52415.1019	0
1989	78	-467.2289	0	52415.0202	0
1990	78	-467.2255	0	52414.8474	0
1991	78	-467.2270	0	52414.8536	0
1992	78	-467.2225	0	52414.9986	0
1993	78	-467.2093	0	52414.9170	0
1994	78	-467.2020	0	52415.0260	0
1995	78	-467.2027	0	52415.1375	0
1996	78	-467.2060	0	52415.2474	0
1997	78	-467.2017	0	52415.2198	0
1998	78	-467.2115	0	52415.2063	0
1999	78	-467.2224	0	52415.2704	0
2000	78	-467.2251	0	52415.2940	0
2001	78	-467.2194	0	52415.3724	0
2002	78	-467.2226	0	52415.4703	0
2003	78	-467.2079	0	52415.6445	0
2004	78	-467.1938	0	52415.7797	0
2005	78	-467.1777	0	52415.8318	0
2006	78	-467.1535	0	52415.9876	0
2007	78	-467.1346	0	52416.1128	0
2008	78	-467.1002	0	52416.2990	0
2009	78	-467.0701	0	52416.3004	0
2010	78	-467.0648	0	52416.3643	0
2011	78	-467.0498	0	52416.3882	0
2012	78	-467.0392	0	52416.3290	0
2013	78	-467.0337	0	52416.3042	0
2014	78	-467.0215	0	52416.2949	0
2015	78	-467.0174	0	52416.2881	0
2016	78	-467.0298	0	52416.4170	0
2017	78	-467.0261	0	52416.3308	0
2018	78	-467.0249	0	52416.4332	0
2019	78	-467.0444	0	52416.5340	0
2020	78	-467.0387	0	52416.7060	0
2021	78	-467.0423	0	52416.8326	0
2022	78	-467.0393	0	52416.9460	0
2023	78	-467.0271	0	52416.9884	0
2024	78	-467.0084	0	52417.0030	0
2025	78	-466.9998	0	52417.0076	0
2026	78	-466.9769	0	52416.8794	0
2027	78	-466.9612	0	52416.8284	0
2028	78	-466.9481	0	52416.8089	0
2029	78	-466.9514	0	52416.8667	0
2030	78	-466.9678	0	52417.0156	0
2031	78	-466.9765	0	52417.0709	0
2032	78	-466.9737	0	52417.0906	0
2033	78	-466.9982	0	52417.2257	0
2034	78	-467.0087	0	52417.2729	0
2035	78	-467.0061	0	52417.3565	0
2036	78	-467.0038	0	52417.3860	0
2037	78	-467.0116	0	52417.5234	0
2038	78	-467.0000	0	52417.7048	0
2039	78	-466.9778	0	52417.8393	0
2040	78	-466.9552	0	52417.7604	0
2041	78	-466.9375	0	52417.7935	0
2042	78	-466.9232	0	52417.8702	0
2043	78	-466.9078	0	52417.9615	0
2044	78	-466.8915	0	52417.8695	0
2045	78	-466.8784	0	52417.7664	0
2046	78	-466.8749	0	52417.7270	0
2047	78	-466.8696	0	52417.6465	0
2048	78	-466.8536	0	52417.5516	0
2049	78	-466.8246	0	52417.3205	0
2050	78	-466.8256	0	52417.2999	0
2051	78	-466.8116	0	52417.2979	0
2052	78	-466.8216	0	52417.5630	0
2053	78	-466.8505	0	52417.7838	0
2054	78	-466.8855	0	52418.3018	0
2055	78	-466.9001	0	52418.6792	0
2056	78	-466.8964	0	52418.8878	0
2057	78	-466.8846	0	52418.9052	0
2058	78	-466.8689	0	52418.9704	0
2059	78	-466.8558	0	52418.9930	0
2060	78	-466.8464	0	52418.9986	0
2061	78	-466.8141	0	52418.8178	0
2062	78	-466.8049	0	52418.8045	0
2063	78	-466.8080	0	52418.9210	0
2064	78	-466.8137	0	52418.9022	0
2065	78	-466.8064	0	52418.8308	0
2066	78	-466.8068	0	52418.9869	0
2067	78	-466.8022	0	52418.9844	0
2068	78	-466.8093	0	52419.1025	0
2069	78	-466.8127	0	52419.1457	0
2070	78	-466.7949	0	52419.0392	0
2071	78	-466.7963	0	52419.0571	0
2092	78	-466.8899	0	52418.8505	0
2093	78	-466.8787	0	52418.9088	0
2094	78	-466.8866	0	52419.1124	0
2095	78	-466.8831	0	52419.1915	0
