745	87	-448.4833	-0.6139	52460.2480	0
746	87	-448.4801	-0.6139	52460.2418	0
747	87	-448.4716	-0.6139	52460.2319	0
748	87	-448.4701	-0.6139	52460.2215	0
749	87	-448.4679	-0.6139	52460.2255	0
750	87	-448.4521	-0.6139	52460.2273	0
751	87	-448.4368	-0.6139	52460.2143	0
752	87	-448.4223	-0.6139	52460.2030	0
753	87	-448.4205	-0.6139	52460.1923	0
754	87	-448.4147	-0.6139	52460.1952	0
755	87	-448.4121	-0.6139	52460.2034	0
756	87	-448.4176	-0.6139	52460.1932	0
757	87	-448.4233	-0.6139	52460.1829	0
758	87	-448.4265	-0.6139	52460.1792	0
759	87	-448.4243	-0.6139	52460.1847	0
760	87	-448.4203	-0.6139	52460.2003	0
761	87	-448.4195	-0.6139	52460.1996	0
762	87	-448.4109	-0.6139	52460.1927	0
763	87	-448.4143	-0.6139	52460.1902	0
764	87	-448.4162	-0.6139	52460.1893	0
765	87	-448.4174	-0.6139	52460.1891	0
766	87	-448.4170	-0.6139	52460.1957	0
767	87	-448.4213	-0.6139	52460.1916	0
768	87	-448.4242	-0.6139	52460.1901	0
769	87	-448.4303	-0.6139	52460.1764	0
770	87	-448.4354	-0.6139	52460.1779	0
771	87	-448.4343	-0.6139	52460.1786	0
772	87	-448.4171	-0.6139	52460.1789	0
773	87	-448.4116	-0.6139	52460.1724	0
774	87	-448.4225	-0.6139	52460.1701	0
775	87	-448.4326	-0.6139	52460.1759	0
776	87	-448.4382	-0.6139	52460.1782	0
777	87	-448.4323	-0.6139	52460.1791	0
778	87	-448.4272	-0.6139	52460.1728	0
779	87	-448.4283	-0.6139	52460.1639	0
780	87	-448.4371	-0.6139	52460.1672	0
781	87	-448.4353	-0.6139	52460.1619	0
782	87	-448.4232	-0.6139	52460.1666	0
783	87	-448.4176	-0.6139	52460.1618	0
784	87	-448.4117	-0.6139	52460.1534	0
785	87	-448.4117	-0.6139	52460.1437	0
786	87	-448.4067	-0.6139	52460.1467	0
787	87	-448.4058	-0.6139	52460.1481	0
788	87	-448.4095	-0.6139	52460.1420	0
789	87	-448.4174	-0.6139	52460.1332	0
790	87	-448.4253	-0.6139	52460.1300	0
791	87	-448.4242	-0.6139	52460.1289	0
792	87	-448.4185	-0.6139	52460.1286	0
793	87	-448.3970	-0.6139	52460.1286	0
794	87	-448.3941	-0.6139	52460.1220	0
795	87	-448.3998	-0.6139	52460.1131	0
796	87	-448.3975	-0.6139	52460.1165	0
797	87	-448.3972	-0.6139	52460.1179	0
798	87	-448.4000	-0.6139	52460.1119	0
799	87	-448.4023	-0.6139	52460.1097	0
800	87	-448.4096	-0.6139	52460.1090	0
801	87	-448.4148	-0.6139	52460.1088	0
802	87	-448.4104	-0.6139	52460.1089	0
803	87	-448.3987	-0.6139	52460.1023	0
804	87	-448.3889	-0.6139	52460.0934	0
805	87	-448.3873	-0.6139	52460.0835	0
806	87	-448.3899	-0.6139	52460.0798	0
807	87	-448.3850	-0.6139	52460.0786	0
808	87	-448.3905	-0.6139	52460.0651	0
809	87	-448.3921	-0.6139	52460.0601	0
810	87	-448.3900	-0.6139	52460.0584	0
811	87	-448.3876	-0.6139	52460.0711	0
812	87	-448.3930	-0.6139	52460.0628	0
813	87	-448.3792	-0.6139	52460.0599	0
814	87	-448.3702	-0.6139	52460.0523	0
815	87	-448.3749	-0.6139	52460.0495	0
816	87	-448.3714	-0.6139	52460.0551	0
817	87	-448.3778	-0.6139	52460.0575	0
818	87	-448.3793	-0.6139	52460.0518	0
819	87	-448.3778	-0.6139	52460.0498	0
820	87	-448.3739	-0.6139	52460.0491	0
821	87	-448.3721	-0.6139	52460.0490	0
822	87	-448.3711	-0.6139	52460.0490	0
823	87	-448.3648	-0.6139	52460.0491	0
824	87	-448.3570	-0.6139	52460.0359	0
825	87	-448.3516	-0.6139	52460.0377	0
826	87	-448.3615	-0.6139	52460.0318	0
827	87	-448.3655	-0.6139	52460.0297	0
828	87	-448.3669	-0.6139	52460.0290	0
829	87	-448.3651	-0.6139	52460.0222	0
830	87	-448.3702	-0.6139	52460.0131	0
831	87	-448.3728	-0.6139	52460.0165	0
832	87	-448.3699	-0.6139	52460.0246	0
833	87	-448.3687	-0.6139	52460.0277	0
834	87	-448.3614	-0.6139	52460.0222	0
835	87	-448.3586	-0.6139	52460.0202	0
836	87	-448.3530	-0.6139	52460.0262	0
837	87	-448.3557	-0.6139	52460.0352	0
838	87	-448.3618	-0.6139	52460.0386	0
839	87	-448.3685	-0.6139	52460.0398	0
840	87	-448.3733	-0.6139	52460.0468	0
841	87	-448.3825	-0.6139	52460.0495	0
842	87	-448.3921	-0.6139	52460.0571	0
843	87	-448.3889	-0.6139	52460.0598	0
844	87	-448.3796	-0.6139	52460.0607	0
845	87	-448.3791	-0.6139	52460.0543	0
846	87	-448.3850	-0.6139	52460.0519	0
847	87	-448.3857	-0.6139	52460.0509	0
848	87	-448.3946	-0.6139	52460.0505	0
849	87	-448.3964	-0.6139	52460.0503	0
850	87	-448.4089	-0.6139	52460.0502	0
851	87	-448.4112	-0.6139	52460.0502	0
852	87	-448.4156	-0.6139	52460.0568	0
853	87	-448.4081	-0.6139	52460.0593	0
854	87	-448.3949	-0.6139	52460.0535	0
855	87	-448.3867	-0.6139	52460.0512	0
856	87	-448.3869	-0.6139	52460.0504	0
857	87	-448.3842	-0.6139	52460.0501	0
858	87	-448.3833	-0.6139	52460.0500	0
859	87	-448.3832	-0.6139	52460.0433	0
860	87	-448.3801	-0.6139	52460.0276	0
861	87	-448.3842	-0.6139	52460.0217	0
862	87	-448.3802	-0.6139	52460.0196	0
863	87	-448.3733	-0.6139	52460.0254	0
864	87	-448.3718	-0.6139	52460.0212	0
865	87	-448.3653	-0.6139	52460.0131	0
866	87	-448.3486	-0.6139	52460.0101	0
867	87	-448.3373	-0.6139	52460.0091	0
868	87	-448.3387	-0.6139	52460.0088	0
869	87	-448.3333	-0.6139	52460.0088	0
870	87	-448.3292	-0.6139	52460.0089	0
871	87	-448.3284	-0.6139	52460.0090	0
872	87	-448.3223	-0.6139	52460.0091	0
873	87	-448.3189	-0.6139	52460.0092	0
874	87	-448.3191	-0.6139	52460.0027	0
875	87	-448.3118	-0.6139	52459.9938	0
876	87	-448.3028	-0.6139	52459.9838	0
877	87	-448.2927	-0.6139	52459.9802	0
878	87	-448.2944	-0.6139	52459.9789	0
879	87	-448.2931	-0.6139	52459.9851	0
880	87	-448.2961	-0.6139	52459.9744	0
881	87	-448.2922	-0.6139	52459.9638	0
882	87	-448.2969	-0.6139	52459.9532	0
883	87	-448.3044	-0.6139	52459.9562	0
884	87	-448.3046	-0.6139	52459.9574	0
885	87	-448.3023	-0.6139	52459.9514	0
886	87	-448.2893	-0.6139	52459.9426	0
887	87	-448.2787	-0.6139	52459.9395	0
888	87	-448.2760	-0.6139	52459.9455	0
889	87	-448.2875	-0.6139	52459.9477	0
890	87	-448.2866	-0.6139	52459.9485	0
891	87	-448.2807	-0.6139	52459.9354	0
892	87	-448.2853	-0.6139	52459.9307	0
893	87	-448.2926	-0.6139	52459.9224	0
894	87	-448.2902	-0.6139	52459.9260	0
895	87	-448.2923	-0.6139	52459.9277	0
896	87	-448.2850	-0.6139	52459.9217	0
897	87	-448.2822	-0.6139	52459.9196	0
898	87	-448.2841	-0.6139	52459.9189	0
899	87	-448.2822	-0.6139	52459.9187	0
900	87	-448.2854	-0.6139	52459.9121	0
901	87	-448.2954	-0.6139	52459.9098	0
902	87	-448.3050	-0.6139	52459.9024	0
903	87	-448.3084	-0.6139	52459.8997	0
904	87	-448.3121	-0.6139	52459.8988	0
905	87	-448.3054	-0.6139	52459.8985	0
906	87	-448.2989	-0.6139	52459.8920	0
907	87	-448.2908	-0.6139	52459.8896	0
908	87	-448.2882	-0.6139	52459.8889	0
909	87	-448.2852	-0.6139	52459.8887	0
910	87	-448.2821	-0.6139	52459.8954	0
911	87	-448.2849	-0.6139	52459.8980	0
912	87	-448.3068	-0.6139	52459.8788	0
913	87	-448.3008	-0.6139	52459.8784	0
914	87	-448.3060	-0.6139	52459.8786	0
915	87	-448.3104	-0.6139	52459.8787	0
916	87	-448.3114	-0.6139	52459.8854	0
917	87	-448.3000	-0.6139	52459.8879	0
918	87	-448.2925	-0.6139	52459.8824	0
919	87	-448.2895	-0.6139	52459.8803	0
920	87	-448.2825	-0.6139	52459.8796	0
921	87	-448.2803	-0.6139	52459.8794	0
922	87	-448.2834	-0.6139	52459.8794	0
923	87	-448.2908	-0.6139	52459.8729	0
924	87	-448.3011	-0.6139	52459.8704	0
925	87	-448.3039	-0.6139	52459.8695	0
926	87	-448.2946	-0.6139	52459.8693	0
927	87	-448.2793	-0.6139	52459.8626	0
928	87	-448.2727	-0.6139	52459.8535	0
929	87	-448.2702	-0.6139	52459.8502	0
930	87	-448.2721	-0.6139	52459.8491	0
931	87	-448.2707	-0.6139	52459.8488	0
932	87	-448.2732	-0.6139	52459.8421	0
933	87	-448.2809	-0.6139	52459.8397	0
934	87	-448.2892	-0.6139	52459.8323	0
935	87	-448.2892	-0.6139	52459.8296	0
936	87	-448.2970	-0.6139	52459.8287	0
937	87	-448.2960	-0.6139	52459.8285	0
938	87	-448.2939	-0.6139	52459.8285	0
939	87	-448.2870	-0.6139	52459.8287	0
940	87	-448.2783	-0.6139	52459.8221	0
941	87	-448.2820	-0.6139	52459.8198	0
942	87	-448.2902	-0.6139	52459.8258	0
943	87	-448.2906	-0.6139	52459.8214	0
944	87	-448.2974	-0.6139	52459.8198	0
945	87	-448.3038	-0.6139	52459.8193	0
946	87	-448.3031	-0.6139	52459.8192	0
947	87	-448.2947	-0.6139	52459.8192	0
948	87	-448.2979	-0.6139	52459.8126	0
949	87	-448.3155	-0.6139	52459.8102	0
950	87	-448.3115	-0.6139	52459.8031	0
951	87	-448.3003	-0.6139	52459.8067	0
952	87	-448.3011	-0.6139	52459.8148	0
953	87	-448.2907	-0.6139	52459.8113	0
954	87	-448.3010	-0.6139	52459.7900	0
955	87	-448.3042	-0.6139	52459.7823	0
956	87	-448.3144	-0.6139	52459.7991	0
957	87	-448.2964	-0.6139	52459.7990	0
958	87	-448.2824	-0.6139	52459.7925	0
959	87	-448.2688	-0.6139	52459.7969	0
960	87	-448.2637	-0.6139	52459.7918	0
961	87	-448.2574	-0.6139	52459.7967	0
