823	88	-465.7338	0	52447.8872	0
824	88	-465.7342	0	52447.8823	0
825	88	-465.7347	0	52447.8821	0
826	88	-465.7347	0	52447.8806	0
827	88	-465.7344	0	52447.8786	0
828	88	-465.7345	0	52447.8796	0
829	88	-465.7344	0	52447.8799	0
830	88	-465.7343	0	52447.8770	0
831	88	-465.7341	0	52447.8776	0
832	88	-465.7340	0	52447.8779	0
839	88	-465.7329	0	52447.8871	0
844	88	-465.7345	0	52447.8978	0
845	88	-465.7347	0	52447.8987	0
851	88	-465.7350	0	52447.9051	0
861	88	-465.7349	0	52447.9076	0
862	88	-465.7351	0	52447.9091	0
863	88	-465.7349	0	52447.9082	0
864	88	-465.7347	0	52447.9079	0
865	88	-465.7347	0	52447.9077	0
866	88	-465.7346	0	52447.9091	0
867	88	-465.7343	0	52447.9082	0
868	88	-465.7340	0	52447.9079	0
869	88	-465.7338	0	52447.9107	0
870	88	-465.7336	0	52447.9104	0
871	88	-465.7334	0	52447.9088	0
872	88	-465.7336	0	52447.9082	0
873	88	-465.7336	0	52447.9079	0
874	88	-465.7336	0	52447.9078	0
875	88	-465.7335	0	52447.9078	0
876	88	-465.7337	0	52447.9063	0
877	88	-465.7335	0	52447.9072	0
878	88	-465.7337	0	52447.9061	0
879	88	-465.7332	0	52447.9029	0
880	88	-465.7333	0	52447.9001	0
881	88	-465.7332	0	52447.8992	0
882	88	-465.7333	0	52447.8988	0
883	88	-465.7333	0	52447.9002	0
888	88	-465.7335	0	52447.9009	0
892	88	-465.7335	0	52447.8952	0
893	88	-465.7335	0	52447.8945	0
894	88	-465.7332	0	52447.8929	0
895	88	-465.7331	0	52447.8923	0
896	88	-465.7332	0	52447.8936	0
897	88	-465.7333	0	52447.8941	0
898	88	-465.7334	0	52447.8942	0
899	88	-465.7334	0	52447.8943	0
900	88	-465.7336	0	52447.8958	0
901	88	-465.7337	0	52447.8949	0
902	88	-465.7338	0	52447.8945	0
903	88	-465.7341	0	52447.8943	0
904	88	-465.7342	0	52447.8943	0
905	88	-465.7343	0	52447.8928	0
906	88	-465.7342	0	52447.8922	0
907	88	-465.7343	0	52447.8920	0
908	88	-465.7343	0	52447.8919	0
909	88	-465.7344	0	52447.8919	0
910	88	-465.7342	0	52447.8919	0
911	88	-465.7342	0	52447.8920	0
912	88	-465.7343	0	52447.8919	0
913	88	-465.7344	0	52447.8920	0
914	88	-465.7345	0	52447.8904	0
915	88	-465.7343	0	52447.8885	0
916	88	-465.7340	0	52447.8878	0
917	88	-465.7342	0	52447.8889	0
919	88	-465.7340	0	52447.8878	0
920	88	-465.7338	0	52447.8861	0
921	88	-465.7337	0	52447.8855	0
922	88	-465.7337	0	52447.8853	0
923	88	-465.7337	0	52447.8853	0
924	88	-465.7337	0	52447.8852	0
925	88	-465.7335	0	52447.8853	0
926	88	-465.7334	0	52447.8853	0
927	88	-465.7334	0	52447.8838	0
928	88	-465.7332	0	52447.8833	0
929	88	-465.7329	0	52447.8817	0
930	88	-465.7330	0	52447.8810	0
938	88	-465.7322	0	52447.8809	0
939	88	-465.7324	0	52447.8793	0
940	88	-465.7324	0	52447.8789	0
