866	90	-465.8258	0	52447.9993	0
867	90	-465.8255	0	52447.9972	0
868	90	-465.8251	0	52447.9979	0
870	90	-465.8244	0	52447.9941	0
871	90	-465.8241	0	52447.9936	0
872	90	-465.8238	0	52447.9885	0
875	90	-465.8232	0	52447.9877	0
876	90	-465.8230	0	52447.9840	0
877	90	-465.8227	0	52447.9803	0
878	90	-465.8227	0	52447.9764	0
879	90	-465.8226	0	52447.9739	0
880	90	-465.8225	0	52447.9730	0
881	90	-465.8225	0	52447.9740	0
882	90	-465.8222	0	52447.9708	0
883	90	-465.8221	0	52447.9697	0
884	90	-465.8219	0	52447.9669	0
885	90	-465.8217	0	52447.9672	0
886	90	-465.8216	0	52447.9686	0
887	90	-465.8214	0	52447.9655	0
888	90	-465.8209	0	52447.9645	0
889	90	-465.8207	0	52447.9654	0
890	90	-465.8200	0	52447.9672	0
891	90	-465.8194	0	52447.9668	0
892	90	-465.8190	0	52447.9616	0
893	90	-465.8188	0	52447.9585	0
894	90	-465.8186	0	52447.9561	0
895	90	-465.8183	0	52447.9540	0
896	90	-465.8181	0	52447.9559	0
897	90	-465.8177	0	52447.9542	0
898	90	-465.8176	0	52447.9536	0
899	90	-465.8173	0	52447.9522	0
900	90	-465.8170	0	52447.9530	0
901	90	-465.8168	0	52447.9521	0
902	90	-465.8164	0	52447.9506	0
903	90	-465.8160	0	52447.9475	0
904	90	-465.8160	0	52447.9438	0
905	90	-465.8159	0	52447.9437	0
906	90	-465.8155	0	52447.9439	0
907	90	-465.8156	0	52447.9399	0
908	90	-465.8155	0	52447.9386	0
909	90	-465.8153	0	52447.9381	0
910	90	-465.8148	0	52447.9394	0
911	90	-465.8144	0	52447.9400	0
912	90	-465.8141	0	52447.9390	0
913	90	-465.8136	0	52447.9375	0
914	90	-465.8134	0	52447.9342	0
915	90	-465.8132	0	52447.9330	0
916	90	-465.8129	0	52447.9314	0
917	90	-465.8128	0	52447.9321	0
918	90	-465.8127	0	52447.9285	0
919	90	-465.8127	0	52447.9271	0
920	90	-465.8125	0	52447.9267	0
921	90	-465.8120	0	52447.9267	0
922	90	-465.8118	0	52447.9240	0
923	90	-465.8116	0	52447.9203	0
924	90	-465.8115	0	52447.9176	0
925	90	-465.8115	0	52447.9152	0
926	90	-465.8115	0	52447.9144	0
927	90	-465.8115	0	52447.9142	0
928	90	-465.8117	0	52447.9113	0
929	90	-465.8119	0	52447.9088	0
930	90	-465.8119	0	52447.9080	0
931	90	-465.8117	0	52447.9078	0
932	90	-465.8115	0	52447.9078	0
933	90	-465.8115	0	52447.9050	0
934	90	-465.8115	0	52447.9011	0
935	90	-465.8115	0	52447.8983	0
936	90	-465.8115	0	52447.8973	0
937	90	-465.8117	0	52447.8969	0
938	90	-465.8119	0	52447.8969	0
939	90	-465.8121	0	52447.8954	0
940	90	-465.8122	0	52447.8934	0
941	90	-465.8121	0	52447.8942	0
942	90	-465.8120	0	52447.8932	0
943	90	-465.8122	0	52447.8898	0
944	90	-465.8122	0	52447.8886	0
945	90	-465.8123	0	52447.8882	0
946	90	-465.8122	0	52447.8866	0
947	90	-465.8122	0	52447.8861	0
948	90	-465.8124	0	52447.8859	0
949	90	-465.8126	0	52447.8829	0
950	90	-465.8127	0	52447.8803	0
951	90	-465.8126	0	52447.8794	0
952	90	-465.8125	0	52447.8807	0
953	90	-465.8125	0	52447.8782	0
954	90	-465.8126	0	52447.8758	0
955	90	-465.8125	0	52447.8749	0
956	90	-465.8124	0	52447.8732	0
957	90	-465.8122	0	52447.8726	0
958	90	-465.8123	0	52447.8724	0
959	90	-465.8123	0	52447.8708	0
960	90	-465.8123	0	52447.8688	0
961	90	-465.8123	0	52447.8681	0
962	90	-465.8121	0	52447.8664	0
963	90	-465.8118	0	52447.8674	0
964	90	-465.8114	0	52447.8663	0
965	90	-465.8113	0	52447.8629	0
966	90	-465.8113	0	52447.8600	0
967	90	-465.8112	0	52447.8591	0
968	90	-465.8111	0	52447.8588	0
969	90	-465.8110	0	52447.8572	0
970	90	-465.8112	0	52447.8550	0
971	90	-465.8113	0	52447.8526	0
972	90	-465.8111	0	52447.8534	0
973	90	-465.8111	0	52447.8506	0
974	90	-465.8109	0	52447.8496	0
975	90	-465.8109	0	52447.8477	0
976	90	-465.8109	0	52447.8455	0
977	90	-465.8107	0	52447.8463	0
978	90	-465.8106	0	52447.8451	0
979	90	-465.8106	0	52447.8431	0
980	90	-465.8107	0	52447.8424	0
981	90	-465.8109	0	52447.8388	0
982	90	-465.8110	0	52447.8376	0
983	90	-465.8110	0	52447.8372	0
984	90	-465.8108	0	52447.8388	0
985	90	-465.8105	0	52447.8378	0
986	90	-465.8102	0	52447.8392	0
987	90	-465.8102	0	52447.8381	0
988	90	-465.8101	0	52447.8377	0
989	90	-465.8100	0	52447.8393	0
990	90	-465.8101	0	52447.8382	0
991	90	-465.8099	0	52447.8379	0
992	90	-465.8099	0	52447.8362	0
993	90	-465.8097	0	52447.8372	0
994	90	-465.8095	0	52447.8393	0
995	90	-465.8093	0	52447.8352	0
996	90	-465.8090	0	52447.8338	0
997	90	-465.8088	0	52447.8349	0
998	90	-465.8087	0	52447.8353	0
999	90	-465.8087	0	52447.8355	0
1000	90	-465.8090	0	52447.8355	0
1001	90	-465.8092	0	52447.8339	0
1002	90	-465.8093	0	52447.8317	0
1003	90	-465.8093	0	52447.8308	0
1004	90	-465.8093	0	52447.8306	0
1005	90	-465.8091	0	52447.8305	0
1006	90	-465.8089	0	52447.8289	0
1007	90	-465.8091	0	52447.8283	0
1008	90	-465.8089	0	52447.8298	0
1009	90	-465.8090	0	52447.8303	0
1010	90	-465.8092	0	52447.8288	0
1011	90	-465.8096	0	52447.8266	0
1012	90	-465.8100	0	52447.8257	0
1013	90	-465.8099	0	52447.8254	0
1014	90	-465.8097	0	52447.8271	0
1015	90	-465.8096	0	52447.8260	0
1016	90	-465.8099	0	52447.8239	0
1017	90	-465.8101	0	52447.8231	0
1018	90	-465.8101	0	52447.8229	0
1019	90	-465.8099	0	52447.8245	0
1020	90	-465.8102	0	52447.8234	0
1021	90	-465.8103	0	52447.8213	0
1022	90	-465.8104	0	52447.8205	0
1023	90	-465.8104	0	52447.8203	0
1024	90	-465.8104	0	52447.8201	0
1025	90	-465.8102	0	52447.8202	0
1026	90	-465.8101	0	52447.8203	0
1027	90	-465.8102	0	52447.8203	0
1028	90	-465.8101	0	52447.8220	0
1029	90	-465.8101	0	52447.8243	0
1030	90	-465.8102	0	52447.8235	0
1031	90	-465.8102	0	52447.8215	0
1032	90	-465.8103	0	52447.8208	0
1033	90	-465.8103	0	52447.8205	0
1034	90	-465.8102	0	52447.8221	0
1035	90	-465.8103	0	52447.8227	0
1036	90	-465.8099	0	52447.8230	0
1037	90	-465.8100	0	52447.8230	0
1038	90	-465.8100	0	52447.8231	0
1039	90	-465.8098	0	52447.8232	0
1040	90	-465.8099	0	52447.8231	0
1041	90	-465.8100	0	52447.8231	0
1042	90	-465.8100	0	52447.8231	0
1043	90	-465.8098	0	52447.8232	0
1044	90	-465.8098	0	52447.8232	0
1045	90	-465.8094	0	52447.8249	0
1046	90	-465.8094	0	52447.8239	0
1047	90	-465.8092	0	52447.8235	0
1048	90	-465.8091	0	52447.8217	0
1049	90	-465.8090	0	52447.8210	0
1050	90	-465.8088	0	52447.8225	0
1051	90	-465.8087	0	52447.8231	0
1052	90	-465.8084	0	52447.8234	0
1053	90	-465.8081	0	52447.8252	0
1054	90	-465.8079	0	52447.8276	0
1055	90	-465.8076	0	52447.8285	0
1056	90	-465.8074	0	52447.8272	0
1057	90	-465.8071	0	52447.8268	0
1058	90	-465.8068	0	52447.8283	0
1059	90	-465.8065	0	52447.8272	0
1060	90	-465.8064	0	52447.8285	0
1061	90	-465.8063	0	52447.8290	0
1062	90	-465.8062	0	52447.8275	0
1063	90	-465.8060	0	52447.8270	0
1064	90	-465.8059	0	52447.8267	0
1065	90	-465.8056	0	52447.8301	0
1066	90	-465.8052	0	52447.8297	0
1067	90	-465.8051	0	52447.8296	0
1068	90	-465.8050	0	52447.8262	0
1069	90	-465.8049	0	52447.8249	0
1070	90	-465.8048	0	52447.8261	0
1071	90	-465.8051	0	52447.8232	0
1072	90	-465.8052	0	52447.8221	0
1073	90	-465.8051	0	52447.8234	0
1074	90	-465.8050	0	52447.8239	0
1075	90	-465.8048	0	52447.8225	0
1076	90	-465.8044	0	52447.8220	0
1077	90	-465.8045	0	52447.8202	0
1078	90	-465.8043	0	52447.8196	0
1079	90	-465.8042	0	52447.8193	0
1080	90	-465.8042	0	52447.8176	0
1081	90	-465.8044	0	52447.8169	0
1082	90	-465.8046	0	52447.8149	0
1083	90	-465.8047	0	52447.8125	0
1084	90	-465.8047	0	52447.8116	0
1085	90	-465.8046	0	52447.8113	0
1086	90	-465.8045	0	52447.8113	0
1087	90	-465.8046	0	52447.8079	0
1088	90	-465.8046	0	52447.8066	0
1089	90	-465.8046	0	52447.8061	0
1090	90	-465.8046	0	52447.8060	0
1091	90	-465.8048	0	52447.8043	0
1092	90	-465.8051	0	52447.8018	0
1093	90	-465.8050	0	52447.8010	0
1094	90	-465.8054	0	52447.7989	0
1095	90	-465.8055	0	52447.7981	0
1096	90	-465.8053	0	52447.7979	0
1097	90	-465.8053	0	52447.7980	0
1098	90	-465.8054	0	52447.7961	0
1099	90	-465.8057	0	52447.7937	0
1100	90	-465.8056	0	52447.7947	0
1101	90	-465.8058	0	52447.7950	0
1102	90	-465.8063	0	52447.7933	0
1103	90	-465.8066	0	52447.7909	0
1104	90	-465.8070	0	52447.7899	0
1105	90	-465.8071	0	52447.7879	0
1106	90	-465.8071	0	52447.7871	0
1107	90	-465.8073	0	52447.7850	0
1108	90	-465.8075	0	52447.7825	0
1109	90	-465.8076	0	52447.7815	0
1110	90	-465.8075	0	52447.7813	0
1111	90	-465.8076	0	52447.7830	0
1112	90	-465.8079	0	52447.7800	0
1113	90	-465.8080	0	52447.7789	0
1114	90	-465.8083	0	52447.7785	0
1115	90	-465.8084	0	52447.7783	0
1116	90	-465.8084	0	52447.7783	0
1117	90	-465.8083	0	52447.7748	0
1118	90	-465.8083	0	52447.7735	0
1119	90	-465.8082	0	52447.7712	0
1120	90	-465.8082	0	52447.7704	0
1121	90	-465.8084	0	52447.7701	0
1122	90	-465.8087	0	52447.7681	0
1123	90	-465.8090	0	52447.7655	0
1124	90	-465.8089	0	52447.7646	0
1125	90	-465.8086	0	52447.7626	0
1126	90	-465.8085	0	52447.7618	0
1127	90	-465.8084	0	52447.7579	0
1128	90	-465.8085	0	52447.7545	0
1129	90	-465.8085	0	52447.7514	0
1130	90	-465.8087	0	52447.7502	0
1131	90	-465.8085	0	52447.7519	0
1132	90	-465.8085	0	52447.7506	0
1133	90	-465.8085	0	52447.7483	0
1134	90	-465.8085	0	52447.7475	0
1135	90	-465.8083	0	52447.7473	0
1136	90	-465.8079	0	52447.7454	0
1137	90	-465.8078	0	52447.7448	0
1138	90	-465.8079	0	52447.7426	0
1139	90	-465.8077	0	52447.7419	0
1140	90	-465.8077	0	52447.7417	0
1141	90	-465.8074	0	52447.7417	0
1142	90	-465.8076	0	52447.7398	0
1143	90	-465.8075	0	52447.7372	0
1144	90	-465.8077	0	52447.7322	0
1145	90	-465.8075	0	52447.7285	0
1146	90	-465.8074	0	52447.7273	0
1147	90	-465.8073	0	52447.7268	0
1148	90	-465.8072	0	52447.7248	0
1149	90	-465.8072	0	52447.7241	0
1150	90	-465.8070	0	52447.7259	0
1151	90	-465.8069	0	52447.7247	0
1152	90	-465.8069	0	52447.7263	0
1153	90	-465.8073	0	52447.7248	0
1154	90	-465.8074	0	52447.7243	0
1155	90	-465.8074	0	52447.7241	0
1156	90	-465.8072	0	52447.7222	0
1157	90	-465.8071	0	52447.7215	0
1158	90	-465.8069	0	52447.7193	0
1159	90	-465.8070	0	52447.7164	0
1160	90	-465.8071	0	52447.7154	0
1161	90	-465.8071	0	52447.7151	0
1162	90	-465.8070	0	52447.7150	0
1163	90	-465.8072	0	52447.7129	0
1164	90	-465.8072	0	52447.7102	0
1165	90	-465.8070	0	52447.7093	0
1166	90	-465.8069	0	52447.7090	0
1167	90	-465.8068	0	52447.7069	0
1168	90	-465.8067	0	52447.7021	0
1169	90	-465.8066	0	52447.7002	0
1170	90	-465.8065	0	52447.6955	0
1171	90	-465.8065	0	52447.6938	0
1172	90	-465.8064	0	52447.6933	0
1173	90	-465.8064	0	52447.6910	0
1174	90	-465.8063	0	52447.6902	0
1175	90	-465.8063	0	52447.6900	0
1176	90	-465.8060	0	52447.6901	0
1177	90	-465.8057	0	52447.6902	0
1178	90	-465.8058	0	52447.6881	0
1179	90	-465.8055	0	52447.6854	0
1180	90	-465.8055	0	52447.6844	0
1181	90	-465.8054	0	52447.6841	0
1182	90	-465.8055	0	52447.6840	0
1183	90	-465.8057	0	52447.6818	0
1184	90	-465.8060	0	52447.6789	0
1185	90	-465.8061	0	52447.6778	0
1186	90	-465.8059	0	52447.6774	0
1187	90	-465.8059	0	52447.6796	0
1188	90	-465.8061	0	52447.6760	0
1189	90	-465.8061	0	52447.6747	0
1190	90	-465.8061	0	52447.6743	0
1191	90	-465.8061	0	52447.6742	0
1192	90	-465.8064	0	52447.6742	0
1193	90	-465.8066	0	52447.6719	0
1194	90	-465.8068	0	52447.6668	0
1195	90	-465.8069	0	52447.6626	0
1196	90	-465.8067	0	52447.6633	0
1197	90	-465.8064	0	52447.6660	0
1198	90	-465.8062	0	52447.6627	0
1199	90	-465.8062	0	52447.6614	0
1200	90	-465.8061	0	52447.6588	0
1201	90	-465.8058	0	52447.6580	0
1202	90	-465.8059	0	52447.6554	0
1203	90	-465.8064	0	52447.6521	0
1204	90	-465.8063	0	52447.6488	0
1205	90	-465.8062	0	52447.6476	0
1206	90	-465.8060	0	52447.6473	0
1207	90	-465.8057	0	52447.6496	0
1208	90	-465.8055	0	52447.6482	0
1209	90	-465.8053	0	52447.6455	0
1210	90	-465.8053	0	52447.6446	0
1211	90	-465.8050	0	52447.6444	0
1212	90	-465.8049	0	52447.6443	0
1213	90	-465.8048	0	52447.6420	0
1214	90	-465.8047	0	52447.6389	0
1215	90	-465.8046	0	52447.6378	0
1216	90	-465.8046	0	52447.6375	0
1217	90	-465.8044	0	52447.6375	0
1218	90	-465.8042	0	52447.6353	0
1219	90	-465.8043	0	52447.6298	0
1220	90	-465.8044	0	52447.6278	0
1221	90	-465.8044	0	52447.6271	0
1222	90	-465.8042	0	52447.6293	0
1223	90	-465.8043	0	52447.6255	0
1224	90	-465.8048	0	52447.6215	0
1225	90	-465.8049	0	52447.6178	0
1226	90	-465.8050	0	52447.6188	0
1227	90	-465.8047	0	52447.6193	0
1228	90	-465.8048	0	52447.6172	0
1229	90	-465.8046	0	52447.6141	0
1230	90	-465.8047	0	52447.6106	0
1231	90	-465.8045	0	52447.6093	0
1232	90	-465.8045	0	52447.6113	0
1233	90	-465.8047	0	52447.6097	0
1234	90	-465.8050	0	52447.6067	0
1235	90	-465.8053	0	52447.6031	0
1236	90	-465.8052	0	52447.6019	0
1237	90	-465.8054	0	52447.5990	0
1238	90	-465.8054	0	52447.5980	0
1239	90	-465.8056	0	52447.5952	0
1240	90	-465.8056	0	52447.5917	0
1241	90	-465.8056	0	52447.5930	0
1242	90	-465.8057	0	52447.5935	0
1243	90	-465.8059	0	52447.5937	0
1244	90	-465.8057	0	52447.5914	0
1245	90	-465.8057	0	52447.5881	0
1246	90	-465.8057	0	52447.5894	0
1247	90	-465.8057	0	52447.5925	0
1248	90	-465.8059	0	52447.5887	0
1249	90	-465.8059	0	52447.5872	0
1250	90	-465.8060	0	52447.5867	0
1251	90	-465.8058	0	52447.5892	0
1252	90	-465.8058	0	52447.5925	0
1253	90	-465.8062	0	52447.5912	0
1254	90	-465.8064	0	52447.5883	0
1255	90	-465.8065	0	52447.5871	0
1256	90	-465.8065	0	52447.5868	0
1257	90	-465.8065	0	52447.5867	0
1258	90	-465.8062	0	52447.5867	0
1259	90	-465.8063	0	52447.5842	0
1260	90	-465.8064	0	52447.5833	0
1261	90	-465.8060	0	52447.5881	0
1262	90	-465.8059	0	52447.5899	0
1263	90	-465.8060	0	52447.5905	0
1264	90	-465.8061	0	52447.5883	0
1265	90	-465.8061	0	52447.5874	0
1266	90	-465.8061	0	52447.5871	0
1267	90	-465.8062	0	52447.5870	0
1268	90	-465.8059	0	52447.5870	0
1269	90	-465.8060	0	52447.5845	0
1270	90	-465.8060	0	52447.5811	0
1271	90	-465.8060	0	52447.5798	0
1272	90	-465.8059	0	52447.5844	0
1273	90	-465.8060	0	52447.5836	0
1274	90	-465.8059	0	52447.5858	0
1275	90	-465.8060	0	52447.5816	0
1276	90	-465.8059	0	52447.5826	0
1277	90	-465.8061	0	52447.5829	0
1278	90	-465.8058	0	52447.5831	0
1279	90	-465.8053	0	52447.5833	0
1280	90	-465.8051	0	52447.5835	0
1281	90	-465.8050	0	52447.5810	0
1282	90	-465.8049	0	52447.5826	0
1283	90	-465.8047	0	52447.5858	0
1284	90	-465.8049	0	52447.5844	0
1285	90	-465.8047	0	52447.5839	0
1286	90	-465.8045	0	52447.5813	0
1287	90	-465.8045	0	52447.5828	0
1288	90	-465.8045	0	52447.5834	0
1289	90	-465.8042	0	52447.5837	0
1290	90	-465.8042	0	52447.5787	0
1291	90	-465.8040	0	52447.5769	0
1292	90	-465.8037	0	52447.5789	0
1293	90	-465.8036	0	52447.5796	0
1294	90	-465.8037	0	52447.5748	0
1295	90	-465.8038	0	52447.5730	0
1296	90	-465.8036	0	52447.5750	0
1297	90	-465.8037	0	52447.5706	0
1298	90	-465.8033	0	52447.5742	0
1299	90	-465.8034	0	52447.5730	0
1300	90	-465.8030	0	52447.5702	0
1301	90	-465.8029	0	52447.5716	0
1302	90	-465.8027	0	52447.5748	0
1303	90	-465.8026	0	52447.5760	0
1304	90	-465.8027	0	52447.5739	0
1305	90	-465.8028	0	52447.5706	0
1306	90	-465.8030	0	52447.5667	0
1307	90	-465.8028	0	52447.5679	0
1308	90	-465.8025	0	52447.5685	0
1309	90	-465.8025	0	52447.5687	0
1310	90	-465.8026	0	52447.5662	0
1311	90	-465.8025	0	52447.5678	0
1312	90	-465.8025	0	52447.5685	0
1313	90	-465.8028	0	52447.5713	0
1314	90	-465.8031	0	52447.5696	0
1315	90	-465.8034	0	52447.5664	0
1316	90	-465.8036	0	52447.5653	0
1317	90	-465.8034	0	52447.5674	0
1318	90	-465.8034	0	52447.5708	0
1319	90	-465.8034	0	52447.5695	0
1320	90	-465.8035	0	52447.5664	0
1321	90	-465.8034	0	52447.5679	0
1322	90	-465.8034	0	52447.5685	0
1323	90	-465.8032	0	52447.5713	0
1324	90	-465.8033	0	52447.5723	0
1325	90	-465.8038	0	52447.5674	0
1326	90	-465.8038	0	52447.5682	0
1327	90	-465.8038	0	52447.5685	0
1328	90	-465.8040	0	52447.5659	0
1329	90	-465.8038	0	52447.5651	0
1330	90	-465.8039	0	52447.5621	0
1331	90	-465.8040	0	52447.5611	0
1332	90	-465.8039	0	52447.5581	0
1333	90	-465.8039	0	52447.5570	0
1334	90	-465.8039	0	52447.5566	0
1335	90	-465.8041	0	52447.5539	0
1336	90	-465.8041	0	52447.5529	0
1337	90	-465.8041	0	52447.5499	0
1338	90	-465.8041	0	52447.5488	0
1339	90	-465.8042	0	52447.5431	0
1340	90	-465.8040	0	52447.5358	0
1341	90	-465.8041	0	52447.5303	0
1342	90	-465.8041	0	52447.5283	0
1343	90	-465.8041	0	52447.5277	0
1344	90	-465.8040	0	52447.5276	0
1345	90	-465.8042	0	52447.5221	0
1346	90	-465.8043	0	52447.5173	0
1347	90	-465.8043	0	52447.5156	0
1348	90	-465.8044	0	52447.5151	0
1349	90	-465.8044	0	52447.5150	0
1350	90	-465.8041	0	52447.5151	0
1351	90	-465.8040	0	52447.5153	0
1352	90	-465.8039	0	52447.5155	0
1353	90	-465.8036	0	52447.5157	0
1354	90	-465.8035	0	52447.5130	0
1355	90	-465.8035	0	52447.5148	0
1356	90	-465.8038	0	52447.5127	0
1357	90	-465.8040	0	52447.5064	0
1358	90	-465.8036	0	52447.5097	0
1359	90	-465.8034	0	52447.5054	0
1360	90	-465.8033	0	52447.5011	0
1361	90	-465.8029	0	52447.4996	0
1362	90	-465.8028	0	52447.4991	0
1363	90	-465.8028	0	52447.4990	0
1364	90	-465.8025	0	52447.4991	0
1365	90	-465.8029	0	52447.4932	0
1366	90	-465.8030	0	52447.4883	0
1367	90	-465.8028	0	52447.4895	0
1368	90	-465.8028	0	52447.4900	0
1369	90	-465.8026	0	52447.4961	0
1370	90	-465.8025	0	52447.4955	0
1371	90	-465.8024	0	52447.4954	0
1372	90	-465.8023	0	52447.4953	0
1373	90	-465.8021	0	52447.4983	0
1374	90	-465.8020	0	52447.4993	0
1375	90	-465.8020	0	52447.4998	0
1376	90	-465.8022	0	52447.4970	0
1377	90	-465.8025	0	52447.4931	0
1378	90	-465.8025	0	52447.4917	0
1379	90	-465.8023	0	52447.4884	0
1380	90	-465.8023	0	52447.4842	0
1381	90	-465.8020	0	52447.4799	0
1382	90	-465.8019	0	52447.4812	0
1383	90	-465.8018	0	52447.4789	0
1384	90	-465.8018	0	52447.4810	0
1385	90	-465.8018	0	52447.4817	0
1386	90	-465.8018	0	52447.4821	0
1387	90	-465.8018	0	52447.4823	0
1388	90	-465.8018	0	52447.4824	0
1389	90	-465.8017	0	52447.4796	0
1390	90	-465.8015	0	52447.4815	0
1391	90	-465.8013	0	52447.4794	0
1392	90	-465.8009	0	52447.4787	0
1393	90	-465.8008	0	52447.4784	0
1394	90	-465.8009	0	52447.4725	0
1395	90	-465.8012	0	52447.4701	0
1396	90	-465.8013	0	52447.4693	0
1397	90	-465.8015	0	52447.4660	0
1398	90	-465.8018	0	52447.4618	0
1399	90	-465.8014	0	52447.4605	0
1400	90	-465.8014	0	52447.4569	0
1401	90	-465.8013	0	52447.4497	0
1402	90	-465.8015	0	52447.4408	0
1403	90	-465.8012	0	52447.4377	0
1404	90	-465.8012	0	52447.4366	0
1405	90	-465.8011	0	52447.4332	0
1406	90	-465.8017	0	52447.4319	0
1407	90	-465.8018	0	52447.4284	0
1408	90	-465.8019	0	52447.4271	0
1409	90	-465.8019	0	52447.4268	0
1410	90	-465.8019	0	52447.4267	0
1411	90	-465.8017	0	52447.4300	0
1412	90	-465.8016	0	52447.4282	0
1413	90	-465.8012	0	52447.4277	0
1414	90	-465.8010	0	52447.4245	0
1415	90	-465.8008	0	52447.4201	0
1416	90	-465.8005	0	52447.4187	0
1417	90	-465.8004	0	52447.4183	0
1418	90	-465.8008	0	52447.4148	0
1419	90	-465.8009	0	52447.4104	0
1420	90	-465.8010	0	52447.4120	0
1421	90	-465.8005	0	52447.4129	0
1422	90	-465.8005	0	52447.4132	0
1423	90	-465.8006	0	52447.4133	0
1424	90	-465.8006	0	52447.4135	0
1425	90	-465.8003	0	52447.4168	0
1426	90	-465.8003	0	52447.4181	0
1427	90	-465.8003	0	52447.4187	0
1428	90	-465.8005	0	52447.4156	0
1429	90	-465.8006	0	52447.4144	0
1430	90	-465.8005	0	52447.4141	0
1431	90	-465.8000	0	52447.4172	0
1432	90	-465.7998	0	52447.4153	0
1433	90	-465.7998	0	52447.4146	0
1434	90	-465.7997	0	52447.4143	0
1435	90	-465.7996	0	52447.4111	0
1436	90	-465.7997	0	52447.4131	0
1437	90	-465.7999	0	52447.4105	0
1438	90	-465.8001	0	52447.4128	0
1439	90	-465.8004	0	52447.4104	0
1440	90	-465.8002	0	52447.4096	0
1441	90	-465.8001	0	52447.4093	0
1442	90	-465.8001	0	52447.4092	0
1443	90	-465.8002	0	52447.4027	0
1444	90	-465.8005	0	52447.3969	0
1445	90	-465.8005	0	52447.3916	0
1446	90	-465.8003	0	52447.3930	0
1447	90	-465.8007	0	52447.3900	0
1448	90	-465.8009	0	52447.3858	0
1449	90	-465.8012	0	52447.3842	0
1450	90	-465.8010	0	52447.3837	0
1451	90	-465.8010	0	52447.3836	0
1452	90	-465.8013	0	52447.3835	0
1453	90	-465.8013	0	52447.3802	0
1454	90	-465.8014	0	52447.3824	0
1455	90	-465.8014	0	52447.3833	0
1456	90	-465.8013	0	52447.3903	0
1457	90	-465.8015	0	52447.3929	0
1458	90	-465.8018	0	52447.3872	0
1459	90	-465.8019	0	52447.3851	0
1460	90	-465.8019	0	52447.3843	0
1461	90	-465.8019	0	52447.3840	0
1462	90	-465.8019	0	52447.3839	0
1463	90	-465.8017	0	52447.3740	0
1464	90	-465.8018	0	52447.3666	0
1465	90	-465.8017	0	52447.3675	0
1466	90	-465.8014	0	52447.3714	0
1467	90	-465.8014	0	52447.3763	0
1468	90	-465.8015	0	52447.3713	0
1469	90	-465.8016	0	52447.3728	0
1470	90	-465.8017	0	52447.3734	0
1471	90	-465.8011	0	52447.3772	0
1472	90	-465.8009	0	52447.3787	0
1473	90	-465.8011	0	52447.3757	0
1474	90	-465.8008	0	52447.3748	0
1475	90	-465.8007	0	52447.3745	0
1476	90	-465.8007	0	52447.3743	0
1477	90	-465.8004	0	52447.3777	0
1478	90	-465.8006	0	52447.3756	0
1479	90	-465.8006	0	52447.3747	0
1480	90	-465.8006	0	52447.3745	0
1481	90	-465.8002	0	52447.3813	0
1482	90	-465.7999	0	52447.3805	0
1483	90	-465.7998	0	52447.3769	0
1484	90	-465.7997	0	52447.3721	0
1485	90	-465.7997	0	52447.3737	0
1486	90	-465.7997	0	52447.3743	0
1487	90	-465.7997	0	52447.3778	0
1488	90	-465.7997	0	52447.3759	0
1489	90	-465.7996	0	52447.3752	0
1490	90	-465.7998	0	52447.3714	0
1491	90	-465.7999	0	52447.3701	0
1492	90	-465.7997	0	52447.3696	0
1493	90	-465.7996	0	52447.3695	0
1494	90	-465.7995	0	52447.3695	0
1495	90	-465.7995	0	52447.3695	0
1496	90	-465.7995	0	52447.3696	0
1497	90	-465.7995	0	52447.3696	0
1498	90	-465.7998	0	52447.3695	0
1499	90	-465.8003	0	52447.3727	0
1500	90	-465.8001	0	52447.3740	0
1501	90	-465.8001	0	52447.3745	0
1502	90	-465.8001	0	52447.3747	0
1503	90	-465.8001	0	52447.3748	0
1504	90	-465.8002	0	52447.3680	0
1505	90	-465.8001	0	52447.3688	0
1506	90	-465.7998	0	52447.3727	0
1507	90	-465.8001	0	52447.3775	0
1508	90	-465.8002	0	52447.3792	0
1509	90	-465.8002	0	52447.3797	0
1528	90	-465.7983	0	52447.3754	0
1529	90	-465.7982	0	52447.3753	0
1536	90	-465.7968	0	52447.3610	0
1537	90	-465.7969	0	52447.3565	0
1538	90	-465.7964	0	52447.3586	0
1539	90	-465.7965	0	52447.3560	0
1540	90	-465.7962	0	52447.3516	0
1541	90	-465.7959	0	52447.3536	0
1565	90	-465.7903	0	52447.3468	0
1566	90	-465.7901	0	52447.3468	0
1567	90	-465.7902	0	52447.3504	0
1568	90	-465.7911	0	52447.3443	0
1569	90	-465.7909	0	52447.3422	0
1583	90	-465.7909	0	52447.3570	0
1585	90	-465.7908	0	52447.3616	0
1586	90	-465.7910	0	52447.3586	0
1587	90	-465.7911	0	52447.3541	0
1588	90	-465.7914	0	52447.3523	0
1589	90	-465.7919	0	52447.3515	0
1590	90	-465.7922	0	52447.3443	0
