956	95	-462.8915	0	52386.0755	0
957	95	-462.8654	0	52386.1139	0
958	95	-462.8981	0	52386.7721	0
959	95	-462.9525	0	52387.4264	0
960	95	-462.9475	0	52387.6527	0
961	95	-462.9409	0	52387.7183	0
962	95	-462.9273	0	52387.8697	0
963	95	-462.9580	0	52388.3200	0
964	95	-462.9334	0	52388.7588	0
965	95	-462.8980	0	52388.9190	0
966	95	-462.8737	0	52389.1024	0
967	95	-462.8476	0	52389.0372	0
968	95	-462.8290	0	52389.1351	0
969	95	-462.8175	0	52389.2952	0
970	95	-462.8213	0	52389.4797	0
971	95	-462.8216	0	52389.4092	0
972	95	-462.8055	0	52389.2479	0
973	95	-462.7745	0	52389.3167	0
974	95	-462.7853	0	52389.5961	0
975	95	-462.7788	0	52389.8315	0
976	95	-462.7653	0	52390.0499	0
977	95	-462.7411	0	52390.0006	0
978	95	-462.6979	0	52389.8552	0
979	95	-462.6748	0	52389.9245	0
980	95	-462.6524	0	52390.3392	0
981	95	-462.6096	0	52390.5026	0
982	95	-462.5553	0	52390.4335	0
983	95	-462.5133	0	52390.2808	0
984	95	-462.4839	0	52390.4826	0
985	95	-462.4293	0	52390.6929	0
986	95	-462.3811	0	52391.0345	0
987	95	-462.3112	0	52391.0440	0
988	95	-462.2629	0	52391.0454	0
989	95	-462.2362	0	52391.1710	0
990	95	-462.2229	0	52391.4737	0
991	95	-462.1876	0	52391.5890	0
992	95	-462.1550	0	52391.6319	0
993	95	-462.1415	0	52391.6438	0
994	95	-462.1289	0	52391.7741	0
995	95	-462.0993	0	52392.0771	0
996	95	-462.0673	0	52392.0670	0
997	95	-462.0341	0	52392.3117	0
998	95	-462.0274	0	52392.6515	0
999	95	-462.0044	0	52392.8985	0
1000	95	-461.9765	0	52392.9944	0
1001	95	-461.9492	0	52393.1485	0
1002	95	-461.9386	0	52393.3273	0
1003	95	-461.9162	0	52393.3907	0
1004	95	-461.9086	0	52393.4068	0
1005	95	-461.9002	0	52393.5355	0
1006	95	-461.8588	0	52393.5854	0
1007	95	-461.8244	0	52393.6031	0
1008	95	-461.7930	0	52393.7312	0
1009	95	-461.7657	0	52393.7789	0
1010	95	-461.7584	0	52393.7945	0
1011	95	-461.7676	0	52393.9128	0
1012	95	-461.7874	0	52393.9525	0
1013	95	-461.8087	0	52394.2020	0
1014	95	-461.8332	0	52394.2866	0
1015	95	-461.8437	0	52394.3156	0
1016	95	-461.8639	0	52394.3191	0
1017	95	-461.8699	0	52394.3179	0
1018	95	-461.8709	0	52394.3141	0
1019	95	-461.8701	0	52394.3105	0
1020	95	-461.8685	0	52394.3072	0
1021	95	-461.8669	0	52394.3038	0
1022	95	-461.8652	0	52394.3005	0
1023	95	-461.8662	0	52394.2965	0
1024	95	-461.8793	0	52394.4098	0
1025	95	-461.8845	0	52394.4535	0
1026	95	-461.8864	0	52394.5855	0
1027	95	-461.8907	0	52394.6351	0
1028	95	-461.8937	0	52394.6483	0
1029	95	-461.9132	0	52394.7677	0
1030	95	-461.9357	0	52394.9248	0
1031	95	-461.9456	0	52395.1000	0
1032	95	-461.9512	0	52395.1646	0
1033	95	-461.9710	0	52395.1801	0
1034	95	-461.9900	0	52395.4171	0
1035	95	-462.0091	0	52395.6173	0
1036	95	-462.0181	0	52395.6874	0
1037	95	-462.0104	0	52395.5966	0
1038	95	-462.0204	0	52395.7888	0
1039	95	-462.0251	0	52395.8582	0
1040	95	-462.0278	0	52395.8773	0
1041	95	-462.0294	0	52395.9978	0
1042	95	-462.0434	0	52396.1542	0
1043	95	-462.0492	0	52396.2083	0
1044	95	-462.0517	0	52396.3400	0
1045	95	-462.0510	0	52396.3879	0
1046	95	-462.0499	0	52396.5156	0
1047	95	-462.0549	0	52396.7895	0
1048	95	-462.0582	0	52396.8875	0
1049	95	-462.0754	0	52397.0262	0
1050	95	-462.0812	0	52397.1893	0
1051	95	-462.0793	0	52397.3605	0
1052	95	-462.0912	0	52397.5260	0
1053	95	-462.0929	0	52397.8091	0
1054	95	-462.0957	0	52397.9075	0
1055	95	-462.0982	0	52397.9402	0
1056	95	-462.0977	0	52397.9457	0
1057	95	-462.0997	0	52397.9431	0
1058	95	-462.1018	0	52397.9393	0
1059	95	-462.1034	0	52397.9329	0
1060	95	-462.1324	0	52398.0314	0
1061	95	-462.1414	0	52398.1750	0
1062	95	-462.1444	0	52398.2285	0
1063	95	-462.1448	0	52398.2423	0
1064	95	-462.1559	0	52398.4653	0
1065	95	-462.1593	0	52398.5429	0
1066	95	-462.1626	0	52398.5686	0
1067	95	-462.1662	0	52398.3572	0
1068	95	-462.1672	0	52398.2735	0
1069	95	-462.1673	0	52398.2413	0
1070	95	-462.1677	0	52398.1186	0
1071	95	-462.1672	0	52398.0700	0
1072	95	-462.1663	0	52398.0526	0
1073	95	-462.1681	0	52398.0434	0
1074	95	-462.1690	0	52398.1506	0
1075	95	-462.1862	0	52398.1874	0
1076	95	-462.1923	0	52398.1993	0
1077	95	-462.1915	0	52398.3155	0
1078	95	-462.1904	0	52398.2491	0
1079	95	-462.1932	0	52398.0004	0
1080	95	-462.1915	0	52397.9065	0
1081	95	-462.1771	0	52397.6547	0
1082	95	-462.1748	0	52397.5586	0
1083	95	-462.2086	0	52397.5178	0
1084	95	-462.2502	0	52397.6066	0
1085	95	-462.2957	0	52397.6383	0
1086	95	-462.3088	0	52397.6506	0
1087	95	-462.3463	0	52397.6509	0
1088	95	-462.4044	0	52397.7503	0
1089	95	-462.4367	0	52397.6779	0
1090	95	-462.4530	0	52397.4245	0
1091	95	-462.4599	0	52397.5540	0
1092	95	-462.3997	0	52397.5052	0
1093	95	-462.3443	0	52397.2733	0
1094	95	-462.3144	0	52397.4086	0
1095	95	-462.2648	0	52397.2491	0
1096	95	-462.1822	0	52397.3154	0
1097	95	-462.1012	0	52397.3546	0
1098	95	-462.0567	0	52397.2579	0
1099	95	-462.0189	0	52397.2287	0
1100	95	-462.0199	0	52397.2153	0
1101	95	-462.0188	0	52397.3230	0
1102	95	-461.9954	0	52396.9225	0
1103	95	-461.9690	0	52396.5452	0
1104	95	-461.9550	0	52396.5201	0
